9.139554802096187,3.2523886040339676,4.704061916658741,1.4744171144195617,5.003068004017285,-
10.0,5.703586137449729,6.621044030978602,0.5621098197484615,0.7158873447204401,+
6.278208375446084,6.69682779449591,2.887060137740595,5.30529351265257,7.509251531558036,+
6.86189847125923,10.0,4.390227944950985,10.0,9.43644032021205,-
4.818185028190908,5.206329020728936,2.4660473498736146,2.146389608712551,1.4665568021045516,-
4.255088075112641,2.1337461676454685,1.2759349525091899,3.9003415355215876,0.011980260888937737,+
3.1303637222086222,5.802444301685089,1.0590879919313112,1.3340937862820357,3.6958297655211703,-
3.8051571667341633,10.0,1.1516226055723442,1.7697503421755736,6.554957911351321,+
2.44752438289648,8.285685491669645,7.025561606927654,1.8104463379305225,9.955119218091607,+
0.4324348026315856,10.0,9.956382888299947,0.340294668723821,10.0,-
2.582704610722791,3.203218545643869,5.24949447160231,0.5258869187217807,7.913290140136034,+
3.0406141656867822,3.0631393911444498,0.11286474930548676,0.23906751970576987,10.0,-
1.3980539695754335,4.74001988638765,8.065184913472587,8.550326877894152,1.2711116944339895,+
1.8695846342171767,3.522253635004854,7.918480639034192,2.6475300002358586,0.6652936201398066,-
7.011461140478738,5.873858780743655,5.24739748518302,2.5289010227634865,6.132643199456144,+
10.0,8.163815970397579,1.2761438327679293,1.3710540024724287,3.0277597954037487,-
8.069695208979471,5.3020401652251525,6.545061702278343,0.35516970961108285,9.199142797337966,+
4.787076789261913,1.0404203759080117,5.223172092943012,0.264042379938936,4.220523360079415,-
6.361722967704289,2.3813831307964217,6.053890835570902,1.0849431239669671,1.1524349893170216,+
1.2628187022170037,0.6832161976104769,1.8253753166617601,0.6115949935592319,1.410699951708795,-
9.253089085587968,8.820271088499602,9.515718581457927,5.061243404344928,6.964189451640389,+
6.932690889566483,1.4179040781240895,10.0,8.792101494894263,0.7670574878255698,-
0.3900098183061518,6.816773462945864,3.2952289183785,8.376686002488661,2.0082383318863517,+
0.5708313616884912,3.684036259806526,6.542043911178198,10.0,1.7128117430360184,-
5.49973798365039,4.084095035879192,2.0500772433158296,6.065575714378623,4.821276099147446,+
9.217349850160709,3.819650203649425,3.2377186584060467,10.0,6.6576076743688635,-
7.1627200249224625,6.522954205296655,0.6486197872790467,8.231426285694946,7.271224331933453,+
5.835525469616647,10.0,1.0781868883847614,10.0,10.0,-
3.745498258083979,4.510640458437074,2.981977374695054,0.048518694835257836,6.029610989418987,-
1.4240975533492513,4.05465787546725,1.979704547310736,0.03835590147080782,8.041580106848729,+
4.019909732598494,8.23384594603545,9.701056682322497,3.742146275882783,1.3487934555624725,+
3.96540929385815,4.000517441741128,10.0,2.680816958163713,1.7843150442425684,-
4.057331133553835,4.718889233307108,0.622546862080825,0.2949530067704631,9.623854385290574,+
1.077034627325859,9.31472569018322,0.862739679505006,0.39849081436807426,10.0,-
1.8130104790386503,0.3837150606706452,5.72416213422504,3.5245903999112747,5.791621898716572,-
3.324247671483652,0.6452730636038058,10.0,4.8140331973197705,10.0,+
2.4306882749596372,4.981944726474778,3.686211484767031,3.384696116195128,8.301051115212726,+
3.180679155030517,7.920287688487809,0.8918763184151228,5.606221245366862,10.0,-
8.6958165775309,1.4548997220024307,0.9910957203248338,2.575314995034421,9.860043753599495,-
4.670067585588761,1.4648719098753307,1.0607098727095,4.58335561118836,3.6727308492911432,+
8.023578586094246,4.2825635252002385,2.3203913039156054,6.6299178210839536,1.2572191592289428,+
1.4940226402790413,3.880714955516617,0.5985927001751443,4.35254764024237,0.31506984542075567,-
3.06298231562115,2.9486662708144884,5.200628744989917,2.1596056445260037,0.13479717353023002,+
1.9571656612904684,0.9617123000253845,7.728074342799762,4.035450136124815,0.0481668648639926,-
5.706904092538919,8.652923178052758,8.881500551373493,9.16761898173863,7.437382787133173,+
3.548259412033407,4.417034148534453,3.124642243938236,1.063978909781939,7.061992848492984,-
0.22632654285288267,5.997701090441611,5.667350751683552,7.767791994512873,3.4240835039872444,-
0.013502371120033482,1.02798418250306,9.966323305638596,5.543000315563878,1.5370614093384714,+
7.180161401952441,5.714102522342798,4.2752815460289195,4.065018327936115,0.559688704139204,+
4.427562917425096,2.0731640426691214,3.9421509508252632,2.632605761430626,0.07319217963312724,-
2.8812908540270787,5.137230359439916,4.350851998514321,8.753764750088367,0.11407158050897648,+
5.108333630947273,7.014613492030291,1.7421860567712455,6.0638640409886415,0.08777795748889729,-
8.128170088444195,5.792092782383543,9.213947346143524,8.897250028291852,0.11781738254812879,-
10.0,8.827030779718347,0.6669831446410411,3.2821114742101454,0.2178134572547875,+
6.191832843905924,1.1932287708828337,2.9487271366498566,1.364912822434512,3.035602486546466,-
8.380599498532943,1.6253428078428205,5.738258243562431,2.507681387326703,3.879384076855728,+
4.56657165602595,6.037968162725723,8.068147712938163,9.108942617091238,7.61260091552367,-
8.424499517367476,8.64668316041221,0.18696399325981566,10.0,5.838777407322301,+
8.062968055761178,9.958790251201776,0.3085497039938767,7.107698730565418,2.00360282809106,-
10.0,10.0,0.3775013943775245,10.0,2.9769251306203963,+
4.654129375048059,2.162281380286447,9.990949036205185,7.233591836802792,4.5350324352426625,+
1.621597451678638,1.2441242801376633,9.476156464856366,0.010472451203403368,1.4524328703605545,-
4.432784698288995,8.595384117015787,0.05122357559812829,0.9983233996954,6.633317813417592,+
2.218894784716575,10.0,0.06947428320931598,0.7696059557636974,0.17330310557602857,-
2.669542634355413,8.654722767621983,5.237133920874317,4.188839365052193,4.772785565235132,+
3.9066646480386455,8.389056149973793,9.417437658850117,6.807662531399766,8.813504870970297,-
5.851768617889649,9.995184379314445,4.639983709696699,5.453040456181066,5.299580292185645,-
0.18140560012621637,10.0,0.07481046402541759,0.6854411663051813,0.727326006366989,+
9.848024641731627,5.078851785122302,2.845488229058568,3.9683777479200986,5.899630621185246,+
7.6783998623333565,1.3054900381706471,5.036239712088432,4.393547565025247,4.216385486863314,-
1.2401381708809578,5.49982077154357,6.772321508594806,3.543473204661881,3.273630698072437,+
1.4824677597820857,6.805855541693352,8.178363863383607,6.8089046579558286,3.669002657671059,-
9.889269846352304,6.593512573746374,5.501961684634279,3.951601847822869,9.471820946248581,+
7.481947896256087,0.10034911167537666,4.606947984085689,2.2726567190872395,2.3487819140446486,-
5.886602151222199,0.8605751959583829,3.4278643875360224,9.34606583281232,4.206359642073931,-
8.238946234432554,0.8006816711949224,5.670466350269527,10.0,1.0950434239138245,+
2.091115464648383,2.218172439948635,3.426196674444013,9.07652002862579,3.834204489409374,+
1.5054256491258835,1.754908197765871,1.0026486541412032,7.914232933157642,1.4807120452015883,-
9.51397907785889,9.612247310540528,5.418861153314202,0.8316253831440734,1.8817802244830906,-
10.0,10.0,5.498310439056529,1.3489456512440705,2.5167736665680116,+
7.84824438819671,0.8676202842559488,6.092100511498812,1.4237118490874012,5.677973592108817,+
10.0,0.43031878124542833,10.0,2.4827467311753164,10.0,-
2.849144603620841,9.014906644032608,6.274334979781882,2.224814512852448,4.431921493146806,-
0.06704154970596511,0.06679130432394262,8.73871368247266,1.3846848276618726,0.3255739931575101,+
6.319432111012522,8.304947417995391,5.20981176622482,4.1411584275830595,6.897824633728449,+
4.248940465642316,7.529837880329494,3.7256153330986703,2.938461904488074,1.1122222868650866,-
8.232065377089967,6.182451831093502,7.272684250221331,1.023047822982791,7.552269392991389,+
10.0,3.772660649967855,1.2120022090202651,0.16893793946418514,3.5479103272241956,-
3.0131558534336422,5.57487655508797,3.875639824167746,7.23224402544126,7.870300910177446,+
1.9481998387789345,1.2995706998028582,2.774692646193518,6.444679731326396,6.06850005136687,-
4.312809297505354,9.365165157869988,6.149987577215008,8.011574605823256,6.647339219908881,+
1.454746519047684,0.6786688258801249,5.282300798600551,10.0,9.659255846933704,-
9.902923881823966,5.6167146437808935,3.361149944636855,2.9341799992441855,9.741285021646192,+
10.0,6.17648976540799,3.271120687541475,4.651476641701257,10.0,-
7.439042196416818,7.236739885079544,2.5771796779161757,0.3594259082316664,5.427081885690239,-
8.9388769387371,0.07564123257753956,3.9624782278881425,0.22489256030163757,7.105504598389603,+
8.459236989493458,5.642375968046124,1.7620186130017457,0.8366503140984649,0.9515724545732862,+
5.106964108655671,1.0515451791782198,1.3789343160125997,0.304963018021133,0.7735334712431032,-
2.6437464600833427,2.5027635636507375,8.425706030342425,4.020265869614703,3.2273340143046347,-
3.887223595899345,2.7253520181795263,10.0,5.495934934943763,4.086309053166493,+
3.2943172822936004,1.6137983788704213,9.697567196408452,5.676406557960019,1.8179076606098732,-
2.2420294594742676,1.0994816287786335,4.03588046456784,5.099525859371504,2.049010491154541,+
5.43780523846654,7.6379305394701795,2.553805600617304,3.113343152203,3.475484593808388,+
2.1671677916559164,4.668564124033075,2.447041441625723,1.864077440745644,0.3029302933483632,-
3.5252190696866026,5.561850141617865,5.781433514593298,4.82511116445801,7.125544343648585,+
5.425347256260969,1.847438462603564,10.0,1.3980905102746939,5.30986867956281,-
8.174972173438734,5.263092359476574,4.791755030360509,4.201424021835317,1.3925608370343923,-
0.8762589211831988,2.8953653138146396,8.877318616259243,3.0548895427636835,0.3380957471335272,+
9.342742671520638,3.506554853378425,4.583995635846204,6.17455670751902,4.628534178094873,-
5.907154435870248E-4,0.4649190952871161,1.831829485387125,4.476037267401144,8.824580056506827,+
7.885756608856248,2.6288605949453983,7.09193685340921,8.396290703752953,8.75538885656203,-
8.374798159309872,5.167365302667022,9.225589160314744,8.710639915659096,10.0,+
8.554882281108346,5.378193712453847,8.011207652079445,3.2352972170200403,5.591635911295345,+
9.19629885514186,7.587521916118142,10.0,3.46303220286792,0.41269022699423513,-
0.6101838021083483,0.803843919925955,1.4744953975516706,6.180145074921195,6.1582776456993,+
1.1231958573520744,1.2331763196111658,2.747563526398544,7.458659239522349,7.747639160933567,-
6.938532039127253,9.210208862928248,8.577849788240062,3.8519068509237178,6.315995040262981,+
4.821677847534242,10.0,2.848794952985335,6.968895025949376,4.052998210158136,-
7.926005651307586,2.1813979795083704,5.683984792508166,9.008327676930113,5.336793337270324,+
10.0,0.4165414379204711,5.997659066495996,10.0,5.4242434473145895,-
5.997344904074215,9.714669457445979,7.644683368530002,3.076924084111158,0.03688194897024544,-
8.190982078444812,10.0,3.2938139069626993,1.2497920499620687,0.04070618635846849,+
9.206152843142819,7.1126013018141245,9.696612888675478,6.3645570726745735,1.6556634593536868,-
10.0,10.0,10.0,6.810343859674146,1.7219638759345979,+
4.333712282013015,4.519573707434658,5.0973062617973515,1.8254221413233351,8.561322822490517,-
4.336918705666643,4.777545569030904,6.993890093331731,2.221939354525138,9.648299060660602,+
1.1134476165788687,6.140924851236763,1.4502361787524543,9.795106804716333,6.260292257487712,+
2.0574045138845647,8.947388439597592,2.6654249603888083,10.0,0.11762762269244491,-
5.9196158094903515,6.9459376277943194,8.405101235785155,4.165746339600519,5.06461117091801,-
8.785446453358775,8.433225588912448,8.689083525805476,6.299767891313642,6.967408414099398,+
5.924237691939424,5.497364838804019,9.258725544045973,8.94034804475685,8.00487448407764,+
0.2189792495532887,6.879306296458201,10.0,10.0,10.0,-
6.52833153411,7.489169386425653,5.841988253930125,2.1084045436550736,0.6350326997811517,-
0.1431782494782596,10.0,6.993592017876286,2.841521800932589,0.44894229836115135,+
8.52774550515364,2.9775003986367574,1.022734669390003,4.384472796750964,4.432598722886549,+
7.480543055779667,1.4250844502710687,0.11428447458017171,0.15830912386508855,1.1139926301037593,-
2.5218515328168434,8.951254760789947,1.9044542575335255,3.929766275628901,2.099407859706852,+
0.5950054420708848,10.0,0.8130748820811328,3.4122337510711684,4.153644635212164,-
6.929959095992802,1.5795841028523627,7.927962597456688,6.522406503553055,8.659748089451506,+
9.55202974640063,2.1530692251462837,10.0,10.0,6.636735074490193,-
1.4619553890840098,2.1517396191871563,5.649900845188421,4.461742593113066,9.787927916780564,-
2.6092675892987205,4.043960120745125,7.822324124282354,4.495926356501063,10.0,+
5.481088139094677,6.492466574377309,3.1275693266882953,8.97288154173242,0.8767150755495279,+
5.747583238224741,10.0,5.162082503431101,10.0,0.09057524122447548,-
7.822089403583808,8.759904162754342,3.5081591085963715,3.775939561325586,2.828839425362908,-
10.0,10.0,6.3853078612736285,6.234775357436242,4.136326905952099,+
4.532648574281027,8.002264269293875,0.13754344824796982,4.164390350794801,1.592805735610927,+
4.767310263494307,10.0,0.12974450475085775,7.007678083269919,3.0460592423422055,-
5.940933707970104,3.6908970978585476,6.361338215227095,4.281736864984744,2.4143803424920662,-
8.050350499363814,6.308947567231272,10.0,6.360505385605133,4.183732217494134,+
7.011619762673998,7.566037150457122,9.791937412891333,4.135515085540837,1.7533288816890336,+
10.0,5.278788923553136,10.0,0.45355887922990873,1.4932852405724533,-
2.0865309863955614,4.45775537597063,1.5306063475168474,0.5748668386901745,9.983663016667311,-
3.4829829831836268,4.894597762768896,1.9756846147430258,0.8755523781741572,10.0,+
6.28170433165989,1.0471037614025025,2.1224189154128092,0.5711632781773313,4.147106855991444,-
10.0,2.0691454102748206,0.961610426671832,0.9488481468004425,2.749278442342731,+
1.7431488814841178,9.215614174136,5.133185353760207,3.0721162699831464,0.08045912859260707,-
2.182332046626344,10.0,8.878344925165962,5.490419033130346,0.11453258117851708,+
1.271524533218068,6.000895821651336,5.877514707903041,0.5738254710002133,5.4133714849014405,+
1.2165969724560335,4.550998852869146,4.554874922719518,0.5688437837264371,4.3445778665368415,-
9.323934657200553,1.923100430622674,8.233323655127768,6.461464989000011,8.850098104017416,+
3.3393274501204764,1.0600571338105849,10.0,3.8016383293106326,10.0,-
9.463845478748691,9.46062638540912,8.878637810763625,6.05459560969649,3.1090799899481505,+
7.519189030042897,2.7696923564490885,4.511069513412758,1.3337027288089809,1.0592446232448376,-
6.272638282122246,7.141984635551847,3.067224291106896,3.919049424095294,4.724708343586171,-
5.263995716031,1.234361134997871,0.7854267648457804,6.3282895026697545,0.33973034931140395,+
7.6252988378856825,7.397548321390999,6.772499197619045,3.1501786873211013,9.780470658414922,-
10.0,10.0,8.264177963824553,3.9546151569404633,10.0,+
5.567971990693181,0.8851019612925848,6.052991907197112,5.1814146597029,0.40939927274853183,-
6.250713066276873,1.284386788705829,10.0,10.0,0.7553852099802271,+
5.05003319518528,7.086220278139716,8.538195742541003,3.561335578212889,2.0083710211836427,+
3.423709986061978,8.730286530984861,6.122487961137951,3.159003751615818,2.619195650485481,-
2.573930420336079,7.708552051820323,3.901766327788642,0.9441034495908229,9.684667068344714,+
5.059932172455266,10.0,3.9841521226951815,1.0333059900138153,9.403203811214382,-
8.691757066656358,4.907200697671587,1.0974104509261562,6.666964835927002,8.477588894926807,+
10.0,3.5215581102013305,1.39156477038266,10.0,10.0,-
7.3555656819196935,6.312942331233343,5.65931646376403,7.233864889553306,0.9222999724091563,+
9.696226488910053,0.029645763392523165,10.0,4.506747799399254,0.5462476269394834,-
2.674719314512183,9.866509415597891,1.0740502488785575,2.6276122857875226,1.1833663532353011,-
2.069917220981728,2.64916077555714,0.8720003003845406,1.912329465858246,2.049417863987596,+
6.080791645738883,5.885487443453084,3.5957575517428166,1.2018625017306406,4.955045347195934,-
1.140564622859607,10.0,6.666681606338299,1.209800657741901,4.122944880316124,+
6.58137133597487,6.495805993925985,4.991899252013544,6.949760963081527,5.549225206451027,+
9.886354366461573,7.261752561397505,8.096012875231551,10.0,8.063058794949976,-
8.008243917248773,5.949644723141139,2.364289135274078,9.993209082987761,7.512211037886415,-
10.0,6.029512967093678,3.390932133617889,10.0,10.0,+
6.047549395148041,1.7230207446688206,0.26569003581597195,6.849028056463733,0.34334977774682085,+
4.112140175084319,1.4187552482284922,0.2507402687574917,4.8262869438557505,0.27474103306188846,-
3.553581862390689,5.975787358212312,3.030376267228335,9.074514670949515,8.431942528636831,+
3.870955378844765,8.886473258956594,0.4148551844082526,10.0,8.840511434240547,-
2.0090846143734833,3.9712627898252717,4.317563697927298,7.731044691110766,6.16180493011142,-
0.7412131866628934,0.7596687890436326,5.353672057492635,3.956318275087212,1.7326115069945547,+
4.338251493021507,8.921057035061372,7.742871889127885,1.4758840341295565,2.068236578791516,+
7.848617421240333,9.344687719201515,10.0,1.088081592293833,3.3905002654650924,-
3.0914241697020763,4.147042962492683,0.4128548974968005,4.623442105922793,2.5410926998375807,-
2.2069066215450235,3.88403801684135,0.8084168121190234,7.2265179906767605,3.5001843249853435,+
2.898160265037334,5.928311619682449,4.915101725266585,4.146363465329558,3.6147849175167535,+
3.7253799190887062,5.131668285398385,0.26126673220540775,4.070186527395314,4.941915461061138,-
9.025993970634822,9.56591319663217,8.73755611644884,1.2164567374451696,8.132608550227419,-
10.0,10.0,10.0,1.5016745450622728,10.0,+
3.9058979813014205,3.0496834952903606,1.7152976169237266,5.949256445411074,5.026094697292592,-
4.648482788243888,3.443847680008431,1.0502097688213703,0.28659574639884244,8.109514934245967,+
1.220215115437936,1.649809323123842,6.606819755921131,1.748888754823068,4.7305773814938235,+
1.8138024456767845,3.002903238698158,3.664851783425026,0.055485134708422444,0.3844851404506645,-
4.258454369423226,3.219803012725231,2.173764689913301,9.760181990871718,4.88882438425801,+
3.148134295824169,5.584968678832933,2.9175010570390927,10.0,7.297147977493712,-
1.9692011596227244,7.611098900442046,2.3004688845084864,5.864984506963702,8.342073786084018,+
3.6776669025437294,10.0,2.16229710166626,6.019195935086009,10.0,-
1.544479542795375,2.3552400632265846,0.15178979677839433,9.600313659683021,6.2597092519625805,-
1.7008608511722403,4.108628666303448,0.05436890486214602,3.7155964948592906,10.0,+
2.8709950879669655,0.11138078082314484,0.07615838266449515,8.260925171047793,0.8595186042635605,-
5.2668478311999785,0.17596339068639993,0.14562055763751597,7.614837851124439,0.17446155314488354,+
8.235270396265603,4.8223439523555856,5.1901004153156745,9.697294570307701,5.325232907291031,+
10.0,7.170607427731999,1.5707480461095584,10.0,10.0,-
9.576318605098784,5.69321450930862,3.3400788781872484,7.278760462837619,2.25946254568155,+
10.0,3.7438417313164902,3.3276397130392357,0.5658770476689278,0.6805931528976188,-
8.848277287107498,6.935222767907901,9.398634068453195,9.695136651508877,8.627701988423496,-
10.0,10.0,0.7602884312975605,5.493203411906322,8.816880611507088,+
4.096959150677225,9.868254709978926,9.140503476544117,5.935862845549872,4.8228072611515564,+
4.115529463375822,10.0,9.854332228338372,7.976474184884153,0.4450994093002141,-
0.23437157579251022,3.117778023312372,0.40708541824840405,2.159999883648114,3.898502487724711,+
0.36821003764431715,5.852779149551378,0.7192596147500863,4.031601911279603,2.655928800595883,-
4.417091902385385,4.947679255585465,9.030563931529029,4.283177354376439,5.8109414053383865,-
2.0815572472030883,3.5033998646065627,2.445736107096628,1.4414960223023197,9.916353587416753,+
9.261706888458711,7.990968734481495,8.827169237115601,5.321119342769986,0.4829951231708951,+
4.456899003423654,4.004139968151652,3.2329232016058542,1.360804459744088,0.221998979579266,-
3.334896687259884,2.062997869754104,8.469821207462322,7.533445425221769,7.045607089902399,+
5.803189934479942,2.108085851964233,6.761072832244283,10.0,10.0,-
9.099739862021709,9.731558966779792,8.842782505313705,6.731921111239573,7.183105452427238,+
10.0,10.0,10.0,1.1685563921899857,6.421584912047681,-
3.273118309811045,5.625715062738772,2.7906978434820817,4.878918208624769,2.565944247700206,+
6.280461434140753,3.5647700145915198,4.329057232900024,4.736641712652441,1.5614557182901625,-
4.029209821423553,4.700948669061045,2.9103526256763423,9.758480294256577,4.163672453679306,+
6.451260217870406,2.8922348670818137,1.832260032559436,8.022365711061061,7.781550855484049,-
7.45844752899362,9.428935640692083,9.65839518373204,8.848014928540193,5.334612197862224,-
8.846155372419899,10.0,4.274884780924571,1.5355209700524048,9.958737195149489,+
9.939250475873871,8.190233014681947,3.247563789439077,6.625033097261349,6.704409085732693,-
3.5892711801991424,0.08210096161353905,1.525560001883384,9.304036780833592,2.3262326425666155,+
8.389745191260168,4.095246335699954,1.998600997506882,5.699107029373155,9.759577963336723,-
10.0,5.769313139717457,1.0006909812646603,3.1610984978410124,10.0,+
3.6236676439125826,7.0452021810872925,5.951399951474485,6.1484468399688215,2.3179179145478415,+
1.3346913081981477,6.718209200987084,3.440098947793385,4.432418334114189,2.5752322186012115,-
1.4515516278758644,2.9139902418378707,1.781471485155205,4.632793204498478,5.2383909857146005,-
2.309231622980381,5.772830841346367,2.7177736709809586,8.601535720436203,6.369716944981119,+
2.547566833066056,3.057201817836799,9.480797017631321,4.441280066332832,0.23041282004140795,+
0.5753763068180191,1.31323707132898,10.0,7.907387408656474,0.2212001373343807,-
7.440142377516277,3.19328359826472,4.604069127774899,0.8142169698248902,1.7676876642877937,-
1.071020872315277,1.1754195402403365,2.8546700763877317,0.42683735005149576,2.0855394360169903,+
4.977441422074456,4.522786794758547,6.623915522287451,9.120218600172215,5.481945200952403,-
5.778014958271949,6.3204485298347866,7.150426160974534,10.0,8.698238807602845,+
3.573881284145566,8.807536369765014,7.473960183637251,3.0012156540949464,9.421830097597327,-
0.29057999180986765,10.0,10.0,0.8791035431566885,10.0,+
2.402803867612068,3.054333277190704,7.066515368486325,2.413242021141876,2.0759616693996454,-
0.8547654417592245,0.48696156083334796,8.633317381775264,4.623401706453695,4.097548077807203,+
3.8348635583275836,7.547956527659361,1.7230828910040885,4.49034037096712,2.509680761106794,-
5.660530542338967,1.0106928687643468,3.154776274043223,7.8279757459139,0.9101137204389164,+
5.827673459483957,3.466006548213473,0.4849971955417065,4.491370089031424,3.4266261218349783,-
9.486658174746692,6.138960411444261,0.7445078378259068,6.147742292604466,6.7647734530414425,+
1.064647006496121,8.495710359202779,1.859656514767818,6.335630071856848,4.160558831862964,+
1.2085206828960469,10.0,2.997308872290334,10.0,0.5920553014781547,-
4.692079030209021,0.5753195689447066,6.5817929629813055,9.846914891089458,4.84829573427064,-
3.872468663588761,0.09104494041299155,0.26366564710461826,8.360767685964774,7.657624545629972,+
0.14388588705272154,4.171325432641654,1.558354470723211,8.20001747901116,5.59422448755111,-
0.08687249122867792,0.10028023805611738,0.5543064767016467,7.742147663695689,5.932914909190732,+
4.426313271325172,4.207498402380345,5.172801408311502,1.0002739182057063,4.052122398113563,+
5.566290448363982,6.769871160035868,2.397029562912504,1.1739730800522645,4.136445307019787,-
5.5969452713385826,0.2092218803084156,5.982327578117311,5.464255846178938,6.007960479877296,-
8.711582579395554,0.2504644660824695,9.418419389092632,5.760034620298758,9.60174691679795,+
9.40329522743896,7.841633995641029,6.186736651926815,8.558817314519821,9.798080663644473,+
10.0,7.353332224300791,10.0,10.0,10.0,-
8.02377481276845,3.450210377164704,9.593448462189288,3.867432492010746,6.845465178733072,-
9.216194750489507,4.458817987229631,10.0,5.011535306661563,10.0,+
4.50494959570668,0.2684197683031364,1.228936146751105,6.676244373623945,2.731585616207121,-
6.06733625436818,0.33659111616502996,0.11633633334338951,8.671873129149283,2.404881321018535,+
0.48533286740826465,2.1861255864701725,7.588615948286163,0.3961469823382835,0.08589661229950196,+
0.9056962994547598,3.7579953607831906,0.4512318459233361,0.7442564674186076,0.14860646667550806,-
0.7716143778223017,0.6627434473034877,5.087963000735643,8.193431658834815,9.671865387475107,-
1.4866958590635277,0.717576595054571,5.119775232089758,9.966890461137224,10.0,+
2.5247992391735794,5.854912045292408,1.6531918622406194,5.051920621471108,5.654915159262883,-
1.8757297082726876,0.06485504056973823,2.868479909103381,5.850497373312788,8.294992880742177,+
9.085689991382296,2.236383598866313,7.335983056057861,7.747661745634071,2.6057970221661275,+
10.0,4.354993423152383,3.5154061634909426,10.0,3.9397410782371973,-
8.306312693616032,6.854079994088479,9.736350882181906,9.312253967019679,8.89454665261688,+
1.5934218685324026,3.1610869100556744,0.116914294211515,7.054232083062859,6.3817800271115175,-
8.040864285534246,6.099224444433848,0.06360799538813411,9.149703352342796,0.23588350383548118,+
8.375777574607378,1.745561505140643,0.06723195376955969,10.0,0.46452810365953096,-
0.5965495712820756,7.051095532467161,2.1704360240261966,4.3284472226415165,3.655911476099555,+
0.5180824277520064,7.542503079332018,3.6847711358493633,0.09460853402007885,4.532357932911684,-
6.868124440024875,0.11766937259868326,6.250637115070483,8.185373849906542,1.9424792336618468,+
0.5192245411748962,0.21735098488421184,7.347457473391277,0.881971550753347,0.02363844742973608,-
8.258871752959994,6.153108336748899,8.290206380897617,3.0814260939791396,5.41284652376853,+
10.0,0.7704694205001222,10.0,2.6956613761722203,5.24007780794416,-
3.577013953062289,5.072833869851925,0.7184765698991513,9.978225406100682,1.6683258135962353,-
0.23538882149974288,9.555495365469975,0.36539209172481346,1.723094167114644,1.193670748896795,+
5.742529046342084,3.2712304715007012,7.1839813438306654,5.405416751479493,2.4964432982580034,+
9.110771363988272,6.369499214063722,9.94919863558717,5.7391159040093385,0.507883858629828,-
4.910319364526103,5.395216306080226,5.86964816078482,1.0819659878454546,3.9941412522343036,+
2.1851863685321464,3.9306397490889764,2.9586066407961717,0.1296674437059642,3.8542435965985433,-
0.27351225787403677,2.648517511384262,3.440802596080854,2.380827786067167,3.151435813571881,+
0.10505284631826987,0.6404077890275534,2.639124334411218,2.1958877557957925,0.9235372044340798,-
0.5941990783258322,6.9072861437318,6.554457120212827,8.31299928619054,8.636380679873328,-
0.38726676232335394,3.724838965122236,4.370023943641464,10.0,0.13014413762737304,+
3.622473158165244,4.6887533331106015,4.333610214168729,1.325496248350878,1.4066594110306152,+
3.186853511167917,2.5278447882631006,3.065796039656963,0.7556423244460713,0.7479566173268554,-
8.535242368040233,0.4691981381683563,4.039824671838927,2.3089060464648146,3.9149272198940066,-
9.091656970825515,0.649642989325839,4.930583551608142,1.9686909786438518,2.175218716904719,+
2.7653235861865566,3.5278993341803733,0.3729864297390595,9.437535614523869,0.6504894627591784,+
2.3096008857015797,0.13021013077646174,0.6749970441279589,9.497207973568388,0.3821480930959423,-
4.356520420129705,8.609287809349137,5.9671887692966,6.724420497704788,9.793520359515545,+
4.88359469469687,9.557705770096591,10.0,10.0,1.623541958069423,-
6.956518253035329,3.3369627191345885,2.4953470823519828,1.6254439336461413,4.321957609823209,-
10.0,2.5783172472294216,2.462094499057732,0.20734969317894977,1.9633096855435666,+
1.453935740082506,9.443268129984526,1.5973258397661305,2.9118480980790595,7.420324042819777,+
1.8421280615931432,10.0,2.7741625722061065,4.869471923621532,9.51647735164329,-
9.632510203288039,2.0313797845072434,2.9789601723757286,4.149264591015045,0.17564991655997897,+
5.803444910104626,1.5773430465120568,2.7114409038868743,3.903211268026719,0.0378227670885646,-
4.095472947170591,3.601878108750417,4.175615034370065,7.5260502155578415,3.5118308660176356,+
0.15220068498389358,6.442242561617032,6.121301700085958,9.195284550387301,3.6275770259265023,-
5.042378546771743,5.967466412319851,6.833596805901406,0.5943504699919344,7.0453127431224125,-
9.125247524369378,7.64603472929766,8.547592297621378,1.183474050308263,9.879428145918185,+
1.422080221712283,2.883435726916377,3.812985448764451,0.29740218476242086,8.29584020717318,+
0.9006859459317177,0.5767690195730093,0.39503783218210037,0.2836987924828601,5.27822926352631,-
6.020543462273189,1.663384186995196,1.8686969056267766,9.383769470407735,8.498741463465265,+
5.756155849680469,1.2413303567888994,0.390776420180087,10.0,10.0,-
1.9981310594864354,8.29493056360968,8.516871437474315,2.0539242636793222,8.501950589398865,+
0.5671046740429946,1.4800567537602032,6.501712053687943,1.0747489659705005,5.0816933829630395,-
8.832719932163123,2.4101450349550815,4.883165876946204,7.842857801212217,8.799035931480166,-
3.886037478326652,2.3963191415825125,3.8428230817984024,10.0,0.9632290140590667,+
8.407998544820304,5.155265183706539,7.76433696448878,5.176549804597385,1.0923893445704635,+
8.167892740615981,0.3821597334766065,7.461516370589384,5.856498480102861,0.8902498023207868,-
2.4037888367218185,9.474378087885016,8.581280315041548,0.2436777857682071,0.5661121546304737,+
2.420479725254852,5.49575311960347,9.419632771170786,0.13962051238085607,0.1069938359225065,-
4.019311322253227,2.095044570057728,8.629200657550339,8.713067995490258,4.910780427889783,+
2.8777443198308736,0.7497984966838165,10.0,10.0,4.1399100519509835,-
2.102301820469732,4.468743403365495,7.463233587133711,1.8868250521099106,4.865159066882098,-
0.049620958419773785,6.47409522193917,9.22828155133506,2.693697984301406,1.0041117837545654,+
8.148028522854517,3.7671302513476315,7.5036378036774085,6.778440106158813,4.09448735910619,-
10.0,7.1266827977286,10.0,10.0,6.6624300839530735,+
5.009962880642717,8.031757792895261,1.5293591314418153,3.1819822518733396,5.909849059065576,+
7.364041621292771,2.9107121278075234,1.992065735262375,3.8213002094603117,6.030589277607251,-
0.5452890080567196,9.081232618554832,1.5198288420209982,3.2365727580517145,6.985576450087786,+
0.48451335732802836,5.210023214906161,2.8082661365567927,3.783541140383553,7.831466971638037,-
2.3277348387454677,8.802403297346817,7.091385341549506,3.1164121388152233,6.4636857882004515,+
1.1905408610685981,6.426396080105854,1.9209151490692986,0.1033215765362459,0.46545721402725165,-
4.108551087132724,1.194055338668052,0.28670071974590927,9.256791739253313,8.024353508223783,+
2.359073370966784,1.9698715788600032,0.19443805778793516,10.0,5.4208796669999675,-
6.928779509499533,1.4246378272210392,9.50804728272488,1.2592438388838656,3.1517320847554786,+
10.0,0.518013367517465,10.0,1.7306167855316836,4.532040186150136,-
5.247393203608474,6.41217914047417,2.928997080324872,1.1010028506020209,5.925140359253471,+
2.6796557056656174,2.9933744083400917,1.647659285636785,1.6339133511271606,6.580794889398094,-
5.052669526440965,5.49945556746027,9.840706339925836,6.300468392391374,8.08593888979001,-
1.8873224136755187,6.543970616295287,10.0,10.0,6.211238683536271,+
6.233261847623782,8.9758084647918,1.7084113941952195,6.476009142946099,1.157243301808012,-
10.0,10.0,1.6901795022979504,10.0,0.5214049752995147,+
1.2302449786589364,2.6954465947832307,9.300085751751096,0.2618633914332946,3.3512186922652267,-
2.2507523681340724,3.9958091516960077,10.0,0.4716744435138746,6.598594589420179,+
0.9285118645890145,7.9318748313099485,3.31855357845666,9.558001170871444,2.9614180296014494,+
0.9916248566636838,0.9338420314629604,6.6255421962482925,10.0,4.987022854249158,-
3.1100927711455792,2.5363751071768426,3.565693051104323,8.53087948808658,3.711389567446167,+
4.286662872015313,3.576915450692991,0.9894178021537284,10.0,4.644693402767637,-
9.983527827064885,3.1770556789967075,1.4739413893435793,1.2460350686276511,0.5307256542183469,+
2.708986964423951,1.9369335525656635,1.1472178738783356,2.2441312972781047,0.3061405675249348,-
7.645843763927847,7.7596795802532466,8.455383566284567,7.218171361416977,7.436572090757464,+
4.353944024329237,10.0,3.418569594227923,10.0,4.935240522200914,-
1.830265788561194,4.916645175886659,3.0673612572490185,8.983193616111024,5.940311891909099,-
3.3338894315532435,8.330068157388641,5.162964433473936,10.0,7.38487855891644,+
8.421590906149047,4.587025015919756,8.854706734277661,7.18130519206203,2.631334376351658,+
3.320592836552335,1.6227325878654408,0.0015384266423903602,4.2925101730750646,2.184031116745342,-
2.9241271846826447,4.248639439204531,5.780034482218919,9.08496380217404,6.95729667232764,+
0.7631746219691946,0.8133649544523367,6.745349308978735,10.0,3.567364444507322,-
3.8806543792758696,7.869661518625767,9.864173441447255,6.151881566994537,3.6828028992424455,-
5.01093357457279,4.040535283556945,0.9443799909035259,5.946057614688548,1.3381306269596185,+
1.2827236457109004,2.5965312062531645,6.354125010052738,0.8671005554346778,7.227481056833635,-
1.2419446019529397,2.315160927514038,10.0,1.7212946751613056,10.0,+
7.247272175160983,2.2103469464585777,0.7209944343368546,6.6182598417358545,2.549068962657265,+
4.4622190084259525,2.044387041971145,0.46839233885753767,9.310607308439826,3.7590975118040406,-
1.7430739784065796,8.413019420065059,3.37576843311255,2.88427904899068,2.110277852819329,+
1.370461904687721,9.132182884350133,6.024620270303275,5.694599415620083,2.220664526453756,-
3.8055597378648196,8.229526483175142,9.413603582213721,2.7496953016736523,0.478809008795521,+
1.1543274955703628,7.766358476694871,1.2473961183977624,0.7057853178847054,0.10671109454962606,-
1.1511768601072758,1.9117430508058342,5.092962389279251,1.0198101496114154,0.35639412406576754,-
1.2758096686336833,3.1983243801871026,9.820087120534282,1.6465129357385553,0.42365496829012117,+
6.899080273300404,8.450546929512322,7.7750358679461415,1.6176303063264996,4.383063311813579,+
0.8711990298392452,5.693092671601486,10.0,2.410402420698066,3.879227636065016,-
8.714166449049795,9.257224853862551,3.4378385889510565,7.8022695603145,1.5647332168874528,-
8.879250814444225,3.0297532311566653,5.649486195333486,10.0,0.755579571845342,+
6.298064274490384,5.6939908976654525,7.084394924519102,2.505890204393404,8.844427824788045,-
9.081403712943095,2.5989896913725827,7.419317214309301,4.671026839066151,1.1034936413198047,+
7.198686884227229,1.44318634853552,9.265784242481118,8.450368831796705,2.0294716339517938,+
1.3495901534918053,0.29606928657902587,1.3934748554373064,1.1118820042951336,1.1468469203735212,-
3.733752878714985,9.826569224790658,5.4032419119007855,3.34484316417214,7.876833317537848,-
3.915026062098418,10.0,9.655325918357917,5.813364247881039,10.0,+
0.4208485015087582,2.7378202683620936,0.3748005502008622,8.547958916356533,1.848529362916218,+
0.20050387713227147,1.2174379717558683,0.7216393248827462,5.144890716534853,3.411016009649369,-
9.213208474438124,7.609132817110394,3.2077287869267748,9.625696554485065,4.8939065662930865,+
5.154402116862409,3.380676406889123,2.875087222012325,0.3784658626919899,2.4324340575929764,-
0.6181428568179004,0.7160268029850703,3.271413766846071,3.36403661165349,5.590937868553265,+
0.22060683178085475,0.6650093684616479,5.066535087814221,2.1627761870234385,10.0,-
8.252573149681844,2.390114153727294,9.08476013835681,1.5149590504237065,1.1261754866245888,+
2.5792871700054265,0.5592438603392462,5.6751186657821595,0.3149085359289473,2.230759001837066,-
9.469776771043556,9.966467276981511,2.6184320455476593,9.97775065265852,9.256121301253867,+
6.787102580376659,8.093452836681022,1.5109300371416403,1.8179940992188537,0.7258958023981286,-
1.8597983058724399,4.925972013300064,1.087414268791973,8.626771367015923,4.320295346254955,-
1.744828180520292,4.085228621927169,0.22497941860366896,5.665164414001364,7.814666310866598,+
0.5064814210644286,4.636585178969287,4.560717830753576,1.1973025557584271,8.796740291831417,-
0.719154723267441,6.945228667900147,6.845664153820428,1.3785718780304534,10.0,+
8.318443878552424,2.9046996240379763,6.135552463745303,3.5596369613263024,0.5256712328536772,+
2.9329160646221246,2.224246789360695,3.4549488552857905,2.2821908685932732,0.48229864941437933,-
9.62489495776474,2.4309029986907227,2.806611523870002,6.7312417414772465,3.688923563097215,+
2.3898779853212115,3.260270299832075,5.519928614840521,9.665889425483694,3.9898839579023364,-
0.9915768871044994,7.008543236109368,4.100320345866637,0.8568724227001601,5.895279696594669,-
1.0423702671748667,10.0,7.8759615468854065,1.1270791235851987,9.615961160830102,+
6.051116133429858,1.659607104101417,9.714557321785419,3.910750743164928,1.8378745021400544,+
0.08283622269328005,2.2672659976948046,10.0,2.480237913908953,1.1109315457005724,-
4.458099122052702,6.571285718582986,2.704974106082063,5.7442203267405905,7.329029278734778,+
8.096649255254363,10.0,2.8915212971264537,5.375357980824101,7.579671384083921,-
4.145506428286136,0.927227031440192,3.0963692061405554,5.91495856452303,1.661544878083152,+
0.575171680702779,0.5145691738269327,5.43112605539579,10.0,0.640370161675514,-
8.86671901478457,2.5230163347488266,0.725509120712553,4.490197066944255,3.53323084371713,-
8.746742932840716,2.5338329084772604,0.33772162696286734,6.604688749553222,6.583029320678541,+
6.877355035454942,8.462346285515853,8.604059944261685,1.2095254272065203,8.050313663906008,+
10.0,5.071955043499646,8.354424782554613,2.2755408984462933,6.8060044481368935,-
5.009560163227912,5.031638648837903,2.3726651269665435,2.671223319091257,0.6590165297073003,+
9.0608298720427,9.391523054540306,2.46090288163083,5.283878178520471,0.11109986367495034,-
0.9424010611526534,3.6533524023134136,2.5034945539250373,4.452250963241574,8.584376217551897,-
0.9131705912193123,1.9022158941545984,2.821753657589865,3.5373191047601464,4.672648773960759,+
6.155299622577885,0.5959658684123603,5.83219041031823,7.419417444169519,6.682225427031248,+
6.1684239025471586,1.0055307519550631,7.39812320469383,9.146320199120327,4.275975963199813,-
1.982582991155214,5.8031998387411585,3.987828472484317,2.3297861554844457,5.8017458492871885,-
1.2021870178894067,1.336206541033519,4.572951874684825,0.44696923325719085,0.8189489628649695,+
0.7267680440250268,9.534706083824053,1.7088058077879131,4.099794518006373,3.109517194709299,+
0.16569655956542342,5.6990051045774655,1.500211914444356,2.0936190996342234,0.5760976528241248,-
6.111099838855706,2.647567613911411,2.709174738832184,8.216594979046166,5.103835498013005,+
10.0,4.649864004355722,3.1228942731805605,10.0,3.3508969068554806,-
4.264831659636098,2.5264770398141447,5.894745925285644,3.1809070776751014,8.57128516001582,+
6.434441879417847,2.2560235432083657,0.32821232023193714,0.01712054261254342,7.292068396149777,-
0.8630805345558423,4.626988760757838,8.922532590487817,6.707888850926533,6.598925256657226,-
1.6872956898716809,8.87818984432174,9.981100357400056,8.80253598731653,10.0,+
2.008747607427167,4.996041709508976,1.6575391864140565,7.945043550679794,2.029664777983502,+
1.4720781189656813,8.388749585363152,0.6920322741885583,10.0,3.993343822797439,-
3.7515820442457217,0.03883402560884375,0.28649758506346656,0.8506220716791357,1.7530108564835833,+
5.828794799910528,0.06485329981880544,0.385168917310851,0.26403055264453046,1.8980656114781451,-
3.068362928202717,8.36496916210003,9.140196523888747,4.788105954456901,5.467524108481695,-
0.4013249618963507,3.941953801501398,3.3366467423609607,0.15261302510392874,6.107210258807152,+
0.9439953034981263,2.4252066851368737,9.013845390795707,8.461577587735325,0.9682998044545532,+
0.5459094247698463,0.8174035485827084,7.168475036521474,0.13353971357156036,0.3810883395036405,-
6.061139716619372,0.5459575202654499,0.283698489137173,3.9672848748243728,5.537956933036754,-
10.0,1.0126893012154223,0.4518188536905474,6.020588183294945,6.502397353556007,+
1.413217014994288,1.018247582101589,5.694395978018272,0.2737238047003976,1.1429906948514457,-
1.2656634502856712,1.7116693954063325,0.2419963981165489,0.30327087595484814,1.1674894051461804,+
8.385826768189062,4.667153312936873,4.937823239471153,0.24570484983395202,8.075200751423019,-
4.099062533781627,7.234434533327509,7.663209043338236,0.28841634837260194,4.223098114628449,+
6.082156946086156,4.535032236016851,4.440927427078433,6.05512213768648,5.130150217026641,+
10.0,5.202463306936871,5.141906242151895,4.676762901577717,7.423799604444238,-
5.998338419242809,9.735846310341232,2.5156830371000827,7.9907241477645865,2.68647584304859,+
8.140504947218606,10.0,0.2506750472479535,10.0,4.9150524490731415,-
9.306272504253794,7.614153886719431,3.6558700286416848,9.839599369885386,4.3154291442580215,-
2.7424332924750208,5.199839347609,7.181232020334001,4.296176806449022,4.147671670403504,+
1.2907881984630032,2.7538135661341845,2.704249569606154,3.466244333436941,7.36060059806573,+
0.332580135481254,1.1534410864188305,0.568689513971264,1.6555129020039447,4.147246581713563,-
4.832803218586811,9.845979148872507,6.305293492381563,3.0508014381345228,5.456557943914799,-
9.09577332857599,5.951949821092525,6.532794045582248,0.03513213386036345,6.192518963420135,+
8.370765367193812,7.654514206072615,1.2852591749492293,4.891867305885345,3.08955121047666,-
10.0,6.5847006706370514,0.9570122465681655,0.36241528345442636,0.5401984494701663,+
1.451222899029917,5.994936003638559,5.047907718127349,8.7725858832103,0.22352758982888354,+
0.003566710274632343,7.276925249998178,3.2062526067532904,3.7803865587726855,0.3347569673019821,-
8.679379696492678,2.9383969910381547,2.8751538229233264,1.0261645157168542,4.680208039506821,+
2.8832909800767728,1.4533436237061952,0.624490375438364,2.009680955169743,2.7209941895796304,-
6.069773709639607,3.9343145476698083,2.9034339999651824,0.17527878728629376,0.7061274824859542,-
3.2548932399216595,0.4528949282428096,0.9844581103825826,0.14481788065573625,1.1271705082610686,+
4.879378030282618,7.628963296784315,2.8102256636240277,5.565317795674593,7.5198535138457885,+
3.8272139891782,10.0,4.709255366605265,9.267682627227853,10.0,-
5.567135831201408,0.4029900770598094,4.281957866234523,3.954591764886519,2.6597226628047608,-
2.8986592302970293,0.1551692345388337,3.4123371600155776,5.915188159776803,1.952214201881852,+
4.599575517058243,2.784324786030692,2.147984344181056,3.1662075703848402,9.293853161372136,-
2.3843489810246905,2.6922785315709,2.7454908883493587,1.6379591645203173,4.176964735608567,+
5.9130035724525385,7.7196945823228225,9.50579414122743,3.123683516268676,3.6701814254338814,+
9.924193908432144,10.0,10.0,6.2169395736466635,4.777596248713263,-
2.610808630517898,7.758358115664782,7.419784692198571,6.529199716238537,8.376124632410042,-
1.7091765887400372,1.6060965534524074,10.0,1.2122455604443378,1.8270759225285542,+
5.565704313970574,1.9835388987266522,8.076139531643904,4.968595707770169,8.702138321536166,-
9.24844696176469,1.3586943024256302,10.0,0.9174828865497942,10.0,+
5.1518568459453515,5.0695503789437115,5.883475919214963,2.780612046473868,5.498816713909434,+
10.0,5.873865766099556,2.1102360387408132,3.735740481790546,9.589238501736496,-
5.602435273873201,5.832142636964644,1.6877509356312015,4.79803318038988,4.4389468658834925,-
6.468566727698481,2.738734392546585,2.252909024393132,6.223753286818507,2.7355737170441303,+
3.9929190885820978,1.3392771123381286,1.1420035113916882,8.17646863154136,0.2022654865222162,+
0.32914377192247635,0.8901124314514142,0.8769783837432871,6.479332303740065,0.38979450552982536,-
9.35137210498409,1.9613084573426043,4.908943158689669,2.019767751037682,7.286841876475122,+
5.141343996103551,2.3661970348627204,0.7635864351135383,1.509845702005831,10.0,-
7.070550793057878,4.1828569122756,9.19210477687766,8.540346036509488,3.748587394916234,+
8.556174499546106,3.8036332571940012,10.0,10.0,5.505496615698916,-
4.625250339435062,3.947702784742435,8.12402037515099,6.238760612254146,6.007982271833569,-
0.9949055994360533,4.896744935165992,7.233814125415152,10.0,8.260333180691765,+
9.558943761439085,7.827894399897527,5.3005281014281405,2.26021759412258,9.342785744211097,+
0.054901813432730866,2.0007955410761555,1.255806484171203,0.45031358207243993,8.014929877973902,-
2.1628449656597337,9.75547836997946,9.569385676565926,9.724761796028199,8.679352827708769,+
0.6444939330070487,10.0,1.988020317211041,10.0,10.0,-
0.9652982176662117,4.8909115446711295,6.777946276827484,5.72137844224729,2.203008635600101,+
1.6771671070074,6.745594287829774,10.0,7.002282111419629,0.5433758033579876,-
0.5604686570572703,4.77927795311693,9.096748608065372,8.162309133178136,7.285889462550955,-
0.5648475246882342,4.840831756699202,10.0,10.0,10.0,+
1.8823577205688469,1.6442700229086404,0.5467729861332182,6.525146607452699,5.444562244451962,-
1.2355617803332855,0.09184890960932196,0.45778918720631856,9.613030885973503,4.222415766653122,+
4.842296010493712,8.683609075863075,9.398160580728783,2.570291800246433,0.3376405278423078,+
1.9632634651026943,3.3841228874008347,5.322187395382509,1.8047472891106753,0.2984240697168717,-
1.8130740238478027,0.8521263408672908,9.75704028454684,6.310278086179978,8.063425580324921,+
0.9826302494340136,1.4146664009910879,10.0,7.5813282573538565,10.0,-
5.747251081281043,1.8743996622963288,3.499875069951417,0.28921903117802517,7.7414827951014775,+
9.573373452799322,1.678515520755224,4.136451013165058,0.4729511091319375,10.0,-
8.338245900509918,0.05766968063693256,5.488406802043107,0.40355261371602724,1.486982620474443,+
10.0,0.05238418856207991,4.062041499100634,0.10485504515224382,1.0587079508296149,-
8.941754421471304,3.4743714062853623,0.15917691573772208,3.8577407885022974,6.074496787431452,-
10.0,5.976352390176038,0.22549299671927356,5.616025111454902,10.0,+
2.7397241269977455,9.8527424144192,0.7085411168126221,4.714859299410796,1.7619131449562686,+
3.4445120029751672,10.0,0.6164347943238104,3.576815530937009,0.46276485705769843,-
8.950122140436262,7.609846061911341,6.884928692305588,5.73165170246298,3.522304796581397,+
1.2894195907370545,6.298532853478413,4.491034226847383,3.4691523343238817,4.47866806319548,-
0.01763843153785194,5.281769766721688,5.946426486599932,2.982096999123981,8.69352313508464,+
0.008838045091185612,8.833395502115998,10.0,0.7777769403303245,6.208696502773887,-
5.451720370012967,0.7665613589660791,9.37765121053866,2.3441224054804923,5.41151001023425,+
10.0,0.2502118279843969,10.0,4.0754809523650675,6.620294590825779,-
6.623310236465066,5.607330984795079,9.245039950645385,4.502769360764588,9.433981207599185,-
7.999730581939173,0.42987522515060594,3.0170488537069344,1.235157484614306,9.129637410871414,+
1.1680765607814514,0.8514272945430734,9.460588038041147,4.490347630551467,0.776539102018694,+
0.9333381638183725,0.1102210275482937,9.383685217371374,7.685130307786384,0.8578258365266318,-
8.909080718059405,6.631263582875314,9.674984928289481,9.025544470873712,4.671966067272262,+
6.568395429047103,6.5736652985711155,0.6402383195843782,8.547732858359495,2.0858177946669505,-
8.328595355713604,0.4709226150009327,1.101844606172041,8.82597328343669,6.496317031286706,-
9.308835150697089,0.5280490352075798,1.4896052989732194,10.0,10.0,+
7.214815685376142,7.557403648284701,0.3724041026438074,9.807662070325865,6.247450552991994,+
9.538317225388152,2.2629834321698024,0.37435674419883636,10.0,4.455298255624395,-
8.554873611683018,1.1028694206680778,2.9217953717112364,8.497079053277675,2.8149611403394736,-
10.0,1.6795743596902346,4.986877015545791,1.0467758530883207,0.10079535764888181,+
9.353265161555385,6.7988147079506875,5.775249712438237,7.11773708583431,1.9960595921401825,+
10.0,9.666722111804637,1.3419233139923963,10.0,3.646038567479023,-
8.997842023807346,7.1881693830757145,9.500097640401066,2.9556437881021944,2.605355490620118,+
10.0,4.648090810338251,10.0,4.587068330220949,3.2639899564384685,-
2.714679748653712,7.825852756187983,4.956715938353826,0.38664628900374254,1.2627016826596216,+
0.3061571805516583,10.0,5.4329939827618965,0.4779479395738842,2.2510116202421466,-
3.834341845697087,0.26215363993917773,0.75906149137698,8.241805397148775,4.514970873319931,-
6.873299924069392,0.24361649018173598,0.7152191072690319,4.005802572010301,2.9068003142305567,+
9.618619276913101,9.479581397671971,7.64229279816408,2.1205452612285534,9.129335233051547,+
10.0,10.0,10.0,0.4217337399326089,10.0,-
0.6843912161323662,2.465780609010867,4.979434365449738,8.90991826260913,5.923634125386922,+
0.5959659584883042,4.041173609707508,8.785867035937386,5.725125373556041,7.534604526766078,-
6.8125974047296065,7.216929481754498,0.9392751871881633,8.494538916193909,4.21172511348847,+
7.590211588017404,7.522160746238673,1.261440432024028,10.0,3.387257675922172,-
2.3875163451169534,4.947161834536434,9.742357675649906,9.62949609729972,3.0676094287975477,-
2.204675645347739,3.2698086474867516,10.0,6.918068727242685,0.06889304302801151,+
9.910147043274987,5.462876943375106,1.5914026605180454,6.234002240765731,6.3744504611573145,+
10.0,7.433915071111334,2.742049930474887,9.153188722276951,9.937154061039195,-
8.123445975880209,2.670550741778832,7.527908319422449,5.061524235179461,6.062031720605266,-
7.946597554328848,3.3908312291350526,1.7106414632863094,4.344464934814755,1.7316472307120327,+
1.0454914386740222,2.267209755068673,9.98955242846748,4.764808544005628,9.44930724303253,+
0.7545813746131681,1.0233493141164067,5.421956930760032,0.5176548839305438,8.286638721682488,-
2.9361824617993015,3.137337175197563,3.8239088765366516,1.040483603869241,3.0657731300309585,+
1.1847265291085107,1.307620116131262,3.486281121183932,0.40935670840672583,0.014944367464844984,-
6.1280584664827495,9.527271682855172,4.599580562724793,5.08041871089419,1.215697096948477,+
5.857069387323432,9.294048817621968,7.080771073630705,4.893573728821548,0.08792617284838629,-
0.15651695590462644,2.380865343951882,0.9811271843296432,2.4828288702448953,1.5641249973245663,-
0.2064752692768499,4.284339744590906,1.9539502784195577,3.3820308778333854,2.373261593683438,+
8.913039676663358,5.691443314138801,2.6884278584366483,1.5294048197211019,1.039794408775414,+
10.0,1.4173615821715588,0.44523072107642697,0.15616907063057678,1.2285384040054619,-
5.63379320286681,4.866275388171465,3.653808913892246,4.45673107531598,0.8535558763043716,+
1.518250477392634,2.2889838340541333,3.0456960778406232,3.9127714792827426,0.327138047802114,-
6.503744576281657,3.8362956316914865,4.310757076790512,2.043676174533555,9.655356380100912,+
7.357474972780561,1.5139453058434307,7.4155027699014155,3.8344957467840493,4.363225938131608,-
3.3226615613505093,3.4240341169874764,4.839550493015327,9.809301159589634,1.40573055579013,-
0.8632093007122732,1.0901231280709947,3.082281883790421,2.3326978227912876,1.6433424430619856,+
4.793104917443052,7.732685804149115,3.0278409314637633,9.118568625051557,2.6345647935018848,-
9.032315018152529,10.0,5.46896654208863,10.0,3.7124137890704043,+
8.75430120510025,9.984254590108431,0.06905848264054604,1.990350933153846,3.3717487890489304,+
6.120523729273301,6.914439858242858,0.04159151854212969,0.11577053207989063,1.900709505240739,-
7.695160214485462,3.5653646272027197,7.026035574620709,9.172018608293559,6.64827725810365,-
6.668705537934478,1.2421921009167123,1.4974550966150875,6.595202858995447,9.807492058237884,+
3.4511527938193485,5.877709129900321,6.321539979557381,4.964223043939833,0.16334559638577106,+
4.5418955321493915,2.8516093063562264,1.4777726822671828,9.709968699722712,0.029785955162702295,-
8.381755474326589,0.6339319734614446,5.911634546287649,4.392434977436919,2.7711352616908123,+
4.596483430133438,0.24985756410459292,10.0,5.7764878219154285,2.983758401337996,-
1.293371637699826,3.3032101980617243,0.900494732781526,2.530883383611302,6.379369308718072,+
0.9622848716126866,0.25271861590706984,0.18832249315176502,1.8257382834015212,5.0171785530954205,-
9.3137157202127,8.113528395081248,4.64516158163664,7.370331834475437,3.3399229939702613,-
3.221876439123475,10.0,7.1080838387400105,4.464765737960804,4.18631379681032,+
5.860745514216771,1.073812763105595,7.7999733190074325,7.311746720193213,7.787054636632099,+
9.200908751550735,1.2345589119558378,2.6810394031486635,8.363357551530923,10.0,-
3.798663683730127,1.323784833484386,8.881217294403744,7.741690756864278,5.959678937408901,+
1.4946784250262428,0.8044844408001893,1.5833916282252651,3.070117947411293,3.8659207900915518,-
1.4580138307811052,0.7159035574541639,7.778610790558042,6.935754123343734,6.605537576915289,-
0.5543085018783012,0.15546472286711965,7.619338205651432,10.0,2.976056006162582,+
3.699636331441045,5.537303096239091,5.227521466932408,5.345459022342771,5.308069925954978,+
1.6913648102447532,3.122228697324696,9.153954840429787,7.953557111548255,4.116575746520679,-
5.750611366090724,4.850048029990433,7.357368551924023,8.639311772192325,5.428532294069239,-
3.7009778985319683,5.4699524753848685,0.8481325120570228,4.244399822735284,0.21824096947320104,+
6.555135613076176,4.8093040211652225,1.1900459225972482,3.7405690783572054,1.2743062196292831,+
10.0,7.785988187003036,2.333222251636503,3.7826216317733445,2.4480930692344485,-
7.955061194392683,3.6821662086342433,7.319276636447509,2.736939675769171,3.843753456692971,-
1.8939462984543038,7.0889684796319745,2.3637818554900454,3.972201176833724,4.739442197124513,+
4.931420634144495,3.067384884297467,8.888385515507004,0.365991070755034,3.4034459006873896,-
0.6579539596592092,2.9073964229915963,8.255004154157778,0.34624709380782187,3.8620630734136183,+
5.554800316655307,2.8408881424331778,2.683478897579241,6.217219081038866,9.080579557662846,+
2.3842124183831235,1.478046665095496,0.93239697412415,1.1020441792237727,5.249389871213137,-
5.194095158244112,0.6476415363648991,2.0103516651291065,6.023013528580789,7.605096179012643,-
0.47453169628182085,0.7051771519888121,3.703279986564485,8.353101393547936,0.03817588910208898,+
0.44939718404410134,2.324075871846575,3.6960757228108188,1.5627687816974645,0.09054787527876473,+
0.3298462409021235,1.7812194914154145,4.846864585085364,0.7811349538873404,0.11979052541482067,-
7.496262813803667,9.518655581120647,9.04878256862055,3.784445560926325,3.7001643351911504,+
3.6573820463503957,7.709436819601183,1.9164689077637211,3.604348258958349,1.2801651992198226,-
4.828199125668256,9.92990808387198,7.468093359321583,2.2273162960505974,3.80504933510571,-
0.25831552328380675,10.0,5.008895711316111,0.7206385894855601,3.6190118082602045,+
1.4397604431640199,6.772515178459761,6.489125021129555,3.559350564718434,3.1591974169305512,-
2.3600937813969534,7.182264063187798,1.8457359231879362,0.01898146535283288,3.694674129736479,+
3.6535651660038235,1.213158373794958,7.545859376927478,6.595363903904097,0.8131166181794314,-
3.7034032537158548,1.4571070618719513,8.084595792023986,10.0,1.2367875677159397,+
6.540736882364788,2.8281349056573513,5.929957530164723,6.419766979432522,4.20781394067248,-
1.9712166957554562,1.472705242583955,6.8460273488915036,2.288652965372367,3.9924243884205755,+
5.23771967745016,6.818213819262154,2.1182058248976654,0.33948172731683157,0.516977427345261,+
1.8205473809159174,1.5165430863763316,0.6029689405504518,0.2712728188539166,0.3392097312284021,-
3.326821713279584,0.7082768435722886,6.454389262737852,4.99751706954865,6.153652191974674,-
4.069302557957305,1.1924714003290522,4.601475072130963,7.92452769060574,0.14978171437378085,+
1.7492208503815143,7.257167699659567,0.8683442306346334,7.187849356003455,1.1129766570330313,-
0.7058151986966428,1.605625239068162,1.6043831565693958,7.543778429189343,1.6217945674640406,+
9.623089296870008,9.7526308390536,4.584075023701589,6.756608737648922,3.079301532538623,+
10.0,0.7340677843959587,5.024837269964895,10.0,2.1461379667818514,-
4.8072433477325385,7.077625145179049,4.878144431000207,4.097303392536832,5.28707415601882,+
2.7829923169150064,2.4390686182575707,3.564160627767642,0.5096841555759213,5.173751551431769,-
9.919497637563772,4.829449959058179,5.39673252951167,0.35155597094636337,7.67727751013619,+
4.086400930225108,7.321560457208833,8.505598499349466,0.5925919046936556,10.0,-
1.3981595227480803,6.793104033409562,7.801514518832242,5.428965321896832,4.103297828796508,-
2.500626602491315,7.09296856147048,10.0,7.880340109931146,4.896403089808821,+
6.781944855740893,2.662591182432089,8.931020860271149,5.911760025691082,0.3553438949667942,+
10.0,2.4194807573771873,10.0,6.045630486149545,0.4554942370804961,-
2.8719590143631715,9.344093212358393,6.736023325193726,7.13269912920472,2.3535010359884256,+
1.9559588491410471,4.625220620531843,5.493306901339669,4.422019851587464,1.1360485040067256,-
1.829192089699675,0.04866373131224955,6.316253586355819,7.476677274154122,3.1469847430048423,-
3.498757731915658,0.08939047810807137,8.880586430826371,10.0,5.200414160886073,+
1.0993230185064973,1.310525142660296,7.335903228312705,9.966416127230586,6.0491801043202065,+
1.7841724385970898,1.877859486261344,10.0,10.0,3.9590396987344425,-
7.042445747159359,9.26255631546771,1.8986196543703515,4.531911947414541,7.151882031023689,-
10.0,10.0,2.6124849391577514,7.149953418426659,7.254675425963357,+
7.812871798707748,4.890599019799177,1.6680137779243098,7.9848418565609505,8.050629673123096,+
2.355709943360019,2.643829916928368,0.9722598391109921,2.993378497414318,1.4949842899636254,-
2.0204770018786187,3.5692338729696624,6.161856701607987,3.4841426251828533,3.333371251870557,-
3.0373454765618333,5.269420319735596,8.49120475947984,5.869518942727334,3.597685844377234,+
8.269853473654363,6.290067038127935,0.8561240963410155,4.802468370077591,9.819187309611493,+
0.24663246530600239,3.8423205257768527,0.2953307837016466,0.6637930164299929,5.639341240348958,-
2.7145852431280915,8.330278953480994,2.709981334820392,6.895839493246187,5.199098150558203,-
2.724181960557351,10.0,4.254757652779736,10.0,9.579731685893606,+
0.9562610846513941,3.900849194914986,6.89620550805855,7.20397244321879,5.985796848325916,-
0.4869647788375775,3.1729259080165124,8.225303732089014,7.541154763212407,7.466323220432786,+
7.857462615976405,6.354225195223276,1.5740881842777399,9.34293572897866,6.230277083667779,+
9.740672273926872,8.739014471802117,2.3897145873160657,10.0,10.0,-
7.556267175495067,9.183246532523253,9.742888328002994,1.7783034442122458,9.415826983750387,+
7.4819715544280845,2.707584601331606,10.0,1.108274417427973,10.0,-
7.456320936654592,1.9006568789394218,9.411632079819745,0.20735287257332868,2.475994254120483,-
3.8399582183095813,1.158168660893376,0.47487731958520574,0.08383729545112438,3.710645753346929,+
3.7625728155018976,3.004198865635427,5.371542822913603,4.684657177222601,0.7772312160396,-
5.386955909752217,4.220157712423776,8.98751955516037,9.278082641253159,1.310526250305672,+
4.209884723769943,6.041028210512715,7.419017116863534,0.22770124733995534,4.338376275214562,+
5.533656218550175,0.6923233736472282,6.480769956430199,0.1811854071171136,2.5199290810955355,-
2.94975447416042,4.011866112437219,6.65655149944397,8.809736790221713,9.039700372420286,+
0.7816758049614466,0.008319666769571053,2.7152087389827337,0.6266070331379288,7.187173021623409,-
1.0547548383344063,6.185013977580484,3.7004892730489383,9.866467986035067,6.86890856280672,-
0.11140123326466468,6.708248180364023,4.284227474328596,10.0,5.183672202176246,+
7.332088741854735,2.600757166687082,6.372530806869857,3.5227381380787817,5.884853879902904,+
2.319045553350341,0.3588993574406173,1.432349680488956,1.2191370741423535,1.0355471645125744,-
0.5908967945065047,5.925767317522061,1.9093059742500407,5.165656251377554,5.758904503323569,+
0.2677110933254328,0.8947036962976245,0.8116529681534154,5.063817715140911,1.7979501307215067,-
3.629452280733929,8.365939681153208,2.118506363190593,5.555505505454047,9.85025187386411,+
1.8461782635185087,3.9144399462574464,3.148719933189839,5.567803772962803,4.441259015181542,-
4.577392025467864,5.776303365310499,8.318128635120189,7.859536103133919,9.626183270493494,+
7.461365698877855,6.870461923115561,10.0,10.0,3.0094195559656938,-
1.4386327736266313,4.935875917633305,5.050630710557925,4.827090822151221,4.40609374146197,+
2.2266472701765267,8.629123487385908,9.359037391123884,2.5383637104954477,6.590681542375462,-
7.4664319194319395,6.547237149437979,4.710921605817145,7.018670616852351,9.383032899404022,-
10.0,10.0,7.419095726923899,10.0,10.0,+
0.09728691930311673,7.295554517450879,2.1054011548160165,5.4406492027159405,7.466712351628953,+
5.921903272381876E-5,10.0,0.5962892927806216,5.051337430404722,7.795243064920109,-
0.8334536130387926,5.298348569040826,3.107635728935456,6.58127905133389,3.5019619880874187,-
1.2381432142723925,9.691685949502466,4.871459584600263,8.351592215177288,5.485286556873192,+
2.7020390188427523,3.0554101003218967,6.897626271812816,2.773904921085718,7.939427561071221,+
2.542456270348318,4.274601430971688,0.5024473540740726,1.2367702699213363,9.483600755923986,-
4.726742866245841,5.574021387063527,9.228433861556917,2.4867878639832974,3.872563430036605,+
2.626228397884796,3.0903576710785505,0.4522798634440518,1.193248699258213,3.506622496413952,-
9.995196797407596,4.567026964523365,3.436985510488153,9.674833312397237,7.331585061945032,-
10.0,6.432325060889908,5.671030684152224,10.0,10.0,+
9.417876647797081,9.168134294661764,2.5503267816649644,2.187231310835779,2.338789316005805,-
4.671373740884031,10.0,1.6690052546609098,1.973304836719917,0.1125091285320966,+
9.65411690063417,6.399359031332751,2.3019021562231012,5.5840003808023155,3.06275637160447,+
6.662505992092908,3.4528625458452553,0.3810599913086334,2.620633135888002,0.35479725994147643,-
0.2027398236782041,2.4526566846225704,2.4437185629668754,4.3688641499405225,3.024743138416661,+
0.0685910709752341,0.27371087280335393,1.5924544383057067,2.058831222353723,2.983423471615874,-
7.188666001130598,7.7256907730213555,9.983821912650196,5.74337410804051,9.936454893342322,-
6.631360168534493,1.1803195321016018,10.0,0.16924838780379758,8.731142183703644,+
9.90432647697494,8.482832834475747,3.261076063955517,6.6673389903173375,2.703179238688894,-
10.0,9.337806600614723,2.789651012865542,9.43915067421522,0.32638819527805085,+
1.375212905639741,8.628286962500088,9.636237058634418,0.07977384886815098,2.9461072088217453,-
1.0291059276407448,8.804521669996046,3.189221567606317,0.09394099854182526,3.2331657554580673,+
5.3577448359833255,1.475731055770645,4.582551055894376,3.1753685745094176,4.550831357286396,+
6.047432459848698,1.8564489976796215,4.629419719359326,0.9660832887330767,7.595177601592297,-
0.00672492367020161,4.0667573591584985,7.709986238146684,9.840454638923823,1.3732048496251648,+
0.008887283348533722,1.82818348965189,10.0,10.0,1.705433292038205,-
3.0653428366685507,8.875815217079797,0.7235899957320491,9.589575450236678,0.6291694224097333,+
2.220435907442208,2.2439567320743294,0.40829516648790926,3.064608687800642,0.5652325755926018,-
9.497228768485552,0.2832026072072935,0.09693587183450703,0.0487373454940776,8.115184182389118,-
10.0,0.3448687412810417,0.1435296773521665,0.09152951970498051,10.0,+
0.758859630136034,3.7198482945290854,0.9489782478167286,6.449434981515636,5.391905589864955,-
0.12930219809275934,4.965997010264077,1.7534401609104984,8.699848779388079,1.0683187233188065,+
2.517181395714061,1.7082845233287014,7.036039276364377,2.5038590670160046,5.656794352180194,+
3.2154061030199785,2.3399758096033056,2.8552595328399843,4.2785701925626185,8.830034192013969,-
6.744665599235579,7.767246504523867,4.398627601471697,3.9235472120636707,8.219272279059012,-
10.0,4.199735067360277,0.8777401664950742,3.3733070086822003,6.938414155818033,+
2.1560412703820244,0.41591088291566325,4.864193537956773,1.194149171806449,2.3352110366539924,-
3.595574996269166,0.46136979196452144,2.8450354002012412,2.097129144742079,1.6268006018942764,+
1.7531563201512945,0.80082782256363,1.278721554166451,0.3694235605002727,0.02738250526038155,+
2.2398812299789124,0.3943352063481707,1.1182846016748447,0.4572670216730694,0.023432940518704464,-
6.850749412957391,9.350402386000873,5.076979703617383,0.978837187132745,6.938322171913755,+
8.996598155532961,10.0,9.823030051714534,1.7093380071376933,9.873322679573947,-
1.6374834751584832,0.7385867915093458,3.759295725052426,6.304825009723211,8.922310527695075,-
0.5534637483857823,1.4158997389566164,0.1851873405134684,3.511728595727174,6.749510706302476,+
9.00006589341465,2.3385307959077064,0.0725344015299123,8.46042608358211,1.0398461093281675,-
10.0,2.805336653662456,0.12888146864846628,8.552083438134089,1.8636799899041914,+
8.54853523310941,7.8791295109842965,6.749910018781869,8.040111954366846,3.333789563488226,-
6.628894588107553,10.0,4.705675634227446,3.309165657519327,1.9992488799727854,+
9.963188366912117,7.647387759675639,8.442065270705584,0.04418663558467095,2.3434520384745317,+
10.0,0.5260576691943337,10.0,0.04913693524946126,2.563067916804289,-
3.7880760785194543,4.668576344402381,3.1427856900486475,6.9751344784693075,9.639107509838505,+
3.8774374098011264,8.141641721109968,4.863057100963888,7.659379505851148,7.610943910869693,-
7.842541104788291,9.445254653872205,3.4891624994219725,7.795280369991691,6.467099196505265,-
10.0,10.0,4.375016000792767,8.58934381693828,9.305834435895653,+
6.4506160271076745,4.834949374237894,3.101259744282794,9.126543003633763,1.8358535339710336,+
5.772823187383514,5.659162782998904,4.550664691699899,1.5736559435214332,0.7906936740197982,-
1.3413792434716254,1.9568841987131358,6.644448285359289,7.226317958854968,9.328021904452235,+
2.55085074515575,0.8459476676194294,10.0,1.7917361062574564,4.447155420523427,-
9.068087276419432,5.378554698297124,0.30359690938528083,5.350681110385191,9.698332534820652,-
10.0,5.877368387779225,0.05002765691418847,6.105077305493444,5.026203995366706,+
1.5862194391349416,1.934665767257423,9.124854843213022,0.8378353640484515,2.83798158736146,-
0.9706195916954585,1.918961295917336,2.086426135803171,0.8564968999577752,2.579366365462249,+
9.350931550217496,6.509420507389535,9.14950571629246,1.9989828532053655,4.691463020748879,+
4.471012597550897,8.897786789110086,10.0,1.4466548927899707,2.6827141012370883,-
0.8698049399397467,2.133783254875039,9.09774194096794,6.200243253202011,8.833851235593773,+
0.46828879232409903,0.1597891831326027,3.5173892838080336,10.0,7.631191459172925,-
1.6649943700149672,6.153044365853394,7.143395104775037,8.472808216557405,7.354059853207451,-
1.2088186325246173,3.446739484830796,3.3251163721234027,10.0,3.4894572268343444,+
7.057915334662098,6.44966376967901,2.4009164677301165,7.593356076098678,2.1523778746409326,-
9.570037229164932,9.111913632616291,2.7794958876466813,10.0,4.040048556829734,+
2.3908024023824694,8.37730412215766,3.831928358514547,5.563268441678152,0.5427913643728133,-
2.282328742261025,4.911599908139239,1.2014466649739277,9.28078338820315,0.06938924829255604,+
3.0774458233642754,6.5014020013182074,3.6736052753089,7.235493456950244,6.624325907170779,-
4.3634333541922645,9.758165038869405,6.870283399002959,10.0,10.0,+
2.8619117907877536,2.2769441574458824,7.627247131046118,7.480319799436431,2.1022013478508206,-
5.393959945979739,2.20563909629371,8.242535456178114,4.551677311629132,2.6948444486934675,+
6.955184279741081,7.36267022400553,4.042535280399715,7.759914104501794,3.8654023138203852,+
10.0,8.972951420308771,7.7185251045662175,10.0,5.421297794708619,-
3.1699112925290205,7.648655704783276,9.459370801335115,0.9773873901708463,8.545045010943939,-
0.9241765867442281,0.20573627264394415,2.801542204373134,0.11270227932588807,10.0,+
5.178961335820405,7.410346660672561,6.0176627028253025,0.0428894514014988,1.0535900500550643,+
7.869629240539027,3.3987336330178386,6.693957410788352,0.02323973787708092,0.4779966810599063,-
5.871840776466925,2.6883393746807673,8.224518570265513,2.920491592375334,6.655600524622508,-
10.0,0.4035444780892675,6.483978331647375,2.6090615520753646,2.6253184553358024,+
6.898568803758577,5.418057356136502,8.548811450303402,4.322635357705148,2.9563432780977483,+
4.053999580776105,6.546582049985313,10.0,1.2882490535540978,2.3780278551835163,-
9.92821441992496,5.837109666640808,8.670809513989443,6.626340363723183,3.466558547366775,+
10.0,5.322455017818721,8.60760907727093,2.162352266804415,3.011103682926167,-
6.290720829731521,4.163716060688736,4.573111759113776,4.269665874983226,4.944740007784111,+
9.42614364975551,0.8356769278704124,5.105007533800962,5.206078290606453,5.620685307432367,-
4.676012607915325,0.968625823467314,5.6457131668208955,4.418613716429325,6.007673608069716,+
3.6171875232298127,1.6851113375108326,5.570601466691618,7.68720197908822,2.0797387762968107,-
3.32545923896871,5.770173181801688,6.028950276109426,4.183341928577447,4.87903006405161,-
5.018421558654602,8.538428419789074,8.964328259929017,6.217695641473265,7.343203915978347,+
1.8878728320148541,5.892415349936915,3.9841503070551587,2.6940617480448568,2.928678416237769,-
3.3639940580758343,6.691715208297448,6.943736730373898,5.19849400786101,3.133425192185198,+
1.7984990766042985,1.1158465489879066,1.4630165589108557,9.252558932460431,9.793240624528302,+
2.9397107811601777,2.0156365691081963,0.9422792858593875,10.0,5.882487505349117,-
1.9941433116380003,7.100789267556481,6.376473679210929,5.532938523906812,9.552531061348931,+
2.9508007621936185,10.0,7.186952135186356,9.371755356526535,10.0,-
1.1927015418987763,6.869443260783516,9.92762533842525,2.276307480911721,9.618052639028091,+
1.4314609922939987,10.0,4.305418613594344,2.1040614638064588,1.0501115710037807,-
4.91197409430681,7.3493854451310625,1.2396795861041077,5.424094442264615,7.282184083880276,-
7.9500415172748,10.0,0.7990837480859495,3.5135368121620543,10.0,+
6.348955151649234,8.457037623472216,5.024052547916986,7.428582078597422,9.910750143352955,+
10.0,10.0,7.33806573685142,1.4180285323255126,10.0,-
5.029911447191791,8.886348442964122,7.202503495015852,9.607899707380213,6.43457786196156,+
9.592952114704762,10.0,10.0,9.50077553121387,8.383726536154452,-
2.5025518169120122,9.518800648537304,8.686969157541256,2.2015488992598398,7.845772483173485,-
1.380695111756409,10.0,10.0,2.5842362333327444,3.6434914398930602,+
9.973543040789197,6.4758535107259165,9.930632626344476,3.702425536679055,8.507367231699034,-
10.0,1.1200483864243151,6.181187958129553,2.0812162527240057,5.1944655112049904,+
5.524509150431111,0.5799017447033616,0.21220395074158183,4.700615735490982,0.40252748442272224,+
2.0823609950600894,0.4002600913708769,0.00902421172860253,8.87215208148158,0.2668662475133006,-
2.8287137980708374,9.637478909737467,5.128693822776338,1.926770628797,9.481157377029435,+
3.6526805922849013,10.0,6.521755848484437,1.224046745132194,10.0,-
4.191696698084729,1.9382048383557182,4.514798060139006,5.13405247213602,1.0441789074798435,-
5.14071594689576,1.472456097838425,6.884673251830599,9.133537354144124,0.6383467903496183,+
1.3779991814602233,3.189629239409537,8.441042561677007,6.652015900412026,4.209077196568035,+
1.305839157085949,2.141779066575117,7.790491809849113,1.5362856756968577,2.991873882611423,-
5.127825403154077,6.1477257632374585,2.552471646579929,9.447423588780945,5.336196365140178,+
0.7320190011229657,2.4286053325327326,0.11142011275611233,3.5351186951598557,0.00808347597581486,-
5.863817765441245,8.687290625244158,2.38199270364842,8.682095139131425,5.485636824302845,-
10.0,10.0,2.7540450851015854,10.0,6.529258822778537,+
2.058201003741471,0.5377657307982675,4.224317514731401,6.330339468748036,9.375059702869164,+
1.8490756361846798,0.4738451761656029,2.031363694537373,2.0336196316067525,10.0,-
0.8870642317054245,4.2953909523262555,3.178673728866439,2.7625453706685823,4.3803432984772535,+
0.3389181201518226,0.7406000038593127,2.7820849616413965,2.1514331652567367,3.448298442790078,-
5.80277229141168,7.389743787855058,2.135918031094034,9.02498086475735,7.535372749637265,-
1.6471517954071007,3.1981853383518724,3.8729586579749844,7.682468847231414,5.6616608203751015,+
2.058677518003736,3.577022901011188,4.557769369887332,2.8929287032399786,9.083144184032877,+
3.9731418683224176,1.969691552801425,3.6478325100134184,0.7162909728033094,10.0,-
1.7061403805567321,2.2946073071480666,0.6044112391502676,1.6866665794809887,1.0616458602188827,+
0.6992692433693174,1.355887390430845,0.7765612407980349,0.07187074134560045,0.48209989316758756,-
9.089409177729367,7.231057871840617,3.0524332614353544,9.149125708075893,3.60574427905181,-
0.1943779382141365,10.0,5.827607379318166,10.0,2.2438528989427597,+
6.772985101795977,1.327030479405512,5.302432111962382,9.64019228472877,1.6660073550257803,-
2.047704512705596,1.512668177834337,2.24344633343999,5.7193312422060085,0.7642799417941801,+
8.222872180265913,9.984302974566214,8.48437698351838,0.4750126385404796,5.091945806473711,-
0.1766980982336983,10.0,2.1822194240011505,0.11148813783059171,5.011916023173647,+
9.623720996385615,4.346899321789684,6.687627813243489,5.528329721629268,4.173235624337643,-
7.835163755757875,0.8116959934404883,0.2542148061310741,1.4056327027389106,4.500166742772615,+
2.387250703346494,9.597833806054235,8.744605114201882,0.26678952291063207,8.478324410593089,+
3.885429967688474,3.3673999695494907,10.0,0.11265882229336843,5.695870428000103,-
8.252356216886728,0.3505495836637773,2.9967991739317448,9.381278927711906,8.282871190914264,+
9.439294887032009,0.38483137749758267,0.12478162787153213,10.0,9.18007767770451,-
2.973278444077546,8.835603099578302,0.5623565464377223,5.966455550923651,3.19683271464457,+
0.7687152040310646,3.9095588253841584,0.251296258319024,1.0393444558920442,3.294097304264735,-
1.6046842165336328,1.6712667532726844,7.114523705961626,1.6818829155973924,3.5416530426095525,+
0.7713938362335162,1.3804138806649462,6.671370033028652,0.22283344694724597,0.41588218039582864,-
9.238373946342843,6.142070113988314,8.668231767178225,5.297014226398199,3.0968237307575808,-
7.733574625464855,4.6636631588193636,10.0,1.1826468962712502,1.010432338824901,+
8.461533864031633,3.434212749160779,5.228622892526805,4.3330965229744764,2.955019106413732,-
3.5580479403490783,4.527172921898878,0.7374931062272014,7.793145433962241,3.7321088247860983,+
8.217168868008477,7.103841683298836,8.006904291726864,6.2235723871224815,6.446272739183141,-
7.4428411575011975,5.730926304181854,8.005487218483314,7.939971721050702,5.6233801059882795,+
7.62158336240582,3.8330319159970863,3.176640630870878,0.4864894863200253,5.983741951322856,-
2.146681811074117,0.4043357106031617,1.5846641104081463,0.629807954651358,0.9531533009785446,+
3.5704386189144333,5.711827638305716,8.17495495624113,7.126828461896963,0.8907826201600189,-
4.921425028437549,1.33854019246112,10.0,2.990726001006664,1.0510118846750403,+
8.507894165895994,2.0261812630828127,6.580339018846507,9.059726322000872,8.712415390562757,+
7.680493291434464,2.4229608531840943,8.048494811776129,10.0,10.0,-
0.02019443616455563,6.185842719093138,5.054273372354445,0.9276620574836703,6.985201488664144,+
0.019998288473748245,5.169735544904437,1.1895236606993804,0.9135202968739062,1.649254621455958,-
4.26880497783246,7.525765648788608,7.619797890223165,4.0693135694049465,5.466490960641437,+
5.23454841258062,10.0,10.0,4.393812524604861,1.020858113956586,-
9.889414286344483,8.02140266520414,1.9874791405205205,4.130198884753008,4.566897453657864,+
2.4449362786833486,3.8357897008912882,0.8870974554119918,0.3047981423716253,1.5741425471385904,-
6.997423972528147,9.607591903979667,3.93050617016357,5.869235338341799,2.0409306227547566,+
2.0113868143221736,7.870849028123074,1.3903510608528031,5.571490959292283,1.2012969573696581,-
6.63283572024275,3.6893595422539227,1.3340682253623404,0.4380987055144736,2.6564891775326096,-
9.042534128720787,0.8444032384844313,2.6337726032403395,0.24454069641736062,4.3240064323812994,+
4.641770831513806,5.710694636277449,3.3565666267626524,9.011835287282144,6.502489605641237,+
3.08768887022117,0.3554653697358074,1.7686109769468443,10.0,1.1712089212682786,-
4.625053888813328,0.18095597381098893,9.171445756390417,2.163211489027166,6.8784709412316705,-
2.105840390086203,0.05018988817218353,10.0,3.9638186027997278,8.621354487700255,+
2.2068468457417545,3.595532250759433,9.367039460846168,3.510300821742325,4.22172914425059,+
4.218915313439892,5.005560264804073,10.0,5.884075732305,0.11045165098237866,-
3.540579706435336,9.098836091349195,5.342150024673331,1.5085687350803845,0.762124351054283,+
1.1731316757502794,10.0,8.669883359973912,2.6477088057102565,0.758711220033503,-
8.502894334182239,0.4148036096619989,8.703383939726404,6.483715835507313,4.480775973140859,-
10.0,0.18681778646247107,3.7703956861196684,5.865286158027698,4.08309402628314,+
7.540273830003078,0.056932903794977285,6.883288226740247,1.195690879163095,1.1533696312738406,+
2.7797894287791785,0.10283077039464068,1.4634622066525995,1.6894689910714453,0.7658819412159656,-
6.118690804386745,5.163251605731878,4.092954212260201,6.85479034130298,0.40888746617271376,+
4.760290169745869,4.591151871131172,2.2743526421095837,5.911669931506225,0.0955911691060785,-
5.058590256480513,4.265392793414381,2.773576013880914,1.4993415859856518,5.4222212580866636,-
3.7692421500633757,1.987845874073465,4.946049324296672,2.344924616501645,9.06933700033812,+
3.5711117873824993,9.023761881882727,2.4971667506680397,5.956632028251527,6.085701363304102,+
1.2602749544961118,10.0,2.4143205751999885,9.888325124216086,7.214025863933236,-
1.8573835574542452,2.294235666083486,3.678636468746419,1.9479577660877911,9.79797219842377,-
0.7157772378740198,3.449966802020054,6.565499746948742,1.158264020616632,10.0,+
4.588704841601579,6.842400071560356,2.629178366165683,2.0868323245685305,7.71663422571014,-
7.934703960727272,8.210050251161517,0.005320101320368073,3.3261625329991107,2.6579605922605114,+
9.738216582223208,4.91502334864009,4.182012763460886,9.070952033653745,7.260473572478144,+
10.0,5.281829432781855,6.764167076979895,10.0,10.0,-
1.9611611400383144,7.146300586352412,6.5981731343871335,6.514405934718955,1.1406797698575977,-
2.385891204310607,7.182093575327317,4.988573098401531,5.4540453788521965,2.0555219894124113,+
2.8164017903506453,9.717829203767526,8.71566800898629,2.8167278991334976,1.8122107968607704,-
4.00564854542396,1.1031342626066065,8.268631560419475,1.0496034846639777,1.2295750894080153,+
1.7141252707070986,5.921310055087136,7.9734512046855945,0.38117290772843426,4.859754865696962,+
3.39931246680277,3.397790088341415,6.593469815835976,0.36907037685261734,6.008123399113658,-
6.040875150255546,7.882926955888102,5.329888431170085,1.9103546696969032,9.385237827708067,+
10.0,10.0,3.069800991005978,2.2791865545687724,10.0,-
2.7039767459934225,3.2538810800671234,1.180548486238312,3.769652148420338,0.1748329888321709,+
2.055088067433363,3.2401217918264447,0.7898050047031626,0.055332444663543645,0.12130276221562473,-
0.10218204973261535,2.3515280015355575,5.5592294802275575,7.826096062870336,4.199646197219394,+
0.06019005923712957,0.4208154235692184,2.2451819189635445,7.354509173157815,4.471320967711765,-
8.080097842020301,3.0197402281844066,8.681257473183258,6.901374156022469,1.7028087225059751,-
10.0,5.6420394831724625,10.0,10.0,3.1474084367912254,+
7.939803173815703,5.517472674510789,2.0796025335859603,5.160504681332659,2.5417422204419102,-
10.0,8.37746668462454,0.8693440472015184,0.2737194953416085,3.4134748043238794,+
7.827096377037744,9.115031475744503,7.260628704027018,2.859036532406596,9.769925126172177,+
0.973176369406653,10.0,5.238325514416195,0.5612166987293413,10.0,-
1.5285945054442651,6.595515423537737,7.998922453394695,6.478995556335355,0.8316067662928506,+
0.7433971378071247,6.670103738666475,2.727431648892199,6.7970194161435025,0.34013463528523796,-
9.253878951546847,8.00685687206117,0.19019730236883636,2.841617336546257,3.6750603486712565,+
3.7866325344274827,1.7910410388834894,0.17048240083260835,0.2775204500628995,2.9458389325735572,-
1.9523196851501234,7.816175340261756,2.6662772114872335,4.178127091345035,0.9443820195793851,-
3.3598289901223617,10.0,2.9499574341920254,4.633293166691766,1.355338424377139,+
8.234129993266365,3.9871372945252768,8.367836608376644,8.715644829676439,9.698986184637366,+
3.964052399718971,1.031537298280327,1.2558131947730664,10.0,10.0,-
6.475329955295256,2.423280087693056,6.548770339346798,8.83123585484747,9.758964784147311,-
7.111056729812038,3.9101734175758334,9.33519359986673,10.0,10.0,+
4.393324823846343,7.0015532970659455,1.375215197295232,0.01654238412028164,6.34893869871437,+
2.4333657957501074,10.0,1.5208780599366938,0.015936069802056984,3.846623556952256,-
8.603365206602279,5.052203889512954,6.462739335649798,2.9644013403046756,4.276965350214733,+
5.359428408759787,0.039480610399479185,0.31242701008386053,0.43718428435869766,1.8433701993062286,-
2.980557942577955,1.1543696329202413,8.009810972500036,0.6058422036378686,3.6665892611923647,-
5.107315634234711,1.8093898561602633,8.641937403098714,0.8766331157744491,5.016884494167905,+
7.997967345268203,1.7521657836838966,4.595043615129598,3.954942629965733,8.107074452148762,+
0.7064165909413034,2.534096761215217,0.4214394759520117,6.943232280810005,3.752521304971739,-
4.3603213431408925,9.170693017622662,2.310301904628199,1.7895909730952342,6.219509837150193,+
2.0822459356749112,7.537699742293942,0.4609684610510634,2.200159538643007,3.4117264729755123,-
4.366804557628857,0.35796586143149955,4.521188992434907,2.029121188274213,6.257254684648732,+
1.7424067479335767,0.042510883343555746,1.7468149506346298,0.8380245534927818,5.136905703779293,-
2.9814931952904065,7.092173807633308,1.8325064964719706,1.1563419715919487,7.967145123487017,+
1.554763132559911,4.429384747677376,0.8740785707093669,0.8922276037279087,1.3529633389508093,-
2.9197467075882333,8.045937020525948,0.4479158397784666,9.890258764646582,0.1774368244115998,-
5.779863821744081,10.0,0.1815174051824994,9.113486072334434,0.26992589625923075,+
8.420430327552971,2.348969459744029,3.216314624977631,6.915141689781121,9.919453206707326,+
3.849761618144599,4.666696480342347,4.58983736520126,8.294600978137394,10.0,-
3.0361685578617092,2.315881196065175,1.8128649797097385,7.125603194410306,9.650328217538934,+
0.07482911919825196,2.1426509698356115,0.5232802979506531,6.502796223634362,8.19278476698995,-
6.7722222857710666,2.8796961301863933,2.933803828026915,9.560934829365396,8.085940990667908,-
8.085845046681417,4.566952593323775,3.514431324960392,10.0,8.583199851751491,+
4.709890828769401,8.905806520175934,7.340475438291798,4.532165247005676,8.414565629542057,+
3.0412015127711785,7.744929104949985,3.4159525343285058,8.041723478956774,10.0,-
0.18151844037846976,0.14833277326057437,6.254934213515392,9.246791768338133,3.4302400339012107,+
0.07116176086271257,0.2492821703904447,7.553167674689275,10.0,3.606303114302296,-
3.7123795681159155,0.2842018368012589,0.025896517321528645,1.5863317186746773,5.250059947803473,-
4.78301079874582,0.4736827362492456,0.03663320511038744,1.9472642086040954,9.89277034667193,+
4.269576339686628,4.991188038511741,3.6483388104927816,8.28811146654057,8.038060070239355,-
8.040287422792423,4.805579483402975,1.9638724824503444,6.523112507070169,6.032525660896137,+
4.682293046255523,9.878107306800047,6.18098913791844,7.432143477849986,2.8697868467944443,-
6.587356302455019,0.3292218094933901,2.4137368505975267,8.341467801667099,5.136069441291817,+
6.562986610306104,5.131188912548451,1.3184802427156972,9.928144699982166,1.0362748097118013,+
1.6963418113043771,0.7848967799538676,2.6213371456787042,7.0134094115774746,1.460595791928083,-
2.4982310256460116,4.626773171131402,0.05925599767394041,1.6168579514261217,5.500456849839837,-
3.4313985039932784,9.098486348886933,0.1138108226976444,2.956644634077161,10.0,+
3.521722577479758,8.927352696555399,7.349567088698866,4.860686535097964,4.77368036559921,-
2.07703584963733,1.6078332136436562,8.218248946011066,4.338793075354204,3.7474654459443757,+
8.62964903564903,0.9948768975292455,7.007698688720784,3.0268236949259664,7.106327998623138,+
10.0,0.6245110222855974,10.0,1.7388013305886434,2.827296977191347,-
7.738976851932215,9.688195049339711,8.989564478040982,7.281457364564126,6.579463333609325,+
0.995022221177335,3.2915940772927117,4.561818187271052,5.847876139218742,3.537981217561514,-
1.8116491588927919,9.879022791640427,7.772263851035359,7.407518596985685,0.6343444179761293,+
3.3763349121046935,4.849807994736283,10.0,9.075002143403792,0.755147282045359,-
5.615792659362301,0.1744588573003425,8.983827896894361,4.505351317868117,6.608271604199844,-
10.0,0.20163026511630747,10.0,3.2220231221786553,3.2454354453758016,+
7.500375290878457,9.297846557356063,4.170577673080721,5.243844607002453,0.10510520244540245,+
2.2778741583863584,6.902215129718549,0.8975578631304002,2.3420068959352385,0.049853041643066816,-
4.977971542591581,9.198220941184758,1.0325750347597396,1.5280032857528825,9.69930746133214,+
8.101105116220053,8.79726442818298,1.7804671372293068,2.479516687773346,10.0,-
8.66213624559024,4.917555496215193,8.51638276377277,1.764017107770971,0.2450501924033921,-
5.234445864225111,2.091252874732146,5.883843331628892,0.7921192160198691,0.27398464286161756,+
1.0070793800982847,1.8117931911660712,6.58874930622426,1.7689450680928187,8.978489521366598,+
1.1823033926985458,1.9882926712761855,10.0,3.3268023656529233,9.968380330047118,-
6.2632771049481795,6.473529301387312,2.92505448485434,1.4081566242749766,1.4240654824207333,-
9.0737095389089,10.0,3.1001865463649847,1.7430933055581748,1.5762110011561872,+
8.62505954440666,4.101541526552923,7.048021632480834,6.149280115292269,1.4982782097206415,+
5.460369672359236,0.4395232579526301,0.32273934723530345,2.2924584521741154,0.90935415898886,-
1.4686529394546743,2.307997965567923,1.8795315862300732,5.3394060768643214,6.984544464831696,+
1.0402371515604256,0.13789219937227729,2.3818800089551493,1.9686138522377177,1.6335946197085838,-
5.080026502143347,8.536205069943243,4.392055904471307,2.5897395450200102,0.5353588992460334,+
4.30423279884755,10.0,3.0098020549234294,4.841262080676624,0.5279034404698622,-
5.341381303706828,4.1256154740240705,0.39762000327599467,9.803989109958946,6.716495891549101,+
1.1544951504388508,2.2758457959709673,0.3074647054992905,7.347003519737914,2.092832463294093,-
0.31725514432753177,6.279817619453176,9.088309019526923,9.776221478576584,9.792999281635682,+
0.26614719613380017,9.079070398505644,7.720974432469771,4.187009830278559,10.0,-
0.15641056371885287,5.2117833009401915,8.08377212400938,0.16136201648035975,5.873723679101336,+
0.25777171335350596,7.144599184243312,10.0,0.011883648873491975,0.8794108418514827,-
6.7101783954882475,3.7995183761139706,0.08913924879440871,9.474987097480621,8.795256970157684,+
10.0,6.6282310266147375,0.06679272103824262,10.0,6.705918950133927,-
6.257554855942589,7.195612851222311,2.4297663140410073,9.327381120241713,3.3414682149416084,+
0.7266228433014176,5.323933559297852,0.4883823130288939,2.638225874824606,0.8264970049505139,-
9.567202665055552,6.5577487373853485,7.233254515106809,9.286324169428688,0.9505375473040345,+
10.0,9.367801722378774,3.0774366025297883,10.0,1.037761160142722,-
0.7274661376642333,7.0537631408667725,7.915992802908588,7.589706378887595,1.406276111577791,+
0.7601138179636401,8.903927069090644,6.921298447406272,10.0,1.8620046511509127,-
4.352193513328331,7.919959721830382,3.23179374971604,0.12091230045522816,6.295111451676729,-
8.63677898981349,10.0,2.15874396729936,0.15122358343353773,0.5279292264137488,+
0.6210996585174366,3.3346249481780275,4.988982956207631,4.468894886877207,8.623417013069446,-
0.27741774499709687,0.23425870358324763,9.869063278966166,0.8232742678771594,5.882448584414041,+
1.9478440005303188,9.503621848783308,4.135164120029083,0.46677018763141565,3.578839367433523,-
3.488806644983608,10.0,4.4336476430835745,0.41475112078784765,2.4046379900716435,+
3.200405949305801,1.811066015477134,2.991297500958993,0.8877266384045557,6.1243638057160155,-
5.321087636887252,3.583230899095623,5.252727638646406,1.2399840811867975,8.025163374709054,+
5.474684683804246,7.763099940251218,0.6005619044988875,4.536438384506751,1.3529651574314316,-
6.236376922358091,10.0,0.7778633807599474,7.957889840356813,1.7413420938924913,+
2.5499479688172864,9.07511599605125,3.4707568877170125,2.1178866692928433,8.69175468218369,-
2.4845369213735293,10.0,2.7543386914982526,1.0544034543407277,6.034574812837065,+
2.7798876159310746,9.799553264030761,3.1090374575115733,7.089847357853917,1.0593632574434375,+
0.7073142706721758,8.84015750379769,1.8036849970477333,0.2292612669314949,0.40372127084715825,-
2.235374690780368,8.203725591377438,8.36812760552147,0.747708808627443,9.317919307316421,+
0.044131785220777764,6.52677304691926,2.0883624736702995,0.5367934543343935,0.1681413654556486,-
9.198024003071856,8.64213346613747,1.0646644346206557,5.4798834605980415,5.21849698645664,-
8.044614240946533,2.607915189692786,1.5959275813684706,1.4904535514934802,3.0304101813902373,+
0.8318217581224496,7.874880123673011,9.500022295543141,0.8951789903503848,4.768280252335504,-
0.7632757408184074,0.5898737493006344,7.062683238872726,1.6050480247079133,0.13295653692405013,+
5.50688875376782,2.285652676141102,7.949725892512434,1.3373543013635802,3.0086361741802916,-
8.766209930133853,1.6206014578899237,10.0,2.1165822289987752,2.478117102639917,+
4.232055047038199,8.630877112872362,4.456592612794449,0.7542666385852248,2.7941347961730987,+
0.9957773899128869,2.5097853224547677,1.4283203276633165,0.6445116691435893,0.010258984030659992,-
