3.1033210899069195,1.978395486475314,4.309706077117691,3.114739085320778,9.680468825841952,+
0.7852562452366839,0.4274833971768722,5.112312090190634,2.803951242938791,10.0,-
4.346413872266485,3.2809526757072605,9.87090520894105,5.045117128095244,8.863298068601633,-
7.576998201052487,4.1389221690449585,10.0,7.709291419022427,10.0,+
2.6916156761088295,6.02418218498706,5.665688915675999,6.8686279763207985,4.847794493971124,+
1.454456296474579,0.8433432861852583,2.533480141284692,0.28015231487770814,2.867168377144891,-
0.0502903888963635,6.510836387760661,0.30996464251674793,1.3631379491188034,7.716903532474148,+
0.06649949193724973,10.0,0.35410718399473906,2.2065871538873427,2.4246469170586127,-
9.164000813607897,4.846763494000868,5.91153986792906,1.1839807736061991,6.959412951308417,+
7.506023625614993,3.3037665884909075,3.3209496545475123,1.1713556907622764,0.031038846912663696,-
5.998298173342974,4.0985837356640085,3.8663561554449934,0.039217778947543414,7.651953983126594,-
5.962142473735954,7.141834655941117,6.10439008726675,0.015882238080152048,9.724249552860808,+
2.1454723794511144,2.46196602613316,2.497693202742004,8.420380765576056,2.6901748925668434,+
0.6539128475857324,1.9718454145793145,2.600056013250077,2.1472136553755448,3.201112650917521,-
1.638437903565253,9.412540605088827,5.902323830258949,5.8300418354349715,5.459916483036498,-
1.4366584644390887,10.0,2.811978664827479,5.590953740266947,4.88110542172526,+
2.0598304985209284,8.697019392960216,7.4098697870387,3.5685813057433124,6.743715461928774,-
2.408164181301131,1.5003330410638354,5.929812472280071,0.07502490480415139,6.171557999807205,+
8.975406822892607,5.035267230874531,7.855208086932951,8.974915999880867,5.312067799301124,+
0.9126878323551586,4.931904992443487,4.169584171842394,10.0,8.251695886123352,-
3.0610361952081346,4.205999559216213,9.857932543630705,3.0838936660038074,9.618458299735455,+
2.645425678288309,8.379615240982393,10.0,6.045919749363182,10.0,-
5.657761621622807,5.464782685007399,3.536524541773214,7.000352224637374,6.663863598129679,+
1.585710574288495,2.1020567585397956,3.950607225973133,10.0,0.39078782407756574,-
7.091292715815593,3.8031079120872615,6.565936857284743,4.0824845171240485,5.626517932614802,-
10.0,6.012368396042403,10.0,5.66456831450614,10.0,+
2.2467874742772698,4.633366747296278,1.5146637563227439,4.125191088181312,3.296806504510906,-
4.195504440056704,6.248455330682898,1.9690865108221964,6.1684567558339385,3.3627334845253998,+
4.49028708081282,2.0239535232576253,5.7086634817981015,7.436986393171676,2.253142457899635,+
8.778937792471696,3.5647931514669,7.206771777117179,7.381866633196522,4.252893367637335,-
1.818257398807609,4.191040645940996,4.9117837209941815,1.656856028850101,0.6792514610254485,+
1.3834478886885968,0.5360333598752777,0.7482726687505328,0.0428653912413974,0.15914907362431316,-
6.307654575255058,0.6163769428376498,6.824971709305344,7.883247364490996,9.258939047886358,-
10.0,1.0668764186045359,10.0,10.0,10.0,+
2.194211250219016,1.3271417339366731,9.913637240479964,9.159973248594119,7.900906881113411,+
0.2529324027773591,0.3722679888089193,2.494078876746061,3.8790174881991235,3.9087632007840467,-
3.670101161083136,7.598525564507559,6.91902634278748,4.47984376831635,1.4103577694549108,+
2.7140151406955537,1.5430462466549364,5.19644518393671,2.299836392816995,0.8742185970353304,-
3.816241556333284,1.9365015507286676,4.858943246294629,1.7395483216983176,1.2164820976788848,+
0.6812514438391596,1.3724008886951828,3.936198058710766,0.9400008162361453,0.8391212819302561,-
8.28553578502392,9.612706503633415,8.328858937761982,0.5579380008989865,1.6179172045470125,-
10.0,10.0,8.899038668157498,0.7788835436322102,2.2081069404787113,+
8.925492956092473,8.8955141744121,5.828101585321992,2.9294579984078983,9.138240268913352,+
7.668380846716754,7.364791392561881,3.8300495371011474,0.984055299098752,4.192564098104808,-
4.704742339314328,4.281918977077931,6.159765264479704,0.3277853722123747,8.351189829690627,-
9.312098669645588,4.967139321019297,10.0,0.5822321092410988,10.0,+
5.780377332361683,5.491820409455683,7.138523729568038,5.859452866791538,4.375102924723969,-
6.592994531985348,3.729036201602723,5.023499699298514,2.768125405311272,2.1589498827217146,+
2.144795235067314,9.206173116414437,9.159489568772306,0.4277477382685235,6.489369519513638,-
0.8514750571385589,1.2495255429229422,10.0,0.34913174787320705,2.3889180011176854,+
9.98463099044017,1.0600454432020712,8.370365219387455,3.1929435199542935,5.357860835576696,-
10.0,1.413059809926198,2.5700172668184993,5.308660134946032,2.16828447997815,+
1.3732865049747167,5.26365729153207,8.558489386949011,5.987099122467229,1.5460171204577577,+
1.3015951012425153,10.0,10.0,8.378664640886686,2.548419187333848,-
9.037998750187326,6.458230701368917,9.210479262400028,0.20650267696382452,9.789005694498842,+
10.0,4.364443451310968,10.0,0.10633679375430788,5.174482550345232,-
8.429759817877198,1.6300275174480394,2.781652258720191,7.343437898214541,4.706277333587546,-
10.0,3.173932924847785,3.7824816134478882,10.0,7.505184594024814,+
1.5100261733871356,6.076430179471268,9.055624112723745,0.9190211312193364,5.108059662480427,-
0.8508401836937841,6.748912506936167,3.2855891673224216,1.6569175303741326,5.261180524910544,+
3.6449089588796326,0.820885602071687,5.512418440071134,6.894306703199888,5.506166938133069,-
1.0553938778348235,1.6259563606492777,7.65317905885095,4.271132849050098,9.677710849469722,+
6.746973084608277,6.00062155910594,9.12825248051447,7.4693079733987435,2.9476430744921647,+
0.7135975990860974,1.1816198552697368,8.86945473381207,5.749210019426363,1.7926473610695386,-
2.090221942124649,4.210072409968441,1.5145661080111716,6.5146781244360294,5.593595451882541,-
2.215505407286735,3.435253447816564,1.7834874313200875,10.0,0.4683177303624436,+
2.0791796340405932,2.1481021367759654,5.286420878455214,3.644377031987154,3.822380529049899,-
0.21144727003162456,1.147193089554216,5.172484907610345,0.3915680259768988,6.695113747381525,+
7.909990465539342,4.985230927323765,6.397419981068458,4.725987350732815,5.836349621399917,-
10.0,2.1587162818648586,4.088768599567913,6.771494086375581,6.864611327078732,+
0.7531243150719613,8.718358777884132,9.592020596910057,2.930635215278098,9.927685757801063,-
0.7535076115968482,10.0,9.722878193362645,5.522629313547287,10.0,+
5.920745104822228,8.973219487977621,1.6624852148362834,2.6985986729685987,1.8317085262236588,+
1.0283933860766614,2.253246816410182,2.972302741730447,3.168130162298296,0.7037341277653929,-
3.2397728405921553,2.6502985280465063,1.0527642196773257,4.789721139016047,4.600012839730697,+
1.9628527775675555,5.019659946655333,0.829650533585863,3.176825995636912,8.896541263471926,-
8.227472648329577,9.28419202272079,3.7691628848470704,3.2761204861891144,1.190640873472616,+
10.0,0.7539112685493541,6.909018981938154,5.386218691170372,1.9538730390195556,-
3.76497606426668,5.315294147754343,1.3613418050261938,0.6488305311691867,2.436354920527042,+
0.12674809225501157,3.7651456617999446,0.40628968563660156,0.6207904222449556,0.4939153567111259,-
8.859562874749168,7.235529217203167,4.4762648032784025,9.511716015592857,1.8224794799870747,-
1.661286790971997,10.0,2.644944455970026,9.349269550236562,1.0204918109080867,+
2.640764231633228,8.191716495871264,3.5423776586654787,4.27602923765435,3.6817984477697396,-
0.41699485028136907,7.655050659858952,0.4860419833741041,8.033275824511817,1.1989897533256946,+
8.022085453506417,6.099730177638472,9.782881922715326,7.27168358133239,5.9977004863379975,-
10.0,4.9787464957394825,4.646003941281557,8.069466912198822,7.464319843087147,+
4.187092502073949,6.86449974704646,7.0526410072676295,1.6293466100304677,6.4782698632060125,+
1.9869723846802712,2.874186033564333,2.0557881897115577,0.10682291211190956,4.404206113556311,-
4.793069886126965,3.1053908858377346,3.7112452678936556,3.578448163405852,6.819523704851557,-
7.612509891370366,3.214951704607755,3.0580448057354404,5.60985281914146,3.099769218214177,+
9.537730663118358,1.7467373477450088,4.0252782982774615,5.95041989043268,1.4709874290907177,-
6.040178923349438,0.9221143182562915,3.737775692890247,10.0,0.1379511381168426,+
7.562095077882884,5.731991135654986,4.719572833045244,4.770857677729086,7.358647098184836,-
10.0,8.231066777437158,6.088605857939773,8.710072147615366,10.0,+
1.8646802268506024,1.264368434909774,5.03434233949414,1.1390785796777336,6.8277731408893025,+
2.4009927975456398,0.7337983741071739,1.1648089218594562,1.819146892283532,4.664330149737077,-
1.1017247400177332,6.764725887100079,7.512876639433244,7.943954009910535,2.9680388155532778,-
0.2210746308427409,9.601594837037881,9.18306739099566,7.539192554435844,5.795225820509815,+
1.3872332550480282,4.571340572130786,6.273059172379234,4.648371918762988,4.819231462227016,+
1.3859195035820524,3.2932022261233005,2.145808981238259,6.192182588635265,8.790002122804045,-
0.6206484609191643,5.831999285041302,2.5760180923035203,7.261498397629752,9.52809613976165,+
0.16605622018106939,7.064752480213906,4.732542334723177,10.0,10.0,-
4.39613762353232,8.425476960485318,2.709765383646282,6.822291418104135,9.303114548936268,+
2.928247317782799,5.148264325580754,0.7933211483464983,2.4396815218989047,7.82289459995971,-
2.56338634816439,0.9214085094943347,6.330451975728209,2.373167101092968,5.414674228552955,-
2.914143236590426,1.5376983279179222,10.0,4.438766231069681,9.699049369946785,+
1.8749611332754879,2.3725708961207994,3.7242767426931667,7.141417335707062,1.2831825578348488,+
1.265142905486927,3.707949290138299,3.981611730805471,10.0,1.832442696253002,-
9.251198684988589,4.276858824956768,4.102222969409004,1.34392412971729,9.467683425943273,-
0.08186097120712833,2.749239242820369,2.376843832973181,1.9673570341234758,8.426997123688968,+
8.232217826895313,6.37997449708131,1.8703664713490675,8.768583404789258,0.09136134690512998,-
0.2711016656660202,9.756873329028956,1.996304094476648,10.0,0.07320175728407663,+
8.163521832167095,6.674329564717931,9.947010690637043,8.370659047488353,9.033822543624742,+
10.0,0.8015155765368316,1.8373169373958442,10.0,2.1328850292210464,-
4.304348458875694,7.96205387733813,1.8061989733549766,1.0040707592480735,7.8142830228680165,+
5.6880641031193635,10.0,0.1351484857473096,1.9285818824763596,6.287310278667563,-
9.446035980640893,0.3171625603031647,4.849656278644517,2.3874790105423562,9.151478522676365,+
6.900655197468518,0.3674027345538003,5.397049076396231,3.555528554750435,10.0,-
8.9784024636444,5.645710308009382,1.0905798721200022,9.845902060776409,7.504795796478642,+
7.488966180154764,1.7789468586337254,1.6630991582217163,10.0,6.357440070727437,-
3.12787599034423,6.633805052865016,3.181001196341108,0.0936837676530844,7.430846788102819,-
1.8623918762935023,5.845292924326962,1.9727514678590337,0.01966470668044845,10.0,+
9.704543495369073,9.178164100633973,8.627245988246852,6.825896158262394,7.544132589767674,+
2.63794060821082,10.0,8.587668822687553,8.632375826300139,1.5101458277157773,-
4.005996962261022,4.913715537783099,7.654986397596164,6.150326762539694,5.337571962921683,+
6.071602832100453,7.513297675749107,8.713882447727924,8.287086545569991,1.1119603604042771,-
4.111619958516134,0.9301277366126515,1.0789214951056258,2.2880550781884725,8.72597387830743,+
2.7672920823200196,0.6789883616109035,0.6611804794856802,1.3199321976001728,0.788485683961456,-
6.346683143225813,8.659161618571767,9.306755460984439,6.640557393981334,7.251761648901254,+
4.583256543251412,10.0,10.0,10.0,10.0,-
0.7794120186989861,4.860215023021503,4.754490691201917,1.4389239142024401,0.43619947803447245,+
0.6621736622326657,0.6950590691145972,8.594007245437469,1.8045240419580768,0.18276677782731962,-
6.903664937136101,2.466575589495914,1.5476594563654755,2.4602272837955255,4.3898043362614425,+
9.162536865574978,1.6128081797889333,1.9124899147906425,3.952135227072051,5.606793541792115,-
2.016924110799392,2.5644860427563207,7.292869933139069,7.251704959855131,9.868071642661295,+
2.636452956186234,4.4433753585813704,10.0,8.460025816167786,10.0,-
6.225381174892057,9.505869689967591,3.1074299665312646,9.765826315358183,3.1584195733349563,-
4.66591045032129,10.0,1.9071060700204587,3.1519091668543813,0.5476815160084182,+
4.251111694434536,3.7956634554736333,5.32190085494479,2.8377763903193687,1.9632598439591642,+
2.041375509484326,2.8784564823367242,4.082608507714969,5.348742201807653E-4,1.4279827206682707,-
9.358793622106361,1.1125213353546415,5.775391883576903,9.639338777165413,5.919816901530139,-
10.0,1.9658167769189905,5.776767470538663,10.0,10.0,+
0.9337669153839168,6.876739347233791,0.2303370062887411,7.238750411272013,4.614729555694696,-
0.9936016784403257,10.0,0.23620495600677224,9.531241944116596,8.736734802005863,+
9.067946035393646,5.135459002353462,6.875052343245346,9.428816338763552,9.869231096320222,-
1.6444832466099726,0.6603430902137947,6.69828251456252,8.000125577919066,10.0,+
9.34991288015106,9.433195761120517,9.41592763393916,4.3932668571054565,1.599717154707061,+
10.0,10.0,3.095793673008168,3.3600365648767023,0.4119566577719982,-
2.5118929879862595,5.729465172586105,2.785435664674203,1.65761438334457,7.166980885492173,+
3.8800445309719347,2.5755356443027266,5.105842039231355,2.9747208547586825,10.0,-
3.7216757330603603,0.8719271379878812,7.949430698324038,1.7010628021003815,7.589472954601408,-
5.679248904206804,1.055474323363315,8.813469075139071,1.8571028558880294,10.0,+
2.1918854360080786,1.0420664738244534,4.69473196621474,1.371701566610255,4.538348889309193,+
3.4337577977038376,1.7200468757878324,8.49045872464056,2.326463719487779,1.671636945251884,-
8.078227241568344,5.00264841789555E-4,7.22608993299497,5.208550885172728,8.809332251948028,+
7.285988107307,5.288394426510234E-5,2.3405022064708505,5.029474114735494,3.1346948494439566,-
0.38510149534019544,3.0160120684121505,1.8562973472182887,7.58648860758711,4.858839746599815,+
0.03850822814275987,4.981765096901337,0.2737309265387931,2.1140397906408417,8.868752178731006,-
5.266317431496585,0.2077752696808821,4.520893625218669,5.58409763146865,0.6359146892517775,-
0.1763656235015718,0.3485108865503394,1.7879721804190163,7.203271760792816,0.6730968315318733,+
6.093008898759523,0.5845878977440355,7.4740648110937755,8.50581917451961,9.972692257622853,+
2.077452072373927,0.17255516801385012,4.5575814175113285,1.1654117994055224,3.318670170775359,-
7.978368535334788,5.693796008684796,8.28136797426756,8.361490171445409,0.0845063170021787,-
6.057451477248612,5.949856554356604,6.245934054938747,10.0,0.13174840562816,+
4.11877029766128,0.8438350910366166,3.3666778537330955,8.613392135524943,0.24191269985052943,+
0.5452880221992971,0.11385052752603769,6.305915928931391,4.67895680197708,0.38254691687282616,-
6.431197738952158,9.382927386438883,9.81580518314043,9.079157962338082,3.383989380929129,-
0.21816594667199238,9.845934148902193,1.8041745353029874,1.2698775392698267,0.7974721175947682,+
8.562285667253118,3.3168622396834024,3.169550164777516,2.473263470616277,9.497196566683959,-
0.09939812900857409,6.3767951893992825,1.8861965233290856,1.218126867839873,8.665016273818445,+
3.7094706236681096,3.5776858319839766,5.529550854610409,6.971668747820258,4.7107094532052605,+
3.6806244446298773,1.6400749623845692,2.0562691464604406,5.259234070556183,4.507749066499302,-
4.540390266251386,8.178099090340261,9.144994633672606,4.244060206269595,1.338264604132685,+
1.435271951518385,5.454421365008707,1.7885981948230951,1.5739198738013462,1.0107457773035002,-
8.290424726374757,6.538890161948505,5.445833718588452,2.3412332449360806,7.3326818727852725,+
0.21655641210892093,7.223727013172212,1.6403586577359488,3.2880663755952964,3.1555939801739235,-
0.7459759607652172,6.816170818702769,8.353423912094257,5.230361183426061,5.39772504197726,+
0.17914945999098397,1.5025187442823864,0.36202310505619933,1.103927923355965,5.338172553736796,-
9.020362558739038,2.9215846567228243,6.192781044494117,3.2063154821746953,3.87002811797158,-
2.910108302209482,1.590288353693657,0.9348999065853636,5.31255182713198,1.100014059531006,+
5.6446252943774216,0.2380325809800765,5.730883317079924,7.84250079333361,8.083467899706685,-
7.597315249955472,0.3512902180743844,6.910431190667542,10.0,10.0,+
1.4033913735473424,9.923710986070978,7.397217101337265,0.6369959151133653,5.637311655120515,-
0.1997619867443458,2.1274482725032993,4.104192952695199,1.132181344948367,1.0714100778482138,+
6.639249964533816,1.849014726985364,5.946874240510557,4.722031014480976,6.09385737502598,-
10.0,3.1080993027983457,7.64243625612578,6.026422719174745,9.148682297086962,+
6.729550982136908,6.506175567563297,7.280689863019961,6.148840552939406,8.81404476158933,-
9.84704637253036,10.0,10.0,2.853306718583217,2.4344225681026765,+
9.696290617963898,0.7448337084670875,8.848018690994978,4.609445280689672,3.7916039005949234,+
1.2025613090217862,0.41504449350803246,10.0,2.5672291016526154,6.626531346654773,-
4.486221702297911,9.134960174222464,7.404630697384455,6.291653556560303,9.167830428915295,-
4.718634893961274,10.0,8.570022622485785,7.189586758415437,10.0,+
4.718870676219939,3.367334999856464,8.32277830297739,2.536387434616001,0.22150012831146704,+
0.6769539717826252,1.8900723267045576,2.7140312575350833,0.939739720067675,0.03375833559412553,-
6.998495849056511,0.3028636786704797,4.085768069460971,2.511124486045752,7.684702032656085,-
10.0,0.012012982929526985,3.0659845597387627,0.8864066131030368,1.9430463043894424,+
0.8899544129582437,6.873299438096394,2.1633520674079865,4.120942449779532,1.0204075062458118,+
1.4272040466996812,8.73630746304185,3.241372738832561,1.8880916232410916,1.2161663662157423,-
7.3030527540635335,6.034885508812538,6.0432796999697445,9.018790493536086,5.636292558287725,-
7.4609434781597015,9.481632343606062,8.04601766410412,10.0,9.151391856130774,+
0.7244876523608201,3.065978376807057,0.46197464019587353,4.604489976885206,9.865924591465516,+
1.226470937279326,2.005063638111571,0.6929522188329493,6.730063513719062,10.0,-
9.7523524486064,6.353354893460815,0.49315197388384413,7.985685669885827,9.842389403469141,+
5.630521501665452,2.4555366954724747,0.39629834975286693,4.143472418310675,4.051700152120018,-
0.056725888499767896,7.0117604798381885,2.327999138439083,3.3560921864282323,5.8929391054985505,+
0.03237929865871702,2.1911852535985323,1.9409510215501333,2.044559706972594,1.5288360876815739,-
9.17922241523379,0.5763466942182149,5.5759037609325794,8.477499171957726,3.883143342241253,+
4.2532774615108355,1.0896827338226087,10.0,10.0,6.427209336220939,-
4.765686261467588,1.584103493832173,8.713262308733714,5.883455643330484,8.39051304645271,+
1.5735706354747947,1.1735708193065963,3.8111760654806033,1.9032939769614303,6.860096141467792,-
6.718596207748187,9.13202694105361,5.801314686408031,6.4794291236939685,3.128389521591811,-
7.8055462479797235,10.0,6.917102593995187,6.986716233616245,4.631653840217017,+
1.8777798316323568,3.216935790045113,9.667525013471316,7.979013065914145,4.029248097338321,+
2.195706341734801,0.5149380534959492,10.0,3.239362694588747,1.1995504774407475,-
3.908339558984716,2.232195849242753,8.254009158038805,1.4161791367877852,9.05180708265991,+
1.4890488865387748,0.5194612984469102,4.330443798739669,0.9398186099176488,6.229330838225951,-
0.30513083577625166,1.646806986910636,3.6451671518985,6.88310740144593,5.43484365022096,+
0.4981898292798488,1.92642664595201,0.23220438533740728,10.0,9.389460204576853,-
4.536252626424312,7.369968221609174,0.44099953471786857,9.569666171589454,1.1358155746939735,+
2.1868910321758133,5.188647067368439,0.05930944245235229,10.0,1.6628576725355566,-
6.785990456483072,6.349327701836166,9.610059947965944,4.621981162403572,2.6654499597435133,+
2.0093281065402,5.684454020262305,8.124534680539286,3.2695402132695954,2.4968717635094184,-
1.9104448152810938,6.506589596571297,9.565200465662985,5.237223439282697,9.049229222140218,-
2.5834737661547105,10.0,10.0,7.207717057823721,10.0,+
9.836646244453508,6.874910142405303,8.293452364967356,1.5386809220538455,1.6071777054131187,-
10.0,4.986283856291745,6.465817228828957,0.6659885986542088,0.5012032839576948,+
9.876924370262422,0.7588503368405575,2.7088503476092596,8.131099236211078,4.668354869715293,-
10.0,0.5617898267531269,3.775906098911512,8.385096797925017,3.7546410212113486,+
4.490204294279133,6.749485277044718,3.6571836114958822,5.211572661119615,3.2193827003784445,-
8.690027062007252,5.645437768532788,3.1915387992489963,3.7317020436242903,2.3285257191846993,+
5.247097559579629,2.218745652948786,0.20972581506638943,1.9598539661547854,7.943660905163275,+
9.94429646578439,3.055613529883955,0.13314629059267155,1.5444061607355217,1.7053290733628728,-
8.60403055404724,3.5577895094054934,6.763039426766138,5.613830248815239,1.7939329584435615,-
0.9746168916188648,3.312186482177375,6.927420380749043,2.5622880377510073,0.3026059250049953,+
1.3026483481092432,4.891561529406189,3.76252037200926,3.753784289901988,7.961202526261287,+
1.2629016509175088,3.448152651600907,0.5245396842857278,0.19303555318812954,4.949161946648351,-
5.478649099064679,0.7106353482866945,8.785897809036046,9.797372490258253,1.520527122141484,-
4.368062600034142,1.2405323275112463,6.805812702593433,4.3208008125033395,0.9320581537773514,+
7.06188477205203,2.1578826221462344,4.199797942614233,2.4471552172739672,9.918093020004354,-
9.625559198287716,2.1601337817841504,2.208437454642078,1.873217615403209,10.0,+
2.710943253606959,0.5243150455427459,7.178581536239688,1.846450369349264,0.09051896949577976,-
3.299655926139302,0.8110082504832015,10.0,3.110000152263743,0.1726309670835258,+
6.07147814042849,6.263514912174606,7.88220099888279,5.820903113588702,0.36533291268958656,-
4.3312735613069355,3.734321617264057,3.426130674105342,4.4766290856548006,0.5770403623057755,+
5.354548317148156,6.1102955444377205,4.828031731033576,7.727630705073802,7.7182585572927405,-
4.9728070833590925,10.0,2.3832446641122536,7.292405542605914,5.458167903050681,+
3.072894193740324,5.4405970868657985,1.3092576435467396,7.7219552881463605,0.7248795402679642,-
4.8112453920907425,9.833420570785288,1.0609856182195807,5.887299464754013,0.9083059104978282,+
3.515253403692975,9.304076083760847,7.842875446625978,8.368161209123844,0.1996588588488768,-
0.25341973740163914,6.403849648457834,2.5058564481311167,10.0,0.1952779797960498,+
9.984058404905966,2.4764276118002018,5.375234736232829,9.601789219403138,8.327445978687104,-
10.0,4.8379922405250495,6.187912847077502,10.0,10.0,+
5.805849555853651,0.3790050303386705,3.8748769668649063,9.023960402193111,6.4051104892040165,-
8.896103080248364,0.6636680964138951,5.069735314078645,10.0,7.282193455950288,+
1.1325904326304914,9.825482717185846,2.063307736840636,7.444734006701227,4.402651359930517,+
1.2415087072054112,3.1956043888563075,1.342564879006139,9.030281412454503,0.6489012014146516,-
7.783092660227283,0.3339692015684692,1.9516439439182964,4.242127593334524,1.4052113094918783,+
3.8859211722285796,0.2549517509072006,0.2417235739668666,3.839862422619968,1.2722038170030467,-
8.326660876974394,4.871879271852423,5.959934172958404,8.123610737807784,3.1663724089208642,+
10.0,3.1959971268867378,10.0,4.628085516295156,0.29771686854501567,-
7.16252644273488,2.170692749945683,7.300743184960799,9.16138820411648,1.0252203356916956,+
5.383619304995639,3.718631727985901,10.0,10.0,1.9099714034576971,-
5.408663882161889,9.404322562393224,1.774175678732799,7.522891844388914,8.198198620388538,+
1.9768870024698462,1.4432888536461794,1.8568706327262552,2.897572877331763,10.0,-
9.770503466892098,5.7331204531013755,3.5848323995771034,8.37709101388075,6.05993109444401,-
10.0,6.20024963085271,1.6124278203722535,10.0,3.1761661771257774,+
7.669013732938332,3.8628423692466205,6.663465632354665,7.000041235590935,2.4478835648263653,-
10.0,7.162318992079164,10.0,5.4727314965765705,0.26455977828359933,+
1.1748462702321016,6.168221212097722,0.4385053705078834,5.432643792834474,7.239325106922772,+
0.3060079536900905,7.54523386584139,0.8516554473018884,9.204472571676067,7.875021362622262,-
0.0773081941349163,0.9758482687966674,4.93972291075298,2.3700048844785524,8.760085509055425,-
0.13070208288669913,0.19028001400423633,6.595898582301703,1.491767524147219,10.0,+
4.603013019196532,8.354821849593389,8.813728253025774,6.805537863647309,6.6882525787541445,+
4.205631490436301,10.0,10.0,8.15800035854047,9.646423374006138,-
8.528124361431681,1.4992217083188553,6.5209204865404615,5.408697675426112,1.5765498584252569,-
10.0,2.0267171313488266,6.479061291135035,1.03644784114966,2.6878601941929947,+
9.489552600597001,5.479296263832811E-4,6.648275411337644,9.996043710516904,4.729347480566579,-
10.0,8.700964949767506E-4,10.0,10.0,8.747291752201406,+
7.598125900793875,4.934694319633231,0.8828531230437497,3.389784147070991,7.655662982872403,+
1.7735298989812207,1.4389194694498904,0.7591369775113186,0.4169547380681886,3.3945039295688484,-
9.95712157998534,5.513078829530054,3.8367045074368225,1.3512635351426283,8.80985098326234,-
8.670632890317718,9.594906315174718,1.9633051339789889,0.9572907330602408,8.254851383243736,+
1.0480452261780893,7.1981240783934375,5.051734716072941,4.941448554917346,1.1262124952992536,+
2.056588978712898,10.0,4.819223619768988,6.718781283958004,1.6601554577415676,-
0.9868848532730723,7.888938473622712,5.133991361718601,5.933316416616935,8.218773525866244,-
1.0498777332668834,10.0,5.457164783384917,3.954756887375737,8.180650262182665,+
3.206771520325864,6.921785904250074,3.867591189075541,0.019358783923441036,4.36671635715258,+
6.371975983723831,10.0,5.923526740540342,0.004250136171509409,8.00760326232771,-
1.4282764826655692,6.244235169989335,0.19737876387792896,9.774189342580872,0.03988422561960747,-
0.769001986840838,0.1718883669655044,0.07419018079450071,10.0,0.009459607401138858,+
6.806957541399672,0.5303325407334025,8.895492423464082,6.103648991938686,2.08112760477573,+
7.889626648914149,0.4951738452118161,10.0,9.836989789934908,3.4885325343169202,-
3.879626121402262,0.9039782855127354,1.4188623173047588,0.7088990615098678,7.144180223167797,+
5.586180409374869,0.029541814482096612,2.0719444125762077,1.3927726814471886,10.0,-
6.5701225010172895,0.39369167689417006,4.874899695073881,0.001238737049602534,1.114922787128344,+
2.676430173665284,0.29465118021519,1.766261969828321,8.752475135223846E-4,0.6451107604278434,-
0.48890286991413956,6.061461667467266,1.4990360780957013,4.537827167953326,1.42262538446567,+
0.4549699390853931,1.8946265108375893,2.9642600777995325,8.68962037413459,0.8508960887992846,-
6.738512096254969,6.060787290100978,9.133193967872135,2.900890282329438,8.42753507195562,+
4.337862312712444,0.6562367687832751,6.821044230838884,2.3527959178721307,2.9708984531732914,-
3.3018289689687297,5.543967118067711,0.499774604366261,2.404813380115,1.0962305268126182,-
5.0987398945342335,10.0,0.8976719033541407,3.2907929994381924,1.6261343746225057,+
2.438881693583157,9.574343508539018,0.19668656657561456,4.2417156438960655,2.281262090700377,+
3.4180192354915224,7.316276055810519,0.20895086545181288,7.183255673477632,2.404148843086186,-
2.9455346326871457,4.228523750176297,5.26925792312197,9.234129061300113,9.148506905965485,+
0.257442375069451,8.264991570370569,3.826368418410173,8.144721928101971,10.0,-
0.5659445490053294,4.831033126627061,8.4209486089366,1.3920869490968601,8.881948708751535,-
0.674797733946769,9.129547490438878,10.0,1.4264676402372756,10.0,+
7.89990165716865,1.0299784135709789,7.499792020972006,2.301647185885518,1.7001123137887608,-
10.0,2.0075444124812627,10.0,2.6945887571064904,2.279435998443392,+
3.2979087477838345,4.1495077236255264,5.651198205206701,4.905170924028654,2.929230898248225,-
2.430271500841985,3.5743294179558216,6.999560052854956,6.404123776767498,2.9550563684128757,+
6.8161934985218595,4.985722626277744,5.230381800617224,4.87523207547885,4.048438173775656,+
1.7865746989107991,4.778487267873642,0.06661284262986422,1.4809617753352649,3.1193592367631875,-
0.19755125612716418,6.065674286372841,2.350690995702054,6.799897417280358,6.453279005721077,-
0.28558972356487633,8.299968819836277,1.147703832321589,10.0,2.381699598239654,+
5.407958505402562,2.7406258565996886,1.1650247453174134,5.120994241808509,5.076989353171424,+
10.0,5.446403505994956,0.5042500748942855,2.0175237124085257,2.460674913053036,-
7.736487246897656,1.1356743250287205,9.614437679395207,3.4512505374724958,8.898505365297765,-
10.0,0.019884915784102758,10.0,2.509788923959701,10.0,+
2.917286373588881,9.112663651559895,2.8758965130457215,3.940524991717308,4.051839127947515,-
4.799375852669137,9.710749516164984,2.8297227236210976,2.723934822670057,6.152333293561569,+
4.171665219520605,4.583807777453518,0.4933751135720277,2.4937486152744635,8.09955098908991,-
1.0384144431185627,6.092562004032741,0.4751442135771355,0.31637214630536226,1.470318375886731,+
8.361452463216661,1.1090730622549405,9.21666414421993,8.138329583410286,4.311297083358445,-
4.500104061696065,1.0273603747751916,10.0,0.7791236909992266,3.862654584619345,+
4.11723141669146,5.63193889270576,5.836520130440121,0.294575932115565,3.9512482127549333,-
7.1737864091808135,8.669469662057526,7.513190872797755,0.4034958333193062,4.227887797122362,+
9.273012678600118,4.746528961758423,6.895174131914422,5.994287350911316,0.11701639940258302,-
2.865382582069231,6.454590605369356,4.297225285776337,2.389581964191397,0.11456557816730407,+
4.7682478947608855,9.741042948567733,5.0838864381105555,8.256416152483206,4.013191322644674,+
9.273890848738462,7.342272011437275,6.976776742068466,10.0,4.096621017316273,-
7.200107169824587,9.73629682799954,4.095096436827199,2.085064676364743,5.132686365048274,-
7.5574559783040725,10.0,6.569450304516968,2.3693735492260153,9.275144802714905,+
5.256050072069895,4.963746833748837,5.676162765995445,3.2045490376338925,5.82334076676303,-
1.9044577789200818,4.284005673989928,6.410648293013499,3.020145699286015,5.125507100231445,+
4.594905336851652,7.051421841978092,4.028835252590486,4.531602968270633,7.348581190533551,-
3.301586447375818,1.173434880568717,6.211209240585282,8.982110677825709,10.0,+
8.76201675280813,7.29413056040336,3.397709463458302,2.610173752136907,9.718251291558355,+
10.0,4.437619105049836,0.5424988590507371,2.328187865725708,10.0,-
0.6205943783100409,3.118718640154794,5.821840833068835,7.537865316384277,5.268588857842688,+
0.4463513119532468,0.6533287774851261,0.25342156912292996,3.328075478859207,3.2185123217225113,-
1.2274326253239598,3.672089981046247,9.113718216931417,9.708418606983942,0.4375090878995924,-
2.0788380117138563,5.5000003388478875,10.0,10.0,0.48373440544012714,+
8.42147686071273,6.2197689437223325,3.3525276522707426,0.8374798672989525,5.547784561872798,+
4.634652331857885,6.166385448228991,2.0749241262109743,0.4788446879022961,2.1249960817889053,-
9.828307879042239,1.3481016993639194,1.9515446238994005,4.406834393225227,3.621229304489008,-
10.0,0.025872325743239,0.2342522101666988,7.725496827727101,4.029475295234143,+
6.444195660884912,6.1238307384913,7.816373804348025,8.116178294436207,9.70279275045512,-
10.0,5.994226536475278,8.799793465050586,4.788069578877612,10.0,+
3.051705654026744,9.028161686962207,6.622521388563739,0.9615516932064783,2.901466247677952,+
2.01416850758148,10.0,0.14108618706764708,1.4809424324216556,1.0827632081328884,-
6.678618712653627,2.5428314740438775,5.18823618852158,1.1067968786183657,0.16926268347065454,+
0.7775847723883836,1.6742175134720196,2.478718112806106,0.5367812786929748,0.12977084235758513,-
1.3201035845521503,0.36392054891673076,4.695495788909564,1.6878357297802415,4.0265391358010785,+
0.6762148132047409,0.6031113601968097,8.820787461009786,2.4988018226191047,6.8327432043614165,-
4.9737542212875745,8.006112670436247,7.6972504117071345,5.25947117613631,4.002127694571385,-
4.4800224683353855,1.65912219145592,8.400333113272,2.3342315931965105,0.5349794112794966,+
1.5492730322888792,6.267826540872782,3.3931044935288934,4.285443344815043,5.051742550457349,+
2.759141412447724,10.0,6.571296227442648,7.604874147747338,4.52292556803004,-
3.016404265615815,7.3377068175278986,8.851151973470646,4.021513830014118,7.317732458997467,+
2.6085735235768848,4.893178877529782,3.4851984212578424,4.010849790676487,4.198495661640044,-
6.686821602043881,4.224333321612316,3.5593672287922864,9.965258257593463,5.553929968976062,-
0.9205300185838422,0.46923736480997347,2.648433985960442,10.0,2.8599954414326043,+
0.6704047751125775,7.907093240054382,7.079912437599129,0.6068195238640184,6.4701793107544825,+
0.7323431635598402,10.0,9.022545516648904,0.912943800481499,6.186999691154324,-
4.502241940295022,6.751522333031693,9.255309073866213,8.841411189201597,1.5372932800404415,-
3.470307672336486,2.0112679428849276,5.973849898799709,10.0,0.7816965970392603,+
0.6708205185834093,3.5750658658388703,5.75529929979099,6.864647694750385,4.480765158928444,-
1.2072116243053457,5.47326295429929,9.489964036675145,10.0,7.4641015416392635,+
6.0395567251995255,5.208349558165115,5.265803639605174,0.8219815034195532,7.635902681279755,-
9.36883666303707,6.762261326875177,6.98141424091487,1.5889314519834423,7.821180202111684,+
8.524919123806436,1.6360974186887056,1.8064114817950994,2.7693650067554056,5.195741342922976,-
10.0,2.521244234855364,3.605794174331128,3.1807663121369747,6.721638009055644,+
7.857362512448562,8.705043639728746,0.7132509645841767,3.5148122411368474,1.1714957080527166,-
10.0,10.0,1.2342311244724333,2.583329236425829,1.031205477839539,+
2.9210078755661484,0.6088711940365266,9.997841332647678,3.7868913566405613,5.269483887881458,-
5.603137320681384,0.9937787368934631,10.0,3.9399847837499213,7.064965545831145,+
5.3768581982983,3.955180160505445,6.088004701643198,5.568043116891655,8.507173244693313,+
3.5088627418935383,0.5068024019876121,2.5777843006379793,2.526373978020331,9.911352570750623,-
0.5011397988153576,2.786195566142744,8.427196520484515,2.4131112235285244,0.8193766494585586,+
0.7778712843925449,1.5329076172475564,2.4537678898329705,2.175656003434299,1.0581454601757172,-
5.018814458560882,9.02986225903369,6.31246625918553,3.669565922381459,4.12190399366278,-
6.538543988618429,9.143298303047747,10.0,3.9915966519841812,6.342590153466865,+
3.1381694104532665,0.6520938692953959,6.0144094633130045,8.243759335224564,4.65011113284592,-
3.9581176273463274,0.20748225085648364,5.586387670922852,10.0,9.286346119868156,+
4.546234601565015,1.8101735890647952,5.866675908170156,8.384404690551175,5.745880717642829,-
4.612731098331845,3.183454331676516,10.0,8.579018517023545,10.0,+
9.819528406196468,9.819093594290015,7.802001175914203,9.71218713510915,1.4156371355986852,+
10.0,0.1097551619157117,2.169104746848505,10.0,1.38811363779678,-
1.1960161547221138,3.8458738084646726,4.803939899334244,3.9998737554680264,3.1008642864247262,+
0.37415544536716333,7.207352530123405,3.7126028505354323,2.824590619111929,5.328640023320516,-
2.5931892489554187,4.575111281154339,5.618167142946775,7.123165516941876,1.1391218912816414,+
3.4669624977214477,5.145987293932348,2.8446256068980507,7.263564288754193,2.1751413919880096,-
2.647543337146886,7.921005469297503,3.3982444858539775,1.1520669082584611,9.916454882149706,+
0.6691026093595905,9.700433576933495,5.655208598706293,1.3804051356372282,10.0,-
8.104029965324328,3.5512573751164633,1.4343494872734441,2.322339168209427,8.804118892542114,+
4.963810473352903,5.303805232105881,0.2844015725451959,3.48330353023644,2.937321297936644,-
7.150101868309861,2.1737533751283724,7.771501745025569,9.332924255798282,9.701609979837874,-
10.0,0.6832085825095758,9.825562131140112,10.0,4.69337803447256,+
8.133541958575027,1.0882026562350466,4.608227249976919,0.34008695434192493,0.889692656575668,+
5.424211672431478,0.4055623450558156,1.60081416278955,0.32648322078213227,0.4521161689005858,-
4.411588579863762,3.855545087048471,0.5649693476902418,4.620169606219201,9.381275585517606,-
8.250872363598772,7.375568528483421,0.9576761768181424,8.670038568922408,10.0,+
4.465491651539284,5.997858892828194,2.638566032451053,3.8602507803450647,3.596087643204695,+
7.081108140716218,10.0,2.2797696536863024,0.30943528166151474,2.1290082655551177,-
5.640554621418387,0.03374030948700035,2.011458949890208,0.014985283100867886,7.077602784590956,-
10.0,0.026839089607987247,0.18107997245314134,0.012973151006333764,0.9798531452097365,+
2.5213915536503406,3.799518783008784,9.742279455521247,0.4830677879773082,4.8223231081842055,-
0.025507202538286575,6.735129907094805,10.0,0.9409981520706712,1.9534430540519625,+
4.167458305707087,0.16317004666923207,0.4817328321374603,3.7183204305397877,4.950114546172697,-
3.636281571300632,0.026843457593508823,0.38293305353950213,7.071402474998707,2.7244038172725156,+
5.838320954404249,8.650063362900633,5.23661865320739,2.63780856386989,2.759178935131903,+
1.535427555988865,5.136537590530409,2.0432535821285778,2.510177434924835,0.12686519685606976,-
6.180682529037259,7.216333814076057,9.342809287359275,9.589552034956636,5.957182950760888,+
7.667018400412487,0.5630720734885506,7.994401609494967,1.7942010614826103,10.0,-
9.611962437016166,9.022818883630045,8.812128478259565,9.355064181597157,1.542492991917509,+
10.0,0.4903058409213416,10.0,5.295635342226546,0.4661173366330051,-
0.40916920964122805,3.532655651746669,3.8528525503224396,9.465401242064587,4.890401919577444,-
0.07369784087619222,0.971013061007719,2.497333022064129,9.77400809388395,1.6342120559420952,+
8.413395051372078,4.1793929067661475,7.028402809722381,4.0198695770757675,9.53368125876993,+
10.0,1.0148359528349609,9.759208720080338,0.2916770563793184,10.0,-
5.527155184092585,1.718769768923477,6.9644079062763895,6.399538458158537,8.8045898678827,+
5.251734552487308,0.02667654010009976,6.828187338973281,2.4871676150426065,4.656695264735899,-
1.4880501511571231,7.272128453482706,2.2063016600488004,6.648824077234839,9.390818662271931,-
1.1993589883870632,4.013003525790162,0.13468077766015865,10.0,3.138041772500106,+
2.340638535584041,2.0954514045359662,0.02738705415633591,6.890083305212663,9.822816476917534,-
2.6190981207590904,2.7824648747389933,0.051232430662232306,10.0,10.0,+
8.20628876227289,8.080020128761495,9.116426189369193,4.8570788410613766,1.5649133023438278,-
10.0,10.0,10.0,6.48757117643739,2.6054073821293433,+
4.3777061852666135,7.388236957037138,4.4185586838015825,8.313658206377685,8.757151954921783,-
1.1298508693433609,2.033208291890018,5.567514898146665,6.942419235438456,6.631292358490932,+
1.3223704717387685,1.1351868220827144,0.5279807428613104,4.213940779388753,3.674802458550175,+
0.9085227269722268,0.970066471900447,0.20156729520122632,1.4044542974887453,0.8103634494500674,-
1.188379997886756,3.9154044920534323,1.33298834336123,9.897777594495988,5.107581076269273,+
2.27058306000113,1.8271654621539861,1.874680194478881,10.0,1.5231859995589594,-
5.222201891083661,5.64180383256126,3.7412805720218625,8.849394104647109,3.8482822422911864,+
5.227846455980415,10.0,1.7804626342345502,10.0,6.663064549465203,-
8.792347246080437,4.759305130416319,4.765733287639929,8.841239627686383,1.7567581721818593,+
10.0,3.255922818532287,7.977132702497773,5.929172491940082,2.107246632599457,-
3.064145844919887,0.08863554484703662,5.5301481175686815,3.0153594303488527,2.963442301775716,-
6.105038525585868,0.14748384253157917,1.1314665335293665,2.9182209928480165,5.895015476907859,+
2.4428692733890456,5.5510856943785765,6.070323904428419,3.979898582044129,5.597992861989029,+
4.761833520689323,6.8700751194292,0.37619718185079004,6.555792021208485,8.073195044030673,-
8.895795173413303,1.5829908572947238,8.23465237681974,7.479569043203665,2.046197849666634,+
10.0,2.9668106548763675,10.0,7.638811963568002,0.5494430499180781,-
9.15758302765992,6.931771870077935,5.924296098004541,0.1771303331829932,8.678923143101214,+
10.0,10.0,8.204533656093027,0.2365276168260407,3.780500170129842,-
8.644257175823917,1.4215051390317568,9.107635989764034,0.9011320456327288,5.08643424644241,-
10.0,2.091269002098493,10.0,1.0926054829272003,8.641980090273112,+
2.1418615013721984,5.5422073978643365,9.69540637075904,7.519309796100054,6.8710339664313995,+
3.4448623463006283,3.8044760901138153,10.0,7.693174094510626,9.783074098153557,-
6.9561727845588734,2.7211790300316476,9.499325362454947,9.404205634927592,3.031495586410072,-
3.4043142912467377,2.525924456870282,3.807219051539902,9.923848680752595,1.3240165879572634,+
6.477074408495193,1.8866925692258774,6.593889185818322,2.4705133832035022,7.853835031814704,-
2.5208224598335733,3.1740049441586304,10.0,1.7434695533707563,8.886519140929808,+
2.149359265670502,4.280756162956223,7.724344305630168,2.360401124092931,6.02186290925284,+
2.5075131890040345,3.6149529791451775,10.0,2.3697218135526743,8.71796854428474,-
5.23899782025833,6.75057693458445,7.750869301721384,4.784698922702506,3.526861562486677,+
9.830655516419661,1.7123762946049077,10.0,7.038166310227553,3.9362605667871167,-
8.406198834569402,7.947480821217807,3.23627149859689,4.337446226099816,6.739911741207671,-
10.0,6.603759417817118,3.5430006279797075,6.999557175490227,4.621081403452176,+
0.8223686236788796,3.3095580719770448,6.864235003152459,2.841831447984413,5.252149944524472,+
0.14501150526751952,1.4763824554056202,2.92000861011835,2.4362431658115593,2.336933160318226,-
0.39485557676552485,3.3026079508340676,5.839315516047887,8.830464388775287,4.891492279029482,-
0.4710087603996814,5.265782224780473,4.9963548226379855,0.8224458390205893,7.846224202386809,+
6.154104266133648,1.6641841294700843,4.563913856388147,1.7704761026397742,8.750530287509577,+
7.830567103038046,0.6833748055724957,0.5916631567349931,1.4890821585197738,7.1795590034668795,-
6.1228297984737186,2.154182867765652,3.4918389296842314,4.771475837497422,3.9738195635665075,-
10.0,3.4146524038968713,4.279247461480381,8.59830829077827,4.138753690164528,+
4.56738287710156,2.7176426959188515,9.456275621655019,1.3780978622586793,8.255530152878821,+
7.212547890712554,3.9295015913518268,10.0,0.6043530841027224,10.0,-
9.831929707278517,7.176086406757438,7.925730367245134,9.742252586450387,6.877634343306871,-
10.0,8.158469644736652,9.9455702962596,10.0,10.0,+
9.367407562566575,4.1605466419888195,0.9573756714284709,8.89148805566485,3.2834517269046017,-
7.031416124969092,1.7090337199250627,1.333851268494245,5.67236684541739,1.1672731851001477,+
1.916636819584131,5.756274888160496,6.991185002379346,8.505264493152215,1.3697947199471938,-
2.6462434168477205,8.796272110683153,0.6840348458442911,0.8626971389930642,2.363402878919575,+
7.998021371544866,8.677012671392415,7.033818250728526,4.468743538854575,4.451197624908362,-
8.127853405898257,10.0,10.0,5.0543811896772075,6.497289982161526,+
6.261391684832348,8.020562959171802,0.6925051577238461,8.331752438098851,2.1800280694857346,-
10.0,1.1470007378069458,0.561684896077333,6.899458523435594,0.11497259101196639,+
4.269921961859527,8.099865341521802,4.5474729290849725,3.6213285480655255,4.677036183694229,+
7.109750012064781,5.389947377841467,8.716173587343063,7.081286068992733,9.014075362742009,-
5.583322129479626,4.928815125601527,3.6385562589374754,8.28835358901372,8.429008823422876,-
4.434207162574798,3.2085095899479743,2.3728154981949676,0.5290594096641991,10.0,+
4.361756831116194,5.041973489245567,0.4353538589732864,0.8754067748248495,6.708266000544482,+
8.45297315740702,1.2771815817837773,0.14431227761824814,1.259616125308104,1.2114396596044927,-
0.10758497315919158,3.2335791976296004,3.705263157390922,7.544458608667208,4.004872694894632,+
0.13620995639021902,5.257236192183505,2.3256879236737804,6.13005913282253,3.962995491960312,-
5.271642868374032,6.6487618279309215,5.518951378371872,7.725539258946644,1.1765045960151488,-
9.883976125815492,10.0,6.789754280352444,2.8417520202460356,0.4158016065964419,+
4.313694526986236,5.81791424425823,2.7458022540912363,6.783058644796766,4.078904552181721,-
3.071881444281143,4.8177883826867545,2.5971564665214615,9.484184529623192,3.257065861012069,+
9.53780897736264,7.877048556042086,4.151550824993283,2.5011694682721797,3.7005159151043534,+
10.0,10.0,4.106203457180332,3.554747858210426,5.199737753084952,-
5.649751325557317,6.173797746680927,5.227652313398111,1.8632311281241742,7.275709581879237,-
0.36423761990993664,5.233202853952122,4.341075411974059,2.2876749321241334,0.2712303483404558,+
4.021236401548746,1.5254476714335297,2.6644985728773882,4.221179386631315,3.670705149407808,-
0.13396216751017845,0.7114655339713114,2.251848970328881,2.0136780597762467,4.670669996108095,+
9.007365272201392,6.608631184418096,9.870616578317051,2.4617231088266003,9.763716574913175,-
10.0,6.607705922995434,10.0,4.508754164888737,5.561898667059427,+
9.36677760446533,8.435058125585943,8.338536215541437,4.564713805468536,3.7547902389417342,+
1.2651604460079853,9.461162046965745,10.0,8.47415595932096,5.863509192340775,-
1.074816627301577,3.591297765803072,3.8478266660435576,4.195391421697706,9.001908417371974,+
0.13351426798429847,2.4129402304802134,5.017966656766901,5.852675071011746,5.169511639203152,-
5.454331052771877,8.05150132134074,6.156483940845962,8.290630857999993,0.976696496415923,-
1.5963129576703452,10.0,10.0,8.474406274063325,0.2774525162668086,+
9.904645821337493,3.1227419902145606,5.2290756752516865,0.03329482453980903,3.142543966698396,-
10.0,0.3354973884384412,8.860485697584286,0.010469001309762437,3.6729285858085317,+
1.8038204010276637,0.09243815671069355,1.6605896953101806,3.563096821185323,2.3515214069658565,-
3.326644807194717,0.08307529636696157,3.3106927582629315,4.8392879435561476,0.12345727717434926,+
0.7834316828376608,8.089479921632133,5.719154311640472,2.866950794347799,7.887119101085126,+
1.0797003384638157,1.9084005800464525,8.457125618145064,4.510383354628267,8.503639133447297,-
8.159995909052087,0.526312594409678,7.474229132593471,9.831749115405158,2.4158547988303267,+
3.1615997929415816,0.10038440249445468,2.2671663566629694,5.42822586810284,0.5307791821606118,-
2.0077572637895438,4.6271644532867455,4.472423831889901,3.709572143600144,1.523901573752272,-
0.7758507269649403,0.7346679085748639,6.814741767357204,1.3328296076702573,0.12243476998311964,+
1.086940722235329,0.05120449074101807,1.1063027903721145,8.600718396378593,4.559013442512075,-
1.0727199919490948,0.04864634601476254,0.8642427856845398,2.7146168812922777,8.506391158482948,+
0.913906998525249,6.459876333765012,3.683366850045643,3.084450549424643,5.36374833992738,+
1.0976545099118495,7.4727508658272495,6.757604221130405,1.931584783178518,9.287827052974636,-
7.599763514248901,0.7923683936317238,1.9489748819544106,9.235069812536969,6.136935294267477,-
7.8650892819167275,0.3395179000383643,0.11591921004132517,10.0,6.687119002538073,+
3.396706406111215,4.544561158628566,0.5181363168758601,5.963595039441457,3.1868332740469683,-
3.4851274399153302,8.782317366941445,0.7641049327988103,6.4957073648130415,5.163734559645626,+
1.1523831629161663,4.910607440745315,7.2633817235746,8.245104982260749,3.85678749335284,+
2.2843326874981345,7.181557212355741,10.0,8.494655718238286,7.6457025117309305,-
9.121688825753079,8.743691392889087,6.277129941541273,3.049637861653803,7.243741288076749,-
10.0,1.8953716647407686,2.9300884954720847,3.866847742832374,10.0,+
6.725735788147219,2.133251528846858,9.343412922112277,5.893850158990775,9.575541224381901,+
1.9953316742018554,3.2827880430806324,10.0,6.874313610968917,10.0,-
9.546207069482845,1.9354391820254213,7.977594368867202,5.148812048080829,1.4341930061484554,-
2.0733062363940786,0.9699198141319121,0.7743043533919552,4.114986828469326,2.6900685765726697,+
1.579004293455566,3.7877501581449122,5.24750114783986,2.6907110048485783,2.0412670896853022,-
2.9086909792760745,7.4394112810325534,1.2567709248402268,5.287383411510578,0.2952012702192707,+
6.196968949533511,9.661661900570568,2.718710938490232,8.981821107730859,3.864570440674271,-
9.416002359198806,4.0850584350133925,0.4131935528191371,4.418326626800687,1.798107593432109,+
9.03001140044759,2.6621377468107332,8.37899233573865,1.7979341017744987,3.353336662132863,+
10.0,4.389507004301925,0.11945564344573449,2.0675018902229825,4.258585640958958,-
2.89204958340175,9.851233385401425,1.1517116125267202,4.682510004379292,1.2124253149967967,+
3.492162567502404,5.944323089282592,1.8716885678492345,3.83300400290862,1.0885735873709756,-
8.586861228851046,3.276865658107011,6.463396674252228,0.08667620395976905,5.050151823737933,-
10.0,5.896252351801063,10.0,0.105107391291522,9.964711374779538,+
8.78204344735074,7.416626579259418,7.577264483821748,1.162223866372879,0.3233244313991268,-
0.16620187760197747,4.322418008098819,10.0,0.6797319269257132,0.02914697296117916,+
5.061012030157826,0.4469215463955589,4.3634458769827,6.547123153002251,2.29051959840751,+
5.754697517325292,0.15310022635903003,0.2667953339177252,10.0,1.6818080688289696,-
8.931617122233412,1.438761114795808,0.2813399701853325,5.347535604469213,1.8914687389878193,+
1.0963557727226714,1.3870142391135323,0.2620300444335496,4.924997754887066,0.8537903097862782,-
7.800064615592174,8.676918496526598,2.5460769841229345,9.6455439337452,1.8199534788213134,+
10.0,10.0,4.172226186165516,8.545169480931118,3.0407371187165517,-
0.7255241394025225,5.5752482479326435,2.3550141249911483,5.164910831474345,4.913419517957505,+
1.2379353317641877,7.261358205187163,3.4964392974739957,1.1583007450859628,8.241183189070727,-
1.0186191007975887,1.8469977191201492,4.39276423326385,0.13755577973382338,8.019600635469725,+
1.5786882792847694,3.491897718701843,7.966980854310167,0.16916457677381444,10.0,-
8.26664307986324,5.524934101417704,9.755777569667636,5.402748932231393,6.484196330840499,-
10.0,7.2402569847394345,7.79090118229085,5.0526789271758,9.307568047477584,+
0.5477027252096145,4.145162497602172,1.3059111314412364,0.6685576792275638,0.7748180798343796,-
0.8699223693107241,2.6071724249657673,1.0946999288654249,0.009306276889001524,0.7276303140081392,+
8.260328760593563,3.01950850161775,4.942097474123606,1.5932870600921634,3.4756124206690355,-
10.0,4.326083987986908,6.076638981174372,2.1026348757910838,5.276784863167095,+
9.099337041582311,0.5380070312766916,4.616914998232847,9.898695335363337,7.938891250420264,+
4.674548333565708,0.6451830678504046,8.234265402528125,9.128428997275174,2.6079326948954757,-
8.512521254580319,1.8428863340143598,2.936998428273059,6.444146910862232,7.212107410149784,-
10.0,2.5189684080133787,2.755390982613609,4.74704274433827,10.0,+
3.5895353211267333,6.448720967802798,0.8082318370856478,8.717857792400018,1.5399439544870552,+
0.6744877968541013,2.7922482331602136,0.29718558551511237,5.912721676512802,0.7624531625756394,-
5.523902665687061,5.816444245271977,3.690168129165908,4.851060284896278,5.5880656465849485,-
6.305210727449277,0.8956326772445062,4.692996442008448,0.49135384685567063,10.0,+
0.4594784780897998,4.7014748954428285,0.8500664029648042,9.859524115003312,1.0118087806593123,+
0.006622788022801015,0.37035113054382285,0.17850795485897222,4.772997114945302,0.7183277715507213,-
3.8305598129005514,2.9258502175380174,1.0608270161101974,3.3823902308709397,2.5988049497675947,-
2.4809615451795586,4.185746265085845,1.682128588427497,4.561377148346508,0.937534402984673,+
8.712590640935387,2.8756758854615594,2.856340810193184,0.7794158425015885,5.933991573021128,-
10.0,5.124862612303933,4.069096497719421,1.0782011610010933,8.137351169984623,+
2.6111521519344394,3.360893102939928,5.332885660006364,4.264961558153535,5.320531858636959,-
3.00777422182212,2.1101229055392112,3.3757097304103993,8.285934493847499,10.0,+
5.288200848219074,6.405843320726483,7.74246539350944,5.062870264019197,0.5468328988641691,-
5.8392867731458935,9.329391441425463,10.0,8.23924437759314,0.8017162091221705,+
1.254832822328622,4.8086340368956435,6.023142917236316,6.603970209014979,9.61468389605027,-
0.47346655688925343,4.730118223328066,10.0,10.0,10.0,+
2.314409007722258,4.644995632874181,8.592058244733515,5.013408028451716,0.6087502481667739,-
3.9902527623803734,6.635324527820618,9.296057278214759,6.976135791067626,0.8866993916498341,+
2.1069183878246833,6.906496301545081,3.5894454402508966,9.952386199760552,9.741761959775227,-
2.502088912884989,8.334007941793631,6.066587709164554,10.0,10.0,+
0.2903897166138625,2.7336787845195856,1.0489936912166042,8.045022641690219,7.881678018161102,-
0.3127181640434973,3.3221899163389566,1.7209986345685075,10.0,10.0,+
0.4240983923816566,4.40023731596069,8.83958939098386,1.9880517426527844,0.7388662671016655,-
0.8249763281173172,5.148787683185255,10.0,0.5765105562376235,0.28354965682346306,+
8.102021253669168,5.6223791569321335,2.7942046582478963,5.0928340512233845,0.9265788838199818,-
8.789449572245346,6.345583768346429,3.7324225982278154,7.614951756761155,1.5362130637260436,+
2.732640857825037,4.576020920149385,6.7130978440538405,9.717506001163287,8.016922745430403,-
3.261598679728619,6.049665600277136,1.5169613408387175,10.0,3.3715401553233812,+
8.94046086210288,1.492895397998888,5.8316083555742635,9.595754079799017,6.906032907481652,+
6.869135223098335,1.1362419738210083,9.72221703311271,10.0,2.119162310358772,-
9.724387166207881,5.200343001145722,2.8335160724562547,6.808969295313285,7.5502049804864955,+
5.017678165574149,2.687264931371317,0.18896925634440198,5.253833755246102,1.754628709395567,-
7.846444367666462,7.806219797105164,1.297519407417801,9.520174524548185,6.897328594907524,-
8.734053383772492,8.378604307824455,1.7561749807976677,10.0,8.502612460408226,+
1.26564089860855,9.515704833806467,9.969714245036473,0.5647428287229439,4.36973509762403,-
2.245123691907763,10.0,9.12363185356006,0.22131089301330922,8.395675953332995,+
8.14251246506495,7.9129713288246695,2.371859970386102,7.7925777524344255,4.591283437711664,-
8.997422587106605,10.0,3.3620770523231966,10.0,5.191672577515257,+
7.090344783454902,9.308240594139114,4.9819753993407225,0.5885430234302669,2.125469757926959,-
8.524590268392434,10.0,7.17280265589065,0.7222841582421905,3.842835444326314,+
7.9387799410219735,4.180729866543594,9.0897580085689,0.052122943752703765,8.558907754382988,+
8.712015841735568,4.199973766283073,10.0,0.05634388394438593,0.9631010296732491,-
0.02301569987818275,7.808205698912172,3.6494553219823676,9.61394367729678,9.13009165987918,-
0.022027643596320732,9.754005925284407,1.060159343839696,1.9694667056464183,5.893176584292516,+
0.9889129098883909,4.8341276674289215,1.4205837655714937,6.753370774418688,7.080143940309531,+
1.0151832424124094,1.0830048388531743,1.236700746039688,4.149939084504774,7.464198729531483,-
6.271153041548631,7.969875507128551,1.2669750090394971,6.6787775897932,9.425333531545517,-
3.7876684939834124,5.969848654812629,2.5071413757762424,1.0645397119443403,1.3350611812668547,+
0.19097337741602272,6.612667457261086,3.449652410291655,6.32064992744548,9.596337744721438,-
0.22965248536787303,10.0,5.146982984192204,3.853500239348369,5.747242076134648,+
7.295214821332232,9.400520860662201,2.6600584463157273,1.6875355432633332,0.4960802409515841,+
8.178732165253157,10.0,4.593832044108766,0.33987605276610733,0.9002924664420254,-
4.617184994529092,4.884697768577409,9.626504456990105,9.901524881444937,8.028070046189805,+
1.015488172468519,3.757201163191062,10.0,10.0,0.1738705556681361,-
3.7521511192616552,2.453295684588561,6.521637930980273,2.595545084710933,8.255929968982393,-
2.53593337631349,2.6947429183128606,5.924974098768502,3.2359563351549294,10.0,+
4.059127932696081,5.015847684817826,6.886333662661199,2.9176041816513507,0.3949878706049359,-
7.564962640653778,7.549977600649372,6.445107767194307,3.49875568561791,0.2442915985829972,+
8.669721847933536,8.71112515321216,8.34626800783772,1.9291719193540857,0.14369211709224894,+
1.1894065881422395,2.4236960683216755,8.115930518189758,0.1272611993189216,0.046977104623188555,-
7.91290484727098,6.415357149679997,8.293584019869021,8.62707555944559,5.002930840286143,+
10.0,9.107499257236944,3.7333771016376773,10.0,5.160966252301868,-
0.17097284462907258,2.6316038143765077,3.4801632939676628,1.178693001876705,8.39148424788712,-
0.32055627950936366,5.101460655551035,4.908741475649369,1.7611274452486085,10.0,+
4.246598896753041,5.342319923726166,2.7412565993716296,4.282826264819468,5.283838332749987,-
3.827782756636139,0.542251157946199,2.247401955298359,5.689408013837827,4.01772075801539,+
5.766079333525097,9.417766504193455,8.653857685309683,8.89177364938486,9.393260381038685,+
2.5530476355164136,6.9281931587981065,7.638376986133085,1.1930146144048601,2.580655650632323,-
7.2358310279660625,0.02591212542712551,0.5477762951692156,3.028886475002147,3.492394394758694,+
0.31529737983541345,0.02291005092099182,0.4626678956576356,1.952512612649466,3.1379801032769032,-
8.496408415770023,2.2615599117624696,5.763756130473601,1.1567390413571688,8.459839539736588,-
6.259043934570265,2.228898269373368,2.5289440527091087,2.290861224702824,3.9213244275818844,+
4.7737138003989585,0.2655588993890434,9.947417032456928,8.662742917137745,6.248260372774438,-
7.633142560412035,0.03082513514153979,10.0,3.22850684444389,7.868286972671741,+
8.774293691722766,2.539539704866205,3.3640908408807935,2.502079443758972,0.20047848730984752,+
10.0,1.3770768214624638,5.7661528819519585,4.220855386806487,0.2618654902833719,-
0.0541908224871579,4.652821828443953,6.2920935899550825,0.194769445718318,1.5165930691448548,+
0.07543015379024821,6.8066359695176395,10.0,0.3324839509320117,2.9413773317833734,-
7.224701048994221,1.7878050124627742,4.203769510439206,5.993594435880461,8.774439873799416,-
5.404737450732204,0.4470975354814312,4.232234243123053,10.0,10.0,+
5.76884930662557,5.440089551880814,7.055662558488206,8.421989836322473,8.13868566347365,+
8.713416197894055,5.120399074347842,9.286120811099424,5.1110942333489895,4.415291139113133,-
3.321144015464407,8.294671251204047,1.319035900484985,0.32470455400526843,1.8852561123126144,-
5.591071766162767,10.0,2.261877639348681,0.5174387276474239,3.340272265861627,+
1.3387417922546707,0.585776157714325,6.40679040699586,1.6613045445631969,6.262199033497003,+
1.7587290429842128,0.8324993675487243,4.970635920957856,0.6330165008603511,4.10920396075522,-
7.213774073210692,9.042391293460408,7.447004229427334,5.943117190408068,2.1203904149362907,-
6.921711093881992,8.288060053410549,6.617815609933419,9.28574922137098,0.9737990110606304,+
5.043473013368037,3.32840326230785,9.001412517606765,8.346924719885765,9.552125701293244,-
7.4353104726484425,6.656108507855406,10.0,3.6663302969245026,7.131727249305838,+
4.663746143022508,6.81452576382105,7.171956164594608,6.327344769912795,3.974747179307929,+
7.00052338172957,9.973793586769498,10.0,3.513913888465038,6.494713405966587,-
4.194868323360566,7.6295089373466505,9.035270611324268,4.011326616370468,8.627613278955517,+
2.132721794042409,8.532713189197532,10.0,0.20288033009306347,2.6362319738159647,-
2.435264074848522,7.908349494618166,8.71377480487183,0.35844074272132986,7.668664496090277,+
3.381530758215093,10.0,10.0,0.1885887386020917,10.0,-
5.100282839335223,2.46938453729768,8.464256059068097,9.315782783289093,3.7716155492412273,-
6.338794808826162,0.46594111849646336,9.869830529710391,10.0,2.3133650984542533,+
2.1867697450415022,3.145797795417773,4.759097542766382,2.830182447521745,3.240963789904109,-
0.7814699161956095,2.825086187136584,3.0025645705705815,3.4642477212760223,1.8438296981687445,+
3.2982906354854924,2.7592235419362265,1.2980858593981037,2.4417394745168086,4.522799618945934,+
1.5962826294629557,4.525462995808021,2.158428572142381,3.5986534694801056,8.30299441843492,-
3.800723642273114,1.318613815136691,3.788917997771436,1.766635940917931,1.295940683442216,+
5.094815435299818,0.14655863673391842,4.621450618069284,3.3749277842607186,1.4044443800766622,-
7.494861481274404,2.9146086762849044,4.251807133693677,3.7927452485569058,9.145845266170792,-
10.0,4.872829691734232,5.094279426650992,6.029881607652293,10.0,+
1.5509822545512053,6.548047148351718,5.021798334020298,9.204442394841701,8.667229864514193,-
0.9315025230779788,3.7445108877844575,9.132717359280397,10.0,10.0,+
1.9595590087662484,8.7355964035619,4.2241150647883465,6.820535559506537,8.875206176888552,-
2.4736488496331708,10.0,0.41105270162356145,10.0,8.668658407146534,+
3.627139382580389,3.004345244594014,4.002196405458277,8.833646389078226,8.418197153112905,+
3.889265560869972,5.538099060468285,5.004239771835036,8.670257905434273,10.0,-
2.9853354820587787,7.621291889143944,8.84443447738397,9.46331722077622,3.689363823122529,-
0.9070287575336068,1.182207863500162,1.4549752410198578,10.0,1.3857030784957804,+
1.0732436272527035,4.171731645605603,7.477981511655201,0.2793131026869855,7.557872363847494,+
0.41364520156222845,6.962684196289653,0.056512737874334334,0.33325349099633317,0.022340923933516083,-
5.95452450237964,1.0066905489208688,1.5640706139288163,4.212970759135359,8.5867177857868,-
5.7241547674366755,0.7365091276855552,2.2403583162255787,4.300065775187967,10.0,+
9.656033940049397,8.08900410421246,6.865383801642054,1.711628247493172,7.02984544688663,-
9.29672990541318,7.096621185585161,5.695390063576788,3.1563568608960995,4.127540243093211,+
0.9535162933956054,2.7742001670698926,0.9560596009325162,9.877323601058567,3.637231814414613,-
0.3032856577109668,0.1849828686771383,0.9401029792046548,10.0,1.4155770702567718,+
6.860658398887289,7.843996840899097,2.906756986249981,8.50200205215646,1.0822551873202457,+
3.176554757152008,2.3810771699834077,1.3836555016502794,10.0,1.6528606752285793,-
9.099879489341081,0.8572724167435619,1.887379732157477,2.5862165147892635,5.837165110218795,+
9.201636572366585,1.4326535797610613,2.656887181221612,2.9674458022439882,7.9697704769075255,-
9.942839793221856,3.996753461424288,4.911397459679067,9.446749375733859,4.615154931633459,+
10.0,7.2251435160262965,6.240114638335432,2.424283306319885,8.159205284237448,-
6.682420317237513,5.283275729268805,4.649216573898894,8.229952512365038,8.925490786211464,+
8.76024243388706,2.1209064565643994,9.252282473387737,10.0,10.0,-
4.36706381917306,3.440250800389503,3.7315933765370657,7.914232646471225,5.347894074849795,-
1.8254344483730816,0.5443407106167413,1.8125871957772544,8.04341393736396,4.036737878377782,+
2.387859356295433,0.4026606618421402,4.151587169502622,9.519657181396784,7.8119152131414875,+
0.7740105779128477,0.2928247851274133,1.1757519522755249,5.331978875066692,5.620595211933697,-
0.44114103427262186,8.29691913504831,1.2068518180052756,4.965327460204217,4.233035049700412,+
0.10270245064806877,10.0,0.2627054320063041,9.368542503006783,4.010241860177476,-
7.198366299118546,6.401782416802263,9.648672343759229,6.131850554856905,5.705089115320051,+
5.84025522241638,4.959352247653497,6.278208324783862,3.605083640499019,0.3127667068313117,-
5.76818993162912,2.6210091474379515,3.140949357634989,7.956065710232778,8.971814072269272,-
6.608859962706932,1.0576511968216762,2.6667965405888783,10.0,10.0,+
3.5554528653982356,5.546210900977309,3.383189159721325,4.604772057025567,2.244291440783152,+
4.310975142304274,1.3248794472856449,0.8050883858551262,0.7263549693419968,3.042723531553258,-
2.5228319961981907,3.73086184614431,6.975296818605448,5.694299798975283,5.639482522172962,-
4.14360720373118,4.984062561066993,7.26706381134665,6.068428746455954,10.0,+
3.1190726368182906,7.6128209349058205,2.390737106344347,5.173967715406938,1.6978240508945064,-
0.4020870235139163,4.674456311418094,3.4860470591740604,6.078624086321917,3.2796126873137874,+
1.4023724890361011,5.764003965068023,2.770785801295874,5.305141570210045,5.914693416330157,-
1.5914859292196382,6.475139652267876,4.93402652227615,8.4450489999437,9.042881948580453,+
8.588197624063834,3.282596142210993,4.406386705994989,1.8977151003265769,3.0314338032601285,-
2.9275031757055543,0.9452075548329485,1.3070097439035757,0.8048412060388651,4.230175756248761,+
1.1917592300706392,0.2499353568894791,9.501368643460186,4.06746773861132,5.262722506350763,+
1.3923432478762094,0.27049083719330025,10.0,6.992362251669998,3.1588868925639986,-
5.116260892418697,3.2123105608072064,6.012780635579066,0.2955801413446857,9.412931412803507,+
6.528083076436644,4.377615892451337,7.733852737474521,0.1529529171439031,9.530773393444633,-
3.0475037916893655,9.254169222382092,2.879086373546469,3.3246908575227687,3.5600779923875416,-
1.7405472340781507,10.0,0.5766183423394572,3.090847424476177,1.6041721946622032,+
7.2437514085567125,2.4977146847288156,4.513315311283331,4.164320796214587,5.5020252253768955,-
10.0,0.07803980804156542,0.28100429668332055,8.04853024498551,7.134472593134306,+
3.464673713136258,6.58306294720305,3.2470031519112883,2.00869090470431,7.8732839550959195,-
5.955293890363887,1.4490393028124873,1.3778493475483882,1.7639280115252254,3.5680870255217245,+
1.281926792581698,2.574612102916932,6.243938098489007,7.381385751094789,7.9584883898647485,-
0.06873344577234587,2.728762858040795,1.8327879683691795,10.0,9.328355751625145,+
5.458324857414599,5.849020956812797,5.537239337480174,1.8932086929989833,0.6261065785821673,+
10.0,5.547735100228522,10.0,2.316305811097377,1.0492259199442888,-
7.924651702724845,5.110747359281078,9.809801142254216,9.59906166248469,9.989876155859953,-
10.0,9.959967908576223,10.0,10.0,10.0,+
6.434460620267276,6.392449350023336,2.3014745735379227,6.291374989954379,0.7567052074747371,+
4.051164201053078,5.30225107197101,0.21411602184883846,4.874550974320119,0.5281496446303189,-
5.239056204130192,8.034435647502853,3.6594590858440315,3.5445898443105186,5.780220610381691,-
8.813882488191375,8.350246393126863,4.222101183264672,4.217067081412589,10.0,+
9.752039944897486,4.8963708322528845,4.311747165038817,4.954382915230657,5.534207336162067,+
6.317430785601914,5.1055154488086565,7.841973846626794,6.2587727701238425,7.6549828663245405,-
0.5074454501203285,3.6113084035384126,4.9009293417336615,7.39142737032405,3.454528741640205,-
0.3105609943276732,2.5888338246498597,5.679111114347799,1.705412624399882,1.9249561191322273,+
8.515219676599129,7.426938312955516,1.6428972233249528,8.493141771788839,0.007863338822613475,+
6.224500909130084,10.0,2.4529088591285126,10.0,0.012604273782028495,-
5.820890149262268,1.9155636162417367,8.663515748217378,8.912647335266282,4.891117769437478,+
3.2207179652547047,2.4447805588433336,10.0,0.47992902136886595,1.7426814545137088,-
4.508096415432567,2.74842266157869,9.743950607880995,8.8568814989526,8.139875794383057,+
2.729013273162412,4.43088873588763,10.0,8.690331007435876,0.7697437090203834,-
3.942972000607645,4.221016003654042,9.947268260468633,7.979020322163341,9.410035099947041,+
1.34227885011996,2.0214068687932008,8.853096145613387,1.166346679844405,0.3656737907061423,-
6.757730409440324,7.341482951650616,0.32169299410568675,3.220706687419593,3.0462258180111954,-
0.7891170589071648,6.306354107398631,0.35730643380460314,2.8298620499498326,0.6398968475208597,+
9.682821333897762,9.062535631895877,7.229989925205858,5.06638496274666,7.150535208199025,+
3.226251807772617,3.930092792135887,3.544316195884482,0.14851007047366532,0.9404570508658849,-
9.679581794767971,1.3174252215375204,8.10717456902874,7.703944210165665,9.476378971197489,-
9.829021608489448,1.4787306247664833,9.216789021740452,10.0,10.0,+
7.190494444170516,2.8269796955770277,5.845992404211895,7.571587718592298,4.409751373640667,+
10.0,0.3884366382607531,5.7520923120345975,9.290311192047492,1.3045468538896654,-
8.943191383609761,4.72649555223568,7.71230257877079,4.156820092428303,6.9668138872705585,+
9.372828366825868,7.9835066786436855,10.0,6.63580537980822,3.9260138982734523,-
2.3487837374399065,5.572380846332626,3.804489530678844,1.1892469227616775,1.5742211863884026,-
3.2779727513143366,9.895398973835942,6.405783950059924,0.9836633572000858,0.051838230614788906,+
7.599407950883627,3.722116137548851,4.648743191255066,5.410635687261337,8.229273821555484,+
8.30887063419101,5.720819431692441,7.249664912452874,0.38253346525750653,10.0,-
8.180665131218882,1.7953809676514831,9.791502043244973,9.093799110209591,1.011574131836941,-
5.341752982422449,2.278969828883997,9.501356205568849,5.120274782054519,0.5270452210871285,+
3.193638325814222,5.329897175051785,2.1472580901540104,7.662822459936326,4.231677500852133,-
4.451166378001429,7.273760179251607,2.3549749916248075,10.0,6.65899976034312,+
9.955603145297282,8.178170544656222,5.393696757894554,1.3185211401665442,5.3608790832296105,-
10.0,10.0,9.601863244452268,2.3755084037330803,6.202365147829157,+
7.285411635912,5.197277141629857,7.072955350691097,8.952300497512214,0.07875465826226336,+
10.0,0.9895239850745596,9.11373684751742,6.868117357826692,0.03473323154329738,-
4.514584096492021,7.786168607723284,3.410335078896977,5.9382044766186795,2.081124049218992,+
2.5241734189775378,3.2793157903180217,2.7691405040235177,5.646094779428945,1.6793109040674503,-
1.236961571710209,6.486963330470096,0.12548238437500747,1.6219724845772865,0.7638422795365019,-
0.5428632131793117,10.0,0.05275039213948159,0.12641854428115612,0.7232937750945078,+
8.666446325648078,7.0970508944968635,3.2705896603823934,7.586514846332651,5.112062845068149,-
10.0,4.264720157871851,4.989405256575282,10.0,1.225529982602007,+
5.986658006612762,3.0961750384260425,2.417294040774065,6.2131741145675115,9.058363593123985,+
2.5166285341526065,3.2771582393684215,1.9262970938561175,4.909911433498024,10.0,-
9.523051516967138,4.019901857274016,4.305038534592755,4.450096511212278,5.193479061439686,+
10.0,2.0339354426922065,3.0855271527678116,3.089915480458652,9.084103311637762,-
0.7137545157592973,6.189575658428515,9.614255811722805,3.5036740369012143,5.112531030690808,+
0.07850049324075897,5.775470920284702,9.319563540482347,2.235767624425877,0.28117535276522465,-
9.96394006286147,8.690413210443351,0.4390822009882922,4.896018203244049,2.7838854947436964,-
10.0,8.71373210184139,0.3499030801498371,9.496605463100943,1.8120136557775424,+
0.5270023602134044,5.86605263902759,9.242460746724465,4.632474908114182,6.329957138355285,+
0.20998459512783843,1.1410849021550773,3.1160636431145776,3.8952827307799596,5.2528620860534545,-
8.535231351110486,5.38181191648799,7.379807312493693,6.400027699394407,1.078864178091714,+
2.199751710980109,3.7437490418085746,5.221464457938872,7.526464045371654,1.326211304035242,-
7.334142609002667,4.469988807417873,4.354724966790117,5.479172769764239,1.072073471207482,-
6.0141781144255875,1.40054363183316,6.03365088765865,10.0,1.3488760367031387,+
4.920795678448724,0.5179483305550359,2.366518818706184,5.278958359243874,9.106624390558034,+
0.19242865097261938,1.0011526411509657,4.213086250291902,6.770943836958712,10.0,-
5.17501256262752,0.86456114679062,5.644414413233424,7.601292537782156,4.452270385765398,+
0.15042879621269564,0.1527402944902072,8.675344359606505,2.810960989044483,7.689616852854867,-
1.5714886519631188,1.6486574104963603,8.270328163729282,3.760311620350164,6.262030605935866,-
0.6622376524466802,2.7510702366844058,7.096758589439649,7.2590615816704895,10.0,+
8.880949797822137,9.867789949529172,9.197354553190058,7.7125174322341135,7.638110934544429,+
10.0,10.0,10.0,10.0,8.677815324656383,-
1.7219410549853553,8.00113259908244,8.039926782917018,8.669212485945986,2.218633819808773,+
2.1741849004325857,1.556509166074879,10.0,10.0,3.168126069443381,-
7.663802631970464,1.4515782973215707,5.600619714354494,5.333493523502069,2.353689984030485,-
8.842416080613901,2.7633665500983673,8.592808679828368,8.599324735488185,4.643431981710778,+
6.412899233454815,2.2564806542114244,6.645247374321011,2.493077821812398,5.107850550590492,-
10.0,1.1646680813781185,10.0,1.5742361672479763,6.313608630459955,+
5.358161450447938,8.712895217115534,8.571391321424354,8.59640484227182,3.4029687433093603,-
1.3426012599076007,10.0,2.5214281015850712,4.885654465289582,3.0565158773350762,+
1.8401582966085162,2.839977253525172,5.303816274875363,8.037754141366666,5.331337616841933,+
3.3543197317679665,4.702909334322108,9.913841955355789,0.23500183092484755,7.09819543584894,-
4.024443119519116,5.1205607485885185,0.053102539692249096,3.8570186562480826,2.6731565703275564,-
7.460301455913906,7.595924175986424,0.07318795899223761,6.989228435223967,4.417053794095603,+
4.187707577518749,5.8959833716333065,3.233735525562204,8.886612591553728,2.110886775876337,-
7.073893821189951,6.557466771634254,5.549919408677353,10.0,2.864087083274107,+
8.409768786613679,0.7875887420567307,1.5594434554387138,2.534616528735607,5.007276856050806,-
10.0,1.3055787189794839,2.1978861697381302,3.6470464127832933,6.195742760946011,+
8.136164746445825,9.833452925929565,8.98639466010056,0.18753561710536326,4.4493498088134995,-
10.0,10.0,10.0,0.3122822160281077,7.966060758618422,+
2.08047658762754,8.937457608567026,4.668295592232997,5.683960241168692,0.33320984309622714,-
2.8175318087653296,9.00326934364614,6.977234352757789,10.0,0.6517467550667989,+
3.8063739905465397,3.5233398150129283,1.1205142037264582,4.580971940333979,9.804486508584837,+
3.7534412321065336,1.6177712901265417,0.19848050794099062,7.989257502417876,10.0,-
1.5116798434087753,1.0850519332626685,8.655449454983458,5.693677978572243,8.269727765003868,+
2.659118414206546,1.8094241342225184,8.200179790126644,0.12594210393778713,7.808252863525354,-
4.5211861656302315,5.258030719444806,6.273818047994322,5.1072701557378934,3.7371897722868432,-
0.818639103700836,1.7848382156554545,4.0161385470860695,7.251561698208841,2.888739242951363,+
1.900001733565716,9.435735154451441,6.121910964570919,4.8407969988047705,8.762693825253443,+
0.2879798401586246,3.02012267157363,1.747076784381148,3.535536727677669,1.355861746710204,-
1.3046977945246985,2.854578038030282,7.8980325072131885,0.8900809600157056,5.875155951212133,-
2.55343405870818,2.962909694866173,9.24656015158211,1.3122691612341204,10.0,+
4.709587659052358,8.814404727214072,3.9831296726550933,4.446863119255438,6.494021691602,+
8.069142853735698,10.0,3.928515891167921,5.12196405897896,6.752375199636229,-
4.179478910498256,4.167844779957903,0.41718941149816335,3.1973110491608114,7.738930793872952,-
5.33905457506166,0.9378619352770732,0.1571206343454684,2.4024779193740557,0.6650833371453408,+
2.5687940454131364,5.7280774639349605,1.6159464924537559,0.3607676145169636,2.592371431585451,-
2.48337036098563,5.066789801919329,2.933787136408962,0.03455897980921287,1.6336529358256795,+
7.866298753618627,0.4279266059716902,9.471923713223836,8.843343137806526,9.171394762323041,+
10.0,0.4913318663971077,3.6369261691974635,10.0,10.0,-
1.7805560235753304,6.4778267709982575,5.026892435798821,4.413813308091662,1.442616637769456,+
0.03424089149310407,4.795694767475811,1.5474975638126962,1.6810697677638677,0.17177554848688156,-
4.644085887735266,9.749140827092425,1.1123678491933897,8.945337922508594,1.852259758901078,-
5.118183735894507,10.0,1.917938722191616,10.0,2.4567649300837076,+
5.346577327145016,4.451934715514994,3.0580509940655256,7.205589421699242,0.8690251851328135,-
0.7622577990620162,3.0936861514938774,1.3308262901262313,9.037441708099859,0.4451184460153239,+
4.6431225998225525,3.6213274839683542,7.617156667368155,4.089969493779815,7.567462746827775,+
1.7940576520013585,2.087399400246576,0.9559447356831781,1.6544466783961478,1.0970598380152137,-
8.344617628953483,2.4828737965682866,8.852734524106602,8.939396593865391,3.1927068653347557,-
10.0,4.363439887860197,10.0,10.0,5.692175808344808,+
4.995380751537595,4.666118217404779,4.90412049708647,6.1453016114717265,9.676080869173742,+
0.19811543354333697,2.075471145517256,0.03727114818555934,2.931101579063831,7.15431066110129,-
1.6004902912883212,7.659229008699768,0.7942789181025312,5.359386645342591,4.5592084642445565,+
2.0817688336805062,10.0,1.2032790449005588,5.855472755568029,3.960267432498215,-
0.10827316302797207,9.60383485929829,4.463693274287456,3.9723826139196596,9.401698395424052,-
0.20851352811360452,10.0,7.402921069976642,4.59833824770529,10.0,+
7.063059522032874,1.9423952605405403,5.9674411757401185,3.283053104995979,0.9037152424073158,+
2.084308775369859,0.603208128091753,2.8520408506809027,1.4660248204799413,0.05751040114325476,-
7.65923102808475,7.215307948676091,4.080830393905255,9.009785833192542,9.374802723020167,+
7.039500869330398,8.989253887944118,1.6799766054686278,10.0,10.0,-
2.840435422520363,7.7401432050253245,8.139325643656916,8.772579126724912,3.9235706380600286,-
5.384278207437411,5.9762447424011,3.7985088275329466,3.743414913133001,1.4330460903158704,+
6.2476231044582935,0.4490744347722886,2.8434933681100283,5.414543028828527,8.862071356917092,+
2.6787764107500354,0.2985113692945129,1.03683384616667,4.10697308032318,4.6298456814134195,-
2.5236441851453306,2.697597390107701,2.1278089144398917,5.604916415984649,0.24245347275114182,+
3.2741516863192017,0.9017281150870595,1.172321553033353,8.310752088025872,0.09433248674322986,-
5.851075723191005,8.18562382312152,4.8154854191948,0.7339879705544616,7.7165017941948815,+
3.712384163170283,0.19582784674002504,5.310527611951054,0.09795153435783571,9.8965261195709,-
4.63658175529316,3.7495242769183754,1.161400428161059,7.016919271604917,8.423570736140446,-
7.914825930578741,1.8149486439794407,0.14343708608158678,4.602163822217257,2.1054762688831428,+
4.068193412660758,7.886451394889526,6.691633337507184,4.3986085826274826,5.934514438396329,+
3.6607748394339907,0.7805078706954899,6.956698126282436,5.021981097719212,3.5326758548543684,-
2.1894704323126124,7.480459843745129,1.8091751092327524,9.772709709117667,8.73644027521565,+
3.536062381079101,7.98603070718852,3.4398653224951685,10.0,4.198657597054118,-
1.4634725352781242,9.880194874054949,9.466858423401941,5.227406612236194,5.330911929292035,-
0.04314170203376343,9.248096170924244,0.05651454956985441,5.3115549549156444,0.022271842264192578,+
0.30485032041304816,0.6010792807659393,2.491327232691083,7.460638262242255,7.654952537156552,+
0.4122404694725782,0.884622376422512,4.235664442486874,10.0,10.0,-
2.9733501532952076,6.168226588812384,1.840637275436885,5.679838436183303,4.875879981327616,-
2.2615595641246333,2.327648274843328,1.623475955105804,2.3387291945449133,8.504945584594884,+
7.032710622077618,8.359456705844428,3.6508474554094184,5.208693928437759,4.2236402685151795,+
8.660672157991696,9.850950883811034,1.3868318492652547,7.302217086660882,8.040172278511081,-
0.3519313948013558,4.079613772359022,7.575036321537839,8.376583489086622,4.306852470791603,+
0.6709465450261382,6.218240155063123,5.236816958122858,10.0,5.99300222429023,-
6.659357549590173,9.405645236262103,5.6712118441976465,8.164760013431339,8.517115986893494,-
10.0,10.0,7.185153994281821,10.0,10.0,+
3.7786695844244313,4.068295460398888,2.050165650873368,3.6583987904609927,9.908489828395263,-
7.05969256249341,4.073068064702555,0.02084974857740255,0.037155836750192,10.0,+
9.552547893266487,3.787045410715465,4.8336020030402675,8.642056971134185,6.078851790228255,+
5.324649822396458,0.004621869248757768,3.2610544987880288,6.13116046339725,2.8232487328145184,-
7.872265086606868,2.4027265025678277,9.495339410658417,6.915367401780067,7.52005692017519,+
2.897525837788958,0.8221281265758029,1.7906199134328595,1.5017774935657502,7.3998162367320965,-
3.8279573890043905,1.8725130922837474,6.365055919868771,5.378076015109673,8.702837865636743,-
1.949215282033865,1.1658925202049564,5.734300122149781,5.214712972209317,10.0,+
5.690072449668603,1.8755471026728576,3.9539876327107537,1.7400718160703865,5.570410498184008,+
5.936993129695599,0.5178573730515007,7.417695264377387,1.877290389235609,7.333066253894045,-
6.24422331230749,7.842184091976282,4.251623700956218,2.548828901819805,8.677908170689776,-
6.431659678639099,10.0,5.432236642338012,2.9063492085733817,10.0,+
5.223250600936157,4.918337083161189,9.076105026171343,1.080693138394243,5.511957321486883,-
7.405128958388691,9.778723009339716,10.0,1.0841751248985965,6.584550638195526,+
8.878080440807407,1.7036189776406752,1.8337159289812721,5.495067614778257,7.768431670082281,-
10.0,2.3076424496274965,3.4078192187065084,9.213081165947749,10.0,+
0.03596117191683068,9.2531247833959,4.9545294711529895,9.173162108866691,0.5189255582734231,+
0.04178226425491273,10.0,7.048522330014492,10.0,0.31812182924730603,-
3.171931773218055,4.211342296009639,4.952668199904895,0.11678941497402007,2.5050408168497826,+
6.067407032351138,2.438974317896387,5.682136149393799,0.161007576327006,4.406860671432408,-
4.201845956435112,6.081780857134128,3.161752996346846,6.16138639893305,0.719850978123654,+
0.16118527551050915,1.108554509974185,2.117145801249215,3.0059655610293152,0.3428616353506867,-
3.0525775401522823,4.5975522633627595,6.042020880385008,5.956795245009493,5.404598690867335,-
0.9623497208935027,4.341971816264723,6.461747200133717,7.039619106774576,10.0,+
9.709119279419347,7.779015241608284,6.9666593766549765,5.336624306311382,4.851534030650312,+
10.0,10.0,10.0,5.9313113932353385,6.979749961406061,-
5.881038660519925,1.3549984140351157,9.574151370071695,6.71400058196344,5.904979373854684,-
4.394440304440976,0.3061392042701289,6.380282896280464,3.3752213391780463,6.628882126106808,+
5.795900634823674,3.0938298523646512,9.456567436382128,5.851746582911409,4.607615153848737,+
7.497926617969783,5.2661039540469545,8.388715702347342,9.986667902068408,8.300750727729886,-
9.635414512213359,1.979786082581102,3.539910536315781,6.609975541203157,2.6694924558930255,-
9.866540628873475,0.7385482320032006,5.06790215290303,1.3389613524112207,3.148523456505944,+
5.531507022640918,2.29685386332108,4.176863308417172,6.914828633972558,6.584548413116215,+
5.744015172858018,2.556821916842251,0.3479323803481894,9.418396921942165,7.476215518376842,-
2.5243027556977706,1.4218690895974695,8.93012831750282,2.902935374421538,2.2339024223482307,-
2.59627553448513,1.7580675368396466,10.0,5.27333086612601,2.4144869816203083,+
9.58621201517092,1.9357893669464232,7.335774877929514,0.39829973439385435,1.6112307879710441,+
2.3032374141453946,1.0223742169599366,7.247332482098255,0.2853716322066861,0.8940765812556345,-
0.05752534465953918,2.100790157853949,2.5054979253455967,3.2719697202813602,3.2449865610150805,-
0.061995617090695385,4.085399854922115,4.680062849563192,6.506021482883311,6.132834930695441,+
3.0217622888583504,1.1452725263083863,3.4108503865963424,3.810778560952005,7.072186251098137,-
3.6474267485776153,1.2942480857974186,5.616791656052894,5.101928556821704,9.42030776234903,+
3.8023059256324023,3.691559858038488,5.340561663288308,7.162506124344832,9.547226223999976,-
2.457836777159162,6.28649691901531,8.659244043930864,10.0,9.46402635386908,+
4.341835466064595,4.525550457173731,0.8180540098428335,2.2271089244592845,8.960034715945614,-
6.662024219025751,4.875189067071546,0.7446281337565145,1.7666859210741848,10.0,+
2.1151952005986874,7.02900816756895,6.7720593876777615,2.0807043999087806,5.251475952348992,-
2.3364381917222343,10.0,10.0,3.2143118365157504,5.384838422045466,+
0.1609566810059171,0.8360102041823914,0.37130825006892243,7.623202909951069,2.0518279365085137,-
0.031988306890286436,0.7762685181786597,0.25012779309049055,1.092053325818886,2.5680658345681358,+
1.6617771734732956,1.4187829698116583,1.1775841762950179,4.683967214638482,5.521460081919637,-
3.2681084653041075,1.8391983261895861,1.5893821688247722,9.071099572469294,9.436805345020508,+
0.8757067416506492,3.303193154755848,5.710746359223179,8.539966343849066,7.997742895400224,+
1.3150020081942504,2.7288325665547126,6.485283165909027,10.0,10.0,-
3.3276179328933875,2.461388812114272,5.037328938836332,4.259396155877571,3.7557681316555334,-
6.047754727481669,1.805004189958458,5.669874621828368,1.8470223694021313,7.44480124928928,+
1.0918887315420778,6.790530717583712,8.586649418214526,9.841475500257378,3.610056653220457,-
1.6239334750651695,1.4099015975797724,4.209820178935934,5.742091218398763,0.5589206744597826,+
8.560209650620456,3.9274692673784406,1.9689628226494993,2.270678584137648,9.124187854936602,+
10.0,2.391312943952303,2.4722906312463335,3.5557470583808852,10.0,-
9.85367229598507,2.088728245035946,9.749551123516772,7.009695117353393,6.087561544611772,-
10.0,3.5599890246018564,10.0,10.0,8.078670693194132,+
2.5457196309540486,3.6326789045298824,8.706409101329076,2.9656165720639427,5.349470531910803,+
1.7757269597806418,0.4783758530961825,6.740063661657746,2.2556786670690854,5.138974019342393,-
3.1715366774626466,5.87703574544102,8.612399938944852,4.74887998216312,1.2125234176921307,+
0.4169306196298426,0.9423130298032258,2.1971789569084326,1.9370373135317327,0.3233135813256917,-
8.679697367146579,5.1300173458039495,3.099443995549919,6.668264185979028,8.093908398944974,-
10.0,6.252724446724464,3.3257749799213974,8.394817433215254,9.13049248615184,+
7.063866221386204,4.386305821660778,4.728392428490025,3.333571971454692,3.7875152556528624,-
3.7978349764366834,0.751281672020509,4.6936692559236155,0.16664580734387868,7.302560082076605,+
0.6461951680665512,8.583171500016753,6.337435808680388,2.906735483963674,4.658865998805237,+
0.2633703231956332,4.390006682637724,1.60836789098594,2.198621481271636,4.469759890366188,-
2.3394959303272946,0.2976482183504203,5.079176132438885,3.540924616197474,8.952412358877064,-
2.809498128611369,0.3639906666394106,9.835356203939064,2.429697137587123,2.8177274877772898,+
9.540609259843857,6.27502333312362,3.3748803978999486,2.338373275484964,4.105361686825177,+
1.7650317752576827,10.0,3.9663700649627085,4.199640959356489,5.033455204714485,-
6.850667201393784,2.410937117899179,6.7401252599614665,9.145615558367501,4.197375433775431,+
10.0,0.00398161913810492,6.74501593563923,5.319022676894914,1.3336194412966726,-
2.752890917790692,8.990369635426996,2.9172295473922913,5.843783729404979,2.3596427380167126,+
0.8992331669226097,8.113906066802706,2.8550137709198826,3.327340097939919,1.7268701790468122,-
9.482369137624806,3.280942803329825,6.03074281483845,0.8413463395186438,2.911326507795726,-
10.0,0.5750848622126443,3.9868052740989026,0.6613546277967877,0.8927183634156589,+
9.777797239164657,3.239229890429086,7.028095852513124,3.708778624702717,8.55901577666385,-
10.0,4.254527298601465,5.891083673344003,0.13056485443359697,10.0,+
4.583214759213442,7.380736389790129,0.1448270668415763,2.519156788770557,6.844969900244459,+
6.6308909419222495,10.0,0.16880760560945676,4.337864623028902,4.915771146415921,-
7.899190523402279,7.583325346885354,6.049851725502719,0.8162540963881981,8.839036999760236,-
10.0,8.310464934894211,3.3928342785316508,0.0181984985308367,9.273927915443743,+
0.7639978609236986,5.590447401098309,3.4976561974249787,7.078441513931946,0.9195516243201118,+
0.4006039487999453,4.038132613290138,0.9911866150214017,6.18724153298857,0.7074162325029124,-
7.758742940403186,8.314272098220068,1.7058250276546472,6.210575086046495,0.547437096496669,+
5.329530578155142,7.286522939346615,1.7107274829867023,5.320169178992684,0.6812731927272985,-
4.943691362610823,8.757892836161004,9.365649632176876,8.05824714275767,7.115633267936145,+
4.093342351230203,9.679823263448558,10.0,10.0,10.0,-
4.921764859436147,2.248562988018424,6.618031852780892,3.7540204773901555,8.879712931233586,+
1.2423987628539794,1.3268224125019035,4.43740436572343,0.7589739038871993,0.9442971798409014,-
1.0167413817143112,9.931801275244663,6.826216889960296,4.2226821706118445,9.10924181135549,-
1.0372549823296724,10.0,0.9758530752695151,2.9661808261706004,9.399081198895953,+
6.682050890447158,1.1020838638356645,9.286547805748492,3.6151016005995418,5.9980559194745116,-
8.80671235723835,1.801129645743243,10.0,5.758195848941098,9.91403572637126,+
1.8277258831230325,4.758167006103503,5.316662516314516,9.697093978473958,3.1869558413645005,-
3.0037302260144085,8.960519559750296,10.0,10.0,4.504318106105474,+
6.431810311640666,3.318060634979126,5.368266372060631,6.824015645109512,1.130807334295103,-
10.0,4.98900349176872,10.0,10.0,1.8020357063381358,+
9.797984060420383,0.2637010356728331,5.857675066095177,6.816810081678112,7.094828016736932,+
1.525414242536448,0.21635443637954874,3.8990588613695003,9.776381899947406,10.0,-
5.897024831245289,7.126348185484881,0.7547924022499652,7.113205877470376,9.6941275247396,+
0.7081639166028525,6.048955640447656,0.551096616484759,6.011464887198243,8.080213098607416,-
3.795394467473383,1.6881309570521008,5.5495592911584115,1.8662480671447668,4.195954794677665,+
6.629385570731667,3.3146959512402336,3.724141070589681,3.2217566197276253,4.716980888423755,-
8.781064185807503,8.021241973205312,8.886321688170018,7.158262677806377,5.390399758209892,+
6.775534041928763,0.23090791904925342,6.707833698402529,1.5012352789069057,0.7492944550117366,-
7.727500170759733,1.369913392619444,5.311595080328911,9.011277106414443,9.705462325821788,+
10.0,1.861595665343435,9.548771335013985,10.0,4.469518168908098,-
6.180151207206363,4.170009786982631,3.7619172984828007,9.597041987924008,2.361898387824597,-
8.303776345307254,4.266398391002252,6.401703869024981,10.0,2.8082785775086103,+
4.262778000102536,0.9366020691926036,8.245692638432812,1.9068912010564487,0.5548883163077789,-
5.494265395115578,0.965591329830276,10.0,1.30414632088478,0.5388380771850476,+
