6.186545719892504,5.966587946059068,6.995117202647107,6.075446269705561,8.897454209534061,+
4.316140969122843,1.5840817417202036,6.433457706116978,0.2398016742644507,3.0033219262300936,-
1.8340124712698513,7.045497258362338,1.2489813275636652,5.838925126618548,5.052770944272029,-
3.43728638117268,10.0,1.441289854150651,8.231049686063166,9.916909892380325,+
4.655088897152187,7.280451588706541,2.5758333629922134,0.12214110025008273,0.5165915180427749,+
7.5208582746465895,0.7980086369825895,3.747730110301783,0.24066835964537558,0.6652551644938781,-
7.4001767886549485,9.216989491804345,5.340276084076866,4.748599569417134,0.3432456943680262,-
10.0,7.665717011225227,1.8302053560945115,4.6580230596850125,0.05197174229854486,+
0.5072110276149955,4.774660515174773,7.2250357103364475,7.852410843703341,5.45339467149182,-
0.3672971951191639,5.941409888306665,9.902538886254614,9.540603393846524,2.668826041967552,+
7.733980571472148,2.920729281130816,8.7939212829532,9.890130147970476,0.5146749745811041,-
4.600273766228354,5.606906942498785,1.583569717130694,10.0,0.6213544050973163,+
5.23103343678115,5.146727337322201,6.302917053194319,3.6008586088801007,5.72635050298942,+
3.8596831555762807,0.1550820045253255,3.7100581384579225,2.9971981734466473,2.416485657031867,-
5.195341988201452,7.905732783565801,2.3639795929185348,5.574815681245399,8.842973648210862,-
8.862399111846957,10.0,3.7636911966211257,8.713706483579271,10.0,+
6.71417137563302,4.691009949389395,9.453876100114684,3.4862459925742906,8.033725198610913,-
10.0,0.632688060052128,10.0,0.03806364208575712,10.0,+
8.575909301698863,4.717903265778627,9.506727104912425,6.490629878513916,2.692438486525406,-
1.7835342181844833,0.8142362854851247,10.0,9.066051898853607,4.696457197742296,+
6.051918442245475,5.24095359790886,1.9392446322651458,1.2873933367393386,6.949714794605954,-
6.291552507544823,10.0,2.2621179389634065,1.725781158576629,10.0,+
6.7127730693120915,0.05970466982633149,8.304503135124312,4.279927524628702,4.984364930437143,-
5.513582528244152,0.03808773113130937,10.0,1.6488232547585664,2.024149143874774,+
9.577034231682612,9.912161557049428,7.625611349523927,6.200089146834106,7.402402204266734,-
7.207216376996613,10.0,0.8997998642445976,0.28705946509364705,3.7551680835993015,+
7.283519486649654,2.7102578619533677,5.057596309388501,3.0063729224554683,0.8135613197638658,-
3.813211053184289,1.1136986713098056,9.134577013076752,0.10121381837299702,0.15474791240928273,+
2.9684071455773364,1.4267082328333647,7.238761103472199,7.79158043337548,8.430110749796947,+
5.74951843313,2.5954202047641375,4.559653708978499,5.719539488766856,3.9757953291157824,-
0.868728052773442,8.43556782436339,2.2058974417800146,3.066548731321037,5.5670033945874735,-
1.648350614822048,4.472152066966216,0.9047170308128146,0.6869074798055111,1.7696797699603741,+
9.261608939452527,5.280744113107997,2.01380362564457,3.5010054751300403,8.239019666608279,+
10.0,6.4910922957264665,1.624935026577785,3.62869045518221,10.0,-
1.8413535056440222,9.30260314313896,3.2691296255655833,6.786397923251366,5.224990775672753,-
1.744809874895114,10.0,2.429767285278993,9.944116860471532,9.662685584543073,+
7.313577886167428,0.24772596645471934,2.684712057991959,3.6981849198163195,9.244402444556355,-
10.0,0.3073021840015158,5.085574155070698,4.997659654544698,10.0,+
9.442037614670436,4.145676415642058,9.218762416335219,6.980478757987906,9.159625016428409,+
0.7435116668983164,3.2755979956090893,2.7972228588139534,6.735506600312524,0.8773290734242492,-
6.8773896536558885,6.106093656444333,4.957861267399926,6.321462083688214,8.344358458243411,-
7.957669007634026,0.4292777817323195,7.556121685267153,10.0,3.093569499231773,+
2.9170832740374895,4.415203260633626,9.95684816675358,2.9450274678316157,3.0291938772538183,+
5.134863685978008,3.892632959505998,10.0,0.5421048982400328,2.621835077643342,-
2.2166520865012473,7.405947274666811,5.217148226046271,9.34703009657982,5.679465406584404,+
1.6352506028228173,2.0477645574077994,9.963077587519045,3.130329114694966,6.971700767673317,-
2.2846099192115443,6.865593751470041,4.784338616856822,2.0682695381357052,4.929381177004881,+
2.3856641147202886,2.4357949860724224,7.0153417418073785,3.707568963470502,9.654971401862502,-
4.2675571359417175,2.9207472918131074,9.218147026566504,7.4595459979415395,1.7066776024807129,+
1.676632219338222,5.456030322369658,10.0,10.0,3.21280103085989,-
0.091430219114631,8.685047212811932,9.072381956740141,5.589856984231478,5.174404874695261,+
0.0967580800892306,10.0,1.1846216322762135,0.3291297276365406,1.1665199875429841,-
6.320448264099696,8.871532150637606,5.233371833549796,3.5023183662255244,0.5644847431587907,+
2.323041817758361,0.14163200150325297,3.898324848573773,0.13698501704452506,0.4745535834870135,-
9.773874530572435,6.100319827390031,5.391217191543895,5.540395856056225,7.519079235934236,+
10.0,9.155089185192944,8.243891744613515,4.748193719361988,10.0,-
9.90058776102435,9.901596245189179,1.643856601314091,5.744451757305496,3.939773077694557,-
7.216300558058532,10.0,1.852148358842441,9.967338135437085,0.15736005999222002,+
5.942626425732437,7.219384114262384,6.514626565629021,2.6807435223619,2.0272263511489195,-
7.971391484317712,4.16273836195248,1.746830380802452,2.5883734547066815,1.8201553944758193,+
5.15698214968523,6.214699339942555,0.4760342593778377,4.798518584368633,4.084971868672973,+
0.79464158895538,7.036678436096653,0.5812810787010015,6.70228268637545,5.448643281242292,-
6.91268736507427,6.417810476100028,7.746630878488859,5.217776007815782,0.6736166542245103,-
8.582686900970133,10.0,10.0,7.838271581900103,1.2655093844227607,+
3.8614609875681416,4.819309706123067,6.531859481678528,9.60548861402925,5.347979012218592,-
2.412941537991817,4.149841469223738,8.71521290252111,5.4448924942527634,3.187979516178057,+
6.440308542717287,1.9399470359355653,2.850116974503515,1.960215539568535,1.7704881839218756,-
4.953743925724291,3.1388647126065754,1.599663800598308,3.6089645076939845,2.703740334771134,+
7.1510097680125275,5.370158227249152,3.3862858265698748,6.002717123191992,9.553533907018316,-
9.941924442295033,7.350000151376018,3.682033497994379,8.905779526167107,10.0,+
7.735966649708991,1.7315687962755544,9.68822570638854,4.025399712674745,1.0613589333004236,-
4.11686765541028,0.04983949701432009,0.15709664364566736,5.861327262337799,0.34948106295767356,+
2.9835610530055288,8.244118835543437,4.687593456471878,6.8501108137984845,8.712467435353638,-
5.039683738390586,10.0,1.7012237096052003,10.0,6.049038533793445,+
2.495062889159483,1.0370504516598256,2.47382493348399,3.3099041091401182,0.9184241501169932,-
3.4046199831720214,1.3581593203919795,1.5155219188431541,3.5641206064492867,0.40423429909286185,+
8.872173950077226,5.282334867338431,6.429094283770441,3.9732918773794648,4.770078086731621,+
9.503435990000865,8.26028528577662,10.0,5.195908782167901,0.7448150134605916,-
4.96856775452228,2.5218902421195057,0.5428793263601805,6.456536387942812,5.675380612431889,+
0.36064672070177783,0.6411235930503336,0.7641239945994632,5.330372243238135,6.726616819740113,-
2.392271893148319,7.547897811125338,4.502774660185369,3.5454916722114946,2.9793387347375457,+
3.998422958454035,2.427140959110868,6.5763048085307805,6.055580815137688,5.300442534780295,-
1.321117335717018,1.9647001616686632,6.274895066108902,1.1174086252852111,1.951449750843458,+
2.6371397380880346,2.9650214314656864,3.516510503417834,0.3373148140094776,0.5161292732137382,-
2.5642794708882457,7.844924563154389,6.33349205759923,6.98964823722592,7.800951402372323,+
1.1926487925222327,0.09227734345422556,4.109678340426644,3.374311740735113,0.41555612022870664,-
1.013510938564487,4.195853112728893,8.021367080076475,9.021792894985667,4.587037444027934,-
1.1418095467122003,7.018420429934506,10.0,10.0,8.635992324604574,+
9.270730225283952,4.3657695073112155,5.367364660137023,6.358638623999098,1.972955627275792,-
10.0,8.450207528569802,7.031554041242059,9.505776407970865,2.715688889621233,+
5.829124665380837,1.8469552881339502,6.675879139172048,8.15445966169478,7.34489959348431,+
3.2001525162419835,0.704349937016831,7.920308744510436,10.0,7.199143354849164,-
8.171514860726466,0.794186066343957,0.5583792105175678,4.745873104964987,1.651093980050562,-
7.755903529102986,1.5418939262795102,0.7324390334909142,3.2008347843522746,2.438942485872986,+
1.9381135824995221,9.91028073431078,1.2933357508009213,9.908026716261212,1.3976519208175775,+
0.4565900734681243,10.0,0.09905706805158457,7.892833435878727,2.1975636252121706,-
5.094957581951936,7.62407124905232,5.878697901415436,9.088029850379941,3.358348927470316,-
5.611518584790068,10.0,10.0,10.0,5.247822556102734,+
6.037753789431744,9.680915125071362,4.021990299629547,5.774532620568985,7.6148555994312215,+
0.2680906485042809,10.0,4.72198670955262,7.3927758471326115,8.690327353805568,-
2.543365191131408,7.367075226731112,9.770031424330547,1.9883572653151793,8.319360152328919,+
2.702693935194265,0.22837789969534492,10.0,3.881869470647509,9.457380255101622,-
9.540692079417411,0.8830353760143939,4.345983035931686,8.426931119808192,8.229799872747854,+
6.164200652574415,0.009065394315401296,2.2902316643940868,10.0,10.0,-
6.31993404063294,8.755789141550697,4.792803671153138,7.18179579098233,3.3502597315720517,-
7.677858123471912,1.9775581126914366,9.179163417957856,10.0,0.1755958255941701,+
7.867292787610694,0.48469030951807435,1.797956781785257,9.788618816422984,4.833603997956396,+
3.2468121718348972,0.23284683499611197,1.7844350909991695,1.5939899823865022,1.0319411718036844,-
6.042921182146795,1.8438335588762012,7.877419806169577,0.4388218682866152,4.837487450148254,-
10.0,0.2839707106004078,10.0,0.6567576018627793,4.176538741589768,+
9.179578903370203,2.1124396940612877,8.828281181277186,6.247883191027405,4.237681499550395,-
6.308702077406513,1.101734065046707,6.597850766859161,6.159421531908109,6.552278782691414,+
0.8293425075063321,3.808157785253903,2.6896964255736866,3.737573403103722,2.9126809075139484,-
0.05445402305802589,6.320127453119231,0.5444828592836186,5.046296292827846,3.01869339904023,+
0.6847089315831678,4.512384641169539,3.937107635767092,1.6896338612011896,5.832321132526923,+
0.032983539338965175,4.325909628473043,0.86336079367307,2.483430016868439,6.363410697557829,-
5.01848458325701,5.448238906456319,2.9819656200583045,6.2173819544394515,0.4797357959045545,-
3.632993850529028,0.7377735925513521,3.9715555420386104,0.6077383187230535,0.04275296289479215,+
2.4322445684811766,2.7220338637712596,7.713711729925352,9.54460831172893,7.349468582679494,+
4.59080309297972,1.053758322305559,8.72973860740254,10.0,10.0,-
2.694873031798062,4.636914416867923,7.025756359421687,5.088689283309585,6.587131153614514,+
2.631093114515165,1.4374634958776833,5.691198570659504,1.4389394680175351,3.2229333138477965,-
7.850057300767574,6.114539020206227,0.6861827011029742,6.696702053991261,0.4988076588965906,+
10.0,1.5348666076408428,0.42158669656602477,4.252759017190445,0.531259899418976,-
5.101459346676549,8.32019421504915,4.1671756227105,7.299658060725969,3.4289055526859444,-
5.942000582717566,2.7593178205078233,0.3119352398670466,7.31221997137958,4.486044170021561,+
1.4618096160600602,3.2062400527010446,9.86014236168093,7.725753682159198,4.160217350688482,+
1.2075871972693355,1.2238629518385076,2.2039471026020494,0.18611762303781668,1.638494489056204,-
4.405648265475566,5.959556440659824,0.8451646932383106,2.497726149868884,5.241465281367982,-
3.386551570464103,2.171126167818056,0.09738248675272643,2.7144889446354146,0.2498618328211726,+
0.5262768990472444,9.372898337538324,5.063006698556933,0.7433762781748476,6.833748093792336,-
0.9904699229065128,10.0,6.743728598432937,0.9609646440763432,10.0,+
8.540877461965836,0.031870859112637095,8.412524085762437,0.10573845191420572,4.012919172973214,+
7.894948398443701,0.02078789198181538,10.0,0.15256563632718448,3.4005087989196534,-
0.07730334269686279,5.944785638952825,8.152054292819685,9.470980981508863,6.886857434288546,+
0.13041787640072922,9.966548335776144,10.0,0.37183027839358757,10.0,-
8.55018844490916,9.979746979657723,6.296539829977456,0.43571738316698916,6.031047396120462,+
5.742046173498527,3.4951626699569305,4.049653650356133,0.34984184119838074,1.0249408968109257,-
7.947626371201158,0.3444087657884076,9.162886747808063,5.903836924277784,6.653273463329498,-
10.0,0.22448078580026049,6.717530318864,0.7399493849387067,5.218788061339047,+
2.8289437546754392,9.417442931957915,0.1287808729370521,7.785689763682666,2.9929173540314844,-
2.3833200591135424,10.0,0.015166654850190905,10.0,4.538575899060073,+
3.2168568974846643,1.5215790416232577,9.863053689687142,2.6473930850168683,7.984588501597508,+
2.5855067220100714,1.8882964070808028,9.959008823240964,3.043157004275214,10.0,-
7.248920943069813,0.5722872404758383,3.2356091010641097,3.6158323203104556,0.7798244991762482,+
5.67763786844444,0.40770278080097827,0.636812095627784,2.6253014977102795,0.20404340239644178,-
0.6177973983006646,8.28914793861594,9.202161175504234,4.909188695502383,4.19394890839018,+
0.06668815698096599,10.0,1.6132203518058563,7.445938743767631,3.4165213301831727,-
9.976161482218387,8.129720257411527,6.266440033948629,7.820480706683889,5.082549307187595,+
1.2403843727104567,1.5868912783240903,3.1791658329998813,4.180514337383839,4.963244884669697,-
5.538139414341588,9.055973272662714,1.3593117818966105,5.946720248783709,5.115640360277524,+
1.312709835973966,8.348855246472787,0.29389774855590495,0.7457090190152256,1.9380149894164622,-
9.2326902065607,9.085616721656805,0.6044645006560823,0.45411094689887355,9.546279122658994,-
0.22723584651268502,10.0,1.0173617059825886,0.7163640373371708,1.5727295623732067,+
3.834080757146956,5.978099410957693,6.626952656841267,2.7522749311836825,1.411349918009469,-
6.221273209986891,10.0,10.0,3.763596625991568,2.2896020215990487,+
4.458040373609611,9.012414671507726,5.003609541479569,4.800602677962887,1.3633344314305018,-
3.4443654754490853,10.0,0.29876471824555567,2.4151046362725603,0.5707433143883883,+
1.104794382555817,1.4309774840296974,7.250997094387652,5.109372498821495,6.111318849219892,-
0.4529261229232107,0.7090064412851333,10.0,4.354148098095702,5.957486897173657,+
9.881417118021021,4.44944669892659,6.597435052944643,9.838298536998227,3.087578635304309,+
10.0,5.805760969877769,10.0,7.725808510103403,4.2329027684194465,-
6.844247311478541,0.6367080259653579,7.652018933444148,1.720464844319849,3.661144938851484,-
6.376693087292606,0.514180475043748,5.208057689845538,1.5426311675091136,4.472480664737655,+
5.975620636301481,2.6359412702181775,9.02741832132839,8.556844744926147,1.7498311996667204,+
3.514696720036135,3.1303915765521895,10.0,2.323205418373284,1.4322825556218515,-
3.104755391296843,9.974985978898944,6.670591983036724,1.114738574466081,6.814334680383244,+
5.639403635290619,10.0,6.82979551323473,1.846666606180718,0.5965597991615897,-
3.1264484931473815,2.2818466508154156,7.719521822602157,0.9851994668610664,4.957888799843184,-
4.727467174524202,0.7386996801425841,10.0,0.8132674728947726,7.767629999496455,+
2.8552806110738596,2.3662000171222894,1.9040712986184571,3.4792381488996305,1.4587259571695466,-
3.1926776301086623,4.390831926787948,3.2512968578589576,4.701657581004848,2.613068180214541,+
0.6757649996729165,6.426863957848763,2.7852644464852117,3.519181971673265,4.30528105225212,-
1.2708049636163263,10.0,0.8634955342495567,2.528311976285351,7.851138510121012,+
8.590559514160843,0.5497258174989794,4.413445578121616,3.1436354614370634,7.397077566410724,-
10.0,0.15499628662644804,3.551458323763107,2.8488022843350964,0.4787250225216297,+
1.78824175937494,7.189615115819662,5.925772504471901,1.3755338253094562,5.966576302772827,-
1.204264555278065,10.0,10.0,1.9266014225611907,2.567382435305397,+
4.613240843936833,4.563480933809796,8.785841057188204,6.206429157091239,1.3245007703610623,-
2.5025305022907727,1.8297083332149162,10.0,1.9533941882481163,0.6199088301061243,+
4.431323669064905,2.3299855137452665,9.570785489221741,7.805531282823464,8.165300609716242,+
0.49155762118622576,4.070729131084628,2.649983687842049,8.12431963825946,4.017945354386073,-
8.56151114477725,4.927089697130967,8.356464985323083,7.543667535754567,2.7007283298378892,-
3.582681699749214,6.6810667250997575,9.100536760490538,2.8828415532154046,4.802012781867633,+
9.926469050461954,6.755299095633775,3.854354092059112,0.4566349329434449,0.44079828136637245,+
10.0,10.0,7.670540969616926,0.24484826089811443,0.6991652352399844,-
0.6586984261162265,9.4830074860387,5.1524425476804225,8.50062536647834,3.07253264521943,-
0.5716932068409083,4.531181918828579,0.6113427535676254,8.336910046563016,5.64697981545886,+
3.527136103934152,0.5456964749349003,1.344949792296306,0.5444610267149586,1.3697258327805306,+
6.53936437071474,0.7236493039378565,2.3607233871253874,0.3457626464914767,1.4010928681644845,-
5.904804976965526,2.5699443996832914,9.097041626872368,2.4679401332947726,2.3463052956906694,+
0.07042936261445602,0.5976695112383378,8.90391150239673,0.07619694775051904,1.1198941254407102,-
6.404254871676903,1.8902715094656053,5.3726232536429634,8.353621985168168,5.858381003613239,-
7.166462963161007,1.9032141716468396,7.358500231437966,10.0,7.225854024142337,+
0.6679642051822743,4.7672287408756056,7.217204643146193,2.3316267274774494,9.065941456341658,-
1.0874416766987591,8.921790717246783,7.649043123371116,4.547115140819546,10.0,+
2.4499063142910407,4.813410335066046,0.014122672584991891,2.123133965947217,2.05584452315437,-
3.6889107856152794,6.73516816183953,0.0203866073910268,3.9892269356537,2.847158058293357,+
4.945492531044429,3.4735242252129064,0.2547129002402926,4.144703264327639,2.3894339165961007,+
4.315200938882286,1.029702991858246,0.05573414769724559,1.6809463202530717,0.07718841489922508,-
5.82100705626528,4.2773856334202005,8.642344012981805,1.0294343940047512,8.644858708294887,-
4.036457277045955,4.535399553444143,9.756639991413426,1.7483496503863525,6.342240887320809,+
4.347002622602654,1.1153801452143497,5.602224609632343,6.528234856711191,7.079927383518968,+
0.19615775754014286,1.8078418007001928,8.400723807150019,10.0,10.0,-
4.03925955899417,4.6273968287978935,2.7778782192760474,9.513661016426871,4.249805128311089,-
1.6115983501699833,2.7145861688679376,5.519201044862583,5.430970034924026,2.7124531429987857,+
3.288209916486984,6.934578537282673,0.41800935282403695,4.452134317638422,8.841127349767662,+
4.0703222217694055,1.3307744652699751,0.6507000528240632,8.681974423473129,10.0,-
6.424284068524953,3.6322786785714545,8.037071174582506,2.1168682824890728,5.265746238903221,+
2.0852630110400736,2.0136834152610557,6.451587771760986,0.2516157566095393,4.72431833520769,-
3.1421943192379698,0.5477553851596662,3.413814095647182,7.537315520837854,4.993889570948492,-
5.777799305600784,1.072231650178999,5.348899303050717,8.614410026990562,7.802849216392082,+
7.618056945640042,8.204336585809925,1.6651236723469554,7.328324680173186,4.835544899434911,-
10.0,2.3570135001343684,0.5861039515194594,2.3316201396005343,1.1033476579887118,+
9.505713173753556,8.020225304208354,1.0899997225695024,2.542392815388724,9.516031504436565,-
10.0,10.0,1.4160119867534726,4.675339839700905,10.0,+
4.338139674244101,0.2838195426576917,6.650096999495467,8.974674662612554,7.686187528430445,+
5.215539561367695,0.3882837952964539,6.877188133184394,10.0,7.457472687505044,-
8.771496771911096,2.324283612499962,8.695761742792529,6.373232735214955,5.093687278342235,+
10.0,2.3230362445528536,1.4787225002858495,2.9089849906154925,7.972507096080104,-
0.14716607555916306,6.624053145587215,6.050292746133091,0.20471727789963534,3.3146815032512347,-
0.1522915045737218,10.0,6.7813469086207006,0.1253757268477435,0.7935831120916933,+
7.901038958746888,3.5000470075397883,1.5203223763535878,3.4153658144884758,5.565323329308725,-
6.804989244092315,4.975017375565532,0.09840051919253288,2.3150680457845985,5.184444175312134,+
0.4083888206155162,1.9479320666239175,5.716536034748657,1.870490527972244,5.740049922285969,-
0.6691998989014308,2.449266211748802,8.285280407400837,1.981156212921288,6.903302287213482,+
2.926021159460672,3.4407914382633953,8.07648998074664,1.3865355414459835,3.675545197690936,+
1.2473866660732533,0.5064399395960337,10.0,0.02909820055356318,6.419155550717725,-
8.629773958170745,2.850308058415243,9.101293336878044,9.89866826597992,9.476503618330483,-
6.065396574896257,2.2693575063316804,10.0,10.0,10.0,+
0.3898511123250803,0.0016768325823623975,7.006972561792281,7.718703737000662,9.872394218189925,-
0.5356651190100303,0.001969823290525995,10.0,10.0,10.0,+
6.709949849370016,8.047324893040962,7.834868775990888,1.0915633001622038,0.09459840362543881,+
5.635952220138443,10.0,10.0,1.6979096044536566,0.1425695537558504,-
5.802158410748542,7.012380803767107,7.748741626089263,1.1849490429954057,2.352315998147475,-
3.861025968947036,10.0,8.178820008764376,1.2056205877853772,0.7003027598825116,+
6.724262603623815,0.6369758003142367,0.30471363911141136,9.6018703027388,9.555953676932248,-
2.02145173152223,0.4874925915503646,0.06417426697755657,10.0,6.060487954363789,+
8.709867270326379,5.250548968832365,1.100262786885856,7.371202504117733,2.1139940367414867,-
10.0,10.0,1.2646899120181425,10.0,2.154230278090695,+
5.6771923648674285,1.6017127733648895,3.2275320022343976,8.257683018544808,0.7807232415086762,-
6.767517255370546,2.1780089365766955,4.446291625325494,10.0,1.3098924110394718,+
4.993794383943025,4.741755321686799,8.0599155061898,1.816758737311075,4.356168124976132,-
8.47841554656025,0.46319613089352685,10.0,3.186052796321181,2.9851364600496444,+
3.8568822456453447,8.799647021615115,9.546926894201697,5.327549817389268,2.421467948460979,+
4.354908096754495,10.0,5.539456766955234,1.3135186983986056,1.2112820304144485,-
8.576170142789156,2.8776987733858963,1.0126267149980728,3.087026958405068,8.143187441631222,-
9.011289504174485,0.3975555017460473,0.17189988388448763,3.384434326021347,10.0,+
6.091493881026154,4.480534906370057,8.641572495369749,2.009256598457798,3.277208255158323,+
4.697788957818555,3.6513864279031805,2.172130741199648,0.19818671861387227,0.03180076482092137,-
8.282238577262774,7.08951270958405,3.3183765459660544,2.845300028252913,5.391701713520039,-
9.086401655208245,7.5720119172369715,4.613120458600215,3.815786640648773,9.709426185656676,+
5.10322173475015,8.11079574950248,2.89797425717526,5.862115798129479,7.3883643429251915,-
4.156970548126622,10.0,1.5190677998229993,0.560114503363161,1.2410363004705285,+
5.124105414924931,1.287452511474061,4.2773296936737895,6.331516814043425,1.449872298430519,-
3.701967644872456,1.7115676978311194,7.706345238288646,9.969127633044332,0.43903932425903636,+
9.202804021947186,7.5994888899501145,1.2249388084192736,8.859885639424705,6.239114475564575,-
10.0,10.0,1.8677958720754917,10.0,6.730635036025315,+
6.511023520864323,4.755689181780332,6.608872563803501,6.514140886451788,4.951722390359113,-
7.3579496511426905,5.008958983582463,6.641261049788768,9.266242760640825,6.998371362354259,+
0.6356717849035931,1.0590243128202348,0.8073042960773125,5.701811482539473,3.1518594822203907,+
0.5235719280558628,0.537385608195194,1.288621793899014,4.898871212004456,5.510566918179997,-
7.161197385936518,4.15919111639703,1.0398171627524389,6.536478686009877,0.20636452395136673,-
0.5394832864997056,2.1571611188008974,1.569638078213012,5.412063680958822,0.19958080273145762,+
2.65958128051118,4.248794551274767,0.9984745465888878,1.5618938361913215,8.344301385109313,+
3.0881940860922144,5.9203640972228975,0.020649691252782945,2.114477833413981,10.0,-
8.161382531782845,8.982844765223131,4.116986035092264,8.762783805035022,4.934993574656633,-
10.0,9.072348711408392,7.283596005012819,10.0,8.430553798433623,+
1.3618239519114428,2.0236348100593036,5.725138978116729,7.664116224721758,7.927199879455937,-
1.8864639116777895,3.2684562977143568,9.34149809215773,10.0,10.0,+
2.196280616981668,3.642033513218724,8.660292609247778,7.3353368342596,1.4740479986500765,+
1.4593785749613069,1.2043147995823789,1.1379102765323095,2.9801001588578484,0.503029947355996,-
1.6157053215745387,1.9899906050119698,9.878299409288806,2.1139958663911127,0.14196926616075745,-
0.36018847783596164,3.1442493653288874,10.0,0.574108046452792,0.28195025638382576,+
9.058829323976408,8.492907497503733,8.441492875713578,4.897958784484283,2.919186819868469,+
10.0,10.0,7.55534520560933,2.975572164481181,1.960473636356365,-
5.138414687446684,1.834888667996416,0.8361213148010516,4.301517949097736,3.316170842853292,+
8.328805784206098,3.2840664489073426,1.0852033274852082,5.415578968568649,1.6478608606371226,-
4.749259150704104,4.256060324456517,7.487974077357858,9.69051654856357,9.294583744850776,+
7.788287599529764,6.34510814064833,4.465643290776219,0.17164280032663273,2.8235964377575247,-
9.507685877108806,8.180905698724029,3.7700690316676244,7.433664367201834,5.680229683936093,-
8.21390726942922,2.033760623833345,3.1334308736452394,6.9802455192624135,9.59522796678014,+
0.3192307325026711,7.7580696084368705,6.28304524701695,8.627197949079083,6.307840531082104,+
0.5438439814591264,10.0,6.057126571073763,9.785254448303613,6.724073332602493,-
4.00501044550031,3.6798389436149845,9.510171086486011,3.4104201329425865,9.378030033340698,-
1.0812448404345132,0.9443894893858289,0.5229133365145435,6.1266803090922775,0.08185249347947011,+
9.020701471280892,1.4725311373591266,2.8289540339324235,4.154043024684887,9.836662114269249,-
10.0,1.679336882996237,5.096942089382494,5.263506115749557,10.0,+
4.3970354292978175,3.4699601119410293,5.472354571794006,6.077790008485602,1.0115600343790454,+
1.1309340387668423,6.191395354142685,3.100947616905461,2.186297035098661,1.2547105926352657,-
5.6303418863844055,3.0298007835084984,9.359562034963009,1.057401454436726,1.4734241029017991,-
9.932516468131011,1.1991893255892836,5.106979789408306,0.5330878692566459,1.4497160320612783,+
1.4063189344758553,9.259448331865045,3.0129068565348627,3.1884999358225308,3.771955742993498,-
1.464668498556231,10.0,3.034393056202525,4.791934423320566,5.744404883304609,+
7.7114858419020145,5.313521807397949,8.484403876037877,1.5576969211083491,7.169481124891068,+
0.17003739020237219,2.4272137377315994,5.848195306746211,0.8973303515303029,1.6929643931851421,-
8.530506667857868,8.128283525615537,3.9799203659087024,6.545605702188223,3.5039572594537916,-
2.042300200116236,10.0,0.9199327267488688,1.5317591183647516,3.0671621970165734,+
7.101856439299983,5.7024466065217005,5.122777188909913,1.39546559756494,1.395911563738601,+
1.3738728362073327,6.341084682894549,6.184815530897973,2.0961625124241725,1.7472635511864547,-
4.367194964554738,6.374006021845019,4.413013804056577,7.298594551939496,9.320900616473226,-
8.537377588016556,7.565034093196216,7.675424883392407,6.322208518089771,6.596136130554663,+
3.7422023808884255,2.342335720622055,7.097764081165197,8.887406630685637,8.826675501813252,+
6.79803989564899,3.527501751382319,10.0,8.850490041211348,10.0,-
3.6025910081999823,5.270381731324278,5.5844178162874245,7.125719053026324,1.0051969595461219,-
1.008713150163614,8.442296285081678,1.9913730736212505,1.6311038378307818,0.6418525124228808,+
3.4992249296492584,4.836119135970046,9.362211362950069,6.934977293194933,0.9153953931140746,+
6.66956637763697,7.096106696522584,3.2382873445826466,10.0,0.9814428847096879,-
7.48777084737746,9.55641163254576,5.792081621445403,1.8382345770184072,0.5024177287407627,+
0.44297216214507046,3.266053598688613,1.9135073220046592,1.5042351467805495,0.1645987635504967,-
2.534484918264679,6.028113719902567,9.507364941421955,4.588861845093454,4.8553907771055815,+
2.784854101989426,8.76061935504697,6.364685770200301,6.116236937652766,5.264401746643465,-
0.529086708730041,3.3581295470046237,3.930793074409399,6.420954718111981,1.2487685220005629,+
0.9931823708546772,0.30223866562056106,5.65945463089772,5.62562013206725,0.8256212127102525,-
4.72977230246877,7.328904036188416,1.972127381282699,8.648653177320368,0.9718914672960566,+
3.9062820092305475,1.5503554617132564,1.333449717526818,0.8513569654345408,0.5524906865432496,-
5.438569696981275,6.2959464789077995,5.370506300094155,2.894717829923187,8.353948429838276,-
3.276187996142734,8.503465801005662,3.7544872171797627,1.3286995704696511,5.220259634455422,+
8.129658044785907,6.746269891930293,3.3305556321842644,4.825996872576919,6.12697578918291,+
2.2107280525028705,4.945283092131991,3.034329431509041,3.476284876130235,3.208903819813001,-
0.605353347236528,9.578512698083014,3.236345994664261,1.7015665989823514,1.3267985423062334,-
1.0447493705481277,10.0,6.097192303559541,3.2015538980264453,1.5950594681467736,+
3.167055680463892,3.6687363182495334,5.929849697442165,8.783638668699025,9.954848359970665,-
3.0827608185019932,0.6058339813166684,1.95003486560962,10.0,8.555588698213056,+
5.961664308405833,4.6730600843918975,0.026132416704752748,5.5041996390537395,0.934616703219342,+
0.6762382047219555,3.852067632784273,0.03710326617520609,5.3188108818654145,0.9346376891548706,-
2.7358062545473985,1.6705325026108608,1.3669152286756225,3.2452786860277816,4.7473805105467175,+
3.1249325682726217,3.3370504383156976,1.3191310043895539,3.4005167561408576,5.876551491365379,-
3.5442041211894337,0.7825527516245478,9.60333666753032,2.8395738573384754,1.9437799621725538,+
0.7645507287357189,0.0027807486505420646,1.061104280507654,1.077253164573907,0.027205928143677432,-
6.29067583775817,2.2958394942958673,8.82490094870047,5.250440485560457,2.7917813664462274,+
0.9033335951245722,2.9820460049316253,10.0,0.5366908728809309,0.015369969127777309,-
5.663527663056911,0.8465077103310581,9.789595926233918,4.962039115981296,1.5123423596268193,-
7.085310193402374,0.9266626428225692,10.0,7.6796322942993624,2.793869006725735,+
0.056689864426681114,0.16528789699554292,4.831885346103105,8.40175726436315,0.6685145300577378,+
0.07062268804303559,0.2691760183607617,7.76706859824783,10.0,0.4758601117199642,-
5.552646700249869,9.720561242103127,2.054620480907391,4.18320475858157,9.676441451743035,+
2.659609877778822,3.8285415941982155,0.7381072264743078,3.8010016056797387,3.3340258107784884,-
7.385081481786338,9.331467187928727,2.0766352420094747,0.8398750092277796,0.9785796276627912,+
10.0,10.0,3.0340485200625364,0.9365006762243995,0.9220261608280127,-
3.810979876003302,6.201278703646543,5.475424586712703,5.217100195623904,5.208666128501955,+
1.4474867265386402,8.584389205578136,2.5836456911229395,7.311592800293168,3.2719625171751696,-
1.1608988926743657,4.929405953401532,3.677588998935004,9.86197636109914,1.569538256014561,+
2.064493259993168,9.624562475341207,6.286495642083922,8.116962860582746,1.6167706826108956,-
2.8443979916003634,0.09837263186524892,1.4750100961562962,1.0351431516207987,2.3756743015854385,+
1.717303923138461,0.02266953192548161,0.15757500626475063,0.2526708667143788,1.8902259373450792,-
8.863283812655961,5.3061026024524995,4.423837130416516,2.5428753751419633,6.853548728555104,-
9.140190463088388,10.0,8.41825562319627,4.332782298934683,10.0,+
7.038869054013994,8.044167077066387,3.060977216481895,2.6381267339822303,9.912653669300205,-
9.60349478644709,10.0,3.180198817510549,5.065149718927766,10.0,+
3.7677714877061574,2.644542844117763,9.61112635229006,4.642528671199634,1.4853666818487832,+
2.113996490139635,0.9192973476263001,5.840273346408021,4.049147551601035,0.6192592870485586,-
1.901397866464426,0.18185041031505977,7.71312354702437,6.536022334670002,6.4572833543070915,+
0.11922211825611015,0.3251816264434084,10.0,8.339386303368224,8.042836407351576,-
0.36114424955228874,0.05085245680847561,8.649646997214033,5.536211359874368,6.9920327200937615,-
0.12551023628883592,0.04396760674767087,10.0,9.318081056217661,7.564355783269252,+
0.5154207169755165,2.0659570986095077,1.6233983633601257,4.0704876743827,9.858234353970698,-
0.4469173314565332,4.094814061293617,0.4239176577253002,3.630775266820646,1.6052916748639277,+
1.2502076403410922,4.496013016152343,3.8941028001766806,4.213817539055981,1.247850620797324,-
2.2681783070617993,1.2641542572992461,2.6402635847586997,3.4231642637043587,0.5666212452145876,+
9.453348686383155,9.504296605951719,7.591457353954894,7.468342717735146,7.241982095730646,-
7.851197519197659,3.510938620127005,10.0,4.000932584696835,0.7789284603205879,+
1.3150020679986985,6.135220417085882,9.281095087617283,7.773269610308916,5.7434983817269325,-
0.8605573088322962,3.633226786676378,10.0,4.119187558880112,4.778098864013708,+
3.093257150574548,0.017378212858657482,7.896975170256464,8.470231784807149,8.498724306223835,+
0.12553070583000384,0.01137386232213916,0.3979902925633821,1.3539314006923753,2.098894258524019,-
9.102812300198122,2.55047149336177,0.4260476167055305,5.399229278915433,6.593656147058575,-
10.0,4.8813865255735065,0.39397980028607044,0.43125761919290634,10.0,+
2.0714742770375394,4.625768665621064,4.924733523472488,9.861104218404055,5.232331996509577,-
3.621574315484779,3.2559314687442025,1.543554705148815,3.246358076589986,2.226559993542116,+
2.775229123242978,4.927655658459732,1.921879062281433,3.9068508191313036,2.136327257745977,+
3.1968670145973643,3.206315283161735,2.336371704621814,2.159374398205773,1.4315761303048105,-
8.769296977547407,5.693204339720214,5.924463154051946,5.189554931605455,7.371257739659906,+
3.3149637642182785,2.9855879590532863,3.6622678898734278,2.8881315018409808,1.8186259536061424,-
8.992959456228967,6.852636927822679,5.959528645823266,2.3882312558853003,7.7438464344588205,+
8.94236420520768,7.901839762498949,7.843261183731122,2.4779828165826663,10.0,-
8.100601607482606,2.667338848499907,0.9434471075937167,5.381406717017035,3.4431263788622957,+
4.248530715220283,0.6900399833813857,1.712532133223184,7.7501557991393355,1.6721431743474005,-
1.1682202186137147,4.17885536154442,4.211356801522943,9.95706324446367,5.406204403767286,-
0.3275492235933127,2.4605832898872166,3.9357846770185825,3.5894007350321844,6.628377968276014,+
3.14862710680036,2.6137954438039457,9.148095296164767,5.70080127583517,6.735857094555378,+
4.8463848850211555,1.0821120517702458,10.0,6.48018706708834,7.234947079461803,-
3.3675097391733066,5.012464808291569,2.3390951323621323,5.237178560942493,5.051774951223896,+
6.3026720068818545,4.8691809646066435,3.6346698444341055,1.8454757973244165,2.5042536650680423,-
3.390890174715132,8.417206623867207,1.350010153405008,2.9699679767227902,1.8826265021716548,-
4.972170365855602,10.0,2.5459274768029245,4.006270368084015,3.628788160436375,+
9.989120057969938,8.562674457886857,5.846164714435113,3.5865295926733043,2.067626491847129,+
1.651198837924815,9.860169108086094,7.557556126276944,5.545158096981845,2.4683264688139404,-
4.626147856692192,3.124990380442465,5.502577751482493,2.3849867998749072,3.7239703518452427,-
7.32903068963499,2.334498483671759,1.360571072004315,1.6901687594704444,2.873396271849488,+
7.806260704746278,2.7248632027265742,6.9920111106264935,9.545463732553754,0.11097175838225559,-
7.415828570638962,2.29581564853524,3.2953184371348407,10.0,0.003751287807137518,+
3.3154122113705387,5.350125394905473,2.368360326263109,5.5164721148615,4.193360184877031,+
0.081241902785876,3.2877552363838576,0.8483881441108554,2.09907715054538,1.096516341124556,-
9.747273397676874,6.622074955066109,2.0910873706956035,6.134639787959265,0.3895275792884956,+
6.8411207930616875,7.45247015818523,0.08075116406240578,2.146182076284598,0.41171801796729357,-
8.98648634595793,2.59935315693947,2.1954965215255537,5.382457834005658,6.578057047077842,-
5.056165689808105,3.699463728612111,0.5618780167376773,0.053058805205855,2.8482915457823044,+
1.7380573342181527,9.939371219723878,7.5171681995408886,2.1626314229233112,6.385141859186176,+
3.0985728027539343,10.0,9.821321480066132,2.432991903167687,6.374037496714472,-
9.823086800480201,4.464341405714869,2.5338316081271186,6.768020982313829,2.1205312343321827,+
3.9408229035181273,3.6487170343377935,0.16574689731630732,6.234642011248239,0.9876457880028954,-
1.7460258835737097,4.093319081434663,8.38166030092707,8.476794207446593,7.079047586492953,-
0.1508276886291449,5.4154710590361335,1.0511895876780368,2.469780022781381,5.554387596424844,+
4.827519196818799,7.1553734287159045,1.5240271806367456,3.482390830905173,4.512746284348318,+
6.331141344686358,7.450082656429737,2.115605351640584,1.6476915164644277,8.322641261062735,-
3.309852622740339,6.63999451107026,5.947954849267659,6.206854320406824,8.61012061688166,-
4.2155619154598885,10.0,9.230615781786565,9.307175658477917,10.0,+
2.937615516737504,8.302616775534979,6.980314796143773,1.185953133711144,9.554764129963221,-
2.0965576454747175,9.174021029117114,4.079559360050817,0.7896149059048998,7.309584643257165,+
5.8124439620555455,3.000050676951691,2.348416815375065,2.5633032258910218,6.674748770575338,+
3.8919009586414486,1.5917468915794886,0.8467944246275744,0.5614239492133628,6.230690258847789,-
4.30449909271248,5.404997640206965,6.756410234429303,3.1562239484927113,5.111314900325804,+
1.7068667332366112,2.5267008490467497,3.5933525356354954,2.2636323885667666,4.075835578974586,-
3.1677927175826373,3.3991386973034334,3.4048067623154843,9.004331353966448,8.006186817529224,+
3.500526524678929,1.0219184244194326,1.022167886319248,10.0,0.38522101440080925,-
5.318405819376515,4.078490392861964,1.7020323491227696,9.20046405990207,7.437374975790262,-
10.0,6.892872707916488,2.744011499495268,10.0,8.638942581380942,+
3.6819785531583573,5.172301423577538,0.5491946589746854,1.412593882339922,4.035426875571664,+
3.6665452044650104,0.1401839373852107,0.4512420799033749,0.6657692479132823,2.7490432858970157,-
9.756788529251274,2.0447633204699756,7.92245322947926,6.2659198096100575,5.767498190156588,+
10.0,4.0814928485629185,10.0,3.2231258741064535,10.0,-
3.8285666856812717,2.1524020759002758,8.906806934350339,8.005223999310767,3.6474529152389823,+
5.569959881988972,2.730017664957261,9.411557756468934,0.35926016784697834,6.454885644634667,-
6.559054606652186,3.443935812136841,2.060482535906206,1.468746604894966,1.602446582673085,-
9.958235055604616,4.169764251327037,3.790165583453064,2.003272915911631,3.1908855990306932,+
3.045147584489394,3.8227791579819295,5.202562084253674,1.7479470154039656,8.381129783185768,-
3.4092703555173447,1.9693985370750315,1.1718643176006682,0.06998296866292916,3.124025684580036,+
1.1945103454783679,3.058077512690561,5.425114336411276,0.3948087460762839,4.639258910602933,-
0.7050540236110288,1.0830787437693266,1.8052251777385002,0.6926078473881444,2.332778074970201,+
2.8127010763636884,4.547394163723913,2.3227046381525773,3.933038540013748,0.3091215754884391,-
4.32264474715442,7.748264592040753,2.7148169972933096,5.0241359915925266,0.5392175613866748,+
1.2523550868292332,2.6809543214411127,2.761705521481862,7.422051183936517,1.9466705194959888,-
1.2764750184576767,5.305433216725307,4.407477708481991,10.0,2.31832328212491,+
7.919315362303173,5.656084074670776,4.593052949070041,3.663945349855242,0.7577924266652358,-
8.330968831155175,9.777820037309409,6.266704208234108,4.082495949755252,0.8457052177495511,+
9.93504535752357,2.6252351423026177,3.0076527153427515,3.2726707089113702,7.6282507174476155,-
1.6761216908911996,0.04738196439384699,4.006583249355037,5.759091071456752,8.386591770107694,+
0.6507448375166036,0.6474889557539909,8.083453168570529,0.47261417848743603,0.0679228421814293,+
1.2975843330382097,0.6491329821871226,5.247737014030294,0.8205610029049013,0.1010528794477781,-
8.093891827281423,9.652798880975102,4.791272281711079,0.41631772297521796,3.2641926809097543,+
3.340578046719525,3.0260777415555533,2.513444493145752,0.11122630293763153,2.9557959378436465,-
8.206216402117363,0.2826432110039345,9.184772679454385,5.876193490778117,4.860394598371441,+
2.51638208381747,0.4673989425953157,10.0,8.960433654057105,6.552087582707327,-
1.8996926529196312,5.470871386127842,2.1439773645584213,4.288921618911213,3.0125167240779205,-
3.59314281184352,6.845811214463337,3.432790051605552,6.0540620703865375,5.763009149609106,+
9.531288304589603,9.721627979136455,1.810191040711736,0.7121402653499087,7.046410681708302,-
10.0,10.0,2.4264937797950616,0.9024012588277694,10.0,+
1.2018019604127395,1.4026905952791158,6.726318234103204,9.483504907573378,0.035558441475384006,-
2.1222823086876206,1.7096820700127524,7.523609326524798,10.0,0.05009434500172921,+
2.063159692751,5.917647819368941,3.187103831352781,5.920535764142696,8.936566238879923,+
0.5901517489991941,5.677238492524513,1.853625975038011,3.898823967478451,7.439465406010222,-
5.257845418073504,8.371563537577222,6.447785970348211,5.3281338395975695,9.670260035301306,+
3.5644010552693506,8.159559232157962,0.04882737377512284,4.5056975736226255,4.502670338437358,-
4.520799262030238,9.730083016435488,1.5105282982171298,7.749794195155296,9.176780347955896,+
2.6344942700887977,6.2942666746792435,1.058140493959018,9.351396428951013,10.0,-
0.5777283864907712,3.234521748368695,0.9528819276553435,3.6659472696185613,6.695689726636225,+
0.5685470899462879,2.023118698126832,0.37733678548396443,0.7899434370559202,5.748093113919235,-
5.85057606675797,2.757425550222763,5.399610129721505,9.965803597904788,7.430288750045508,+
4.669898502104994,2.476884530973484,2.1289801027643316,3.4032231289649784,7.081327618723249,-
0.2110008738852709,8.153216929656201,6.693158078714778,3.379054467597713,9.150703951416295,-
0.2886536056863057,8.790302024116832,9.473703897060643,6.136431878941867,10.0,+
9.971823017126091,4.776525259250713,9.593767491915514,6.86729738486008,7.03758623026448,-
10.0,9.40829166314935,10.0,8.106700145095417,7.125001271151038,+
3.7871167315444145,6.493760081773155,0.4231980215163489,7.958013263322131,7.328637680029352,-
5.720563624346699,10.0,0.271839175677002,8.118798737928861,1.229849208862237,+
5.682629615314764,6.643052107574451,1.2377947421086943,9.314117825793767,5.161321206759491,-
8.303392889833681,9.160833286888705,1.2888149359906904,10.0,7.130317040419086,+
5.945442216861162,8.735506457305771,7.3335140466541,5.314659252394921,4.393866346628634,-
7.43535213783914,10.0,9.945115733442478,6.825382801252087,7.988944957312593,+
1.875659361348222,0.938825382375863,4.655327478273791,2.0350391271010917,3.455432382057909,-
0.9141788330519399,0.22949673110446142,0.8514108029889972,0.8800051179666306,6.226742559656205,+
2.1606834997780044,6.276410134028368,2.3102095105452083,7.329969499064454,8.40301356066217,-
2.8911216382581304,8.756639771695195,4.016080238294041,10.0,10.0,+
8.676840329434478,0.3163772109804819,3.3612838593062664,8.413806818466027,2.162204143295324,+
2.9007208911656766,0.3047902486449932,2.3849886436942267,3.0668532150054495,0.43928011452266175,-
7.004502827963266,6.776348859751672,9.373759772725256,5.766848782137888,0.8101124561327588,+
8.582648805295578,10.0,2.0623047092214684,9.909714254637446,1.5062680153478194,-
8.793138498568943,1.2390496929961736,4.676485656045855,5.759703398959871,4.669131184552036,+
10.0,0.9563194834796863,2.957199180246419,10.0,4.572110501117679,-
4.5137851647413685,7.696681034706349,8.188406129874261,2.6748852350447705,3.3964029479294044,+
8.984832260703351,10.0,10.0,3.422969540642608,1.6369034215987643,-
2.514575340724666,2.6238522568935485,8.097124173439294,9.3957463586669,2.0730865079293723,+
5.000232560293303,2.7354986775578185,10.0,10.0,1.1358776648709095,-
5.670211714912925,9.056253410959886,8.933180234580703,8.51151911513716,9.094065437572368,-
4.021382419729259,3.884192221975974,1.6480821715946148,5.139510962785674,10.0,+
0.9603935384946694,7.266897846169086,7.764493942216374,6.916324026730511,1.8725449301160169,-
1.4936177432233924,10.0,5.683478226867795,10.0,1.191283434126851,+
1.582307722450036,0.2949548297196125,6.737601193798778,0.3654069187278164,0.7442143333943874,-
1.9357028324095231,0.032495400067288495,9.757469297637627,0.5568288898873686,0.5343834107795659,+
8.528870742810419,8.983478087176616,4.133444838864425,5.030133112578829,7.652388407382481,-
10.0,10.0,5.793538189798635,7.681921803954646,10.0,+
7.865981436014126,2.9585575127938633,4.765137040628504,9.079347204729238,7.595045650326641,+
0.6054098292553564,0.013984693983711308,3.4647503817329257,2.5379647703533257,0.4706766576547378,-
7.38922849005491,7.0255737439457056,8.29316115601478,6.847366453233612,7.589033312257058,-
5.007688787897659,4.619586543230525,8.512167625674069,5.67546219826763,1.4386005240037938,+
9.47086810237711,8.069504930341818,3.0706290986965055,4.595534041450309,7.024456199832181,-
10.0,10.0,1.2424732670079086,5.365870940500582,3.427328575717763,+
9.619432320724625,9.857609358894644,8.4481768664919,9.14047624562303,0.03482462256975016,-
3.684389110585757,10.0,0.24755473144563925,4.109716660527307,0.009055066934437722,+
1.6486765505675705,1.231347867079643,7.965080586056468,4.16487543283513,5.647186854296083,+
1.1702652466420895,1.1848090543476872,10.0,3.812764040502074,10.0,-
4.035902571817619,6.526793973550422,3.818939754376122,5.7132924235837095,4.17552399984865,+
2.680810908241736,10.0,2.8219306130913577,9.53074024512892,1.155337053916842,-
7.507684635617969,8.151884953422675,8.708588882169002,6.299582598293334,4.829224253289505,-
4.978286119167599,2.3108410235798202,3.4287044361399497,0.33212192117778727,8.09245484181113,+
1.8920705736760968,8.707221769452502,0.4400876430720557,7.040347657432987,7.443994772535756,+
2.5247256178705344,4.698610300341333,0.31377833927614535,0.10046469365810914,8.312646558055059,-
0.3045035160933818,7.830714298058425,7.264466716739344,7.354617864534632,6.593695153994848,-
0.2673409848170998,6.210008774171741,0.0985360226090743,3.36212349773066,9.005201087134427,+
7.7832406555417535,7.652621011517179,2.5713553012242993,9.000187316825029,9.438947418665355,+
2.655874612354236,10.0,1.956725873062368,10.0,2.611494144426176,-
8.526052619957726,9.58854532299266,6.152367448914263,7.568292642282433,7.134526228853529,-
10.0,5.619493269081732,6.509867826684651,4.378263980109233,10.0,+
3.6920615237123577,8.252809800058087,9.860783744151336,1.2648558527452236,3.647991815298832,-
1.440750000282197,9.165615361011163,5.415434188972688,0.01643049051536114,0.628329377072981,+
7.5344661714808066,5.300833697326844,0.84320896098805,9.264500792839447,6.572579451481833,+
4.572289432339688,0.47953072191713797,0.2560581010393826,7.269848471263986,4.267073139660412,-
6.326814312663291,5.104998215167664,9.422046966664485,6.662306848843902,5.513912293504063,+
3.5320917886364747,0.06646286923484013,0.8707539360430289,5.312026704546109,1.5983404242277515,-
1.290018630224069,5.3209200659770195,5.912306637675256,2.038289894036213,3.951798559925619,+
2.043994559466821,6.24118884155583,10.0,0.3170850122990237,6.720370620705573,-
1.0355538850354495,1.2704258158625392,3.6117755969530196,0.09453855300779357,2.981056374127683,-
0.7923030411271014,0.6032425521934012,4.7705667576601245,0.15764441744446694,4.17894606717672,+
7.026276758844217,7.1558273853252485,4.35329658326002,0.588835200395591,3.8870554772297483,+
4.756871450651115,9.342219572505678,4.980346507691358,0.21351195294039288,3.218716095688214,-
0.10849641513689168,1.689927824236791,8.357817400419329,9.586438100303663,3.429916396241519,+
0.07577173450215632,2.794853385639786,10.0,10.0,4.725588330252372,-
4.069970075714759,0.31216334792775635,1.4572320889897494,6.301285285035203,2.9809078428179125,+
5.654462644820887,0.6054902847775451,1.8147734223365617,4.331863395084647,3.6509760017673467,-
0.2998204622277745,1.6416076851345873,0.30811394024859995,7.472362178162003,6.162762120726332,+
0.03604114282538348,1.1415750094894854,0.09157804980688652,4.5001697343663185,6.0366810910272575,-
1.4476730839671792,1.6896387167297422,6.310166257073215,1.2119384838063196,4.958857163324735,+
1.174327090514747,0.8822713426409082,2.4547254459107144,0.533278113694574,0.9257581842245217,-
9.196177067582509,0.07728399708955336,7.709799429595314,2.90553071528325,4.038473813236228,+
10.0,0.00528788703504838,10.0,4.640310492642852,7.145571005745744,-
2.2288408901929015,4.8853802801301205,1.2740202599803352,4.119678681845043,4.027362845890905,-
3.9855209790801447,8.365178233595456,1.523928414041464,4.1210312232299,7.070283534885482,+
8.545050438518055,3.2798771634991764,3.6100685658283127,5.420532816528921,9.58694231212122,+
7.573012974960251,0.4806224199672061,0.174173616067581,0.6918615933049159,1.2440087887574396,-
3.9555588916678364,3.1650746350838044,2.5962635993661767,6.229217700158895,1.880302014706201,+
7.086762093005566,2.6577913406690037,0.8354102760963937,5.445009634383669,3.282400456197117,-
3.236005043470983,2.8851531651187523,9.973361856806365,8.962839557630417,8.17295162422505,-
0.28801846274569426,1.8598749549915023,5.437232143291708,10.0,1.3377485351695975,+
2.7367975236640794,4.455674908311748,3.38447598826468,7.21544860581679,9.323699463706518,+
0.16335141530271774,7.048003585313414,0.25356876727766003,7.693096145029611,4.102213207378984,-
0.8947924923923856,9.893250766703925,9.517727446542764,6.614172752409689,5.28377519929729,-
0.9052429105744535,10.0,10.0,9.747095025698766,9.460870028937018,+
7.625558223936835,3.967587560349793,2.2402757586822952,5.5305578720195046,5.887239051126119,+
0.8091543632251852,0.8344371708058983,0.9308880849482113,0.9329350108869364,2.07579153859378,-
1.156878626350052,0.8912668116382338,3.4096802604169696,9.302784301163205,8.471469417857001,+
0.8505012190910466,0.6473400126979656,4.324625004863776,10.0,2.854936245449585,-
1.1556291123660711,9.926866349691156,0.6600214772404844,7.844634790900217,3.8571646211777844,+
2.03361396919897,5.034552650446954,0.7230293799838641,4.897896160246267,1.8027441235840582,-
9.512128771508896,3.9533317295326653,3.32602483168185,3.5422601075137115,2.252319465723651,-
9.526327621391294,7.406973207393573,4.745739870049132,3.6332218790076807,2.3827673281540447,+
4.826607817154387,5.463720668894724,2.446375309955889,1.8510702739827334,7.155121526132714,+
1.2180989831616778,4.68192546491989,0.13793698410463567,1.6716885324157187,6.772323739051419,-
9.96785541498734,1.7174556600664692,9.786400877803771,7.082654534552219,8.44300109577377,+
10.0,3.0364576589284944,8.915236538634753,9.46642900817915,10.0,-
0.3344888484374031,7.383178841722757,1.6370825490287821,2.9709164922226536,5.812232768246912,-
0.3203808975527215,9.201204724425565,0.6211344460017536,1.4346079082774035,2.7693038507468457,+
5.851289990366447,5.022678257274501,7.057613000222286,8.214435879099558,9.374934437395787,+
1.6733072545838346,7.204229766119004,2.708846648203651,6.607719478389893,10.0,-
7.632305532839717,7.46155500615448,6.536660012390394,1.0110036625663987,1.8740131804336224,-
4.917933116064853,8.900005282031092,0.4638224860999968,0.048201560196756345,0.9552546946307465,+
8.371724740750418,6.406821826220465,5.772480056516052,9.434110538582468,3.694495019715659,+
6.134096108815764,6.272444892802278,1.4301392541431606,9.29193446063319,1.0920973289719398,-
5.80796742849349,6.378447759548744,0.7420634280916472,8.388014154470373,6.438328390440439,+
4.357187555597381,0.017213138777098805,0.640715351536387,1.742546511152547,3.6703000757326816,-
9.261758324521836,7.684732691582232,2.819024555901536,9.123079115241515,0.4552213435478436,-
10.0,10.0,3.9757235438607244,10.0,0.510567541949064,+
2.7547656269343856,8.710397590105583,8.980224629792916,2.1312508484656,2.1602390017035047,-
2.8337056228489734,10.0,10.0,2.8019732702982765,3.8342947993638883,+
1.3767315349977682,1.4156819857322978,7.9057714627118125,1.6203445102130798,0.6148239560532731,+
1.0202372263233566,2.0814944433768794,9.837255688792967,2.864178045118866,1.0770607779794052,-
3.417800230680549,4.513236349845736,5.071714926517105,4.390084445151138,5.823992457748247,+
6.721007163960409,1.6922171438842217,7.108871511091289,6.770823852778993,9.983577589898031,-
3.706642055701306,0.7419091157010316,4.884295316067293,3.5699145558029577,4.641956402090783,-
1.3322188296072512,0.3896681648437496,5.240352312234558,6.961132903340575,7.3901894246891615,+
6.226010966434751,9.679077985991757,9.450069002331484,8.363482094337938,8.53433456653486,-
7.101771393647737,10.0,5.850767641706512,8.998195414434264,1.6755174349874602,+
2.181270594965532,9.454438659997248,8.56961749638701,8.425071221278076,6.539059666976682,-
1.47144069265759,6.976818353323286,6.511192396242305,10.0,4.987938365074322,+
7.227536784669475,0.625749186859601,4.659741561539326,2.1271633355586617,0.5111501212363501,+
2.5144348912144086,0.8826301729503608,7.737411323880313,0.7275027228031357,0.04993957523115529,-
4.277336590705384,3.596272981216606,9.60066663433176,9.097937614558054,0.5696054830072139,-
5.5675838764790235,7.009301628160719,10.0,10.0,0.6591378775600338,+
4.3132129498658465,0.42231661741347626,1.9009928987847513,0.29447194758799644,0.5494846257704489,-
1.4155363763921927,0.2225621467363278,0.997253280346139,0.0034119066739892795,0.6272285887669655,+
4.628303214825602,2.087319134445206,4.728258391004423,7.473477198544865,8.655929249046412,+
2.695474877532375,1.129363092340674,3.2793003874983992,7.156673518365205,8.171859716136561,-
5.770843727218573,2.562088611082778,6.628084653780273,0.27938819498266043,6.918040076926285,+
1.0190809720324407,1.9038925677848246,3.8251111811227103,0.1920458510404831,5.982014036737355,-
3.2217965135249105,6.872085073308574,2.6591744593142685,0.014967638286678131,8.128511258109583,-
1.525554064535603,10.0,2.555852194244922,7.761413040660038E-4,1.066698257040082,+
3.678276619363375,5.7382916261506285,1.538532235637482,5.960923034903791,1.9164483464050508,-
6.767417538412817,10.0,2.0708216738929512,8.55239579186215,2.9723493123631224,+
8.905892955230843,4.9451045918741645,5.1162910358217,8.395298609629517,9.889271621282663,+
10.0,7.500553455972585,3.704277564509318,9.671824235431938,10.0,-
8.017127851089016,6.6733770123192,3.3501802154020854,3.3149794768266005,4.109703288617842,+
2.437890533965661,10.0,3.670068172778914,4.033536530042067,4.802759548190683,-
5.448136066056431,8.031012157839637,5.308326724859274,2.0767154833719106,8.559707809906588,-
8.608507316505108,10.0,6.873167927721918,3.779665935645694,10.0,+
6.7094292682192025,4.603443240975017,6.642770284841864,0.46134555395367816,6.973634784480517,-
6.8186497232613315,5.638562044563469,4.904176298332011,0.045866276896152185,9.130499325009781,+
0.3420680243993546,9.19361941457552,7.490478990388216,7.639006071462211,8.334988034865848,-
0.6643732891398335,3.7221813962662225,10.0,0.014104630779455425,10.0,+
4.144689508174392,7.858656613964687,8.230512305244632,0.8288654367239401,4.1741617156053445,+
0.14531546849053656,4.425431968532854,7.687794244418283,0.6552711047207758,0.6050971595324718,-
7.5388857887388925,7.607298843573055,5.821798013976619,1.1149694149601597,9.722444842687764,-
7.940597607839526,8.932959437718454,7.721208940763613,1.818149572252794,10.0,+
3.873095185074175,1.210637492121196,0.826341730803869,0.2556957083076883,1.4794600988363227,-
6.379518039790742,2.1366728608753522,1.2002771843496245,0.29711867407524484,2.3989475569756826,+
3.642116746733551,5.045443204643936,6.922104142762712,2.9521687194597535,8.299496348136826,-
0.9670529332421269,3.718744898223487,8.207679680156428,5.4732267926803315,10.0,+
4.552102926383518,2.224659172550595,2.4952400641720884,8.727705881080746,4.571630037303571,-
0.9941085667735612,4.041147279533752,0.7351560289317498,10.0,6.926027499835284,+
3.3958767482757746,6.674900782801747,7.7819083951428105,7.229885181383833,3.8473527907972214,-
1.0749779383235762,4.812985828646052,10.0,8.727614620350014,6.812748091791464,+
5.957821543885347,6.673817731235091,2.184626495288542,9.718271386717978,1.279878592136634,-
8.485675989552949,4.910885748143239,1.6563917867148081,9.69802357845664,0.45518906271807974,+
6.743555836772593,9.555664150665287,9.961708111715824,3.0885455710983667,1.2589510519016267,-
8.357109318817091,7.377583603541007,3.57892902659028,2.9700305804675735,0.7682353298875136,+
8.846055529478063,4.05203019738812,8.559298679934997,9.232502738261537,5.670749264375386,-
10.0,8.00327213861265,10.0,10.0,7.913463605814586,+
0.5511561379159058,3.94850041618788,2.7145802377603268,8.154532591742353,3.5472938889169905,+
0.5943706052021993,1.95858288745088,3.20102243988785,10.0,4.042753550812456,-
2.790037839903748,1.6807723863354929,9.234530002314822,5.493131814132463,6.9695720365485645,+
5.3468674374806735,2.6632148423059134,10.0,5.293912217514351,10.0,-
5.94404979808102,6.738799666259,3.712010877783519,6.197800398049893,8.463210682723245,-
5.918749962284554,6.2281009502722045,4.023873787441525,1.7334934607163572,6.365251768373153,+
7.499790254353647,2.0594788230830883,6.17846376587202,8.055673593119309,7.250752558442778,+
3.70950018010446,0.9744067598606709,2.8121910748976635,4.8817811263593605,0.5138503900624717,-
5.334027699903308,0.3736687768654745,7.956676299590786,8.112370877690251,5.796124482087438,-
9.90115508978456,0.1729728245119847,6.8808859222667325,10.0,7.988798637399954,+
1.666011239362385,4.1388677121221775,2.617804167024542,0.5021059744136647,0.816263356108019,+
0.5539666161181428,5.749010824150553,4.157778560952458,0.34105859063905786,0.6202013795137058,-
7.198996844053941,0.761449282369997,2.436899618886579,6.96171868238433,2.252927687310331,+
7.5167274808113955,0.4664166652345325,0.5991719965818366,4.047068624323454,3.515710081901783,-
7.717867899101689,6.1434758631174375,3.848700403973907,3.4273682871756526,6.195451777578819,-
3.8730123312855387,9.371324716082958,1.0470330590647814,1.3058762605479897,4.772818890732044,+
2.6564270651927115,3.050369561173861,8.172428777855567,7.069699793790662,0.5452146204043651,-
0.04656581225565876,2.2272155964947546,8.484545876686015,7.849592613747964,0.6649632103640052,+
1.6275651058373686,2.5815321813922463,5.281280846430041,8.560686269307006,3.5875530391670454,+
3.184905726547629,4.592358058473212,5.568877142670145,7.512358598557245,4.598210724139524,-
3.5327345396028087,7.880388334404805,0.7245165549940336,2.248167597691375,5.684428983630328,-
3.0762339928219733,0.9215466381414419,1.2495918097322067,2.1395854915978534,2.3991187589539447,+
2.602862243500211,0.2829628181436339,7.118161254146731,2.9467599190508764,3.9334255331518566,-
2.542363177962712,0.3158907864107617,2.1696889929041103,1.7550180597873088,0.9302471466504179,+
8.329694786218266,8.743971480467964,1.3880336557466322,4.7614214978141325,0.4014692136681808,-
10.0,10.0,2.5976589946338975,7.183314519306538,0.5686945150411096,+
5.913727812883974,5.3511735549684545,5.907332385876548,2.3797455796644815,5.32033476388098,-
0.6168672993021551,1.563790924776134,7.732748687338225,0.07231938448886907,2.206636772943024,+
8.029077959373659,1.594394482364847,8.032240728077031,5.603214745084225,6.935011878828971,-
9.084923018346316,2.2648090165025354,10.0,7.259430874459342,7.7748828289878995,+
1.9619445380725808,8.365949581211016,4.795075642409239,4.736904464771752,0.782127283156907,-
1.8375914282223678,3.3720084017193677,2.803488983950426,4.093350096532941,1.0522364376650362,+
1.0917856007862792,9.666822899211049,3.753815494621864,2.397222999603094,8.12694883446401,+
0.5470728886738284,10.0,1.527353068510564,3.2460655416597968,4.104177918342469,-
9.032147306069707,2.6010883381277328,6.7776343449493766,2.385123377698518,8.842622081749806,+
10.0,3.8368670556601363,5.491290595968556,3.6584415633760536,10.0,-
0.888573363448879,4.770740187817455,9.144399451886663,6.609259128227737,0.6967667343798489,+
1.36050387601561,5.192333537837426,10.0,2.386564308036292,1.2989998694532825,-
8.29210100912716,6.769664273562751,0.5095084965844743,5.559274221459942,0.36048309046556537,+
9.788502639710943,10.0,0.58573319732571,7.944910333876331,0.18676653202797294,-
5.7713091133296075,5.9060260427445215,4.548910046195097,4.437406340415034,1.5215997321574182,+
4.502640333796927,4.973635507575665,2.6576959740325985,1.59369908236139,0.01017620978359145,-
4.706480511190768,9.148132581559944,3.9630699304479453,8.755715809395502,1.3290697313833955,+
3.054633687322076,7.087740833891679,2.4531876352581397,0.32343389308006637,0.14392025564651392,-
8.729077542029735,5.9531064943665,6.301251450598514,4.191127232647954,7.032681013923754,-
5.1671897697128655,0.5591929163292686,10.0,5.246960634842785,10.0,+
7.95499494084258,5.3660372665028415,4.554732918527651,5.536978353388484,8.106292949197808,-
3.1992018395453825,8.374295314264218,7.1501485094494965,1.2081257490362494,10.0,+
7.128432344187628,1.678850526933573,6.908957698084539,9.451024862971163,1.0180852087665737,+
3.2539285364176593,0.6011991411533675,2.4754392685451725,5.424356663845343,0.482424054239269,-
0.12002204860719012,4.76190674795407,9.207089483478406,1.641068106843322,1.2858077041954996,-
0.1834205677506865,7.3477304954978635,10.0,3.0094113799655657,1.4003846793917136,+
3.6146973483340172,0.6532804979401063,5.951095173283328,5.563475469606147,6.290695541770599,+
0.912789103108935,0.06607662948006152,5.498138394337599,3.2288311509403402,0.7092641941883799,-
0.44098010766716156,1.6173836853158319,4.233403877578682,2.412849164081522,6.854987046647034,-
0.3494084987616907,2.2570942677042405,0.29379793826938577,2.3356146711209766,5.413643461226222,+
5.835232765252738,2.4422518787870784,3.340659140975466,8.487864691061834,7.151865228046709,+
7.086816754723807,4.768058457405538,5.748511879486858,7.239631524898976,10.0,-
9.235006386896917,5.106553606553534,6.455569459711481,3.9817079173230274,9.26228957823502,+
3.9593424069163174,3.9581487918635236,6.312369456291091,0.4658930865342541,3.185561225569046,-
9.724438465822685,6.642745782929951,0.468909609635908,5.937729261713221,1.7894418199604922,+
3.139032895629921,3.2381580853952774,0.3761277728235572,7.180354522974046,3.367389173217103,-
6.362214143352265,1.3066978661638473,2.3135690805967246,6.0234925239528945,0.816456480917942,-
0.6645496939234875,2.1337068463573727,3.851872267098149,9.474257465704067,0.006416084774174219,+
3.8788478303125054,8.28743012171577,2.313368494805231,1.2524870022408796,0.7114209149230977,+
5.725218985327374,10.0,3.659122148191278,0.0673213739466814,1.2855562788626569,-
6.469582888630827,6.871817232104881,7.518994326214462,2.9796448523386854,3.7634963171349733,-
8.563812744440977,10.0,10.0,3.1661670707949323,3.943997643001994,+
1.6148527770174792,9.498716475865262,1.3751417389851273,8.629201682862343,5.219343730774414,-
2.590508420501148,10.0,2.670990921127325,10.0,9.160173003959747,+
5.988856880905349,4.8051707385873454,5.090763753594003,7.5718069215038275,1.2444457562390554,+
8.737147024510861,5.864180871886902,8.945360276238043,6.425222809473089,1.7342007275115745,-
3.9522983361826736,7.352757782314816,7.787141725701524,2.9706546693552296,1.8290573266259458,-
3.9518801409517965,4.342182238483672,9.860618081253637,4.007117081438157,2.5025356353137815,+
5.1911553500877154,3.9504776004678277,9.869347433229596,8.595283082405569,6.854001717442033,-
7.611494727603129,5.501539146388145,10.0,10.0,10.0,+
2.9679387349768502,7.31960329669554,0.03698434275563378,6.915879499704287,1.344421204499583,-
5.179442951348045,7.832944395024217,0.037509433150455004,3.7503278346546214,0.7856735424092683,+
9.886888421328283,4.835018109761966,3.998145946514282,4.958303497220635,9.277997398022858,+
0.9984829803423996,9.627156538993377,6.562341463157404,9.518511623727278,10.0,-
6.352030493468152,8.863576584567868,9.208637342261989,4.94651805737163,7.734971086425304,-
7.946194709549219,7.4821664620694195,3.8361774895465266,2.445046716408305,2.1469302766662883,+
6.353453188925807,7.71068387068466,1.7686510342606199,3.980269763230581,1.7489884357749719,+
1.08435566063764,1.2974999549573438,0.22028457700916726,3.340750281308009,0.5066123334755237,-
8.688632628401203,3.1041577863426006,0.2946877553686067,9.417281810635183,6.245664247323698,-
8.47898079621077,5.946776132405052,0.41224528811621153,1.4603084054575624,10.0,+
4.218308869710391,0.43936108514630035,8.610768104034562,1.8796297051947641,2.971027896997094,-
5.154380967444183,0.768883791086977,6.604941767035201,2.387368112561655,2.349141369742432,+
8.003109405937675,9.526254322221197,4.656117869721378,8.572949850658901,4.951376548458438,+
4.350804220071263,8.991888073248935,8.760854019726093,0.3230211455680606,6.810310502163039,-
4.39412493032339,4.252123229282018,1.0745376827148712,9.162368066415095,2.7120041244531965,+
7.460460919984979,6.043602342800704,0.9860441898954744,2.5529364429430284,2.024470781550495,-
7.976551912884742,7.723314077231111,5.807337212825235,4.183325856615308,6.801000113997895,+
5.428242402860429,1.9806441322808201,0.026181050933926104,1.8338262596381847,2.8741110392096307,-
2.766472476498767,7.161458221307205,6.979284809206199,3.9197713188508896,9.89507254756166,+
3.7553144733497765,10.0,10.0,3.139477060696883,10.0,-
0.21511160423260955,4.153318113857094,7.281296026836596,0.8381294658710692,0.3750386639031411,+
0.36415162893914144,1.9468877908950621,10.0,1.0729857237606044,0.3784135518229662,-
7.745519720382321,0.5190142010133159,3.5178581368354465,8.380330699943617,1.3996170679443631,-
1.7416005528545246,0.6640533300428875,1.6758210586955684,10.0,1.818530477501014,+
0.31739921462172416,8.787281080749423,5.636786294941175,3.7861449874593656,9.176503311217845,-
0.2975439787540999,7.875805655748363,2.4930632180792234,0.28887060480150745,10.0,+
7.024044910309466,5.745539281750645,0.47175100528403013,9.006686971880184,3.3855665233833987,+
10.0,10.0,0.24096040670685703,10.0,6.136105880978694,-
8.83355890129058,4.4731062925043386,0.42382087850668326,0.0010396942687895816,0.7697957963335456,-
10.0,5.771386656683872,0.5708716255192355,0.0016275818109586185,1.2986588191031274,+
4.316902577785317,2.6863784710350824,9.084827268412642,7.133547130820182,1.8564598736702287,-
4.37271502095079,4.4320938976518764,5.230006224890966,3.796504146844104,2.0311416810941947,+
3.4713598828627665,3.3539237334522456,9.643665911003325,2.64942753360868,8.639161965053244,+
0.627591502693362,4.82609175281386,10.0,2.0019405614854686,1.427429085665089,-
5.148375428191674,7.060201191918866,2.8599897715743197,7.57727257973673,3.5332898048017602,-
8.615503527637872,10.0,3.315467055941964,9.362750819947705,4.222799411381223,+
3.2311548669412127,3.4567843355496217,6.347539662658781,9.238594547014495,0.061107743784217794,-
1.8685739361874623,5.656150357423861,7.914166267846774,10.0,0.048181146739699844,+
1.5376010252219574,7.860937083224117,7.805054620308939,4.8613739358170704,9.089116593770948,-
2.8504608904604707,8.917356028484242,10.0,6.047862930871215,10.0,+
9.684715021600457,3.3619332769897747,6.473566267770271,7.512078050044179,8.989244836237988,+
9.534511910869675,3.5497526911142154,2.140262830946019,8.653132213246941,7.872569449297731,-
9.060096588970016,2.48013350760103,5.512967649106985,8.984990304534097,9.701894953172648,+
7.125549515687251,0.29793647753604585,3.164929693103225,10.0,10.0,-
8.38814423015991,3.7647046056783706,1.1500794054436225,0.9349906772346406,8.717159468554676,-
10.0,7.471218036211729,2.2707358833078866,1.5677353028005645,10.0,+
2.860805290882732,0.07207463319180762,2.6331443079359906,2.3010232867202696,3.1262934344015436,+
0.14392114676817547,0.12609057425850476,2.287776518089068,1.7224378662529023,3.555308995358214,-
3.276312976185004,5.679697134924059,8.378655098366927,3.87787847299784,8.501826348228027,+
4.680280773966075,9.466536136457162,6.811766375823521,4.544710553159252,10.0,-
9.194947082600184,6.079973952399852,9.525308498900948,1.1882634607773657,6.874935352923972,-
10.0,3.3802057995695955,0.6427596358615614,2.216405276758833,10.0,+
2.599738128823806,3.288240547664535,8.177788274761832,2.3725466390096397,6.491092666829053,-
2.8098157325448163,4.233189853628081,4.34164206942511,4.355603028771133,1.9267133371878478,+
6.866440108312812,0.4509537249136941,7.0601571745643446,3.857388690549395,3.1548846920899143,+
9.970479078191307,0.11624461654718964,10.0,0.7771838594267306,2.8750564085826382,-
9.22661732128492,8.217007166307864,3.0615450300574585,3.406136975469071,9.571256279237861,+
10.0,0.03104390084978436,3.2893916131874597,1.6908662927056828,9.24876764223176,-
3.171989487522354,4.410192393815231,3.2650977702993575,3.449136988700068,8.633826315265033,+
3.8928431528802325,5.881788911887728,1.4672855982733837,1.2616324874419274,5.63559803426711,-
1.8811128896015583,5.096390363902692,4.264865280865858,3.5821679311089216,8.90887115015653,+
1.0670498855648212,8.951708726997559,7.84206112316933,4.956403803887455,10.0,-
9.635021621070157,2.300889778491153,5.201734401125514,5.73428097979048,1.501837256962657,-
9.606696274766072,2.034129432213144,9.234899162882746,10.0,1.695241442279709,+
6.355936560560585,6.01220369117799,3.809795353992077,2.802972104590115,5.219228638495785,-
10.0,4.5259948483457,1.2066008521870435,2.234910591936467,2.627079519266663,+
4.507134776919194,0.42838197582580784,9.735877638342867,3.6364826808179815,0.8392224977194174,+
8.825146410223798,0.7923121550145914,10.0,6.804955781207331,0.34199059926146047,-
5.422979299636177,2.4678674718262297,5.415412842531483,9.811919417240581,1.0264324222841825,-
0.7406292401937831,0.8936536280825172,1.1535084261398216,5.275075152791045,1.1267496567571804,+
0.6872626145080873,8.17522472807785,4.493429320791571,3.0322938596541293,3.130924256469515,-
0.687308182989047,9.139323721958895,6.410019404769761,3.645540976767445,5.60953236847583,+
2.1354695604790317,2.633065595906566,0.5844524503045523,5.171262532546994,0.426689975976996,+
1.4763112228154458,1.3597873637119706,0.815659229566945,0.7896377521576973,0.566148206608179,-
2.282063585685216,8.978246370513322,8.267753542427831,1.5895933263193995,4.26239797055688,-
1.0291456446035219,10.0,0.6362714249501925,1.8292070386841117,7.62112967633198,+
6.7788689771424115,0.004318178866402622,7.039142966858169,5.738703045808603,5.948649354566521,+
5.014490731643831,0.008536130462318547,3.518118069619191,8.369216727014043,5.417522726530215,-
0.6488067170819478,2.454394727247875,5.796005468690515,4.851322927690944,3.05205621436473,-
0.6735017914899976,4.660184708557579,9.036894880395288,7.828371688279027,3.264337340703548,+
1.0532502381498077,9.36485960007373,1.827141890872389,6.16248492441203,2.208950648372565,-
1.0500276268872415,10.0,0.6684122391108672,4.390344540000841,1.3780577685568982,+
7.057338700947494,3.8819573092222956,4.2881581139477065,1.5274437670476637,6.42664706253429,-
5.794723569428999,0.29311919210227816,0.925897686680893,2.048622184439434,4.63913037220181,+
1.210559881360458,1.8337185882516005,8.588635974673652,9.470576334885838,9.22802591866635,-
2.027252798698614,2.3897941680649244,9.639119694156681,10.0,10.0,+
1.3578966367434842,5.226414877261813,8.323194077154184,2.38656176595601,8.335167131459386,-
2.2313718309032495,9.049305982955344,10.0,3.3471615143138873,10.0,+
3.4374141984776796,4.132083878987466,3.4550980432174425,0.1463498982939948,2.0319069286634583,-
5.541104932780544,4.168878022712983,4.858468915643019,0.179270436520841,2.7433106225101396,+
4.7576144177645965,3.3551066083401224,0.9457607298103898,5.257897233484806,4.116099878602605,+
1.4672326150379624,0.2167257207774214,0.036730969958972376,0.050766644945720106,1.6983322201773896,-
8.268328216645731,9.351150807109047,8.544146638275548,6.123817361972116,0.14817848579237958,+
10.0,4.390698647181733,8.942863718161558,2.1892491651348944,0.10885851796625436,-
5.634168434698893,4.293973707276423,7.092032576563382,0.815442434571878,8.768836812781357,-
10.0,5.307945217930776,7.412941956415778,1.5344999859439772,10.0,+
7.888591726895883,9.53645601364315,2.202315220247301,9.058292647009042,1.2402644960664455,+
5.737329509150426,0.8897306518414341,2.8699379057482535,10.0,0.08048487078832418,-
2.496988393920687,0.007637812943472877,1.973807040848986,5.329184735876975,1.614724811378856,+
4.398112025151944,0.005933204815418718,3.929757392911176,2.4051134067710334,0.016243251617925215,-
0.6699492288516173,7.44263045328223,0.28471221307134753,7.196683027590696,1.829582289301035,-
1.0930195800317595,4.9028143757812845,0.46130894338704576,1.4081332120750452,2.9973894206368343,+
6.166326798362123,9.619216961326082,8.92719132736303,0.784928825595973,8.640713995980018,-
8.974676067575784,0.5903840063010659,2.8098683749330795,0.4389680930937876,0.24404541003921762,+
8.518837518921982,2.7312185062095464,5.860098185607393,8.853768454811936,7.64428572334685,+
2.3682113472265374,1.195976116120563,5.211372673121506,1.086005002713257,5.09627978043755,-
4.64530056729666,9.078629980995455,7.753309285209183,1.2223006925901259,6.435117630146273,-
1.1132552252487231,8.368964151400721,10.0,0.9522186892443867,2.0186350171729575,+
1.6719369198374379,1.3904161384399794,1.1837954379378801,2.761250295875252,3.307206769344609,-
0.830147191990131,1.230292241964383,0.6395285029807841,0.47710165315721825,3.695573039232484,+
8.965527717732249,6.0129977826088465,7.56607297063265,8.252586288206459,0.3163226097379579,+
10.0,4.6144040533902615,10.0,0.315771242248528,0.2822762099360822,-
4.807059542417159,6.042868797885179,6.971841362473871,5.673508033704911,0.7336233168091288,-
6.4595461364844615,0.7473350128720192,9.029773568290443,10.0,0.21842694313586034,+
3.929575243496146,3.5243050965790768,0.3081175705589323,1.898851771440031,9.117938939423617,+
3.8095115684538663,1.0764604983814652,0.4642548963969397,2.9662846588002756,4.174935546284366,-
4.148573877925433,5.458810183860123,5.838634616176501,6.513353383794889,3.9831758541797315,+
3.831087969247415,5.3710444483528095,4.73069086988197,4.22427042152905,3.472893818988027,-
3.037455334658712,5.860881093393052,5.360428230490984,0.05910867389217089,1.449356723925751,+
1.613077603504125,8.532047236886063,9.67298413252481,0.08876874998784591,2.5505775472190857,-
8.836752416906124,4.553537919026976,0.4557182776990132,8.82267941468276,7.61648281837844,+
4.579186151742378,5.818688506722695,0.5189982498106158,3.194953909982233,0.9423350695516556,-
0.8032840035236233,2.1803731922386604,1.42072542210811,6.886564647647506,2.4553780511240717,+
0.9321860102515335,3.7306781886347347,2.390788456367144,4.862562057681326,4.3631972592765065,-
0.33228525533068765,2.97563236334186,3.500107657225864,3.1131483785003766,6.545056199343886,-
0.24832647875121813,1.5068264426666715,2.1858673412736027,0.7867308170734615,8.827578683516396,+
1.4337802476480932,9.489124873372639,2.5622006324921265,8.692827493311377,6.107465352997595,-
2.1387853371720724,10.0,5.0953097960291105,10.0,7.396952939001091,+
7.161273054100996,2.3385300815141488,2.0309850172299604,2.913916868295132,4.250417643611888,-
0.8164731393716159,3.4667267616032738,3.590819069711769,3.9980929289552773,2.398842221166472,+
5.464644968268978,6.989548533286732,6.9728513965494185,6.18518892698929,3.4026912143816954,+
0.9152177505240565,8.445622334344042,0.05894003226103945,8.231692120700798,1.835758612013378,-
3.4794338443281516,9.08451571193732,2.947433186349888,1.9772154252659024,6.895760131193477,-
1.7111167547517079,10.0,0.6095834704980452,2.448597042982112,10.0,+
1.837333062913381,0.41650927381168823,8.974052994993952,9.909534491795561,9.403320412240419,-
2.456668998234652,0.4406647586360524,5.8173364959094025,4.389432530628811,10.0,+
8.954477963982661,8.53061938183617,0.5121904449791215,6.259360278542964,9.821881347239106,+
1.1877987929548297,6.117062691710595,0.33343637586177904,0.6602595942058114,1.5046820021054603,-
5.259341192096066,2.5085590786099967,9.318385558615937,6.201263894329286,6.717028203569194,+
7.471377653163689,2.637393832342803,10.0,6.69938097203328,0.5132076413440345,-
9.232363928547269,8.127496803309171,7.538858072757421,8.288021459609054,3.059159685562877,-
10.0,10.0,5.105632610548587,6.554963783153339,4.409897048402423,+
6.824018351385974,1.8618226056654996,6.241339165061332,0.8489599598609643,3.016077880452337,+
0.12331060652704641,1.742809820549396,2.040839792961184,0.2672802214338456,0.16022643402081044,-
7.046914450088283,6.384423906916663,6.718306491278102,9.019784138718776,3.822120552348264,-
10.0,8.578377307623079,3.745825164997936,10.0,2.8669442649815777,+
0.9529956127579386,7.172987133728399,8.981037287323867,0.014699713512443813,1.5618605114724216,+
1.811426676575806,5.1286176693123675,0.8255757003491898,0.0053058406188837256,2.788553870721529,-
1.2217811366856768,8.556038566562608,3.3592086942329513,3.674651383708516,9.000443028735596,-
1.8991812346470425,5.02901378708437,4.0070437943356625,5.05863382462591,5.249917004402107,+
0.6562353309728075,0.6232738474541111,5.18105901537628,5.634654239230288,1.3750087609169004,-
0.5631991648496859,0.8956759486178544,8.912163444358905,10.0,0.37447697969435856,+
7.862505747627868,1.8386242004066888,5.802214107843124,9.261384634514396,8.740951422854126,+
10.0,2.7695712076924135,10.0,2.723069743579089,10.0,-
1.061165420197887,5.173114591218573,3.9537673321863984,0.7781818191464762,4.811308354968241,-
0.6165475606310143,3.6497251510109034,2.9725935687485308,1.3263757567638992,0.10146414134437787,+
0.1437581179652625,8.871173805900547,2.847770130030386,3.1198248410888563,4.616267198909457,-
0.07967072680684226,9.924623361805283,2.608878075740449,5.1926118084556165,5.799317302961744,+
4.6923330352602886,1.1889479307807616,8.347222283855286,8.728169967539122,0.8792421515943805,+
6.424072561791042,1.3907204461070592,7.2924521177108526,8.744209109959396,1.5755796602214263,-
2.1391183235373736,5.2386833333003,4.973070134151954,1.4428656056995193,0.8996663101374824,-
3.9856243499318396,9.593664473226447,7.325904063750266,1.6264408340679568,1.038929936329033,+
4.789355498778849,2.5998647635916416,1.195498724164985,8.927285574820507,0.4317748602776361,-
9.364521434162551,3.525191830134382,1.510623936806667,4.199042985735986,0.08601182320703753,+
1.035128299190372,9.285474648722243,4.011354820055547,6.1042278264981364,4.108422367710361,-
1.9750254692322633,10.0,0.12930764718277094,2.519600062822472,5.908771411354478,+
1.9165692328079875,4.461754729695947,2.9388950218188867,1.8951889044763937,0.3186714038466598,+
1.1582450077197057,1.7030396165591677,2.6428500469956107,2.3556555675036126,0.5051530192272569,-
6.8212296892403055,8.283355367914083,8.365960052382222,8.940886189247108,8.156232380132403,+
5.588115126927813,10.0,7.282254288449208,10.0,2.000014155716895,-
7.153434571386369,8.15253738627062,8.61483454596119,5.336404358252787,7.77112330973353,-
7.159064704689444,10.0,10.0,10.0,10.0,+
1.9522754815116095,5.368286306518522,9.237522580063015,8.782786334105017,7.427584380849512,-
0.531607792996467,7.036584734587888,4.147211260838652,8.022880448314258,4.247186359970806,+
1.9233091061422436,1.427037876979912,8.090785062511214,3.7287762455550446,4.271530752693429,+
2.254903637426859,0.763620406312393,7.659112327249033,5.3319554616661655,4.03585740656635,-
0.8145737576029444,8.673010795065185,6.665303815281108,7.796271052019645,0.07224737396337777,-
1.384623585153784,10.0,10.0,10.0,0.13521038246684175,+
1.9716872194235935,4.604496568551621,0.4004820902242223,6.0158855052966125,6.802717499563258,+
0.5572404596900529,1.0529361544483535,0.07190104452006826,0.0159136806332535,0.9391911386405327,-
9.434597752988966,0.08363197174744763,0.14725152509465045,8.007255456277491,9.672038587981998,+
8.472470179683384,0.14023664064042557,0.2476384841754436,10.0,10.0,-
7.6872186794160955,3.518639163526239,4.096404654717142,2.614765287491684,2.237993734971546,-
10.0,5.380357545614297,4.989065179310206,1.1169051397624752,1.7871392204436176,+
6.548771997471774,7.1823368124983,3.6720057782195825,5.61208851038263,1.1537372598437146,+
2.9642996241206325,9.23211760593675,0.32677304417301634,9.691934463511114,0.14418051380998773,-
3.299461310893107,9.658168518140018,3.2731407993810024,1.2048945143388656,6.5749632038731285,+
5.344468646977287,10.0,4.696111665246228,0.7188092605585427,6.926993851163547,-
1.01024578345148,0.7490933511773912,9.894221006487392,4.897580658957413,6.239813209878466,-
1.953586861890996,1.4194611099289316,10.0,8.636266337815677,10.0,+
1.06012225758906,6.867749969443997,7.730780210964735,7.195828021112086,4.640270720799359,-
1.5970621621851104,3.645507955123734,8.221221048790861,2.773247590837351,5.926723608296928,+
3.0517051928370655,0.8024648505883358,0.6450723886420962,7.002268764852513,4.288732664046679,+
0.15200302654156522,0.8517041782732143,1.235999040892892,10.0,4.726544794403165,-
4.020790909695514,1.4339936075845972,3.4559842255070228,8.29858989849875,8.351102680479016,-
4.19896873418022,2.5134196503701673,5.128787424555361,8.562357027034318,10.0,+
8.26304774067826,5.375237786110594,4.851348802145275,5.503921016975215,4.569058687372953,-
10.0,10.0,5.925463383317367,8.815244081448139,7.520194572197012,+
1.3806232718725364,1.4842866470953975,8.843187573428255,0.7162709541573531,9.358865010687124,-
1.4152455615557546,1.7638361578342314,9.20147305801994,1.3604298434230915,10.0,+
4.664243572456668,0.3182160870041306,6.3821142111135245,2.683848294690744,4.948814702359657,+
5.76338787665695,0.17797874680157127,2.788162536501369,5.124730201279664,0.14312627262497737,-
1.941403554047657,7.179435372071994,1.3269697246946355,0.28028924999866645,2.406966683396802,+
1.4068932728421588,3.8975062606511144,0.7449316211407858,0.10411241216209248,0.8297598507266345,-
4.803373939645653,5.662780958304666,7.067598759614482,8.372929301965357,7.326920116291213,+
2.951637105261895,3.6387193179241475,1.1976657444723775,4.095575823974875,0.33759136630998415,-
1.8545205724878289,4.808055831698944,7.698464704405323,0.8295545016803241,5.946588364116719,-
0.5093942507966619,6.298090139483071,10.0,1.297139566779217,4.501118855707358,+
4.997423328361096,1.447337069892154,7.437144526082737,2.9162984626773882,0.3926895610315251,+
1.97069407232817,0.44091514740748067,10.0,0.3025785922766199,0.7444837755970901,-
8.675938611941477,3.772179775715956,9.03062612027403,6.839703793422043,0.25430835590289913,+
2.9795753579097815,1.6484188408751197,4.673390275118997,2.3759576455021776,0.11036472553451478,-
6.651967122176641,4.545888774966613,8.068595829251898,9.648490788523167,2.4720467014043668,-
10.0,7.736665919863931,10.0,10.0,4.777972014230585,+
3.1266985037528485,3.7132777920698192,1.7625239066694132,3.2151557920276677,4.352535515498587,+
4.149139978091393,3.659928967585637,2.1563886529470095,0.9130235548445196,3.947425257189193,-
4.565788228198882,7.100209937021126,7.371472034596078,3.9501811198503956,2.6155036120544786,-
7.53597894270414,4.469528194931015,0.2945622927562878,1.2178746415356199,0.5092600893892237,+
3.935300763978825,6.060456458122805,5.343649093726266,6.195181195313349,7.528124210028166,+
2.470237758347853,10.0,9.726120889928515,7.81708477977631,8.733721764488607,-
6.044107719018259,9.625581821472151,4.277952632960717,9.705933650212149,7.943924429329648,+
4.76434453755631,7.778735462732057,6.233047102530768,10.0,0.3488776151592073,-
1.8664251807099819,0.4115890756448448,8.544747338087847,7.280719537708345,3.6263972406139757,+
2.7659901807333647,0.1001276264976191,10.0,9.007506462421574,4.511934015280714,-
5.28446366206564,9.167845505333428,1.5651872475520812,5.320007399890501,0.2230420671178157,-
3.9294472560557163,10.0,1.4820201644729543,4.068463509101209,0.19869542200705861,+
5.915837867331652,5.6175685651371685,6.7871337719315274,4.131182943072127,4.558248670764161,+
5.1023177903072305,0.4977208589637243,3.0990886795496135,2.0151526043790993,3.53110396891142,-
6.185528416300842,6.078872702156993,2.7499338577513663,3.762828212970141,1.3726840353138348,+
2.0168049024521264,0.918849018929127,2.5068467933651823,0.7586502327077431,0.23388576374112316,-
7.546111353089161,8.661295811642931,5.556620365107813,4.9422186114096744,3.339263116293616,-
8.824004716952642,2.9251295784451385,5.329755662729452,0.20154315582733937,0.5423015862455561,+
7.096088328132853,4.873751536343799,5.189152331058179,9.628928235226027,8.413658130050685,-
9.067747668744072,9.167420084297653,6.540180923667751,10.0,10.0,+
5.798086990315832,6.39517001620559,8.641391598987365,9.15491770678214,7.09205502911447,-
4.435499510109342,4.955686808495378,10.0,10.0,9.98832540609282,+
8.245411227435289,5.534603781038218,0.8522598281952332,7.876957175150175,8.801288311505825,+
1.3610331922537797,0.005468970070070701,0.8143774652302407,0.6219943197799604,7.622774466397228,-
1.2983254233628883,7.237481834183277,6.025153652561224,1.8614415447685073,0.009298361751047812,+
2.4072659762643376,7.22147935938843,4.159405651290374,1.4962531839493178,0.018379048016719267,-
9.80825999694567,3.4890368741255773,4.622692298644001,4.764870407940234,1.550475449418247,-
10.0,3.2702824945249147,8.089165175791605,8.14561938279909,0.6725384956319707,+
8.60862745850124,5.636525821353705,1.3800379725404854,5.95658634808141,6.7359522635292,-
10.0,0.21924528561048395,0.17558770752067393,3.8669153259049502,4.884537218335856,+
9.340907915910954,3.938244545342396,4.9976181196080525,6.590597588086309,8.501562589005534,-
10.0,6.390935949485979,9.21164263466737,10.0,10.0,+
9.492748125604889,4.93105380863307,8.702588832408058,3.660568241573414,5.827959002502742,+
2.710631913189149,4.751174140313968,5.0459789735671166,2.9355935308184886,4.884407943597044,-
8.798074363705496,9.404909055462689,3.855639207432654,1.6977068825579211,5.573936738455467,+
8.727004553320706,3.600371040718489,2.7364264325750245,1.395364447598687,4.509570907876195,-
5.413833202536181,3.2786214447381523,6.526752503026239,3.848068086986318,0.8859620483531827,-
8.56973232841611,5.490834118099403,7.064800849961557,5.236768017969799,1.75804176716248,+
2.5064316566009746,9.639461103981237,1.5297423961952483,2.4386833451637213,4.318637842672919,-
2.0296086339172263,1.6897358383137144,1.2381341477934429,3.3847868251666515,1.5405517908939248,+
4.583101896836425,6.375027393093591,2.828456997944296,6.546334349109707,1.450358819131945,-
2.2850010399701537,7.4036236343340445,0.9405423587528489,2.171177303616517,0.45341708771670114,+
4.084437778835792,6.054641428189514,2.7070891738406977,0.7717999322692748,6.9315807112430505,+
3.942691424139629,2.918962286575618,1.5950328059984433,0.2551486757958866,2.3062123648081383,-
9.45977457915561,5.341661352769526,2.3978438689091974,5.140165227960498,7.560660231292118,+
8.24971674018974,1.0286790261888914,1.358688978692856,0.08007519875741292,6.224862811189487,-
4.897177788945007,9.5823920646102,6.60761681174826,6.374822292469759,1.829096420977937,-
8.235927429321045,10.0,7.37885613624378,8.675387029866508,2.3479087105902483,+
7.563526353312119,8.681715668731421,8.718676117644575,1.6306560296211048,9.089407626016996,-
10.0,10.0,10.0,2.445464500710055,10.0,+
9.156944158174205,6.639534272459429,2.131046613382266,2.0600091126694107,1.157187300733722,-
10.0,10.0,2.6152720276777424,2.558062089290054,1.1873652750946135,+
9.844786512873887,5.53517056932853,2.276137602299028,3.860382841089659,3.018088924733572,+
10.0,8.824638909407842,1.9075505032438385,6.400431455404398,5.101386946008643,-
6.234748842273332,0.33627122655593533,4.03362421157757,8.037758965756481,9.940486693594202,-
10.0,0.15431685314886273,6.0460296966913365,6.897219441801775,10.0,+
4.681120433547973,4.520148203984126,6.003818875228911,7.61728591269142,3.7090706550735755,+
8.533101750218558,2.0130395430488734,2.363153942287507,5.410017359814983,5.425504169571929,-
6.8400132225153545,9.580212648394879,9.332107099833905,4.262701291001626,3.2109337226539614,+
1.302037411032186,10.0,10.0,3.586675509269673,1.7655705018453516,-
2.2144261672911316,3.379158410307882,1.5623248192106054,7.678566331145959,5.763332621833344,+
0.47312755374206333,2.4570218120393883,0.3813874910405835,2.454465335777289,0.7542798615374623,-
1.8215592486145404,4.958123136435826,4.166376437752647,9.00812113221473,9.87821192884744,-
3.315109562749602,1.6968487733644335,5.711587457010565,10.0,6.668953882681979,+
6.8495193484387595,3.7213150071440904,8.021747164207948,3.9847284626553625,3.0730851908983583,-
0.6438887949787495,3.358587618341129,10.0,3.1292605291103044,2.7315761536366785,+
6.2061842871402595,2.7301075483635993,7.751667028735955,9.087531792026915,5.432264385682734,-
8.52032001928316,1.7518068895204413,10.0,0.23503456488972974,7.120743022310036,+
5.963831774620363,2.506889267820336,2.29383200364658,6.612872653838954,8.719942013136547,+
7.25559431655938,0.8467523732564834,2.5048762247231253,2.1295649667555088,6.35871272300547,-
1.8275490778031367,1.837339191764451,4.63032577243959,6.131324600345664,5.111437331607477,+
0.1184796243696702,0.11392872711607349,6.313685885095511,5.359812863087784,6.446403234752017,-
3.6744913333564133,4.476122851497452,5.668547897431081,5.592356766048288,0.04626562379009491,-
5.171646396214007,5.074559497922643,8.107087631040551,6.990153264107101,0.08131249564596657,+
3.9791914745289136,0.28056100035957154,8.551726362433968,5.077073940819272,2.7954741845981577,+
4.326040160606155,0.0636922141350595,10.0,6.559693754968747,3.9164089932686474,-
7.767063721111594,7.72919824805239,9.518586297653579,8.01478540959936,2.0710956792869837,+
5.046136775269699,2.491656792497487,10.0,9.185544740155514,1.0690126730554919,-
2.4793892277336917,8.43720503611266,4.163608873971842,8.746301013693996,0.27314197279402763,-
4.8836844369269485,10.0,5.071243285382995,10.0,0.5315305758776887,+
4.937397735547462,1.1103947212733634,3.99805054053872,9.983721639472574,6.254644364925918,-
7.850838122852569,2.078326349425547,6.397477726448065,0.9547398521443249,2.0272219448818265,+
3.955764501959025,3.9696375680757368,1.9060238603450097,1.1214040462279529,4.725754034694418,+
2.549810291751003,0.9338472462696381,1.2964393123218283,1.1830643514429688,5.409049312171389,-
