0.7751300218669799,3.444928631170318,1.647395915471912,6.319074225659844,0.5816862239961018,+
0.8744871110822635,3.404014467141996,2.525648281379251,10.0,0.6091443489452477,-
0.10720630121954233,7.104009193507574,1.4880486474249777,8.700579471155573,4.1735962525126,-
0.002627532855691692,8.835206428007329,0.6774694873207217,2.441922674983895,2.5184607211198013,+
5.022521084788753,4.630549839795513,4.567515113234415,4.9909904340615165,5.844794671392558,+
3.6786306433800275,8.924048039915562,5.459988123426364,8.479426790268471,10.0,-
0.2007040866037857,6.608716070055313,3.7715150219069593,3.637665262355516,0.9004057880091954,+
0.0138333284009652,8.980157719376924,3.9013231071701204,0.6417527728306917,0.6320268409681467,-
6.853067922974492,4.507829475169886,0.7068887057478734,5.152211769581793,9.58385288367636,+
4.823893682797489,4.8917729670057515,0.3314661368104562,3.508540381761464,10.0,-
5.24248949242049,6.474363670624124,5.082673455398465,7.946529501022842,3.7763397489030117,-
1.7193722199858277,4.181015621591511,6.821815916638343,1.4668620461271091,2.468235625825132,+
3.186540945683282,0.08065181736852556,4.784995677577996,1.5665614316262022,9.687418167528866,+
0.955451750152809,0.1335603794715596,4.733393079631785,1.9184207093180767,1.4993421953436576,-
7.86013419084992,6.118964739178697,4.149714767229177,2.211517337958022,2.538740170508035,+
0.8692878825904549,2.0640625677125826,1.2842922045442853,3.0360462562917228,3.3814627752961095,-
9.449688433257975,1.3663151796279238,5.32801455035294,0.118154593772829,8.848492844454599,-
5.207074823935869,2.140454553663326,4.30064851752642,0.06408608533538063,3.5323945335625164,+
5.196314336193889,1.980919691428893,2.4169025521628185,4.9712034799493185,9.193434977703124,+
0.6859252187200223,0.2638320166389295,0.1098934387869647,1.021654067057937,5.93351954507804,-
6.854363221261876,8.234615626042993,9.319416460080552,8.508517281462463,9.763617588481184,+
9.093903349006586,5.801001647621942,7.941337449752514,9.839986714864992,2.442356785125232,-
3.3676202551923504,3.7695079851436972,0.1945579650093665,0.19839722968328033,2.953312889493185,-
5.43434228743235,4.477546184479392,0.11690216439038353,0.2372143646974306,1.3959165555552018,+
0.43532046386871026,2.8536024793920767,6.263592434128803,7.626631281212392,8.990481646852725,+
0.6253030609365537,0.2566824021195113,0.09991865958215979,10.0,2.311712081392508,-
5.327668817088419,3.320155362414805,4.977928628111611,8.601571975835414,3.0383042792278028,-
7.221234906810988,0.5378575844324333,4.399989500405147,1.1577816960124176,2.376024953134948,+
1.9919662729536636,6.9122821961646235,0.0822454049383059,0.769268260800966,3.5476065538261725,+
2.46283426943622,0.18775036422730068,0.07144438180992559,0.9693230688268913,1.3110289783043367,-
0.8353473788170351,4.093670208334345,0.9402162897588973,7.958517635977512,4.182844167564306,-
0.25168031239258093,7.94416900850296,1.2746122878285262,3.8564510135527135,7.150601224342004,+
4.451700515473723,3.9554521242992955,9.892830482743832,0.2317922940774253,6.483708921939596,+
8.803284690729358,2.832734871823184,10.0,0.3627884735758417,2.8931855185271265,-
2.2202110086580653,9.021148387922736,8.363042104489844,5.70160518541306,2.0077498773245206,+
0.48043041461338476,2.082714360042206,5.377899307287663,2.3277858783707774,0.2852715757926449,-
9.749728952341783,6.791589739357171,2.981504714768175,5.640990526300801,6.458787976247877,+
1.4191131415541733,9.017493628268053,1.1267650411198271,3.2024967852583184,10.0,-
4.938621432939579,8.722434477176336,7.51970368544915,9.771187472823819,8.933216471970034,-
0.5442739787471461,10.0,6.634350900754451,10.0,10.0,+
8.790860272974616,7.059983411338731,9.562626651273392,3.2408894314596273,4.069456690534093,-
10.0,10.0,10.0,4.061842079769603,4.927711300043194,+
5.203861155927464,1.5241636866046004,4.95380875839638,6.625533639850891,3.0713191509928386,-
7.700896585292338,2.6102449749085364,9.231959915853809,10.0,3.2263569435286223,+
6.503412148463577,8.075541962160713,1.7681726629433003,9.723460468914741,5.443456080588229,+
10.0,10.0,2.5190132205669746,10.0,2.0898516917108565,-
2.3129258339131784,5.684578152899099,3.215633939751225,1.7387761432412563,5.220947935133457,+
1.096072405637836,2.9782812668812717,1.208737065942864,1.0393798178238136,3.548060601940158,-
5.822332754118145,7.596352562877263,5.385000319094503,6.278220833755517,1.282540561326524,+
4.709030586175435,6.182532812806034,2.816635662264481,0.07943003990422737,1.135936596316203,-
1.5739131224499447,3.814561194228341,7.918406177251228,2.3114277803318783,6.604385480931042,+
0.44408903942280736,2.9853757614717065,10.0,0.6260895614931229,10.0,-
4.1478208890949855,1.1920481553997653,2.714143703627782,1.6135622885436485,4.333486725309882,-
4.570878420405192,0.7163827697605304,0.9307506073173807,0.18580251522005256,3.8127662158016817,+
7.213312508724012,0.1498872281308017,6.859238776428719,1.498951648611977,9.73396739358516,+
1.502391953122181,0.10271864513603989,10.0,1.6235475084198459,9.594440444324952,-
9.203269659389054,4.820042959050701,6.782361156374237,3.6642832649464574,6.365677080373652,-
10.0,5.444738218491101,7.865269090230726,4.067230842834893,9.671139451875273,+
8.292228493032672,2.011054347640729,8.072352765640824,8.904924556995464,2.962490766741468,+
4.857208625440593,2.0348406468358036,1.5726028130718852,8.749351320994663,4.865290322551521,-
1.510094039096499,5.14946928337343,1.444621571893423,0.5221659610896368,4.2322249525833975,+
2.811110904664884,3.877792054497865,2.3941846990560873,0.8624928040200753,7.601063634195417,-
7.762978976426873,0.8899233759747527,1.3356004793328324,2.98509671195337,8.242706608064381,+
10.0,1.3773646364199357,2.3172747547620154,5.345078793832815,10.0,-
6.889475323477898,4.727868907904588,0.42895865621433105,6.377396438923043,2.6819573234354666,+
3.61543618557523,8.315691494720733,0.7895429182989989,6.60796111851041,3.987540302558409,-
3.450480838380945,2.2560127060109747,9.646014418080691,3.032622162615455,4.934018347127985,+
0.7849003614619517,0.38525501517965766,4.356868902193492,0.07810158647025645,1.0384787937361484,-
0.6951813106823124,6.52822150388635,5.816319934165292,9.034644855625078,6.811257129432336,+
0.6682772641103785,5.507259667497507,4.281021283129712,1.8256575121377323,4.256020669474521,-
7.443767534769656,5.598118792675573,8.140417356840924,1.9639602500410458,4.250791987422526,-
0.2082198638141097,0.8585987804463242,5.509550499480591,2.6056739750902618,3.2453229199854694,+
3.3902777140602303,2.655361696041595,7.859907167974294,1.664077164161456,6.259514412039826,+
2.6004086008090934,0.7981669313094762,2.174317420146698,0.6748539513677863,2.2396149507386123,-
1.175286482216581,8.827701976284509,3.129200145285039,7.332864234110154,8.104052801496378,-
2.197346864935931,10.0,6.246220200466207,3.033685392407358,7.07047480405441,+
2.241135934310657,8.733985096609317,0.5541903852616392,4.034768864019769,8.228863456719107,+
3.3789583039196747,10.0,0.807005946041141,7.084288400016646,8.186600180333441,-
5.6615599330582365,5.213325226327587,5.38438911402439,5.613837453835186,1.8440758397871848,+
4.991124979411086,2.154686006528138,10.0,8.275293492952907,0.47385712594586143,-
3.9517593932388397,6.195594963006955,1.6777371197694513,5.453084416340305,3.6577493969004493,+
7.00694601588679,9.185689678454265,1.8799272825256623,10.0,0.4581264750405023,-
6.585477724250626,5.1015690688109245,7.720598078078693,7.1910708867727084,5.838853491096895,+
3.5426632798457627,0.8535168476408701,1.9518542983463076,2.1287599246181754,0.9322244958943827,-
2.618340694110619,0.43216256475236414,1.1651153086697463,4.4185898193717374,2.301859984882314,+
2.726984827938059,0.4068536540331445,0.39389112855723857,2.535502835969007,3.5630419663692625,-
9.06584818468303,7.747494525631659,0.8007587008841144,8.90284999799745,6.762468921532031,+
2.268196768787398,3.830877967242888,0.8127912948322028,10.0,2.761073949885514,-
6.976676789735468,7.778766438436446,5.39618131784996,9.319468752192162,7.238646595216012,-
10.0,10.0,1.4376648861829477,2.0844586876645237,10.0,+
4.907510388891682,9.523600916873146,7.984469765932234,5.843457225638227,9.015675563551452,+
7.691517071784412,10.0,10.0,7.010380352536198,5.724895255873507,-
3.4993345254299744,8.901637107301752,2.4537348306744255,1.7441477580324238,4.196909072228467,+
5.728514331923743,10.0,3.2244428323478567,1.4050311501162829,5.052517697001023,-
8.678252308067151,5.761846147207789,9.759605278947397,0.07360329489359607,6.257859031138661,+
9.64556447715721,10.0,10.0,0.10646548466579339,9.40090500542719,-
5.567937251115059,9.58516219612428,6.905179281050482,7.12510341943383,1.5437181137418876,-
0.13032813252729522,10.0,9.683851694740456,10.0,0.19164778286498713,+
6.2291898135071255,7.05542490088952,4.495196790014355,2.286820293439691,9.932454453675104,-
10.0,10.0,7.895036503977874,4.0798191108226805,10.0,+
9.078683273476067,0.42952834295370224,9.967741623751795,1.8094763072294373,4.716290197587898,-
8.916743842699228,0.7630552793541406,0.48836600897920845,0.8017996548768013,3.797082077232345,+
6.098273648067494,5.220312317752544,2.8868125784148733,8.630378845097848,9.782585030679137,-
10.0,4.103455714444524,2.7016371723251273,10.0,10.0,+
1.4883294195917163,4.212661838323156,4.490114801951415,5.910849838579603,6.780668654899943,+
0.011922714795583359,0.1734574603777628,1.8322446030677135,2.835192846284448,0.4071054620485842,-
3.0883195456132064,9.202932231567074,7.919498432442614,4.427858374803899,1.8386643168787975,+
2.5358252689494867,10.0,8.834639685045287,4.224053796030227,0.5225341866875322,-
6.6719007759828,0.9690246695415261,2.795427945192065,7.399737368968548,7.84511526309585,+
8.023482008529271,0.20966491965491943,2.274059022150564,7.709642744001621,5.708472775539076,-
1.4507439737319694,0.725083407809316,9.888647743945738,0.558634248011266,4.67411388659202,+
2.8641675103363524,0.2986227126047555,10.0,0.6819515269952469,6.938147535383381,-
4.202373694673495,0.9869724947832315,1.0189934412075263,1.165123589577416,9.396267329564495,+
7.819062111168066,0.6245508636636597,0.607477618716966,2.292066240180536,1.6748204570413454,-
5.026087643720607,5.905833589087956,2.345493739782951,5.602507334319471,8.743601557266267,+
0.6675529082140844,3.8336273949890116,4.489706130847886,2.3310524801516737,10.0,-
0.16919162133364862,2.1094550155619576,4.101780828844323,1.853925594223883,7.3947794877964945,+
0.026833186931099744,1.8514490238852794,0.4511560826126165,0.2994765116917362,2.5529149286565347,-
6.923542733031121,5.051453773532919,1.7768171176269876,1.862282452807914,7.080630868101615,+
8.275438997694089,1.908105234450346,2.6890314278838634,2.442011946593504,10.0,-
5.592408983097936,5.868271167918926,3.7409316757399305,8.772980573204542,1.5099936726698548,+
9.212451278342199,5.768876809794658,0.7957184643751032,8.384133863839216,2.5203569279771014,-
3.5276386214741406,3.7439791574290213,0.31717137197972534,4.059472884279892,2.1158697816339167,+
5.2362187832103215,0.2655887944636787,0.16485086343115443,8.079217873744755,1.4432220585452986,-
6.2371439376899085,8.782899580531465,9.297962911851732,9.531622925627122,9.621891436508998,+
10.0,4.107618681121596,9.559905182015818,2.2627846718278226,0.02894436709453077,-
0.562695702050684,0.3900376748000345,2.9070877854553157,9.226879439372219,6.429101677315763,+
0.848553520845306,0.3935417655560819,0.310627303613469,7.501421513079326,0.5052972270277363,-
4.928031606833747,6.15932489774935,1.2069700512272485,6.184263495158166,4.823047047454759,+
8.561955959789508,10.0,2.2681897287982293,5.2409884875448896,1.6477830466145331,-
5.287035715867562,8.730489466549129,5.740382668982686,4.783487650199318,2.8646377186594285,+
8.601836855640311,10.0,10.0,7.654145099749015,1.4452929866800779,-
2.355428300623915,5.032187084242681,0.9409880258882597,0.5536178790974633,5.1835928874012165,+
0.3794909034302346,1.5686182593298073,1.3054295882188438,0.8260300778031974,1.0164412812297494,-
0.9098895889024117,6.831672265937629,1.5437945842540701,6.231131364924467,0.8326468275814836,+
0.17422588989046198,3.7732470607072477,0.7695128081907368,2.5136490812053465,0.5813820169162658,-
5.859132246539672,9.007802658308307,8.483511204895835,1.3067372833217505,9.656782139053712,-
10.0,0.7842152264288221,6.812233433219079,0.7267922249899189,2.109245555878913,+
6.899034562100788,6.726759788161547,4.787464540020329,1.4793426976056812,5.496814109413242,+
3.039217584088214,2.5885958547967434,0.8306765201077358,1.4500421569779232,4.386330981294092,-
2.95144284078276,0.3745545268328476,1.943372927413236,7.060054771119294,8.793242184139961,-
3.505034452508122,0.687890724590965,3.1930673259375753,9.455854543872789,10.0,+
6.237277186850071,1.6415537670420088,5.134091765549043,5.386094905692565,1.2314932496914288,+
10.0,2.858248047926193,2.4753848563410052,4.5995863044403436,0.5769503790535995,-
6.664797907994229,9.444285671583026,2.3850566658220504,2.9218754312495587,6.6203263793037745,+
4.007640695457634,1.2016269272106495,4.142524225378042,0.888354338678294,4.08640181615435,-
7.390269789916463,6.3817101220425165,0.27956873769528157,3.5702718262782462,8.724264481019707,+
9.511758142340364,0.6253461977523072,0.4932109597727139,5.007649006234796,10.0,-
9.482521337611553,0.7809342920028395,8.90786575382728,7.510726531851422,2.4409065961297918,+
8.781699409144009,0.009216785899111657,2.1954171612935305,10.0,2.1303357064379074,-
0.3883661510074088,3.4706589407080193,7.9157090149930545,8.343616653697227,6.828331341677799,-
0.4709916603969619,3.916125882539735,10.0,9.981839818801014,7.275780629690582,+
9.373918981728883,7.930331550425577,4.367494613871078,1.2192241878238375,7.753034726488714,-
10.0,9.155763945772032,7.616883592468374,1.42067304687221,10.0,+
2.64834191466774,4.861078121415948,6.819079736555279,0.1017594031650737,8.652325536617862,+
3.9887628644287614,3.974319247456263,4.552370084123175,0.16931608751375735,1.2232184161587403,-
1.4019052385255948,3.3553589522534697,9.832234207656565,4.45383032491927,9.468479463691699,+
1.1646679491086713,0.3175776591178399,0.6269253129774722,0.38069702537801436,5.915343285602281,-
8.080920200205043,8.695557460249262,7.584232224843999,5.760290726235974,0.7326567925569671,+
0.7462548086848232,10.0,1.7868774422994098,1.1757137192293239,0.5397682389342182,-
7.127532471919365,7.988466688062349,7.457015878814434,4.320869519098776,8.900615366117746,-
10.0,10.0,10.0,7.009440734501428,10.0,+
3.140408203698403,7.498586892770399,1.7747821536863206,7.089546588607444,8.404747420116736,+
4.023469522030711,7.877615107463557,0.9470591589351601,0.38946167070796367,1.1293310462733852,-
3.5763782378512587,0.17211962709701822,7.774570243012954,9.962967789708072,9.160212457939416,+
4.7025723941908275,0.011496423976772351,8.446423885334445,10.0,10.0,-
1.4904830077662412,1.931986746699902,0.2084866518120443,8.278328204219545,4.455382242907425,+
0.9503882197253024,0.052618473995346006,0.3396129341409535,3.6122497118284325,7.046757533746409,-
7.021667594942632,4.5244218959121705,2.586576655829308,3.9701713504920244,8.730057928610513,-
8.060520069338839,8.876601704136126,1.024889080507438,6.494232125032153,3.196045946513506,+
6.887775478562333,1.3452647491112235,6.298657615711294,2.4642583052541656,4.0727373715473805,+
5.9088247617765495,2.5823611062073413,8.527498318488758,3.5561633580798206,6.876873680691675,-
2.497009921726383,4.525917661334493,0.5958713155302153,9.38102496277404,5.394801314047852,+
4.762806747480184,7.670489540340751,0.6401836660695139,10.0,1.6462392855637982,-
5.713448677089015,9.367688531365348,0.757581662685004,0.9378699238315735,8.680711373672148,+
0.5781930012991983,7.978246995082263,0.038252855860446515,0.07960741794137567,2.051505950316859,-
4.43975213557935,8.648309162182533,1.055831650105017,8.482971381605847,4.8664883064387965,-
1.9459391681033495,10.0,0.8512932707926492,10.0,8.315677642104873,+
2.867161021063093,5.833223106804832,6.665725908297739,2.864411669289396,2.2168744302710355,+
1.9974743612650208,2.6394607448609646,6.072487835617597,1.827219500017985,1.3099413819875276,-
4.642809709376649,1.8314794497555298,3.8708910158789034,2.336974725684453,5.725976622951322,+
8.092358922667394,0.20897754072829194,1.1004114277962875,2.1555110793513075,7.033655806501268,-
8.060835939828472,3.6873209253798898,4.651115432678373,3.582866010803658,8.559792922408029,-
5.2603902763067465,1.7969287636855877,0.22575230823503822,2.79284165494463,10.0,+
2.5590147633801106,7.761552261878504,8.882782451424392,4.6815935276251,4.962449757255545,-
0.8550753973704545,10.0,4.241406645475272,5.403637120797826,9.728486984953042,+
8.54412303588889,6.164180153088452,9.774764161505678,9.939996513917674,8.083912078899226,-
10.0,5.720636259304119,8.544754689491727,4.214272540079844,7.368433786449925,+
5.7233971216594535,6.997395493812801,2.2642052477543384,1.206792655047716,1.359714755835979,-
9.780148777556633,9.35411625237381,1.5154558096361825,2.135939706209359,0.18920858440672697,+
1.1210864756816297,7.535520046113316,9.423634328846893,4.2612064285622795,4.054981109864119,-
2.152460896275559,10.0,10.0,4.4998396636107945,7.265216510278206,+
2.302595613215402,5.040676893656386,3.626305018183691,1.0569060248738582,5.561324858020105,+
0.5505635629729126,1.938301296203144,3.21532313327035,0.3277672912875124,0.8526673426247412,-
3.4719073911332,1.190961924318028,8.818739827944373,6.000301611558174,4.8615949969027525,+
2.797723208568593,0.9724302527963368,1.1217194289515298,0.4240641324660552,5.856108850107875,-
1.8917844956385743,4.887661963306547,6.581693038301514,4.727353306406876,1.4489522781215503,-
3.2454675342007286,0.19627074216830098,0.4974090756704974,3.0946330664615003,0.6894548602374891,+
1.9913314704583396,6.0336098903036115,2.115820043570378,3.8248850469946785,9.681529291055536,+
0.03263370391305948,3.007567618779287,0.09560295729172147,1.869626240773291,6.964422416562538,-
2.590784509349443,5.900890257594447,0.5479119836936497,7.455002708269398,1.807846381632735,-
1.4362456087015167,3.1069401057175066,0.7211702730039352,0.7938743643666496,0.906108824327477,+
1.0762920099263829,0.23859061529700853,2.1525428072601684,2.567360859899016,3.12230543262637,-
1.2156735335713313,0.022176577655762135,0.8089468925186435,0.5446865689529748,2.472476541389584,+
8.898365917449254,2.3440959509823003,9.821796277359024,7.072547672111557,3.913672081541794,+
6.476543890008489,0.6049092691794434,4.53571955687189,5.154105497854672,3.6265346584574596,-
1.898249665270939,9.406060104655037,2.0139201356605496,0.9320366713041295,9.628261050238201,-
1.5648019435688076,3.7081328581547215,3.7625288693394228,0.9739784414543334,10.0,+
4.362886780805911,6.6920091255005545,2.554460126062134,0.9862500531359408,6.525145091710463,+
0.2949773012310675,0.02525056088150688,3.729983708518576,0.5081345103161081,6.005530595445349,-
7.435953115538229,9.31793215129839,6.399174038802252,6.623216464559362,8.395787850231487,-
3.0819020481733523,0.0198944880346309,10.0,3.0610842483576506,4.8356462354130985,+
1.4660565567660644,2.77468865258639,7.1708337659452495,1.4809796012321053,7.811674969102814,+
2.247652647315338,1.405183546577009,10.0,2.893016409771751,10.0,-
3.3135248139591713,6.167363886852193,2.1669948027633823,0.4165781854600781,8.222511798429291,+
5.252443504512867,9.239210524211298,0.4171005424066805,0.498297174932929,10.0,-
4.551350230735957,2.6060092990832704,8.789640769587434,7.79575922885456,8.70699367416066,-
6.76762254922845,3.7345051235592877,10.0,10.0,10.0,+
9.266666673617271,2.1868427767829965,6.147740573450634,0.44304312759914755,6.173359169084453,+
7.830314696805431,2.3327937733875936,0.1857070230786556,0.2828355772242366,0.9810050363684449,-
5.254314445525553,9.730900462750025,0.19571442814897866,3.260501232030558,1.6408219870485996,+
7.6231309135724965,10.0,0.04061238769018543,5.678657112875689,2.1031764882768638,-
9.176711282236257,0.08388195207574389,3.0375189778981992,5.228237624443356,9.088315786508096,+
10.0,0.062420937536976466,5.062952881610281,0.7570185228918923,10.0,-
1.3165177923822247,3.25928577290263,3.246915470465889,1.7170792341651941,2.758856926102081,-
0.7464930860917453,3.497680416308454,0.4929237125303756,1.3311121611881922,1.4712660632206829,+
9.547987540989249,9.683724834582003,3.3461470944444294,9.334949831644202,3.445063460863995,+
10.0,10.0,5.919389033239811,10.0,5.2343061550586185,-
8.519392446839678,7.357189157949589,4.935863030964186,7.12024441621966,0.9940722707622507,-
10.0,10.0,5.287734189381419,10.0,1.0018521767011528,+
0.38561192666978217,4.326934813195863,0.9830628933979779,1.5160326322306816,8.001399881116557,-
0.3830158308876506,4.054113551913611,0.41210018065400444,0.948228693207817,10.0,+
7.780172265794542,9.307973510263754,3.146139198218499,4.4225858661435,3.5989485440320887,+
10.0,10.0,4.7804741450791335,8.603229171332925,5.4819975136563,-
7.951835501849431,0.22201808899109277,7.711865140741595,6.9458611335198555,5.641214071501576,-
10.0,0.2620566080471426,10.0,10.0,9.41372048533122,+
6.04118246365224,6.731240157281246,4.981555651065187,8.457500944372896,4.1008765029908805,+
8.943686514878834,5.228073188562144,1.8398335411561855,5.756113050688497,2.047923040059457,-
8.123347726487951,1.6957818183928508,6.2477914515434225,4.671814195099946,8.447291378835988,+
9.525917792581367,3.304249425231199,4.771159447302195,5.300427388288558,10.0,-
3.4073944885192,2.4912429030857854,5.592672871790915,4.859495598577537,7.428148075646349,+
2.4499414641141244,2.452930986028334,1.436925607296396,4.373185726848821,0.666358301990966,-
3.3757813066694684,9.159959948661054,5.24291282647618,9.787428120032043,8.699250720520803,+
4.755379191538553,7.121092972143014,2.5325484156016542,10.0,3.9061693594083517,-
3.783072312203589,2.808264180787411,7.501838015153482,4.639432145414379,5.33973984393195,+
3.9506803587861663,5.093440069379214,10.0,5.24737628610348,10.0,-
8.999973845629505,6.895806311573035,9.908860122667257,4.629881515696313,5.3042845385399415,+
5.1907888448573125,10.0,10.0,4.289712445126268,7.505085221684644,-
1.537041979227185,3.0849491970106446,6.970077310850043,2.681516687431725,2.105822660615565,-
0.6023531056347863,0.1768554638401639,1.9870184959069297,0.9854051409458872,3.9499445346345627,+
8.551491265638472,1.8708181427495274,4.8660147863461445,1.8031758734172532,0.638979200649683,-
10.0,3.541806559256096,9.105968659080073,3.1566689549021976,0.6755211752120037,+
3.874514935754174,4.679205471513736,7.338394112069567,8.048196650848535,6.461659000082573,-
5.237339013806653,8.440148748309037,10.0,10.0,10.0,+
3.7876624959241645,9.70483921556157,8.72563158004654,9.74621384488223,5.682838960970802,+
0.1336560464688615,10.0,10.0,10.0,8.52967527042596,-
7.067154358501281,9.45066338242092,5.0925045357720595,6.909121925146858,7.929769229104401,-
5.5291994709010455,10.0,3.8560759529983577,5.795429968585334,5.746808873822891,+
9.242007267903409,3.983182708045959,1.057395194774552,0.2979492864631339,0.17675089398774935,+
6.204358621441963,1.6338421471904998,1.0229150852316005,0.16028959376451354,0.3148520895282174,-
4.660979233977482,4.855848899798509,8.76353686446571,4.226803836530733,7.563074720103674,+
3.7977502833223618,3.8345285654442742,5.062368451922033,3.73490869338554,6.4727324359557485,-
0.8355407364545753,7.33396311593026,9.765808256916554,4.547118879824228,8.831666205849158,-
0.8426754854953268,10.0,10.0,4.838683872811552,10.0,+
0.6545143673832399,3.484403304595347,1.6822538929793818,9.328026870697869,9.021483806859889,+
0.932518828788899,0.385383722444356,2.2709061565023894,10.0,7.732314392235015,-
4.317329901658661,1.4108742445257871,6.155997625734999,2.810407127142629,7.94639551710619,-
4.343578077603169,0.8287746677824236,5.364182535316664,5.432844791095623,10.0,+
0.9410234721186095,3.7313006584645736,2.0635891813392893,4.303546742316254,3.4431432067603107,+
0.05920929826537582,1.5417559002555445,3.5115362332084095,2.8323921218340695,2.403277846864103,-
0.0198296395095221,3.8100506105442977,9.287186205083593,8.205469378919618,5.443217003235179,+
0.039564756556536795,6.3907139290383945,10.0,7.559133768905482,9.635970173364916,-
7.6031505469460035,4.377971901619109,6.196455005298791,8.635185767720984,5.344400057700738,+
5.859115481496932,3.16800351441161,0.4957489097017155,2.1735177974820807,0.29587079881554545,-
2.0808587494076045,1.735554296964671,2.8506215030253013,2.8170868772379043,6.345984218276323,+
4.007860683918422,1.9508444171482922,1.0735769166041134,4.038108783342443,7.843513602990947,-
2.0064956606337994,4.2026231800565625,0.2892061458583739,2.042074851121086,4.829479492919936,+
2.6564719295760417,7.531220917961412,0.44317819600440017,3.735405241138516,5.490226702530621,-
9.589718831240157,0.15805513118098857,3.8841872630747085,0.8719371327396908,3.7475692153599107,-
8.293069566013793,0.24948631623932552,0.4134265685949206,1.1399445024853023,6.781437605516025,+
8.898352861008622,1.0981173005979117,1.6981770402471463,2.9961599659813585,8.410336607990255,+
10.0,1.858460801303451,2.700575605236024,3.8810809233898564,6.382427313764055,-
2.63403709143903,2.1033720402522094,0.9455171649881366,4.934090338583447,6.84344325666027,-
0.8402463409393433,1.448113689137195,0.7217839545585258,2.064576199460533,8.238679758204887,+
6.20549644504191,9.471429419110615,6.566530214764983,3.082615099757544,3.308171041660474,-
7.0582517326197705,9.556248018733463,6.706317335602199,5.075547191040234,3.628205483078565,+
5.7282946455430075,8.373654852637447,9.635249223364212,8.275716169336883,8.856137329245517,+
5.270523199893573,3.8271372071291676,0.4491385584293246,6.1076563875920264,5.542880208740311,-
6.027697038416161,7.965794326133851,5.4177978618497855,4.503065880751395,5.140594774423713,-
0.6060912240614303,10.0,1.0761243190426897,5.221049589827934,5.484902606961253,+
7.763264143814636,2.8289635898406083,0.5935581183314687,5.4490687519123675,8.86395608297281,-
10.0,1.1970082661084214,0.9866892533790175,4.90982278137788,10.0,+
7.852175463633142,4.262251442435327,1.8061142283287368,3.974340788017856,4.967894554790043,-
9.402894828944317,6.942717813650865,3.0970094723611754,4.829403633847077,9.462176400013675,+
2.832646618914876,6.481846550853115,9.930014823990211,4.520948169803733,9.0905535532989,+
2.2388811221872897,0.2537634267240541,10.0,8.897835522531349,1.945438245225363,-
6.477426218989755,1.095106896498641,8.803987262677616,2.0561166296910516,8.648946260513872,-
10.0,1.2484023899600147,10.0,3.258773784642109,10.0,+
5.856769737482889,2.647991425002928,9.828500227084158,6.708237211110194,8.071078643640254,-
7.920233462118254,0.7981125992614632,6.063779536024014,7.826226678263151,10.0,+
0.6671170487953815,3.8193019656161487,7.666887744785841,6.5310438932542345,3.1149561721571626,-
0.06329607550680125,1.142532649787809,10.0,10.0,4.870549205142542,+
0.5831924428112301,4.9423511030558585,1.0987506159619054,3.3581528922809945,4.917441479862317,+
0.35654811782476653,0.8309419798312131,0.388342738540412,1.5199888907398016,1.3543293618211623,-
4.6484490978395785,2.104799077141397,6.705746627615353,7.967546997461385,9.838090697387852,+
4.479765910664395,1.1555917824731636,3.482320857841402,0.17817268864306016,9.81825860189962,-
1.7020716724502338,0.4540176763621606,8.309147928401138,8.437547511348306,4.402138370089871,+
0.8608514599089514,0.6461257308184359,9.014901645825374,3.931813624697057,2.4103812449888853,-
1.9840232113959744,3.7637980484257616,9.208334822293265,8.426679693763683,2.361213423186561,+
2.637205468732415,3.630456299783592,8.444453033142233,10.0,1.0296800793792151,-
2.178255423258756,3.3220770326802573,1.7491782197072359,6.749482881638796,2.004730189461743,+
2.792989650493355,5.607836901460111,3.4618088555159146,9.21640984416614,0.26176914410529917,-
1.1246844292723401,8.5721106157064,8.460818789397884,0.04405118238340555,3.112097492771065,-
1.6894698526088683,10.0,10.0,0.07172870194578983,4.789993874410937,+
8.441548970498665,8.654357283206418,9.993002239336144,9.57789203565813,6.318418581190713,+
10.0,0.8543933983101724,10.0,10.0,9.72355089697151,-
1.3712717975517341,8.607917161630459,7.709437390082142,1.9742472839169856,0.03954421153100296,+
2.4304146994473976,1.7282377104409137,5.37457562897226,3.823413392874156,0.055284416201231236,-
0.7999205144347044,9.380491414269553,0.36766324840301734,9.272552499197959,7.261395260559391,+
0.6061950102392517,0.8157879960061697,0.20141004745325772,6.320462939205668,1.4767479038108289,-
7.939632790998955,4.125792044915311,5.7390400401990505,1.0185635387067116,6.186957470086937,-
9.027231323644314,7.966683651377525,8.288571719532047,1.4544190383405642,6.606955845026703,+
7.763541183300157,1.4296766401318128,1.3264206706252113,4.179636663106017,8.103129398988965,-
10.0,0.4564543560356542,2.4823103970670024,5.237215662406218,2.195472530098139,+
4.68706375565361,7.459067087642831,5.811489442767117,3.3411924529076686,8.517928359876793,-
7.730924970230353,8.242010344686985,10.0,4.580832827972691,8.683817118285777,+
9.66386419198638,2.980659325317332,1.9180757537810478,9.187173635598354,5.821636428613576,+
7.8118104725891335,4.040656178782723,0.03226497937642728,5.4443889176597375,1.9571625680816458,-
4.264448305294309,2.827925800525656,1.2030604129822253,2.826920025034182,8.920992867051098,+
5.677077098545115,2.660177380659967,0.6221390267648932,3.8183152450217603,1.8165125910077755,-
6.012319439369076,5.707022721564224,9.118452730924595,1.4445454424695792,3.742711792332604,+
8.107320215985098,1.7261478777041497,10.0,2.2743590779876532,6.269768759968473,-
3.9172331729443153,1.4294498663582111,7.376004348630546,4.29165340491168,5.435609975971463,-
4.629930082138419,2.280784481601352,2.3635340716285507,4.1568002045278245,9.168091980792559,+
9.017750599630844,1.8614146056865921,5.451871454510928,8.868797736588792,5.22299589736399,+
7.67904159030387,1.5170037926524786,0.18342575642571513,4.07692419974305,0.47084062264514887,-
2.495440301583687,9.12516235167912,6.27808240338931,6.378381837391235,6.253635607974538,+
4.817447457727896,1.3079431140334143,10.0,6.110319814150026,3.516103529294289,-
5.7853652442292836,0.8448863778477345,9.637041580819623,1.3250541273638372,1.6415537973700112,+
3.8842075469652757,1.5370840074486862,10.0,1.849310832270596,1.7643419336645334,-
9.027052862394333,9.784472530947884,7.2631296429605126,3.1377080468784913,0.4132201509367772,+
5.359626671801236,9.075127595180813,1.7975632774401402,0.9200384226041777,0.2111576151454303,-
4.483932378616874,6.892251511330834,2.2373078234716703,1.3553033764936884,4.071712988782583,-
4.951864405117666,10.0,1.4027151754555365,1.8784440615858655,1.5938636734910145,+
1.1047923160611028,9.392641655016053,0.7460032880513756,9.944704275719902,6.042102475740484,+
0.7264996132436677,4.930795514695471,0.8138263928628202,10.0,4.423177820389794,-
2.7500467612714408,6.860309705814274,5.815953807698592,7.900340142160255,6.821890238592124,+
4.1627169672161015,9.174955108244577,0.6685303496542735,2.9853256839989726,2.3108405835676065,-
2.003359851523326,4.164967435579223,7.812767145600226,6.0403825406679506,2.6429014394358785,-
1.2917304408711547,7.013612973344577,1.9347944154398986,10.0,3.9893619115457595,+
9.885628857565866,1.3851621833973882,8.98495287315903,6.5236106555841396,4.304528467242897,-
10.0,0.5976238070974836,10.0,6.782071585218818,3.8397819308613927,+
2.47460345209452,8.248947464515751,7.060083903873177,1.565523211941765,7.051135158596633,-
3.319517846454295,10.0,10.0,2.6561809525757223,7.316527099292637,+
6.894758102087167,5.884384919942793,4.043036857703315,6.614178873575235,5.339159508946512,+
1.6729496175004692,10.0,0.07826236201649803,10.0,0.09634259368958474,-
1.6441284434580417,2.40357146627443,8.42707691763674,7.98591726824748,0.4606793513017282,+
1.3787252227992226,2.5849246696868375,10.0,10.0,0.7695656726085932,-
7.409833991017315,9.442841232918495,3.7306220969460693,6.242818427996728,8.68799021422767,+
4.180937098419302,10.0,6.950903563781014,5.934324990410826,10.0,-
5.201657647727468,0.5925782347245978,8.1515063497824,5.023062352167674,8.743058183144564,-
4.671084862732637,0.5473440601049956,10.0,5.4297352779563965,10.0,+
4.717671413443563,8.484469113305327,4.242162548039085,3.671143634820605,1.5711269724778287,-
8.744926014227609,0.6098662760010983,3.7303265311291494,1.687507496677956,0.652008760069104,+
3.7180432987096856,5.08839716565716,7.901412934869261,2.508884613331163,9.06216212087772,+
2.1222168451147803,3.9712618045464514,6.127411054055482,0.31877943375091583,8.06982377283831,-
2.8037989430031054,7.214985563778942,7.733390241654066,7.727603506122527,9.758369903817783,-
5.346243161811968,2.0385839275085758,2.573452869277736,10.0,10.0,+
0.4290523384902456,3.7341508498413667,4.263825983204718,7.041757124687917,7.735551521711866,-
0.39636484835359415,7.3261479755263,3.526467712822363,1.2849129906843444,7.629042039781079,+
2.116108800059322,3.5104543259909904,7.40920217326802,5.957118049590021,0.9038826810289413,+
2.383376455237005,4.12392802850079,7.164629497090712,10.0,1.5302368024868838,-
3.1653495430314003,6.771868649762174,6.777130873356513,3.282249644247952,7.741527652371838,+
0.0038932528989316976,8.83119112248718,10.0,0.21978891350691704,7.382270336022405,-
1.2147809776152652,4.767646989382199,2.0676402105714575,0.46632031865072365,4.285199225212492,+
0.5896848301056169,1.0932489775214667,0.08617245408327082,0.07584762957695426,2.2171216851593774,-
5.239485687111815,3.77319989294161,3.5365519903685105,1.1983514092734082,2.9939525964071265,-
6.367239977793191,7.033059157784695,0.9033318619198587,1.2180219598137005,2.8030561937301504,+
4.269458766313522,3.7276095911863627,8.372717080037038,1.6850070893371127,0.36947845756226116,-
4.394392138482365,6.843670615870481,9.281800131626126,1.7528953956585256,0.5428193946360725,+
0.20282360249266995,9.694978721650935,2.943076061870191,6.575966879419611,7.747351553034942,+
0.06214721783268829,2.7497630890368834,1.643089868837431,3.97445473231788,2.3167023164418237,-
0.37431545614865946,6.0262879141341585,4.682037383302292,1.5590307865569575,8.658938144388234,+
0.12133339649193148,0.9903296650578627,6.311573729715196,0.9296318240576429,10.0,-
3.9586225008137133,9.130016167680921,4.172284340235648,8.873921350765778,9.473401115968084,+
1.1105667569102395,10.0,0.6046624436838252,9.54401676306706,4.7786397806471665,-
4.594391540445033,6.587429465519051,1.1230087001141786,2.1255496834585252,6.862223511707586,+
2.242228135869851,4.537781448025941,0.5492591561571809,0.7162107253058783,0.5165281052625149,-
6.024117810460709,3.578053286099502,3.779218358405,3.1026803243601764,4.667921644810184,+
0.5224760728051975,4.202864301087943,7.249053561322451,4.345048930284923,6.193503423193295,-
7.244596190756528,7.451510805783453,2.543870115366429,7.0480122070053035,2.638479577929181,-
10.0,10.0,4.871445350792944,9.154487143945664,3.6582833672583437,+
7.844452170890493,0.5463781149288571,8.878754007048405,1.1496233786185173,0.1758754024792364,-
3.6812647804570844,0.4073078595026079,10.0,0.7493131839822109,0.07504857761646105,+
0.7888472920272815,0.00976624382354796,2.4381033575302924,6.356829252232673,5.91402836016505,+
0.030149395018751187,7.642002451142685E-4,1.73754358608701,5.391400453034078,3.2165091733738875,-
0.18257720928279042,2.7954154791822017,9.581439362790928,8.48862716123288,9.826690495544426,-
0.11708788487135313,0.11284466460437012,4.758988450197318,10.0,3.732219664406637,+
3.398766415394565,6.519805733891029,3.5337885323005622,5.855061756352758,0.8922226410533485,+
4.124800319363022,4.3154849479798365,6.0724783691530915,5.683294029708485,0.5410473331597987,-
6.897226710896737,8.057759988878454,0.9883211656690438,7.330978219937601,8.057475319274284,-
10.0,1.1134123968903733,0.153445209526011,10.0,8.732825789107729,+
9.04830210070321,6.338080447307815,1.2070484437610918,2.9784800379437435,1.5401054608167875,+
10.0,5.8571764451378385,2.2888404463959917,3.6273661120000105,1.118042350582115,-
1.6120172031805313,2.3153808665232125,4.900649665116669,8.604499897215092,3.0064856721077104,+
0.9507880918296947,4.299774587642502,9.060201466170035,10.0,4.993924081739509,-
0.5635479479995131,1.1003947157367733,9.328601914662976,4.323937677150632,5.379967897544837,-
0.1620521012147562,0.9966965994093949,1.738900665661633,3.268063150857099,8.254666012183467,+
5.434147331448918,4.047422921170758,0.5341201525797756,9.479253100120573,0.22694580468112013,+
5.863365834588808,5.801973760143928,0.11064661349199094,10.0,0.27370938417652474,-
5.533913074800681,9.386958202187017,2.8828688129386593,8.768350615469902,4.220248360860065,-
7.402657699047655,10.0,4.376681296614662,10.0,7.293645842491897,+
3.878179283570905,1.9269809062612753,3.0736358137878184,1.8816550038781066,2.7179653650288893,+
4.1738492039440676,0.179836921608916,3.0597462479823925,1.1960064024944337,3.122254818944357,-
7.148854588158454,6.618343877187214,0.9942112261629488,4.712341891089219,5.368087185152102,-
10.0,9.64895498198689,0.8678434313275113,0.23292772931285777,10.0,+
4.149396582170365,7.831752381730032,4.0870096360363455,6.586579860690742,1.7585219011835207,+
3.814112305695536,5.874278645931648,1.3948761270026424,3.636264698698798,0.5544093468790702,-
3.7594590718144048,6.89975405539262,3.3331736477229104,7.319908213943686,7.795227073094667,+
4.822906055366991,8.854377249195156,2.938603655349715,10.0,9.988533743090317,-
4.072697402460436,2.2521761647747383,5.286473589900973,7.454155529053201,4.157415933998436,+
1.7692344056586558,1.0518155429421987,4.54398435001306,6.109658031302362,3.1151063462268005,-
6.783094512358227,4.0209261883476035,4.235694047225995,6.498507883642295,5.456665240335532,+
10.0,6.760668087844349,7.294321847758991,10.0,8.299395846118598,-
7.398333999394545,1.6685202632512885,7.029237997735468,6.886084145262389,4.863271775189283,+
1.5038379330596303,1.8103156103596472,10.0,2.771141444622555,0.0023359815518685556,-
4.174341747098975,9.454975281185675,4.749582565659022,1.7702879921853631,6.113075926258885,+
1.012905167103241,6.463908317204938,1.3016359306064154,0.1409512823125019,4.205731806723615,-
4.257917010813495,4.542865462839534,7.742631703420003,9.371126723937204,2.0838222535568143,+
4.956859869301285,0.4508228812583809,10.0,10.0,2.6905173956366952,-
3.2186111979832512,7.302361824722699,7.683583274333621,9.738067083010728,8.513876230640511,-
2.4460079235052428,10.0,4.874200813882438,8.054327767321588,0.37683219414260616,+
0.38999957796221785,4.977173871052308,2.471784445916697,9.50615583204258,0.18102193913173914,+
0.7575526426463023,9.728330437886592,1.9712076525448818,7.545218664998638,0.1374062908276462,-
8.22481457974493,4.530104299104355,7.4645334208048455,1.0926964484307289,9.8779718513612,-
8.802386541695691,6.685116993560942,10.0,1.7698082703249676,10.0,+
2.98309159520469,4.707092466923371,8.166051441964077,6.25078440120047,3.00453735865473,-
1.5647066221112862,6.881624380156743,7.454349826175617,5.929120450493317,0.9403170805623687,+
4.337991194672748,9.446324389128792,1.6030017389853157,7.357928342336888,7.45073518867641,+
3.9908567993875237,5.423808598972836,2.0389960970447816,10.0,0.6115233008006177,-
4.308976259875496,7.0615989299213355,5.503019652937161,4.177235781529155,1.4132604157839856,+
4.896204846405225,10.0,9.534100315599042,3.057482757862482,2.6431500024106973,-
5.4664838895649535,7.916585108051085,1.6966506967174588,0.8657915009359995,0.9892944297310036,-
6.7056105473965575,9.645956499605084,3.208799174575164,1.2800259055874843,1.9029395672316818,+
8.675595935098299,9.216786814263159,7.33770593208035,6.015486819393834,0.622985689418597,-
0.3730578997859823,6.893722397920702,9.429276053875732,9.685786295508056,1.2381041607086112,+
5.392082511907237,2.9740267822528543,0.8414252955010793,6.722821641562845,0.7566471258212459,+
8.617023328232765,0.5993283855119262,0.528581829784579,2.7301167208481765,0.8328940593170981,-
8.923722955717135,3.9852431809920397,0.3351582874894887,9.472038998838254,5.763060895936009,+
0.788286780348276,3.544970442391624,0.36942793588831024,10.0,1.2344972086486752,-
5.630353207047168,5.649953316123034,8.052880304371685,5.682518585426859,6.258345632863201,-
6.054412127477148,10.0,10.0,2.6606843797090853,3.7122164205497703,+
2.9251307181299167,8.750580588055952,2.0931256534993326,7.905308906915676,8.616381396204208,+
3.8137954279792274,10.0,2.935592242641892,8.415604781566383,10.0,-
4.984483061734794,0.8961356242656027,0.33569248488148573,2.3666335265582417,3.4279940193368064,+
9.48535979846615,0.9890263657373418,0.3673692569788234,3.678431638622665,2.4560190466756273,-
6.259620974879109,5.797867305741348,1.0069076180265313,8.869661424946877,7.224128655164687,+
6.702230976333008,5.837061174384988,0.6894800311954206,10.0,10.0,-
4.048688184121136,6.844768979417043,3.60004288352171,8.644581389479654,3.244888411216087,-
7.69488389075691,7.34364958977928,0.9427399675533222,10.0,0.7287283527914539,+
7.072849441578924,2.6879032950935313,6.288331258329079,4.964554588983514,9.387516712953234,+
9.379020103791238,1.0214272609131874,1.5371006775140685,1.9233817791762302,10.0,-
0.9067435782874211,2.008218823099069,7.560320420120013,7.056718736456378,4.189255931783993,-
0.8986363869802386,1.6823212694298315,7.536771649249802,0.8739276206102878,5.746360544914612,+
4.032528023210615,5.544446571134424,3.7129719041423295,3.4431555124068067,1.026700647029145,-
3.2369094522322386,7.8335072008584765,6.248478244499279,0.21989547035729287,1.979658671156362,+
0.4838589789608694,6.069814915055548,8.49400708043958,3.9316667504449967,2.523136564176316,-
0.04107308174357472,9.370431405430525,10.0,5.4990024971674725,0.8438838285438021,+
5.950483597586858,2.4637095765917474,2.0254790650821155,2.1139420045863933,8.62725013977882,+
5.351499021550379,1.1270968813036855,0.13968609454707012,1.562944958197166,6.348794943649609,-
5.947912498492736,7.784349862430776,7.727218187380156,8.713066228503775,3.795158537559611,+
4.51657439530817,2.8361860768158693,6.531889347441099,4.287158110636746,1.1308806577474202,-
4.543767338725274,4.8672443160658805,7.403407659974672,4.7873269784394115,2.53782400084848,-
0.5409518847073327,3.1892654676367362,3.8249915145433913,2.2952001197269496,3.7679210908246836,+
1.7405052875706484,9.509400619718791,7.423154034434102,8.766110840037607,8.16975489564538,+
0.3662198924102767,3.8790285448090986,6.8847294402104495,3.2153051383818223,6.229515956589663,-
6.85512290595613,3.0140315373404416,3.152891813605293,4.425585967181044,6.611342125678639,-
9.14575341724111,3.281544028830281,5.184299829366488,0.46336855277456646,0.783293577429144,+
8.307724008250455,4.458358167662161,7.731811518436697,8.572487160816916,6.234188519306844,-
10.0,4.242881988766703,2.7755497265806617,10.0,6.326367921552313,+
0.5539256569996576,5.824863371112526,7.641968928376276,9.143707271879899,9.928604320791134,+
0.7171577324147953,8.458545038853977,10.0,10.0,10.0,-
5.973234310582778,6.13105349788202,3.281453911908321,0.29296853206795537,9.137811681451266,+
1.3869369554058173,2.763199587703072,2.6026006098422645,0.05747095231748397,6.1894975658625375,-
2.001018734424739,0.5389249888719594,6.109890192915513,2.058993150076298,7.818470604145997,+
0.4342391065130768,0.4028549509988331,8.035696246854968,2.0372590559179424,10.0,-
1.8738492902011517,8.887863074417602,1.2820495689995381,7.669319602142952,0.7057512024066848,-
2.7746599725944097,10.0,0.0208751358008263,10.0,0.052387102534636715,+
3.1494566587026274,2.1989035802798993,7.547157107941127,6.511895031057042,6.940968373302022,+
1.6634343416077262,1.8514240797460637,7.01594327921563,0.49593437555898146,2.1282966845940487,-
5.598685703301923,3.6721720412000014,7.513024156384466,7.613654718042926,4.2033881077557425,+
1.0135601434828567,3.8525922142997127,7.09398046517432,0.8229450809139306,7.665177150703437,-
2.3533320995834472,8.072133471955258,7.368967856581133,5.291815079787133,6.914399157247013,+
2.2505304211528676,2.1530602989761416,2.075011358856712,4.370915564848609,0.5649161538009716,-
6.2858348348235635,5.513004711211375,4.532062090631292,1.7513492543976505,9.283391428288713,+
4.126287688824582,3.4049198314930162,1.939909725297137,0.09982348892498846,1.252639639219824,-
6.78348023004455,4.338079450880038,1.9847875278042837,8.056762547015358,8.781351801076156,+
6.529262089113091,7.419261542600952,3.17420334058204,10.0,10.0,-
6.0731701814121735,2.4713514869716615,9.438667499525158,1.6116453747878945,4.408991847602556,-
5.13977086537056,3.506273950651236,7.631250572288547,1.5750335369743105,2.4733256642405475,+
1.546170365880537,3.4777878605613988,9.791154946787376,5.374914874911476,5.152091190486445,+
1.2231055603542438,3.0410764136900625,3.5898890025914914,2.0974596672139554,0.9181092578652315,-
0.9257695536296318,4.177668575598562,9.804033941079703,6.826107457828444,0.07821414188049935,+
1.1677559853494497,6.737617429808695,9.29019167889682,6.992140319012477,0.12957996934714328,-
6.675519492735694,4.780658471792104,6.260731705492581,3.4883793123108187,2.8139529500952376,+
10.0,3.1011181118874322,10.0,5.711314291365728,3.527971324521822,-
3.349301638507275,2.318926418170668,2.961309382766885,9.850207079799004,8.458260531208815,+
1.1762826380755507,1.89397923702061,1.9168891119859233,0.056809393746797644,5.502045696552418,-
8.540064474506691,1.2669945967716412,0.5986167205963133,9.225743354206532,0.8039885492777488,-
1.435002355589012,1.7003515373137588,0.03417795673412008,3.4387160234390044,0.43648715578491154,+
3.2928904041547358,6.7721036109183155,2.028701686093343,5.063588951648511,3.6045329221061992,+
2.497547530609691,6.590531118733443,4.019067099366813,2.2434777589047448,2.01175794516288,-
0.015187959861223677,2.3332983364638773,8.612767687650493,9.329064473416626,9.510292859879264,-
0.012548961303326249,0.4663172362198558,1.4189801080443014,3.0233433200958157,10.0,+
4.725718351045691,5.149786910632565,4.196445535227827,1.865492728977014,3.9332040328665787,+
6.182892504951024,5.316090877489113,7.241497301860328,2.6743905950677966,2.720354688123248,-
9.770191406362066,0.1387733367831201,5.413403044656853,8.77765309271243,5.938103155166453,-
10.0,0.27032603211956235,2.089373419095263,7.112920246151196,10.0,+
9.735675642748884,6.377115097265099,1.4211252698635757,5.350872952938966,0.7349178876095941,+
10.0,5.84087308057197,1.840728854247521,3.8929964592574753,0.6754089583411232,-
4.468272165653159,9.008365835705765,3.5971331454256736,7.9494080220174475,5.18957286530318,+
7.876066323466746,10.0,5.8612362215377685,10.0,3.0208608467534437,-
4.924965907139194,1.1322861810320672,7.295511431593818,1.04035195408691,0.7794608601364927,+
9.35616947151286,2.1059588634743576,10.0,1.0873190504140922,1.5331635125495702,-
4.650961954478353,2.5519187837929715,7.495533299658613,2.8092027414258744,3.8423741666761355,-
5.123822055573746,4.5000097149309655,9.459624557337206,3.2113038159490896,4.505532806849737,+
7.540840216568343,0.5203630242829016,1.88419484051369,6.195575178452156,8.704233923348113,+
0.27283863887953924,0.7670143049565208,2.959449122123618,9.233071342217444,10.0,-
5.58387706367539,5.207456138290157,5.652667472875253,4.068761078940497,8.301196839238628,+
0.29570541423314445,2.3825930189855953,0.42631073944841547,1.5636151076491922,3.040573825430432,-
8.692887474242678,9.521546856891892,6.750426570261647,6.479287536829871,4.398683943519313,-
10.0,10.0,10.0,6.6454327480744935,4.47605586300099,+
1.9140579875886188,7.790893979117376,1.4929159561181482,2.386730088318967,6.373964701211126,+
1.8558851732705879,1.00193556200578,0.04348533438053832,0.32049696717467663,1.7009235213569727,-
8.243124035832011,0.310395816387965,6.792587289005411,0.023243408135640298,1.60427913647061,+
2.834232051722291,0.20120990708943745,10.0,0.0026542641518098853,1.6440629631575576,-
8.356626592895974,8.5615706151088,6.71723060737201,1.1676683591227033,8.583716137389818,-
4.491189953361287,7.6247578111019285,2.3815800895610746,1.9455147825117356,1.7827919513727994,+
9.999494839519139,0.5841139800207096,9.646331604070127,9.994221937357509,2.078112293557469,+
9.94774885304216,0.5458387031790961,10.0,10.0,1.3156459142056303,-
2.2279861628786746,6.691971189210517,8.193066355569686,4.466858270563564,3.516223393170419,+
1.5391035484727023,3.6131753364311514,6.968231350986599,3.1978513117576965,1.5528041601384017,-
2.692312789374717,8.733551551889057,6.20367702018489,4.299369790183018,7.190195178745472,-
5.312081380988889,9.818826350118606,9.172758902640867,6.090312471057824,10.0,+
9.374369152790583,0.8879397255827626,3.6322292735711645,6.210294885217652,1.502072694626565,-
1.5325631023255781,1.665704213536204,2.0107788579903505,3.9389551610506786,0.8004477988657014,+
4.027263331735758,7.188284976616241,7.803278390699759,4.447779815606237,0.14150569141195057,-
2.6520880911569042,5.128424818513154,10.0,7.621093984948553,0.2597068434216725,+
2.654747826180488,2.4202136540355266,5.480372368606625,5.023446547160261,5.410646078044337,-
4.183691146940453,4.405385541243031,9.272030654657037,8.342578751229857,7.299841462062391,+
1.3650717164692916,0.33704671432238764,0.26830992296627665,6.5017501379228415,2.231824703367474,+
1.8929311274689775,0.634868861863927,0.4407074624228496,2.8620225414716187,2.7033720456280674,-
0.19081899839655247,8.841600325722696,3.9008250709464476,1.8124178187361661,6.707189895645015,-
0.0808369915099695,10.0,3.1040844220831567,0.08310852262307866,0.6651814915163052,+
1.5202618196192952,7.2411042500541125,8.823873459577337,0.05410563089538911,3.701988886118479,+
1.7818962366002364,10.0,2.3207782050638626,0.0793588892095353,7.208889658298362,-
0.5986204959084007,0.5035921329537729,5.81296112722263,1.7052722264457199,9.404905493710974,+
0.9672334213270058,0.20910321329511058,8.485383165129699,1.6318014721276641,4.320783889299871,-
0.7144105298535008,5.092580637262118,9.552303557485818,2.016568848171776,7.217899637495152,+
0.7060726199654688,1.1620646801014085,0.38712078446940845,1.3317111961800934,6.171609016062623,-
6.374614682404043,0.07537726847550164,5.773057984044674,1.844359763824862,6.590795649618771,-
9.511005430135825,0.08104584980841327,6.091927747177647,2.17113230701063,10.0,+
9.737121482473201,0.7621837975416534,8.221603856417813,2.4263398976357275,5.995211111528029,+
1.5656352976679957,1.4719714622141074,4.2825765873065,2.9907533700541724,1.0934796304666667,-
6.0627263804755245,2.847638141899499,7.245216764033273,4.586577507797042,3.545515220593182,+
3.6357070796266115,1.5073594225701141,0.9536461102860624,2.3600550452287132,3.530693824691685,-
5.055548402275932,3.182536604914037,0.7745050281597055,5.853909879894483,9.203284731871271,+
9.72295149567662,4.9058231241842885,1.2874606445494636,7.91235820825401,2.9764243144270632,-
9.860430583160761,2.6949109406633456,0.8603395628999744,8.058191893973172,4.748501832877628,+
2.6581882398536236,0.8951726856318946,0.6364666592603595,10.0,6.281902570286363,-
9.350910820357615,3.9746211964474965,5.581931444919793,7.202969721432632,8.140816822689409,+
10.0,6.761078969776415,1.8438712269699715,5.828169686990649,5.462738800788853,-
2.478893813657451,1.4506619352605554,3.4306809521292725,3.4035302247473167,9.578204297619106,+
2.721588047598905,0.9688292492480739,5.085758808541879,1.1818215606834457,10.0,-
9.5188669101864,6.340026399750876,0.422893015927136,4.973373257435467,9.978867045201508,+
7.542482197766592,3.715672851058381,0.18151572854156287,3.294397498817467,7.541560218895724,-
8.398501772842605,0.7148195647580702,3.4446178017775075,4.748781220104787,5.660578934512703,+
7.120320660908992,0.7831916451325024,5.786900288920895,4.432593780109127,2.7419590721095637,-
5.42435980901776,4.392841498120613,8.572933176597955,9.806643267934398,0.9844640005585248,+
5.899495843633239,0.27835890717782025,6.355398238525925,10.0,0.6366392270000454,-
6.321501021370031,7.422305373204124,4.370532794842324,9.547433984680492,3.287496839402806,-
10.0,10.0,5.099217278314013,10.0,4.921978987765472,+
6.669636580560506,2.5758039500309113,1.5237401632924574,6.362235003071661,4.206447728481226,+
0.9553844328579205,0.24313164190911163,1.6909137403480377,10.0,3.610653474259743,-
4.014981063803363,1.0792137976203287,6.732542315928743,1.8296628406233062,6.88049472257574,+
2.9090661717254678,0.10666261638448614,3.1101002988359894,0.038436300764518386,1.9553765035718649,-
9.260379003160963,2.2899777896213114,0.5667418066390262,9.714305951308262,3.487140396923757,-
10.0,3.216927274530173,0.23294581302520026,10.0,1.3469880682060296,+
4.554156261665238,5.954659790652582,7.566308690579096,9.214494650150838,2.556132902178525,+
4.86060647111896,9.212911347883528,10.0,10.0,0.6190881190937763,-
1.8808605325009697,7.195191547348008,4.408115465432525,1.0660960221681415,5.7936613645489,-
2.572593805003086,10.0,3.2334132172326693,0.6548017340641878,10.0,+
9.935921115934761,8.962672230898107,7.815550578436794,7.969682038640479,6.773357706886118,-
10.0,1.6257459663273712,3.534342980145032,6.514234245524518,6.434968774192319,+
5.62017184508187,8.582675502729662,1.5190070063507954,1.903677920762712,2.5249492269004414,+
3.5304678517094765,2.2850491075840758,1.49187102421662,1.7608727901969268,0.9557469221431096,-
0.6116012450403552,8.482859001225231,2.377284890694394,3.8460474532261024,8.330773465924732,+
0.5281331952435344,4.554295323306049,3.6582825229274754,0.40795761917646195,10.0,-
8.40016429891129,9.663294089511451,7.679382269960953,6.104471740338514,6.381785097235833,+
7.315776764844929,10.0,10.0,10.0,7.175426469350735,-
5.792467038916602,3.987357763327216,0.07993612540320938,4.349155470824054,8.233539305404756,-
4.408597924155259,0.8573234357525592,0.14848881481141718,1.620877047081733,7.27919882265597,+
7.596068518348188,0.8770344150763898,5.791118784903814,4.601192819023909,0.25546998697763224,+
10.0,0.47622951607336117,10.0,6.117398711037552,0.5080327265384871,-
6.584827498355046,3.833593572437539,0.8172589145355269,3.4128237073381085,7.434921553084796,-
10.0,0.418525966859529,1.1995838351459174,3.000137926973132,10.0,+
7.3811348997179325,2.1987639355914714,4.585618025551552,1.042055757992224,8.22105604121266,+
5.832225150429095,4.390515924448136,7.446669754274092,1.5077845957438307,10.0,-
0.5484774339511722,7.366520219680723,8.625517867086122,0.15524913202582757,0.369920248185579,+
0.5819876193053768,0.060633830022689315,10.0,0.16645055447643048,0.43666587462274065,-
4.898020046536394,1.8027212774394374,8.048845109268937,9.51046528695949,8.24595545616566,-
7.336957811228035,1.9022600948617665,10.0,10.0,10.0,+
2.9894841572175523,3.5883935206164033,5.842704752636121,5.798757666252029,4.481675328413561,+
4.988614133668897,1.0082880863315764,5.256919635277106,5.686337947359289,7.655436778453,-
7.706378276123234,9.584401073402848,6.2571044845567245,7.5639312310650295,1.4379308331821028,+
8.889822239541095,4.973045424900363,2.448595401576238,4.708682222782041,2.1115597794103387,-
3.0295884845825896,3.233329516502954,2.348593992594207,8.414458458755163,9.367674543142643,-
2.000149991493303,3.123875357214348,0.5296369700523289,10.0,4.909895009680985,+
8.596446817659531,1.0903944445917568,3.738986522237094,7.937921055517343,9.265097822424956,-
10.0,0.8618283832663104,1.3440065856231227,10.0,10.0,+
3.091115927781294,6.487829004398407,1.6403834524600058,5.725915109032268,2.4602995270945573,+
4.434949568101743,3.012585452386286,1.0113011164527852,3.248360168784451,1.3103440045605819,-
8.715474720857268,5.6325128848845765,0.10381320920713644,6.746201914483728,6.302208952183542,-
7.6044718699441205,7.977431575975776,0.17065431902020992,9.416288483796556,2.801771107393243,+
6.9273438001722445,3.1305483401769987,5.387020456246377,5.464499291659411,6.174529592190275,+
10.0,4.649900412927465,9.405731075282173,5.770733650953536,1.819172800186564,-
6.802337670342258,7.90059644792855,6.681132954432799,7.556048343180917,2.775705715446053,+
5.752556862459157,10.0,10.0,6.723531615320621,0.23226722482072182,-
8.296344481305374,3.819183544652063,3.782934747905583,4.77944178509606,5.179026850069968,-
6.2994599227626935,0.07603585221778186,2.9672917089697015,3.3107385633927273,8.941486191406257,+
9.842701645726432,6.25727263843562,9.93954866473795,3.212592966866148,2.3948047295888752,+
2.1390045223683063,1.4699091719643012,2.8354077796700974,2.6877969504821166,0.4456483095109201,-
3.0263379234018197,9.858538060918915,5.584871945436239,8.766046566661013,2.3261326913337923,+
3.137546857985901,10.0,7.69312969853314,10.0,0.5607562524834037,-
8.669442437168456,4.9256157982861035,0.28582542594019045,6.329264356494927,7.351061461932435,+
10.0,7.3146097551899825,0.4074016313533853,7.633613691882745,10.0,-
9.105934968355589,9.420066909489655,2.338410795651079,0.9517782978883915,1.3051450714937907,-
10.0,10.0,2.7841431378989636,1.5728894252836834,1.3148756155730248,+
5.323202550073981,2.141093164888587,1.1804903411493528,5.6529893883728235,0.4420632240840716,+
9.7380963429084,3.6942475009937588,0.12014490136764448,0.8695207877755344,0.2864543564505245,-
8.150822736407537,7.6416822791923344,2.41373143403123,6.929382789841286,6.205998823895142,+
10.0,10.0,2.3988481390261565,6.5240109716868355,4.469269993781779,-
5.5383051175350495,2.5920221880483663,5.244489557058011,2.761844518871439,1.4428972323512734,+
2.0420573630564194,1.989005254838205,5.3269716295997345,4.253094599529383,1.3794043622394063,-
7.3126829859826845,7.154026436384346,9.396953894029375,4.468600824780314,3.477946056439394,+
10.0,10.0,0.9362689080422503,0.18934661830946864,1.8876876014878243,-
2.6647680057009495,4.073047455514458,9.602058672851859,6.684921938893247,7.867221765711463,+
4.059639194249705,4.655683928255327,10.0,5.9790293996402095,10.0,-
5.1604403908780805,9.223837013361495,2.4007659465090745,5.365135948795931,3.0085907564411474,+
0.6519549749816552,8.785552087389654,0.9541604828335758,3.1830537581523983,2.1364846093456404,-
7.009753955551482,7.351817172230705,6.580163496287064,0.35495544325207296,2.7604223622256487,+
2.1049525754200533,6.509360583554668,3.87414240838506,0.28962255774027534,1.6442621370316306,-
7.593851638174614,8.009665255908292,2.2423716732728605,7.534117300315714,2.0681149286197553,+
4.251009830579208,10.0,3.1564070401322177,6.013528117270736,0.006549478583398438,-
1.2496955989587166,6.689211410474246,3.5062659581546463,5.52933315994661,0.5984342812498877,-
0.6909469327194195,4.777805348975479,5.611838419370615,0.1337971865256839,0.4392517726285306,+
7.4692960652731895,6.782533861964516,3.7356094624422487,8.72362446524383,3.6820332205736417,+
2.876689658430789,0.10715708466191509,2.9894011577296977,0.5394127882895289,2.9373095565861127,-
5.9630619678576355,4.427303132261651,2.5072867045264102,5.276018592862912,9.186596944761838,+
7.7132485394207,4.887035431621352,3.630438075384029,8.15755345780546,10.0,-
5.526811124340893,6.403101230578398,8.230084933367877,3.33013646136986,9.0621223706192,-
8.991516833522843,2.4515253020484233,5.884900228357041,5.262844169687688,9.410559919432579,+
9.12377878749928,3.995261040066611,4.180657712054519,1.7083504536614569,3.49155517082799,-
10.0,5.029309380675166,5.355550863462031,3.2855116525772203,5.353943466385731,+
0.8204666229697377,3.0186387567636452,1.7191031944461432,7.449806351918483,3.855530580505725,+
1.024925822827685,0.7344489420336727,3.4363511866903136,10.0,4.2266148635237375,-
4.684335115928695,9.295842816271504,5.189226124787655,6.218655324262351,8.639763759847394,+
2.4891338600466226,6.506414910664448,1.4792791200351423,0.5439045541071407,3.6626787027791394,-
4.665282700758471,0.6163879585327325,7.537483237878235,0.26730339157261085,8.846515435727982,+
6.353499886822743,0.6036649254036687,7.294199259297517,0.3483012408139733,8.414117271108786,-
0.8718784172530725,1.896297456249284,0.6353193121852452,0.4010103802370846,6.266982908981571,+
0.1097148835893266,3.7717902831845356,1.1893757556718898,0.43400591492686447,10.0,-
7.653863856493749,8.524514246646069,1.9158097687374842,6.3891294030556125,4.675160008477351,-
2.819470789506446,2.91007295253243,1.084898210223428,10.0,4.244120916146178,+
2.157273124871039,1.1103374845855507,1.9767225444334569,1.6459666168601872,0.39012386264717924,+
3.4307118041777427,2.022808372408907,3.0995029377991803,3.20115862794446,0.40963361169770407,-
0.7213626012443264,2.3546122543240564,4.389686855370009,2.533876403538823,7.8429492566058805,+
0.18290062832068796,0.11089848529364983,4.224856552495664,2.2397237943997834,3.6261395844827864,-
8.550879421890485,9.2290752863195,5.173859205636974,9.84947487547804,2.0266549040301984,+
2.0152466012914485,2.83134608922437,2.6350147339530556,10.0,3.824206565239849,-
2.0540251063610038,1.4033656388598148,8.335755001249794,3.3534857002810226,0.13751244515450067,-
2.2647371365895084,1.272650565299197,10.0,0.594344989243293,0.15816919180902933,+
7.0664802793651145,5.067830539261207,0.5439851771992821,2.277427210726697,9.74673810999853,+
6.927429028122109,2.2187912722757326,0.10384241335758133,0.6870396102786,4.157260132873209,-
9.597853101149498,2.606240056480995,0.2415502234596134,5.590668803645164,5.368191692736982,-
10.0,4.939453866095019,0.3529884680717625,6.57686410677427,5.757643010775213,+
6.037025917499857,3.67136287897471,8.467831836579489,9.47326714816256,7.575956027587377,-
8.596730639861589,3.886126178145876,10.0,10.0,8.924801830331848,+
6.263923716792399,5.8623290708049245,1.5506480546086632,6.020850358408532,8.358508946205209,-
5.986996358161274,0.409471536979177,0.6891905419969325,9.703620359237245,8.033885037885486,+
7.643789549755338,6.638519134254208,7.1927858343899,0.23788528100897488,4.752573152530339,+
7.6630752894887175,6.712380669400398,10.0,0.09233791108469663,7.997329059151283,-
5.982428870468796,2.4846589604304126,2.844108117310392,3.440281667543891,1.619791690854494,-
10.0,4.495767252281282,3.5022805698418473,3.9674325654212907,2.0793673760372253,+
4.2251148303324175,5.821442434772886,3.707518710635557,9.9656198984788,7.561868071625256,-
5.181856449060479,10.0,2.9967384487762523,10.0,6.523206967856325,+
0.32351645476770496,8.39828757003563,5.425291293125417,2.8640569935455282,4.936648904052307,+
0.15874221118372625,5.466156210048142,0.007063953241905205,4.409978678934693,7.707406707673926,-
1.7776299706453114,4.595821372564269,8.871556627193334,6.016323112023006,9.12808484558845,+
3.1263255632272293,6.566233111906249,1.9392794502228894,9.99213219416139,9.778485184830263,-
3.6625194852519627,0.8762827759858882,7.278427473934136,6.299360881123598,7.1701369598257605,+
4.024034400912523,0.16454357075629863,10.0,1.3457063518491934,10.0,-
5.655449284828462,5.0738350197024165,8.578518724910179,7.555314547836804,6.9604773496176495,+
0.1605759135197732,4.614262763360912,7.186875335508226,3.4995881219323364,3.5574271409191778,-
6.210477965304824,0.05731120870646533,2.005317543257644,0.23460058015207563,4.508465628679183,+
3.2710693129364,0.0642353414788396,3.456971063866745,0.03152764317566388,4.06090735896169,-
4.4790876289866866,9.261298586436236,5.223365299045764,2.3742523853739863,7.6898679062127995,-
8.263466212006392,10.0,9.074967443497972,4.712248035654849,10.0,+
6.737558862740299,5.358238883148063,2.436840425542991,2.131996606850264,7.369631498831657,+
10.0,9.398177086395568,2.846187904947725,0.4319784506186691,10.0,-
6.183635126421988,6.580033002033137,5.360403132160734,6.607820728610099,6.18862005578659,-
3.1742807642486315,5.272999447002894,7.234933360505636,10.0,6.62088380993559,+
4.060380643900818,8.793325153581304,8.772748848525097,0.6083110577775641,3.492277001353956,+
1.508614502144289,9.738008953145169,10.0,0.8869370534883049,6.536344766224641,-
8.50970916750892,9.541746976513233,1.4359888246801833,1.2867248485376481,1.8316287611572535,+
8.897526295258539,2.6621151513035644,2.7580545298164525,2.2392036657102525,2.7877948600649187,-
5.698779752431674,9.57818234605561,3.587378232890688,8.894494942590205,5.357975099422636,-
4.474281509402159,9.062358074680699,3.9686601258202545,5.475094086656429,1.287367771743362,+
5.14448609662026,9.077746089532193,6.338733436412404,4.967060853934321,5.1351823488154436,+
0.9478743163771897,6.0502646810376675,2.4119300372903547,9.79834339319228,4.427503490162848,-
5.485207857638108,6.642940203799772,5.0553531646697305,2.7844626721237598,7.292507321825089,+
5.684407845598121,10.0,5.4069440149445525,3.2922011333080814,7.74033055542623,-
4.307974360246316,2.8105227026090915,3.4611334361339807,4.960687678493544,0.9233096273559571,+
4.552165111213489,3.245510130946831,3.4878503226796327,9.832270529609342,0.2504643587446351,-
0.16006642748857325,6.396250596736848,3.1816175002211553,3.5019437414552534,3.454014553134024,+
0.28884108616192505,3.3282743312835597,2.4525771339581985,0.73312978374614,0.9449488601892793,-
4.947096658212504,3.2735293554779474,4.518592835925218,6.67734230054434,3.4362025735255153,-
4.14061269429549,0.3267640709805368,3.974465531769383,4.772596086525719,4.159735347481312,+
1.295459028911965,7.829078630932457,3.917061150790974,1.2454085248463964,0.9987879876967531,-
2.0303287473739773,10.0,5.9311233904298915,2.32367581614796,1.4407004033468795,+
3.5299398708653573,5.660780223206646,8.714094767542488,2.3451824507150496,1.044208603948663,-
4.247050659776262,0.757881534151395,9.677963823326442,4.33278249473121,0.016113473270502124,+
6.431234466029508,2.129600881440151,6.616875201564884,3.6055342920089952,2.3566902424163816,+
7.664551023179983,3.001228832705237,2.6558252648552223,6.411056933440746,3.9272049903167576,-
2.2054413975969425,6.936172947631427,9.81622009642236,5.4037559880421515,2.91153558375274,+
0.8665990986880879,3.9504922421745436,6.740500976346531,3.570028228882156,0.9314766931966721,-
6.197424370071349,5.442229582441183,8.838005079365926,3.659275966780331,4.291123964364429,-
8.90777751013549,8.32792742095267,10.0,5.237455312509541,7.807837838057746,+
5.859793379580446,7.174262698865225,2.9127743118660887,1.98606575527844,8.711638463770576,+
7.372248114280379,6.950946533883923,0.5900169317774991,3.625746654358942,3.6816019593173515,-
9.836511229276207,2.181813491934592,4.491568017468016,8.326344372339046,8.5591607210395,-
3.922581034754612,2.8869104469856706,5.045636681359437,10.0,5.5610961936076215,+
2.2846519176656823,7.093577851136926,5.018592483357294,9.939200891735222,2.7773693123634633,+
1.7540375174585991,0.701425857079437,1.288432047040708,1.394061459481678,2.433672531206831,-
0.9429776631800457,2.9638481154091556,0.2615550741351791,4.611288431744692,7.876984785812229,-
1.8631782670668096,5.822987488950029,0.357737622531331,8.611885188326298,10.0,+
3.4576113381334617,5.890751638917595,2.5687036894860538,2.5404639641323525,5.461467609102291,+
1.5757025516777734,4.011969943387464,3.847277642158311,4.623119877366449,6.12446579082488,-
0.8664991872421235,5.903511421690126,0.5396965700650114,8.839976029196864,0.6071460969198439,-
1.6948527429212121,10.0,0.9924789513257277,10.0,0.650183068902777,+
1.6150713397484728,4.713031061788248,9.738869845902954,8.256178899942539,9.663508269729078,+
1.9854418861079017,6.542370276420141,3.4891744678355034,3.165468353510498,0.0499359172544226,-
2.3646378542819644,7.026782976157749,7.108311801029449,8.706674540304467,6.256782685918404,-
4.391181575429539,10.0,7.824381011009558,10.0,7.374751004030724,+
7.919896080717052,7.126829018646749,3.2219181385250115,3.8990539545521354,9.28206627053807,-
10.0,5.724086620215555,5.193880842796851,1.6916008798985283,10.0,+
2.420571220016882,4.261768972355966,1.0999621536150739,8.502854154646185,0.22206472331141924,+
2.1300931080066254,0.45966720920230786,0.406900166694681,4.972093416806612,0.15649318534787468,-
5.917503939000781,6.058475018025412,6.772915232801201,8.395041994152887,4.176606589017774,+
10.0,4.228261902872719,4.006364405832899,6.8909147901897905,3.4656780365392494,-
5.004068041573798,4.456968744088937,1.1777700560092241,2.316486239154689,1.0249119104170734,+
2.6518624002469795,2.962792937276621,0.948031600868029,2.0365484794170254,0.8823087712114658,-
9.242191430778288,0.10365816129135452,6.907306523333595,7.485064022574589,8.828771136529168,+
4.1211845656122055,0.0829992415357718,3.9811981352866854,0.5925883354408461,6.17161755844309,-
4.960472752021049,9.353122034016112,6.558074937288273,4.255737785608447,2.065989263539143,+
5.348207510815936,2.658351845607714,10.0,4.757325551935818,2.609602887426601,-
8.754659874666729,2.4856658613874782,0.27978951228705085,5.938146878323495,3.0812096965423263,+
10.0,3.4995684293090914,0.38999155233395894,7.140452181743744,4.455106619974601,-
0.3762797006147922,5.568581037566806,0.05916453936848587,8.357660627963558,8.179556902971498,+
0.061846835299097805,3.5017978858467878,0.006936042252940287,5.48180185628807,1.522912925910135,-
3.784392449042191,3.8297619976314836,1.420406657054919,5.389454793250254,3.865205136389437,+
1.9237636607612618,1.9318045873819791,0.14045785759445756,1.6606517896161936,0.5655764066338194,-
3.860386449600395,5.13247875728971,1.0697954466218784,5.431174770010008,5.988138003171399,+
6.487722907660589,6.190179074270894,1.6707969042734527,9.429776887240287,10.0,-
4.156239148729217,5.04814145359985,3.9751954804788303,3.0801624296657524,4.24710572219774,+
0.13541445862951196,7.4710139684759165,6.949482982906952,5.045583337929822,6.7026387485317205,-
9.068745371257673,2.954452477295413,2.5122274575348023,9.71992760467159,6.060300881946182,+
1.477023482946805,0.8265995605896271,1.982660229343463,6.09562703335941,4.951282457230264,-
0.04557641440435356,2.526695206999532,3.99531198880122,0.7871549274020551,1.6624547889642038,+
0.05609975384379884,2.8165889600367597,6.284386476876926,1.5093005502137322,2.93538068742716,-
3.5810499658603723,9.790717694104279,8.816549024403349,9.114331658510162,7.397033708504225,-
7.042462080143625,6.161158518940115,1.2664243083493065,10.0,10.0,+
9.46818589417151,1.630129609344595,2.953473044680852,8.708293774833725,5.074140045303357,-
6.875988397106378,1.5242723156791405,2.748891398095346,10.0,0.7895158229588445,+
6.868741263391311,7.4419347046378554,0.10849271817837569,5.3589282448690065,4.000052239610577,-
2.015389847909415,6.043083312865408,0.16863731055154343,3.0074689380160167,2.4441416076891964,+
6.3945669513865955,4.955117379740867,1.013943248903153,7.85716321968477,9.503262746306653,-
7.966149725572249,0.7333909273264955,0.1807068454116004,2.4091193167646403,8.119585171011703,+
5.154132626023821,2.855059635947824,2.0483738876894755,2.804891217002219,7.6564809627089385,-
7.336578086250052,5.196273090836939,4.06108952666758,0.0379774357018093,7.127437509068444,+
7.434785436386285,3.0416707652472486,0.4570062985989076,1.5259819922880324,0.6998086322848851,+
2.600219306671352,2.1079355771937056,0.5341495549991592,2.647999214026214,0.16576492257316033,-
8.716565753948341,2.311996770547482,5.427225212038536,8.36636326979739,1.483146075589823,-
2.251304521971029,0.9739737324690986,3.103822815482687,10.0,0.11354835903996091,+
5.691707531987516,5.527643019279804,2.0140087858481017,7.021752419802645,4.685694746237474,-
0.41003848685430005,4.734524611572928,0.6077226093624123,9.528034911480955,2.8279110189257857,+
3.9585860240371264,4.505355996268907,7.282892066458712,1.4715469070151943,6.092133815718917,+
2.204179619051716,0.2630932668736762,4.267203266480656,1.2004467265006638,1.1589521795686895,-
9.29347697580105,2.629260387288509,9.299358053772458,7.554001680439974,7.872579486477561,+
5.90100938425298,0.9733386032927392,2.967597003346897,9.35793037269195,10.0,-
1.8029069699904232,4.50658794281377,4.8161947886355545,8.758559809084797,1.3600883291113908,+
3.3466221980216675,6.662674512789964,1.702120814628582,10.0,2.666901129830706,-
7.52510334010887,4.01571986055327,2.178549197523887,8.603134365830272,5.6573336514693295,+
1.0720965988326803,2.581022675288529,1.0581779390025852,6.166270874240142,3.0863337683570395,-
9.066508488884596,5.624915610053469,9.63073758545698,3.1132037897067635,9.701728787135357,+
6.24004514330169,4.718927213714192,9.288463948118626,0.7045558442271419,8.869708478654015,-
9.49978998909505,2.731241230411011,7.5687493122115646,0.6792937985577807,3.8880471223341786,-
10.0,3.4389768292301652,10.0,1.2885872789282715,7.383953149844589,+
0.16597320676726146,9.992526150496118,7.5139891468409115,7.572968640954184,6.225772403546923,-
0.3102837645681707,10.0,4.519834196850877,2.1212991702638737,10.0,+
1.0813549160443836,4.5998905420282235,4.636515095454646,6.0560641119457514,6.791449700887914,-
2.1047601013618413,7.102971703776923,5.60470144041098,9.155740883477943,8.793508053235648,+
5.522004765934264,9.554014879389554,6.070560348411565,1.400433128631322,7.730756082393454,-
10.0,10.0,7.597161297728092,1.5616608161780083,8.46906051266922,+
1.5743070612011534,5.787909231511343,2.481209965741659,1.5524148433481932,5.513382709711779,+
0.2040682553986085,1.1481155747309868,1.3699852698911934,1.2924173702128539,4.341395889729519,-
7.5760516757649965,0.34297312601581753,5.688345542430529,7.581991822738488,4.050590167359827,-
8.128213665779088,0.3299299440833809,3.486139612428145,10.0,7.473663122111065,+
7.048084402178828,8.322315958177738,4.213910379126067,1.7850491801665214,1.090492422154935,+
10.0,9.322744114870064,3.312032283644644,1.3180558446903428,0.016167961335519,-
3.8439352061472762,1.8336563851195342,6.9888941622486715,8.954380054986418,0.1069350200415986,+
4.581886664916651,3.194816234173185,1.3357586181562213,0.6461830148654325,0.09388772531120114,-
4.2118898190172205,1.4927069402531146,3.9442196902479862,0.641522244810202,2.3244917803716025,-
2.9401371557769247,2.6752274124255715,3.575570958164077,0.5289043004679859,2.194699747124219,+
2.095819175099647,5.159520171574385,2.754542547036005,7.999598942833885,7.13174695631036,-
2.213132715732508,5.6951606673093025,4.7357317795075655,2.931922624985896,4.201782760294432,+
9.97788813621083,4.088611188148922,0.8803305004257511,8.891297701902044,8.871887164243402,+
7.0431861131237286,3.064235482774348,1.6434496107658014,2.4588586809523743,10.0,-
3.0310476432798694,9.394786159440054,6.300991720602126,4.310111206591412,2.762631493635015,+
1.8820418243163048,9.097880253931262,5.764992044514997,0.10927722662128424,0.7302499078812017,-
3.7055148328946617,3.443923207018438,0.1906790839471617,3.805382836909317,8.514875511166977,-
4.430604172933174,3.608371283404607,0.29427011913294143,6.849771706251745,9.387504849842555,+
8.414813881124228,5.902229233090242,3.074852531731157,3.5382913809666294,9.473934171638804,+
1.792518911803047,5.81218428163328,2.877136920444003,0.1799420199656663,2.503450382231259,-
9.166701408707977,3.6747335900793043,9.282981904919833,3.3467816671159465,0.4882259604018946,+
10.0,4.124820419485528,10.0,5.523993884363175,0.8905435229065635,-
1.6213544770511867,2.313938126755363,1.3936037914187194,2.8696422817042153,7.964580234139762,-
0.6456815381647096,4.411018549704751,0.24761448448306148,1.8261085301497968,3.0742032228719576,+
8.76485186219939,1.864503004510638,4.8730310696783405,0.6276719874935521,4.125939141228466,-
5.202409261833409,2.726756274971796,5.101411614879512,0.37978414803173854,7.145015717125584,+
0.5368789112241268,6.831401407147563,9.840988919986941,4.946292925561729,4.6533696487385505,+
0.15790203203587175,10.0,10.0,9.467949225280876,6.166187437117413,-
0.7921793807488087,3.044041048370029,6.359507794964689,7.7879446325708095,1.9244780998553257,+
1.5361239743334358,3.9425410033744557,0.37976147043286707,10.0,2.892108280825371,-
7.125554720513111,3.0780615941650336,2.137129363548387,0.9157547797281784,2.6145587700875996,+
9.812335263524838,1.412005616381182,2.77186436187128,0.6688405406281509,1.9681119469937232,-
9.723046410083024,5.43406896292861,4.439975005288641,8.339958410471354,8.680997579051304,-
3.050535658855178,4.955122275119205,6.464435478581793,4.718879968698245,6.733879926220266,+
3.086359077337667,7.621227414215567,8.98348388898064,3.6063871408210924,0.5838118759713495,-
5.711204903457549,10.0,10.0,4.930472701826783,1.1575576679057873,+
1.990319700625619,5.473409227798119,6.005006588916812,2.818494503438079,7.964351262619852,-
3.3051011362284313,5.6325191184845345,10.0,4.999649070064987,10.0,+
1.147566703302989,9.42246387588213,3.1664498393063942,8.479612513226481,0.5857841650018614,-
1.2841059529961643,7.007709114159568,0.06559133901664545,4.837642368503359,0.45911576653442177,+
5.867977880824426,6.49040655275399,9.707698432256889,6.660680906905707,8.714386129561785,-
8.820941439018116,9.374139024234063,10.0,6.748227933700089,10.0,+
4.980499529264469,3.5553128018707723,4.557606126978926,6.895342361728275,5.305161679401653,-
1.02559397767032,2.5500393793108342,8.480147308574029,0.3973948444064094,1.324908068233998,+
2.8781580191568445,4.3369666137048934,0.6938846762340467,4.793173285240428,6.64263989492005,+
1.264865209529957,0.15459536930121137,0.09267868504444038,0.6897384497921126,5.414494731304861,-
3.8995119822733204,7.555127126913911,1.2084018812155695,9.119719783250652,6.644359546839768,-
2.9549666857961694,10.0,0.3145471867773127,8.338623952783262,4.665553425810095,+
4.247590480704435,5.814586469341144,5.289171536119079,7.253536196467487,2.6863382501349697,-
5.777359276750878,8.523939390520855,8.61755698890693,10.0,3.0257105075018984,+
8.557528675700016,0.43447247996629246,5.684740998753139,3.2949384342386487,1.8345020039294901,-
8.311171454130722,0.07539115225508512,7.324099841173913,1.9652019402516234,0.12310519862313594,+
6.414612919136049,4.862249728422302,0.8251855218958504,3.377119928466721,9.723245615290626,+
10.0,6.6636589307727725,0.9769247902117137,5.214881923771762,0.5352447077185406,-
5.543412592004978,9.458702741679215,4.645512375280952,1.6156013288793758,1.2878281657758062,+
10.0,8.736592653943195,3.9664503894894385,0.37310288426434035,1.3812834776792726,-
4.219772614402151,9.965064272205854,4.501286797470581,0.790000496033838,0.13872054078980178,+
3.750470832678193,6.436721329696017,0.1918738189271311,0.26510124231605364,0.09665826010482628,-
9.621864314590404,7.945388960305184,7.780956166451263,3.71400258400143,4.616055287999881,+
7.869129646252141,5.504199960216174,5.944872066647959,5.237931266010982,6.516551256269791,-
7.649776240557458,1.8839478427542833,7.616024792410108,3.7078962921274594,4.557684218180977,+
5.4090907499308365,1.4943024411019015,4.435911585965476,1.6843384895203108,4.057191580881132,-
4.450476884236041,2.1354836673882915,8.854261025266183,8.411134887713747,5.23625166553313,+
6.169984041772208,4.1215194944441595,10.0,10.0,1.570070955584674,-
0.9505903207446498,4.8207814649812715,1.4157141014125396,1.9152099807403211,3.054078483724736,+
0.38823662750067056,7.743126037225908,0.2681527491348637,0.26939928261183915,5.248473062358462,-
5.396985135177946,9.667548194442059,6.031545423534654,0.21683738007405529,7.995861173504139,+
4.027758274385991,0.2916362172597531,5.150587287770747,0.043119897590650186,7.481527947748196,-
8.905175519359736,6.796607496295403,7.365671367778858,4.991456297762891,7.83918129900219,+
8.218063725162876,0.5406222205042723,10.0,1.7870149692707746,6.902496186720966,-
6.067462299340525,2.792704378879256,7.663771871157325,7.782500727118675,0.0031713395228571972,+
1.5451365479487107,0.13426803577983157,7.137240744003065,0.6826588642237865,9.332845693185783E-5,-
0.146591692270448,8.139855836445694,2.814023294154191,9.542413867679334,6.269836880550345,+
0.09257513059502262,10.0,0.017386115231334324,0.1212498669359916,7.74982501324198,-
7.131719988524553,0.4779505295043329,8.759761812878518,1.4209370977790892,6.465572391764668,+
5.732943900241367,0.01999942870627116,6.7443938147587374,0.12974190797742002,1.8108446236019151,-
3.375565595243203,2.419292127526754,4.286126528350893,5.938859455067538,0.21814706549645901,+
1.4364974316856194,1.0213929039525547,3.726320235675436,1.2024539874606015,0.09011102313527948,-
9.91668137214557,9.131795915167867,2.793861184983233,5.773556240323298,8.79848519834016,+
7.9340174539925625,10.0,4.145201397606209,10.0,10.0,-
8.889670460953216,4.092467080513519,7.649961431040082,6.929459805412962,8.552366996717213,+
10.0,4.36849703326835,10.0,7.232599434484364,1.915408036839336,-
0.7557165432334711,9.09869216049259,7.733634449296836,0.5413437498716189,3.9024437177268014,-
1.0578645211975546,3.2917555430553165,10.0,0.36363542789047515,6.0135112543773355,+
3.952585262997249,8.311330299701257,5.800039951031452,0.7908704927134735,1.220876000498885,-
2.554419998021028,10.0,10.0,1.1800233166759837,1.1535199983455267,+
9.794777986024151,1.0965379034015788,4.053907784414497,0.4150711088509629,7.946539320469009,+
0.8630717464804272,0.8416794722272615,3.278785022985614,0.17448585174478623,1.5633885185843486,-
8.521912588799793,8.700522974131031,5.34368144765009,6.13097725096734,2.189870036750258,+
1.077985275509596,2.4424353258958584,1.8137091003320498,10.0,1.835027534584975,-
5.028800403969756,7.835570186345104,7.946229001544816,4.427223588872666,9.673761091397706,+
4.0869356070013625,0.6383045667680457,10.0,0.9808588247232373,0.43646485120764855,-
0.08407378134655752,8.569566216742256,1.9445517216808095,5.923776905223722,8.759505440989908,-
0.10928873661124,4.811135171930323,1.4022417525101623,1.0876278982736307,7.569516201251064,+
7.028671796206866,2.3941629284693935,0.3618331681340725,3.989185009634876,8.170916237307758,-
3.278344482638633,1.4093891060506685,0.0536042028628883,4.235911635953191,5.626622705338049,+
0.8111736220110988,7.12040073049013,5.5911911185337395,5.165090168429059,2.8786394656694725,+
0.5547980583887377,6.094763853493488,3.5356642262904434,3.0837755240035336,2.242583345755909,-
8.686365478703577,9.144021648355293,4.50288296060647,4.913171012192047,5.151789139498993,+
5.98185707166387,7.97017818501917,3.0007503077503204,6.048347264879312,9.458390659164587,-
6.514503008237873,0.4859291602232507,9.91082125709432,5.841510820722143,2.7689544581517422,-
10.0,0.9407538586999119,10.0,7.570403546254302,4.870817664845662,+
2.8311567512470215,6.430192883721343,8.70986987589228,1.3730814787253598,0.39926785624158523,-
4.808340508151136,8.092970054638492,10.0,2.200013390175988,0.5084076245815544,+
6.869038706811389,5.518880126994572,8.834299943114738,9.519697582074492,2.328227741903459,+
7.371910809619193,0.26011585044763696,2.118809570498917,1.6134630690207123,3.405420815864575,-
9.00236791280726,9.284690071457577,4.428668626085414,3.694861960631769,1.864542001804148,+
7.152395213874216,5.050401428879426,2.9684417324388996,3.2759783548327213,1.683166106081895,-
1.2041968163837258,9.62506178238532,5.646245756775604,1.0766644470773645,3.6251338904380956,-
0.5378153648073857,1.7916519673025229,7.946431469209922,0.7829195729160413,1.3708164729758787,+
0.6739947488464282,9.01617945044102,1.2692066338960262,6.310767121723018,3.5713001793323307,+
0.4258315977598602,10.0,0.8995575976233504,10.0,3.4167808756902005,-
6.322176999694001,1.0562625776778256,8.260713722231674,2.1239139046572006,5.020558604366454,+
8.691779918781851,0.852653216633097,10.0,3.190486858430162,8.029036333519374,-
2.5698424037301946,2.084139175411016,4.6315658753586835,5.3924412395460415,9.579948971545331,+
2.0797981407465556,3.3018084465937876,9.033009161202804,5.48381896292202,10.0,-
3.865279751602934,1.7702364944363758,9.295254602892724,1.6171477387892264,4.492821613793174,+
6.350982899471466,3.0209810689882692,10.0,2.6213214719780633,5.583384186762901,-
5.766368330083845,3.9937131407935667,9.080309388409065,1.4674493816206557,8.004934928637283,+
0.9101951170139856,2.3824386660332277,6.412808759453177,0.958950433917388,0.4596768165650025,-
0.4524644822225432,7.3664964250471865,1.4938338178600752,2.2724778385960374,7.112602639309608,+
0.6252864382606471,7.174433193765531,0.5314846082633622,4.345728994680194,1.6466484809736646,-
0.20638715556167253,9.264511086110684,1.8342495733372022,6.389220519769035,8.516857294212993,-
0.36383151462076824,10.0,2.09509600174964,8.212745439662775,10.0,+
6.181627120864507,5.108033257821759,5.1266883817619915,3.8680771978839146,8.51843047491757,-
6.282499076278063,6.836615774448184,0.34209822260208395,4.179767275619176,3.585203202337411,+
1.992436269409601,2.568047818585687,0.1385009749702315,4.606294289532195,8.732814756226993,-
2.258121379132718,1.063572582701791,0.07185109545530635,8.973593991532535,10.0,+
0.04409218559197625,5.334859132334309,4.6405419512209924,7.501273359053661,7.232427928034716,-
0.015689848300085775,7.4709418107146375,4.117256199806458,1.6838084459092366,6.531971532647756,+
5.20405466792567,8.69042492299231,8.048326572744315,8.723475778376494,9.465610733011284,-
4.700112164999029,10.0,8.121408080093623,10.0,1.8079050573069426,+
4.043932374219783,0.5356489841692647,4.663321860555433,5.1428757840256445,9.970117400818852,-
6.505984010704997,0.9431883955558304,4.570534887904608,7.0356878416856485,6.195853848913757,+
6.9904540025414255,3.372160092855659,2.933980299249831,3.2423382637707077,6.569840072994676,+
6.134905550216061,1.0424952484237817,2.0613739437950063,2.140129046207577,2.289368938089101,-
2.8893097630982236,6.679572949749371,8.79051530306285,7.0957749319709675,5.929166916620626,+
5.216647426499139,0.5236444681268719,6.623690391553565,10.0,2.164313579075369,-
6.786963144863751,3.2155812089280147,7.708881574413598,9.709676964877637,5.071355824970109,+
8.526706457125046,4.260494499584331,10.0,2.55115609160769,6.378211891454058,-
9.888363589657288,8.389570105926673,1.55578047510594,3.4059662041556082,5.411755375954579,-
10.0,10.0,2.1105822189262886,5.141444137249892,8.404900196576461,+
0.10771166933997156,8.528700152038178,1.5536502401668906,9.908826536642316,7.666940318936501,+
0.1955650017435087,10.0,2.08401974606549,3.586971860268755,10.0,-
5.52355166428078,8.817897847082005,1.6557563142236564,3.0978972045091355,8.142471229328264,+
2.6085449911888468,4.534412836321244,0.6751589090835872,1.650515578927349,2.8255773770712094,-
2.5341122651816663,9.789288253649076,4.781801777692626,6.7627687875329014,1.3649360940772681,-
1.3075742645234378,7.846033922646682,0.11097632538424132,10.0,1.1002414306106694,+
2.675827193944956,8.240506918159818,4.901386082855997,2.067209190017585,3.6034247374572272,+
3.788131425123663,2.40792481421121,5.397611827996176,2.204206229446425,6.43697654246597,-
8.042447851588022,2.6408812015119,2.5233063358644103,8.395156982835232,3.0069005591757425,+
7.26749173679358,0.2574357653776042,1.2243276352975179,1.4552351528693452,1.6375213281600027,-
4.685972011995431,0.06710042278689543,1.8734378741672342,6.903463846228728,5.9609348848779895,+
4.781800724894861,0.09194551112777863,2.893476223635645,5.896475256205382,7.7246521447723,-
3.2000076792876953,4.744686591093359,7.598324815519008,5.255566053241017,9.13736805435526,+
0.15354518912583193,4.47961268378663,4.2700181745935755,0.7335093533510674,6.890650487583904,-
3.34843967603891,1.5167917916425555,6.35410643847819,2.7166840618611743,8.312934701547825,-
6.013927390377667,0.047093394842134075,2.3465764468291845,2.6985823952427967,6.154464212283106,+
9.35684197618029,3.2539532335369903,2.4485605572003264,3.5744713542378745,4.215851645861493,-
6.011567998202179,0.5484898723137139,2.3937842733130577,4.827346683892498,3.5709761485790716,+
7.534387297735301,7.629090179637359,5.072163780604617,7.0499935506331335,9.837591562236605,+
6.500447516785554,1.6729476620574182,1.864664830588228,0.18691176624222425,9.746839293343934,-
6.671913661944135,5.489827623689254,1.2804195035673316,9.877086033681152,1.3193703549509073,+
10.0,6.381814681494663,0.956184543908774,10.0,1.3003543151178223,-
7.686277237805217,2.5544272412542366,8.150498921285758,2.2862044696224637,7.193071973919225,+
10.0,1.1029229486974308,1.9220172344223232,1.9699660489836592,6.097549032496719,-
5.982651050105465,5.721557240382506,0.7612035894179225,5.947182192885517,3.4927908556078338,-
10.0,0.2706750522855465,1.3110540047970871,3.537743422794946,6.815974716901634,+
2.1769859415250292,7.956744241296744,7.887520683297225,4.5770055407782815,8.695858047428892,-
2.497053334179127,10.0,6.3917507873001105,9.068080588945383,2.882698403178095,+
4.262065209680891,9.04653329686425,5.766320758676141,7.562383702954012,8.52173340668417,+
0.3306892426976409,4.092977407997986,2.5133680498818025,5.063205320105006,6.4867377179950365,-
9.61997517836658,0.31333520409927207,3.5339997539812895,9.921055686094991,6.3876130551716575,+
10.0,0.41633542188064127,5.97480035328733,10.0,2.46413277456457,-
2.848037271143241,7.765620003013415,5.872268673022486,8.819124463882265,4.6786866885131895,+
1.2049357694312548,6.6108244097081785,0.15381681881010886,2.9967598237452906,3.2348042497769294,-
1.482941755971997,5.56920227989405,6.802533653881156,2.3476322297126107,3.4621044118700572,-
0.8732576741338388,0.0342219439489093,10.0,2.3139867185257135,0.5608570676355203,+
3.3527033660610615,3.8937703187567108,8.180102659141122,4.002081510537256,2.7769867276197036,+
1.0258917822867568,0.3165181403770505,7.063904469363741,3.656532441921409,2.4676229307656756,-
4.543512746000315,5.551030518326764,7.398826566692848,1.9475713033009079,7.104445762481354,-
2.9303899777928555,3.045574921718624,6.192829596709503,1.2183219998689543,9.466520654495053,+
0.9373895852508363,7.2319482662928944,5.625236179337022,6.7747568868925265,6.711109754399192,+
1.8159147357817085,4.260814536463652,3.888024641945308,8.313048866150105,3.2259066451408365,-
6.647464075616115,8.729100491745728,5.29269528664127,0.9903115578643384,2.46076828340834,+
4.265364081747384,3.853687458001245,1.807238377352141,1.4340004962811692,4.233451876107328,-
