5.85828490269439,3.0664219414813356,9.655481258535007,9.593158333461474,2.9361999827943497,+
3.6832124965508735,2.0849719853686004,10.0,9.775104678427324,2.1641578967910102,-
3.8116669702246253,1.333838011912677,4.496325663599295,2.98434014250177,5.809572210912627,-
6.627440308275887,0.07296621371322892,8.261719153874136,3.569974016492547,4.4333352931313375,+
9.910967884833557,9.925045751049758,3.3875222646024383,2.2078594369862623,3.2308975954814523,+
5.710922602206452,1.9324473519050707,5.415413594420893,3.6557173097005053,0.09168795402553265,-
4.710916130861213,9.181128953538876,1.1508121923562564,8.412090168307117,3.0835627274262056,+
7.4933707976517745,9.18705212693431,1.7894858343056694,8.530734952022305,2.7179111168462042,-
2.4532744793512573,1.1875992214980546,5.003162784925382,4.442417548819046,9.363463640240443,-
4.312282298067332,1.0344142878191331,3.643502832792278,3.164186790416241,5.920611463302187,+
6.213019559532603,6.747832408865752,9.382276674492042,2.8126770951283175,2.9992234919265446,-
7.519839170689554,8.590909029010925,10.0,3.805678231271337,4.352794474413831,+
2.736825244023171,6.43284753016086,6.092266717153024,0.4798188319211094,5.333430975418625,-
1.533742955487981,4.155483249808236,10.0,0.352172517059113,2.6437329684020985,+
1.897627300907705,9.908981877494442,8.768183178039024,3.6222623433370837,7.533696540504197,+
0.34521928207194846,7.791757488133314,10.0,2.4833368517673016,10.0,-
2.6006454147167712,5.40164580230014,8.977214862152035,3.1074696410190352,6.611455019555437,+
2.4979451791882124,0.43527701774910377,9.497032217010979,4.571020555477593,2.681195868896214,-
7.422628492439855,7.181957204065811,1.1249312253906807,6.041068936264261,2.873333703755475,+
2.8881402906332267,10.0,0.3197218852256534,6.673114877825141,0.3906229359648906,-
6.711188435004146,4.482322382424347,9.31529714174999,9.845245392446095,0.4550812099994106,+
2.8942773878504204,3.7553195809679605,10.0,0.03907356331373332,0.6901654453920223,-
9.4262764562116,0.2770921124799386,3.260428646775301,0.07282199174136417,4.864108136840955,-
10.0,0.4054025685487317,3.3899754621181986,0.10184336004204823,7.335200915179563,+
7.2455011915859995,9.908426110710666,5.5709044957864275,8.03791976185083,5.662575203421277,+
7.542612658484174,9.895470041495818,10.0,10.0,9.031829675084575,-
0.2244102531403913,6.045640077403082,4.763979021562712,7.619370623019494,1.9999377964493714,+
0.31091577804477566,1.348529569512131,0.4019878238877467,6.592853724056603,3.446728970406827,-
1.0370518123236427,6.371638289904355,0.331423759729339,1.867530452625673,7.800959146839973,+
0.0925329764252375,2.0757706028381446,0.04015311276688273,0.22484728840879242,10.0,-
5.740024392354303,4.038215298004449,4.829381831491567,6.867566082075741,6.269242401692223,-
9.115758488236116,7.914052685923876,7.915955169154447,10.0,8.916675179860258,+
7.9269043834207515,4.001298393801731,4.411552196665015,3.349942900251952,8.80597725510797,-
5.52437255135918,6.239403627394208,3.0272826535351745,1.3618869652563304,4.940066166814228,+
5.466548242807106,1.9336215144864866,2.1412736797900256,0.20759761235581542,9.671067456223698,+
0.19781427657183634,0.040793479229922595,0.6102099793884886,0.09393779160243565,1.5090238119704944,-
1.0768821681513052,7.38511738421038,4.619824071133203,2.6877914808575953,1.668043928669266,+
1.3386420737006257,10.0,3.3515458949116166,3.5398850976040195,2.681268133102754,-
2.816173176778012,1.410603173758297,0.3550565674142314,5.4187706245305485,0.037666828176853295,+
1.9059842993102933,1.1399252155644595,0.03117745351379169,3.8820460868759525,0.031516051783536725,-
8.855260279882293,9.399086086901399,6.420409174922606,5.076692024215337,6.355896626981305,+
1.2160922384550061,0.09521655420918841,3.887713089318453,3.9124655020505763,1.3096404331946736,-
5.124431174014575,0.35799647021241277,9.018360399423281,3.2283759080325183,6.406432056740129,-
5.7888404482036755,0.46033955094819023,10.0,4.1384855255327455,10.0,+
8.969661230353548,2.9437795031585603,5.072472405144129,2.857200316719478,8.048793200445882,+
10.0,0.6358962117416467,1.805671157657999,1.4162930580553277,10.0,-
2.6314217537627926,6.5199335945997365,9.39946209849451,7.196664040611099,6.038336801957211,+
4.752936932292986,10.0,10.0,10.0,4.263186837705375,-
2.3094546775343705,6.273916861499393,4.532392086966866,4.139069378163326,3.1474985452922577,+
3.6684163757959984,10.0,7.825969729999987,3.7740940573797928,5.901921396206871,-
9.354948847811759,5.844064309629905,6.841944025459409,1.607078222506193,8.561238473425266,-
10.0,8.999446354223728,10.0,0.861774570278542,0.42735003379198017,+
5.220175911748546,8.258288108210968,2.0715936684710536,2.360001107075178,6.486947517373187,+
4.7659265321712985,6.27271810876035,2.8119513490935626,2.0800604345617515,10.0,-
7.038036226188071,2.6627725033210856,5.179665068020791,9.005647747455425,9.001005964844648,-
10.0,3.4782249086024817,3.4908886214038306,1.8962580285312072,10.0,+
1.122153324699311,6.267232635159088,9.211040333036664,2.3675796020226625,9.607959848802762,+
1.6104056047093926,7.462826771009641,9.592240412504019,2.9083103708160083,10.0,-
5.163316787423354,7.666484600419072,6.092047024451999,6.392383686622747,2.5400692432943517,-
6.453262167037145,10.0,9.280167338384022,8.228951046566573,3.941025999498866,+
4.270562362538009,0.1531133235311355,6.6741189711638285,1.986098032260385,7.885973577028009,-
8.3449234751363,0.22474908524888812,10.0,3.708226045733081,10.0,+
9.589180667536624,0.2515094608587154,6.614070452252423,8.943186852423985,6.989480162246505,+
10.0,0.18896692599759887,10.0,10.0,0.7461105744751927,-
7.540981654776058,0.201260331368186,1.1298644099628696,4.106662197049707,2.686171188658726,-
10.0,0.22341242428279184,1.9268569529980695,7.069332189242174,5.045588478138405,+
0.558971608603207,9.476260455332945,3.360091817624491,3.0153934017374873,7.31144732256584,-
0.20639115518440296,10.0,1.1838588186627685,1.3595310515401287,5.398212579607925,+
4.900006531147378,1.8746011486273473,8.819862834963256,6.876061309394423,1.941232352037069,+
5.104139975708438,1.2331418186671892,3.718192875032983,5.867340325957506,1.9029552682272832,-
1.906454244251411,2.20284249451115,3.1454407039011576,7.088725762826439,2.6888351285078382,-
3.5884925290142795,0.6059178026740454,5.620807422197514,10.0,1.7718177882013084,+
5.965188909804501,2.778259703889784,9.65713489815972,3.159786950095701,5.016756535156227,+
6.491553577367367,0.19426572449728838,0.1013777634606995,5.817192346755035,2.265930410875796,-
9.079178278909236,2.6042526814140574,6.072598716133788,3.5817007253773747,9.10570674176252,+
10.0,0.9900413688657501,6.395206829846744,5.9721191641158615,10.0,-
5.638111588544121,2.7895742236609866,3.804756641885916,3.1660395379777926,5.22996946520485,+
4.30764441641737,0.3609992845388608,1.848896925491714,1.313239425072904,3.198905772721707,-
5.479384169275364,7.059468254471504,3.43343457173943,7.898920035707465,4.688059568384675,-
7.823666180295933,0.14514699745017431,4.446985635394861,10.0,0.992743556468162,+
5.877781344669565,3.5206141651970513,0.5405089925077511,4.2264715019088515,8.04308012766727,-
8.811434064014083,3.7165479868797404,0.9064238801005513,4.583939468765008,10.0,+
6.601650018923568,9.309052438831685,9.920815080941708,6.556657154583676,6.49165670727742,+
8.5118956610658,8.688119880788221,10.0,7.988959161773804,10.0,-
6.269577517616696,6.79337913611119,0.3964607253627983,4.345216916896259,7.38210057803684,+
2.524358126027407,10.0,0.5941637739684277,5.713829101799586,10.0,-
8.416879246140825,9.117697228721171,0.9618762628466293,9.594489975609525,9.534298629523178,+
10.0,0.6534522931884791,1.0469304548595224,10.0,10.0,-
1.185593663014426,6.79723666667676,6.459587108578974,2.1534807252603425,7.544074424892147,+
1.8719667774120012,3.6439982624992933,6.737756143392443,3.5618376139376604,10.0,-
8.405923289479615,2.8787106335032506,7.571306735552195,6.079884991304255,0.9653591951126816,+
10.0,5.466640778044223,1.4895634438355283,7.455586741551296,1.3529036658823161,-
9.988385924998761,5.820259319500232,1.2833294887185842,2.0073382914456053,8.36445174654214,+
9.113289247673789,0.521910592691511,1.0184713727679895,2.692794254342383,10.0,-
0.3237776601846065,6.316706195587798,3.7347366401272453,2.832976774501036,8.13209156291893,+
0.3785810615006657,6.496490538940469,4.348569084939218,2.408026016194713,9.90572775867663,-
9.690949400797471,3.0701268622406372,0.4484139714109392,7.725310911302162,1.0533435371505717,-
10.0,4.5166209372596935,0.8485568376407289,10.0,1.056864193393177,+
2.677333022465629,1.702236046942207,6.802581682971675,2.398647994804427,9.76387185731255,+
3.348200536625992,3.2248663330402754,0.3725017084328166,4.709816420425518,10.0,-
8.21088798509795,4.758576107883448,0.19264979523682224,6.50377199486146,8.77640600986146,-
10.0,0.6000830959754666,0.19206400163440102,0.5251325683428328,8.598360625588834,+
4.659310446949258,5.30838640731127,6.205898702402245,4.037977478887841,4.171138389323636,+
8.454070914908009,3.6523380773306195,7.120479681016096,1.6526554419493347,4.433105798202742,-
1.5069956770888537,1.9099775438659794,4.177076633161386,5.347000687890295,6.567008400408794,+
0.06530220676159099,0.9698541491843219,1.9807662330326798,4.241895662066525,0.5867795541165047,-
1.3794434032219371,7.617104768964783,5.33916465908432,0.9900338268754372,2.982788289575742,+
2.4354012247423866,10.0,9.207403436909742,0.8654861471318757,3.1998519436149446,-
8.134846241251385,0.9551056885933007,0.07816230918634925,0.17585918451142213,3.054465196381787,+
4.932605103080384,0.2165116829234092,0.07745929309972342,0.12125555310841857,2.74864615355088,-
9.508223411652668,9.758256159129793,2.588908449913766,0.06285936082369936,2.658202651093604,+
3.8473836963648345,1.2752670791684013,1.944392772058545,0.007236248107366169,1.515378319605703,-
9.437646778860115,8.874030636026415,4.931854737569765,4.044074505723623,4.969943852527506,+
10.0,10.0,6.375469853779298,4.841482138676154,2.9434712490009813,-
9.342622503462897,1.8394341567762007,0.9237507248083943,5.1373999891002144,2.3590250437409765,-
0.27021066748158085,2.744956075000855,1.5979686099380241,7.932065022853332,0.51879267819824,+
8.115333454566308,4.8175747393974,2.294351976045238,6.020628835160313,6.634461511765823,-
0.04857508872544969,0.7955531889188465,2.034264846376203,9.619222322573828,2.9074838888544665,+
5.677856625222599,1.4675774285675558,9.364139127791258,0.32987362101903006,7.286271356197095,-
1.0872998167914916,1.9813655007573951,10.0,0.6308569899793536,5.36109167974696,+
1.4681046144009813,9.978273610510877,6.054731000481359,1.8192703482438644,0.7382972244443442,+
1.1436726487945759,5.206931387317178,0.8194900368145628,1.1203982934210879,0.4942348503294647,-
1.1017379997216437,5.97095149698744,5.366986007669117,4.293013413378097,1.3625344407600393,+
2.1185402129100006,10.0,10.0,7.092917543434639,2.190055936637038,-
1.0825836255929988,2.378829860926295,3.712886881080686,3.5072941496627252,5.298634980577469,+
0.03933093629825914,1.6753006999386528,1.2846148084339362,0.26756363734874433,3.253560503540021,-
6.205049906916372,4.359136135053423,6.038107714923759,9.623295742657719,4.413597974258972,+
4.360941165369624,8.380365526316393,1.9359878144435465,1.849172291854244,6.604513687347323,-
1.6378795166419713,3.09042438007203,6.257146115503649,2.3702450811517597,9.550687199616885,+
0.010971530002107646,5.297844537619807,5.503537408905832,1.2837213644821561,0.8284235750302074,-
8.734567230205975,7.551906078652998,6.313492845553659,7.384587116286065,3.5328970736924026,-
10.0,8.837549272952147,7.985240608428818,5.194288343658955,1.869675992257562,+
1.3964558098300939,9.174003948530663,5.118618555889477,7.009657947481328,9.860995398184478,-
1.4991380076882563,10.0,9.263892661321655,10.0,10.0,+
7.158234900079496,7.167104716618141,1.559206320071509,4.620092318872663,3.9203318667715035,+
5.030144912273696,6.384307237740003,0.8132435286793293,2.6766681009366384,5.302132611738507,-
6.357539182712804,9.362833431365233,8.745443453719417,6.477136613421126,0.35018934660863144,-
4.623233103698388,10.0,3.226341350706028,1.1187621472702216,0.3224119772583296,+
2.514995302536632,6.983141380162527,0.7809400506065556,0.6484743161227768,7.251985590641644,-
1.2921048488350098,1.1550984494972518,1.1981203928905515,0.29247819099732325,1.8461395387942063,+
0.21310437288820427,8.704272576323689,3.57270843548518,2.6389288314471404,7.4372677779851895,-
0.12880014843899812,10.0,1.039639477620014,2.2286623048745904,0.41188662952611477,+
8.725736743307117,7.906505912688504,9.699732028893251,5.021671808182364,6.330980977352429,+
10.0,10.0,6.222436991158212,2.7370929623675173,4.27377870011583,-
2.3534633729186103,4.567105400372241,2.9846370375019893,5.286336355516368,4.644286276093007,+
1.8729859955867387,0.31240773519948045,2.86056219520529,10.0,7.423387348105095,-
9.426101373869896,8.889658944478136,6.913566671417971,5.36464852580735,5.39909633825708,+
3.9677075980951755,2.292316017692898,10.0,3.3157816892543344,4.6211818536185465,-
6.226468592721941,0.22407050560483754,7.063401506254518,8.595281341142654,3.645406294784351,-
9.360368112598119,0.04230615632817976,3.2848721116942485,3.2950835725025613,3.287502380291959,+
7.788911658783615,7.062984759070532,1.617476174109097,0.14724294697325613,8.126321787510463,+
2.1872805537100994,0.3116331909103613,0.2922215517380242,0.0800711167888735,5.577144482030134,-
2.9902060363474305,7.6135613885087094,9.19214510953415,3.9227330565237493,1.76104401400339,+
1.499450437196475,10.0,3.1753264552437215,3.4043434484053123,2.6116173246629173,-
5.789939659152614,3.0646486043920538,0.7220051720398979,9.249479301273096,1.7811564905736654,-
4.788030121113638,1.751231564241185,1.359686222980238,7.632633728526241,1.5047352198616588,+
0.6620996282773672,0.43137546026925433,0.11606993396587995,2.2436506927838185,2.1342002088482506,+
0.12114507237164489,0.09326974716242042,0.07847642956004738,4.147143264916867,1.5034999536980362,-
7.45609446534182,6.587297305025698,3.437043563714297,0.014098401199444943,1.1392679772838155,+
1.5758312990918362,10.0,0.8096410571241547,3.580035757785793E-4,2.0117760647818463,-
3.5753131976979544,3.1962377944289075,9.742703241095272,2.6674619372375217,3.2704531002376305,+
2.6274134081521683,3.4934867524250937,8.626551755751608,1.5596800415995842,6.446157193080406,-
0.9044640082851529,4.915813984397567,1.553731959086061,4.687910145076223,7.705547616490179,+
0.615682609098728,2.9992660841906362,0.7623032733008543,4.2424896062079975,3.7555691474800206,-
2.401391964693124,6.227002394802948,8.467688567741963,1.2824007050100128,7.2823806658208,-
1.3118885136684248,10.0,5.823112366042214,2.1743117959487956,9.204837402732597,+
4.7982732691283925,0.4748071400428866,0.7539716800476037,7.106550151785296,0.3888794932804551,+
1.2779105682970795,0.30206348693206303,0.20344797215917776,3.141414892435273,0.16947263422277967,-
0.48082807804750716,3.7363684640386605,0.7751408516211089,3.3403179271353576,0.943298460977261,+
0.6786154205536871,5.548743846838557,0.36160961048330603,3.6335676604812805,1.043640143092131,-
1.4902163780347444,4.409595334408856,6.19210390822062,0.8937234941623373,9.652465859119134,+
1.5041046936050178,4.89720774998562,9.443026385996182,0.8941585565142883,10.0,-
0.6548597856273031,6.836290213710649,4.344728971497781,3.5621655865848965,5.579864044980284,+
0.3299771372393337,7.813587754596449,1.4240791987070187,4.975937595143882,1.9980206250237251,-
8.679707086811423,2.8917429664307113,9.317008840101785,5.854844138790529,3.7948801744804097,+
8.342689506109304,2.846971144810679,5.238488782677935,2.274360021128575,2.2862429696772444,-
6.876698563188784,4.636905994395352,0.32243843297994124,7.268594253232591,3.273675372384158,+
2.650530661106573,2.1244474833395204,0.44003363771760773,6.375126181806071,3.443780922972925,-
6.339439863043999,0.9604588973268957,2.848430327143409,0.8249791814219565,5.0967947032973635,+
4.149853014090106,0.18104106680118537,2.292176912563374,1.0889988604613459,8.376136693043502,-
8.716415959028204,1.8718127363676462,9.503094183668555,4.9399363544264965,5.909351389011088,+
2.6218349482641305,0.23113997568978908,7.120910836669294,3.356157034286367,2.145774592537351,-
2.120719839203665,2.758007753217564,0.8419586462580764,3.2617309940435293,9.68036446636502,+
0.0059278692291693715,0.6574499223333964,0.4862886361802544,5.199407799034431,10.0,-
1.297592567113559,8.835922118364344,4.82750441324951,4.079219141876633,2.4699109992592216,+
1.5047307927177274,10.0,8.880776426893142,7.562818992897763,2.8347806072588377,-
5.165961970401933,9.427637631034194,4.337993480215331,4.093620581957954,7.444612345854487,-
2.686406480124834,10.0,6.2035149547501645,6.22397694046197,6.34969851594712,+
8.965697058970138,6.861042294915654,8.474401029084044,6.500520352936297,3.4020548275444265,-
10.0,9.392373235776889,10.0,10.0,4.468736665169924,+
6.801487350598085,3.7622820817105254,9.545570292747705,1.2452963576988374,4.641584181799326,-
10.0,5.075283582485291,10.0,2.148538445297539,5.819209933801645,+
0.5063447666483956,9.652024454853521,6.8227900030096365,0.5647243429762117,9.355258614892321,-
0.47497221034837883,10.0,1.4882752166525826,0.4675117533865161,8.556308361156212,+
2.0230227054354524,7.243119332521138,0.7273346109270495,0.9667297474511272,4.887135660914459,+
3.365374367828366,6.54023166479945,0.4500981811556028,1.7688216015326792,1.3559435172153065,-
7.620385252800129,9.821275317839785,2.853565262138974,1.89454006941562,7.299527983511002,-
10.0,8.530354051118342,2.794173060213842,1.8675971370262636,2.465192380747188,+
8.165112525950471,0.055898700186313155,4.326607195402145,6.658979046185034,2.2773787731623463,-
10.0,0.10546369039542945,5.428183882964593,7.4804769323228655,3.63983327079206,+
5.235006376712798,0.7624540201720498,5.082233100337001,6.370677741367139,5.236416856466236,+
5.508987909611433,0.48024312147971554,1.6087110311347672,1.6334105251248545,6.905238696165967,-
2.2234847773539492,7.292651707974779,3.855352661207414,2.267170529996644,2.0696498950603734,-
2.575040812607267,8.15316818382376,0.914217785913595,0.652240623697801,3.7634014706776213,+
6.3314043714949335,0.4004841020387484,3.5346196808513475,8.025505420463071,9.320622331329933,-
8.669540753619827,0.16543787957467793,0.4089825928897908,10.0,10.0,+
5.711711437198294,7.025022404939609,3.5976300918584645,6.556440719631565,2.195876954845933,-
10.0,8.204918601196024,5.645306825852315,10.0,3.714717183055559,+
3.213609636747421,7.506182535484348,4.2754142572822875,0.33402496105232826,6.195469739010425,+
0.9146695092105355,8.228322113574503,3.7084399837796895,0.6471944477426717,5.668875781863641,-
4.696098582192186,9.037734082729873,6.208487303595981,1.2737111666874656,0.8160658546375354,-
8.753832263481563,3.1932633659029426,10.0,0.6379171128763639,1.137541807275577,+
5.4729651819579805,3.8857304644436628,3.0152063201955737,0.2891983164206047,1.7494951857137697,+
7.491794163578256,5.356532085099025,3.1350835637311243,0.44085398221267974,2.985331914960845,-
1.2675611969536582,6.482562341843778,5.099334082160354,7.308305804822993,8.05239351470993,-
1.8647559791460773,10.0,6.087536602005594,10.0,9.43846368713579,+
3.8712679355497546,3.8759200344299325,3.0771674505491156,6.942438294763611,8.87723086965034,+
3.808859395355359,3.3585062429188657,1.4091831655614147,2.9301425553582527,0.8287112535030077,-
9.925528750609283,2.0157723402218086,5.540922850359253,0.8717113196022275,0.3558722300344741,-
4.942580933761869,0.19769536311498861,1.1929412345279706,1.420247797616971,0.29674022505835274,+
8.94893106791533,7.314441799834776,0.23696530615429867,3.595053677910327,9.752621838802359,-
0.06731602594507227,3.5578222968151825,0.2667992820135372,6.599821465017146,10.0,+
9.867242893340606,0.682668394992747,2.150102892590098,8.15565115866842,4.7694472975488225,+
3.50822598353235,0.2623843490124057,1.828691285025711,5.13655797594051,3.64210591066251,-
1.2836800909474744,1.9647266417098663,7.562379964822233,1.6914295385875944,4.708416524823819,-
0.8729114434419399,2.9739529985912085,5.8441655038145255,1.1672571540384324,4.589501411527266,+
0.6640875199183083,3.2631384684032194,3.083161255821474,7.416705772738403,8.762004980961239,-
0.22064260738448008,1.9651525119044908,5.029986989409143,10.0,10.0,+
8.21816796045959,4.976669516562743,8.297890161061721,8.380000941652327,1.5977448343833611,+
3.8240907176118424,9.236394439485908,6.973233389781241,7.877572024543549,1.7409156949236166,-
3.333586575709564,4.147986933366379,9.690888460281805,3.0051809374731,7.383571293600571,+
3.4194982330425683,4.361411523054175,10.0,4.7831466216089265,6.617428162686356,-
4.220833261508493,3.1625444107930365,6.384855906712769,0.866712090700893,0.9822601279813947,+
5.1561310410938574,3.9246779308397963,7.878653635490432,0.4139030672787142,1.6954666609947506,-
7.959274877964637,8.136197775781152,5.009451527557972,5.488048346768519,6.102778338853189,-
10.0,7.1771401749933466,8.839370226399753,5.040682059955771,6.580301522455608,+
0.6546550397887663,2.277315549410072,2.3887295767775862,9.820280928709831,3.3213483966850985,-
0.1708951875030626,3.1420852968719974,0.01939325316470747,5.360483519246136,2.031696150921626,+
3.2525931303634525,8.336097259919795,9.655066017313437,7.781707820778681,5.05029351877007,+
1.8229140011726404,7.8835041802726575,10.0,6.539100861325047,4.283897032275069,-
4.691102660487965,5.00992621370586,6.377203240192992,4.370184186126568,5.160055039796923,+
8.92462603864747,9.430665192507009,10.0,4.016572075405296,5.296856186465507,-
7.156199552233975,5.275782897526133,4.233615506521283,5.72365187875479,4.024931730570657,+
10.0,10.0,2.9245014799472027,9.257967474273475,0.5190440450973595,-
8.183717092422894,3.017645632214434,5.906073209394372,2.5248590622554867,4.233199290757499,-
10.0,2.276340803032671,0.42809732362583125,1.5361842922336566,0.2466328572838321,+
8.22536873013612,9.529464320613512,6.8996716921217285,6.930459740154971,5.787550501715693,-
10.0,9.371206527204047,1.8948188604971876,10.0,6.445038795006257,+
8.234714139360932,4.137954577006937,8.026495228671378,2.4213318552502217,6.719825063324203,-
10.0,5.562131403568727,9.568089548865549,3.3762419712432665,7.382840247250234,+
3.566200945145109,0.9516674671133363,9.160580949289901,2.5555395463901656,1.477089038474556,+
0.26180194665366585,1.4721164782812177,10.0,2.9046098022939164,1.7696430368038916,-
2.0395343288140264,0.29512553881867687,3.3384114347688554,9.989168167315007,1.355382643898575,+
3.2757694520938436,0.4459311679199821,0.4531817654071671,10.0,2.046951733543546,-
8.41608889297744,4.871814396441732,7.250138497229191,4.171222432684179,4.885721818440074,+
10.0,6.884993942270778,10.0,5.806668663321042,7.808823220517168,-
9.952565384826018,4.517656778458642,3.1752223858033046,4.807007064223097,3.1832103203213835,-
10.0,8.268819402345407,6.324707758021396,9.095425551545537,5.616842205878145,+
9.88252434399233,5.979580706513862,7.499647782350617,0.164278157256047,5.457458950230816,-
10.0,10.0,10.0,0.3026549036297723,5.8899843767577424,+
9.306461176817942,6.726595563095033,4.429108968013526,1.3919870918727417,3.2933991971587293,-
6.696130159272922,6.4002888717758495,1.5931062865006247,1.273908918397089,4.723988257723762,+
3.584603216739909,3.0113252065964313,7.288011848595871,8.67919730696977,5.5159408014914915,+
2.760628951871677,3.5765276648172777,7.918972919371871,8.653040822614914,4.240708828381799,-
2.0893931585746373,0.5250059786252304,7.716184679384369,8.35576450121601,9.918235262409823,+
3.0245742621113734,0.10010298878538487,3.5908008149601676,1.3975492008458108,10.0,-
7.530360110878176,1.265601082773632,6.887002865865739,2.2216936694480016,5.593444711849083,+
9.963944093532538,2.081005649882951,10.0,1.7730560386645373,8.96204668977694,-
1.4671511687396033,3.997931044199291,6.685897748049728,7.295371652961812,1.6636290684750854,+
1.4828861997134553,1.8015145243735318,10.0,3.46675058673141,1.4392420351213195,-
5.039484074571035,5.899952197583068,1.790919285364313,9.254865931247771,9.177033935842504,+
1.9120686337597994,10.0,0.34001304814341776,2.6283193197751893,0.6430486835810783,-
2.339114221983556,4.674284087557059,4.608745215990691,6.747379571169345,7.400900562112978,-
2.8903879756403645,3.8611030954972754,6.265236303057614,4.292066097221697,10.0,+
4.19442738111521,7.994730039839021,7.063027715930557,6.938536655179001,1.480319327591525,-
4.047003348771006,0.8799093287180925,1.6693961805334292,10.0,1.1523324048521901,+
7.892085615707628,7.698269338203687,0.6488350260401743,0.20378764568303342,5.742316011229648,+
6.894429984437917,4.372630352045346,0.608469824522276,0.15076519099661714,10.0,-
2.9367202603638254,2.872357878680293,7.944357716888045,0.40192521682848703,5.543517854353674,+
5.592445608270896,2.7794910283746965,10.0,0.7372606000237208,10.0,-
1.3733513841683187,0.4551742598662134,8.887274168997148,0.29697439041583396,1.2894185513322232,-
2.2956389332570715,0.3709231758230891,3.1515027962015676,0.14358270444633123,1.1434418008252099,+
1.4418960402394965,8.730629150198663,4.97344163475775,9.333568620153851,1.6820251182106194,+
0.8812001991441725,0.1707304746597112,3.6117685558837516,7.609496031604952,1.1374441501441814,-
4.022726793160206,0.29652182932779714,8.118730299137622,9.521695181950067,6.7199837529880675,+
2.326338851336431,0.36586511774191005,10.0,10.0,5.88911217709456,-
5.329209673859125,5.649715030709187,1.3014948115981262,5.353695107603812,7.495291025185972,-
4.095551423039431,3.504683771746928,1.2641897211655522,3.5400629225681133,9.819692498364832,+
1.1809867390603723,6.044349154047632,5.708441707415158,1.3314771207436227,4.169956055231715,-
0.47201428558939607,4.992381703561622,1.9214333146825289,0.0936147087953429,7.640378076254995,+
7.407470037327949,0.20778941187767352,7.990711079040949,5.565546082989174,3.8523238995378017,-
9.810801953745807,0.31324669215366957,2.8053928593196398,7.878906638788577,2.1080818895730378,+
8.106048177756932,7.89992001653474,6.72406859212792,3.365331052438224,8.212059391028268,+
4.932835259377911,4.994300575416771,0.8944473288836331,0.9922669625155514,6.985803505877777,-
6.971055045761707,3.910878252088751,6.081153834700565,0.771212999216937,7.948072135012055,+
10.0,4.006432133593954,5.958848378937057,0.9923228881158779,9.687049766211153,-
2.915704520986436,6.213602202686982,8.115216815757492,0.0036006599890581192,8.986136201952393,-
1.7892957638788345,10.0,10.0,0.006323234166353329,1.0744000137810419,+
1.8967849962947836,6.753661434501764,3.2829279403567577,8.924247456570031,6.6152730372098105,+
1.2587028538820697,6.977030152431131,5.0146560259738395,10.0,8.016621208850855,-
2.598563718131719,9.247456448555306,8.34031484066701,6.524722496963193,0.4731265241671545,+
1.7210554745350066,8.703985370871829,6.3907561678867,6.016712515841586,0.42116212337605047,-
7.622729236913828,3.668084900285712,6.473824362543043,4.953356165701509,5.095742494745918,+
1.8112719071342513,5.6637116195595,5.997456899294228,5.87147568410601,1.5864464966088492,-
6.132109473605456,7.860958771760962,1.1347521408891414,5.607451048863177,2.82301455431056,-
7.04529046545724,8.782477544732105,1.9508754295080584,1.874633768166445,0.10271009188072454,+
9.025364626601611,4.691339337350394,6.8033104758049205,0.39182289882432,5.567155986817317,+
9.731800723569725,3.778424882462631,10.0,0.6081305589919466,9.171332359069142,-
6.855122547649088,4.022645377988596,0.760158179999747,5.858178451992234,7.395088455249082,+
3.832342442011678,3.2305820629558215,0.02473192249011916,4.733379841696007,0.9018470953038004,-
7.862026637898825,6.414644178043638,4.681412694278789,3.639058456914608,7.282630349760462,+
8.031505702354744,8.32567138758551,2.5345576338164366,6.31105133566094,10.0,-
0.7919963203838543,7.959778886525466,2.613431582142829,3.3213730793621243,9.382127701813,+
0.37841247772872727,4.976361935072454,2.3351558186683485,3.0542130378045322,10.0,-
6.2029103364923355,0.2602960043060554,2.491047572743128,5.178321397291944,6.704653836012907,+
4.602631439786324,0.16743965574463976,2.1559694851794493,0.7098779935459764,5.96164466317357,-
1.160652809651933,7.549287025346717,2.424985718013084,0.8380259219799846,3.6197076158216177,-
0.3387454086347273,8.875965820181792,4.840279830283046,0.5303711071789985,4.43239617267454,+
3.8557123660888304,5.428625867503643,7.649662903413238,0.9643962092682945,3.9853774022435227,-
5.781065444676281,5.809833973828974,10.0,1.5002791484090108,7.203887102806423,+
1.8889124106382094,4.89042670470184,5.554935299330445,8.230263646913494,8.336820198609022,+
2.118133537080863,8.260216054326863,7.111285291826703,0.5404688023936353,10.0,-
4.087439608325106,7.906921216043147,6.301659046908824,2.6955784264112506,6.477043232121188,-
6.54256968493104,6.572384339558017,10.0,3.8160200065734204,0.9284772239812805,+
5.700759601603938,2.936194484933959,9.165956028704842,4.856897928179538,1.3623329256692507,+
2.550923919858068,0.6192775677940152,4.51218003562771,1.295270231667527,1.3519378345834312,-
7.483391752278613,5.025736390307611,0.07463748111427138,9.600779024987503,4.430355834730831,-
10.0,10.0,0.13696124247201902,10.0,5.717459052169263,+
4.014926897750007,2.6485198775520447,6.207690123300182,9.304283143815308,0.18935998604007298,+
2.313945975828584,2.0194192988798187,1.8034011008560364,5.819226213290012,0.18887688165749547,-
7.783123153143221,4.86073627440139,1.6469784272502364,0.2144313711827439,2.954846241274737,+
10.0,8.947960558739405,0.1424180736099295,0.029844153130490263,2.9009729980208103,-
6.6286730210892575,3.2195418792192276,0.5670445858688433,4.197260706316187,2.4895313718002243,+
5.543040600010942,5.697260895887682,0.3037797820759577,1.372187029028833,0.648947285128319,-
2.1229983131188446,4.459634151346385,9.952327868389819,3.025897075692785,3.9827890425158454,+
0.9078062865462434,8.07836592800927,10.0,2.4366438014660172,3.562124448944632,-
6.820490955188461,3.966530043374018,5.282190048613234,7.4330409932533055,1.4624841459137772,-
6.890474495461236,5.6572764031571925,6.656883929056796,10.0,1.8919249604479127,+
4.432213218730943,0.12280263209167308,6.302315286265525,4.317313145525869,7.8847474158144095,+
1.8124889320698534,0.004209696569705965,3.0118687045890544,2.7665593046455874,1.8208692066409982,-
5.493638035670816,4.108785058613869,9.212687552561004,4.91990750293019,8.113976532503255,+
8.634327475767545,3.7773697871299894,10.0,7.023654934698748,10.0,-
0.07279995421897945,8.508477377279455,6.006061903780871,7.8302073928169404,8.427520035666802,+
0.010796744502475636,3.387137346688339,0.3493179607378536,6.803554126698239,7.329694147274276,-
8.891504405424184,6.0186103783583444,0.8253833201967264,2.047821814196389,5.842191021241367,-
6.477907248508934,4.329785907475123,0.625279183060649,2.021238112484508,6.210289631880906,+
8.859655610983944,9.53076166703395,7.8893604955993935,8.188999096709562,6.12735273986642,+
10.0,10.0,6.2497629469607965,3.9260347804789593,7.142225149259485,-
1.4810671489736116,2.6072794805054778,7.064590559318905,7.484188466089002,4.602753774732118,-
2.3212440831871,2.8519528915212824,6.187174628987273,2.5217242457823517,8.382805368669866,+
4.112683043835515,5.522816567719157,6.627239668630009,1.5859782968962521,0.9571224017949165,-
4.301847144486401,10.0,8.447315910637649,2.408359791393788,1.1994519573359215,+
5.894091105833236,7.9597941404417485,9.968293661867824,8.159419688171539,5.186714693713313,+
7.014225232254179,10.0,5.5480892410637725,1.1118437042653269,4.496466537274258,-
2.7606901128534855,7.575441903830413,9.587997511420184,0.6930102607687316,6.680565504445958,+
2.4805513191710484,4.463595900992518,8.212422427014937,0.249143465389165,2.7143529558429904,-
6.103008153375422,9.991777551600308,0.22017886036434176,0.34177244898269454,0.5357001649078408,+
1.3227591605959275,9.944491052813712,0.10587189679840371,0.3612456227712824,0.8614173815266876,-
1.6596788474366952,4.698134533561022,7.586757675702307,3.6621071432232144,3.1040545876272208,+
1.788159407553739,1.8212266795733918,10.0,3.8186984897866347,4.860034585673878,-
4.252847296573183,4.557271445606133,5.089623788639558,4.3930063180409915,3.8627485778195747,-
5.554972746153636,1.5639154472142383,1.0134519399433637,3.353931749654121,1.7259812099216765,+
4.281257826862847,6.3941390837689145,4.305652981727754,8.380282097608736,5.560597473712131,+
6.291761314717465,4.986893947917045,4.155097958593723,10.0,8.395912731888588,-
9.227086807338907,1.790004873743879,4.40680753939848,3.859369671502646,5.593334851231103,-
10.0,1.520096151240372,2.9607829627212467,1.9008219222982892,2.456537570210988,+
4.226917208321293,1.1332446362051052,9.810990296320156,4.622991765882106,3.1144018073633015,-
7.603654948126973,1.9203970730408808,9.889315082016273,8.753184448827511,5.863696585717229,+
6.207502186192406,2.3168661105130406,2.327010612114113,9.85800774113924,8.760967881924607,-
7.679023160901813,4.426140431855542,2.8264151768134806,10.0,9.009401769957064,+
4.083900848748,4.317930083465269,2.741505209465196,9.18458098043295,0.3124786139287794,-
7.572276877778826,4.391859702259812,3.6533298469341413,10.0,0.4688744650146898,+
4.621424650169335,1.997044490027241,9.95635469943631,7.09741523936051,2.49801522310083,+
7.441659489288236,1.5162492806170222,10.0,9.767996369020677,3.557552688860707,-
8.359009964914438,9.509358678815508,9.025830027506114,4.096205782717802,9.268434518377045,+
10.0,10.0,4.941405517146903,1.0646173359734437,4.512434964756466,-
1.8912895596954682,6.1669583111316975,6.862628012614708,4.294155451043535,4.477132695405195,+
0.7198956550786859,0.9183088389622276,0.8912519704802262,2.9020256204729233,4.456395577002468,-
6.236284904372839,4.002361626408567,3.64406774288366,6.0060380026026285,0.2942689357860584,+
2.6303552410163613,7.848607012098359,0.5969589963593253,8.323214796428969,0.21680440170786017,-
3.0955274588478243,7.455897234996122,2.3461137830467638,0.3828656588428181,2.0490232145979625,-
3.633369143382841,2.6726638192759826,4.5782897958695505,0.3157227935486256,3.479111513660068,+
2.6243927698448033,8.929684686876767,0.22074029520148364,2.2466095814492535,5.132111995748191,+
2.0411357947374285,2.2849353128848136,0.3565438357099343,0.9722142069508738,7.7750395710428615,-
8.660145998889634,9.422298813367606,4.431235139318374,7.173975392884837,1.5703813874127437,-
10.0,10.0,5.064321177183464,10.0,2.485943341637198,+
8.899339275712626,2.1970799440596958,0.12682440714719578,5.460702195057765,4.986117005247792,+
6.79244518350913,1.8237252445579775,0.052245554288526376,0.43543282826616914,1.4592902500576308,-
4.594804847246411,4.563598013496321,7.223087317899206,5.182346516890388,4.803137110035202,+
3.1037894238837955,0.1875599906987314,3.6291555229291137,9.198792003607686,5.845275462466791,-
4.488866760618642,7.677404878372435,5.306875267603193,5.445991371576767,3.0019349313962063,+
3.479578919201868,10.0,3.761950854095141,5.988769552817038,3.487112915770524,-
3.5947319139198863,3.9144680151874645,3.750621734812861,5.997615542151188,5.911582053807333,+
0.31917243454064503,6.904568840331262,6.053411587923243,8.93938952523729,10.0,-
9.994797627439013,6.483878555121071,4.435313732649054,4.874895586106172,4.259742374913621,-
6.162418555723768,4.565470369334286,0.8112792342563276,3.3921922315533437,7.461420766760994,+
5.375001633942428,6.693404221473127,9.420438834464077,3.2622402665713657,9.697827467602982,+
9.224184473936164,8.499782213880161,10.0,1.6659440796704998,10.0,-
2.3642538481763777,6.082431935590813,2.1672497095608922,4.650942953320467,0.3115169294242426,-
2.7069722651489805,1.8436639776845616,0.31988185956061244,0.388160662199327,0.07959300565726064,+
5.325246733362178,0.32648214220460936,7.682612326309303,4.130383513395737,2.43994093540685,-
7.699341735272826,0.4927582200586925,10.0,1.6338853029481222,1.6602607721786693,+
6.663505342293039,9.70075892929939,7.285169820637945,7.425562724541694,3.605761635113484,-
10.0,8.343087692859175,7.531554751959989,4.1119518520119,6.91421055609366,+
4.925468302330955,1.8996654973337435,1.320024893765076,5.9166215023581445,6.986013544891131,-
7.821010619092888,2.9281251928826193,1.700839454036379,8.370834615608262,10.0,+
0.5228448645388672,4.689005587421256,0.7624741766519005,0.2781003826314876,3.7588845590318676,-
0.46022573338316686,2.3695817823713403,0.6592472625999456,0.4877483776899765,1.6672226401510595,+
4.4267889578448525,0.9472226984942134,5.412576385651665,7.7296270763143,9.592660920299084,+
5.750601417291905,1.7705599310261955,8.200024855925312,10.0,2.1638798450334145,-
9.283528352723245,5.711171236846982,5.8867691551115495,4.509847770754138,3.164571953620193,-
10.0,7.8271411613897195,10.0,0.19232105538467167,1.2076185542220788,+
9.397976076972252,6.099697503627986,5.1114647935739335,5.026027456415486,0.05458868482464574,-
1.2732464364468488,2.6345666142931052,0.15317636572432355,9.557992791982038,0.03377267546563551,+
6.853742237754631,2.0786200811179767,5.854216502383075,0.40889876501824407,7.8387703463432,-
5.705418926477946,2.6043217671809833,3.8265336317892764,0.6418629669729349,7.904815663217798,+
2.555090530677525,8.87212549952539,7.313332567532225,4.571495931449671,3.9289322126201442,-
0.5576707819339078,0.2710445256433019,6.667333075561044,5.0524750295684155,3.039345179298305,+
4.503806672789766,3.2366346268977155,5.753195673352415,8.663319298996267,2.3142373241907297,-
4.755870283443061,4.939819936480682,9.470550151961787,10.0,3.8441897662263456,+
1.9288774903836914,4.625383028295989,6.891971486759376,5.754995827640272,7.239207908904123,-
3.8395753027285116,6.552128859108385,9.366997963665927,10.0,9.2584534162652,+
4.03799613068105,8.882590915386649,9.735747724973235,8.012453291356747,4.327291825038112,-
6.968625108997456,3.2451027998809896,10.0,10.0,3.583446857990858,+
9.566627862285905,3.8492463541867794,5.477732984093306,2.933771130151912,1.1410040120782317,-
10.0,7.098460081774449,6.463364776459574,4.11498260075418,1.344642330164317,+
0.9938158825924159,7.596745343219322,7.548560628709393,8.426328488813839,1.5287319034503166,+
1.731442965391226,10.0,0.5223937964562969,2.7248171457706083,1.0209429242003134,-
6.995334362383576,4.147197608950677,2.3835362383662586,0.22989128492117095,2.6796607581471763,-
10.0,7.740569653696971,4.349629109420505,0.25118034582805365,3.6201937832833577,+
0.5583066047682828,2.5668564820227715,4.343887042361868,3.5877414177442377,7.0981776151506875,-
0.27856985007367224,3.5751087199693576,7.338616747338507,6.252116401442037,3.3287408634985027,+
1.3141677445095634,7.100028100402982,8.937348457417444,3.346987864135238,0.27766408431116996,+
1.7219635893327732,10.0,10.0,5.242618743995109,0.5471152805679834,-
7.488960266686235,0.8131501563589805,4.648994346800467,1.7174239212720788,7.851278783916267,-
10.0,1.027642211179398,4.457430884504485,2.784952971682924,1.9535174274015314,+
9.15602742467908,7.0076772334306625,4.473356940576615,3.3512013081925796,3.4739294303392123,-
10.0,10.0,7.964520511533579,5.869939865232553,3.608137229382766,+
1.1046416649964952,6.026245663225965,5.095792121626025,0.5880201398295326,6.9981629827462974,+
0.6622225476890157,5.302432445677526,2.126959184662346,0.4089487027691075,5.517544022658964,-
6.57449879095442,1.2554586378434185,5.098004638310385,2.414772759509086,7.591453000696129,+
7.939471804812861,1.0277663440512936,1.4938879922817307,2.3189673295685003,8.83499163735221,-
9.917762229619996,2.256629031782845,8.352472075576518,8.138074287676314,9.74435100982319,+
6.422215903715216,3.36199257766507,10.0,4.603640076013303,10.0,-
4.655472004103583,4.958291811958047,9.186316503228209,5.092109072362128,9.208421284788178,-
5.508537269130911,0.6589783250976343,3.4864664051644434,2.830682441949229,8.319485973194677,+
4.842771659610849,3.082723770904309,9.387276303260757,9.375882095206213,5.0036603519432585,+
2.888681935564324,0.6085635325095786,10.0,10.0,5.062074039270623,-
0.30714264181837314,0.9632088217141288,3.0725952055196117,0.9661215785122801,6.262867153298015,+
0.1890236895717039,0.22010940046043204,0.715754199030601,1.619124955496683,9.633513626324502,-
4.663374127872391,5.410165030250421,8.125422582787525,6.117176137268174,5.9664063523621955,-
5.1403374914308415,6.433905812417438,10.0,9.102596372780912,9.963055710128774,+
9.32472861955969,2.2579194373440137,6.410272167625132,2.977625147149894,2.34697916304056,-
10.0,3.9944661644933572,9.002835302090404,5.384627633828312,3.491737477777298,+
5.180309212435877,6.501961067912905,4.721557917489131,2.1405974888485946,1.4418020023294809,+
6.946883756664978,9.069845327177049,8.51745193861449,3.111621135859639,1.9614759882080794,-
7.11148704054108,2.801837141876561,6.019121001051877,2.380954939951916,4.290264328979561,+
8.516420034942971,0.35713388929604906,7.59116520722672,4.259592817535848,7.9506795710426985,-
3.3980919040966038,7.5326091378574365,3.8296173174047574,7.578817080484214,7.706549145985554,-
1.5676246158002434,3.504979391443643,2.7348111616088135,5.377062483156127,8.078852636421574,+
7.767062834132635,0.06564126883604193,9.71340262246336,9.271693225314127,6.503523398983627,+
2.8152719850697445,0.035500377031136336,10.0,10.0,8.153081547917973,-
3.4762606646469685,8.71122001833262,4.720676130245013,5.509111556501716,1.4497463676692002,+
4.505941407050741,10.0,6.513964676692373,10.0,1.0330954923724291,-
3.4549775282951734,7.424280762746923,3.5637829324854997,3.637585076681502,0.7606839460600678,+
0.7989658185547163,10.0,6.303125286588071,3.979995001742322,0.9647046629015126,-
3.039493913164103,6.473239253519294,1.4470225010836224,9.007042112269323,5.148462149794256,+
0.7570433328273615,5.331023742188088,0.9865259696742271,2.5079028822708764,2.0863846007548155,-
8.962410791750134,5.427009445806339,6.773780491412754,9.233945417768886,7.2323264386999355,-
9.192815459826827,10.0,4.8145524062438865,4.956922486514069,10.0,+
2.6609276535467954,6.569121822038889,5.449115454477932,7.174649377968914,8.476397296510005,+
3.5081180883750793,10.0,5.459089585196747,10.0,9.3930276998001,-
1.3842965415026698,1.189138001420218,8.151568476203803,7.102916356792335,3.743270168814216,-
2.0803328322689465,0.24641481816419827,6.908332129890091,2.4914519731622553,0.9955525884813023,+
9.225273606852047,8.594300349864222,6.061505766262601,4.00864850317994,0.042354934061017424,+
10.0,1.1709850530276416,4.493528893494425,5.392537289024422,0.006226020065550633,-
8.267936426604424,5.14431228538641,3.823217221083599,2.552967551163757,0.8082673601584933,+
5.500070974295325,7.968291944521489,1.7695745847615645,0.09002144034849768,1.56070454270412,-
6.250876989337152,1.4464117409291777,2.0876967859088036,1.7171082453851572,0.934998837116624,+
3.18187676893419,2.5852311609049563,0.8780274491153568,0.7294100702656445,0.653019254296356,-
2.510142064547227,4.749100782634768,9.909819938551468,4.50010727424496,4.771773901495276,+
2.672927122659491,5.925229514196863,10.0,7.6205403206525055,3.010412301180325,-
0.2220561772958296,5.384050857113033,8.675582565663264,3.310942755928198,3.4771270190802914,+
0.23033878248918027,10.0,10.0,2.832652568531229,5.019857607223151,-
8.922381044286208,8.784439301857729,0.989482507141578,3.3164980926928553,8.22182480842868,+
5.625712113702291,0.5241375110933612,0.6573870514625844,1.7831949890465393,7.789231588758252,-
8.384785674309512,0.6987466706389911,2.228649429368775,4.202037516620125,3.448434050980085,-
10.0,0.15689144248117062,2.204368296000308,2.58167659521149,3.1124702951619443,+
3.6972115618950765,4.72615410317,6.073837175649425,3.0738150461102554,5.0662273969442495,+
6.892558297591684,3.1869722587895364,7.44170972158581,3.8024965027073616,6.615415860700191,-
4.740114393308995,1.3902089734706047,8.796048138611749,7.257239781306733,0.5069730503423553,-
4.2826134109437435,2.444491808970955,10.0,0.6895719859028815,0.6636916313219006,+
2.723937487762549,3.3982465972207887,6.07541103506061,7.074278582820495,2.560220374690274,-
1.5488318850009075,0.5123459220339093,2.5275443858940663,8.87268803932087,1.420733062065438,+
1.4524053454417862,1.1677539521775415,3.2350116425032804,4.0542353042955535,6.633635767400313,+
1.3016186425407072,0.8188859534515562,1.686697499612788,3.840343266120659,0.20785249887910123,-
3.5660620764212614,4.722955541951554,6.616056683004057,4.2912904623763595,3.3424580763148715,+
2.5852698988999623,3.5753054585774837,10.0,5.47924718390512,0.564368154793327,-
6.831591006118282,9.297061256280218,2.1502006138850582,5.692187072058398,0.8709983217091877,+
9.362524791482414,9.334871997944592,2.5837291235483053,3.4220983516838968,1.549473086669536,-
3.474149350464039,3.0505823211293803,3.1982146025738336,4.8566912477843385,7.535397122565151,-
2.42830968279809,0.01690981824307332,2.8891813229109946,0.685632454950144,10.0,+
9.383393118591767,0.6664884242930103,0.7195130245780457,2.8034482980221465,7.89679088109917,+
5.4773535714830315,0.17528929174426394,1.293811652809256,5.350566279523394,10.0,-
2.468233800471853,1.678487302083701,5.387745275379251,1.0344683002045107,1.0532827067823436,+
4.200776264221407,2.8402083000168017,7.225309608369318,0.14406860251580747,1.3136855266685459,-
8.835525669640324,1.7015603329796591,7.40253536411096,5.345111541144309,8.482583884413748,+
10.0,2.2705066094950053,9.974559106369599,5.293397251995457,9.420379936881663,-
4.28297177266566,3.5612585910580217,4.810348201570855,3.1755347905252282,0.5097743014734624,+
1.3903780403415638,6.0157016153102125,2.354722816289768,3.021011990269383,0.9993562517958577,-
0.8134624578944016,0.7978119063208311,2.796954935699758,8.219276465179616,2.9631699059188668,-
0.5739224666133894,0.47225911608319077,0.29779718492358426,10.0,1.9312918893878894,+
2.855109993476587,1.4067927737650443,2.6771927739976595,3.74948701490272,7.060357627159879,+
1.4531394481206092,1.1017212252838973,1.2058665887945754,0.8597078910944693,6.913973401650537,-
4.929249006455604,2.8209458884261283,0.6869841264726195,5.61841226669898,9.625709711916675,+
4.793388693699471,2.9753020302786726,0.4391354502357226,4.233265281695296,5.132996278815816,-
1.474459952681022,6.110414949875192,0.5045202017269623,1.8802484331285896,0.9857912333702046,+
1.2334153001010648,7.962102756361639,0.7750706147782622,1.33029355654249,0.3141256683945515,-
2.4081439564056506,2.166126048545949,7.911849396097801,8.783602370866776,9.726365267194346,-
3.2086626473024356,0.41830075039361314,5.543023605839658,0.581035133158522,5.408186517490849,+
0.82297508233654,6.253946954484548,9.357288771313998,3.711198885459469,5.544185595574463,+
0.6038371223089426,2.036413662084346,10.0,6.521013218695905,1.7944319349448743,-
8.099854347996983,0.9724738900804397,5.9504058957576955,7.703734921484058,9.770894519684951,-
10.0,1.1602667922725798,9.64656219461398,10.0,10.0,+
4.5976101378648115,1.8554453439007645,3.478166630989108,3.694419853714214,7.571486917390976,-
8.875752533487619,2.263162095665041,3.7240096293287848,6.374397828688974,10.0,+
5.855148104035797,8.563278766530736,9.36897897652498,7.627804084748231,4.291834757939652,+
0.09667224917641773,10.0,10.0,8.226033561119129,8.104365827918844,-
7.452296940737329,0.2164188331579009,5.940785384406845,4.733505436727437,0.3587235312273296,+
3.8114152280171654,0.2559897022014002,2.597786570678882,1.8400361120154107,0.09249529814885474,-
0.07879253532526831,7.6509570103199795,6.687963796358226,3.0053263379876958,3.925025326604583,+
0.04780727767258716,4.563839294172757,10.0,0.5676074721799315,5.01718955248053,-
2.07148359303806,6.358780581535541,7.3364819486660595,7.80620594728077,7.250638084083319,-
1.8928228373144615,4.006086993277828,10.0,1.170191006276706,4.222450009130262,+
9.260412059907052,3.8232218847495956,3.91151510320955,1.6533482581844727,5.890255235151072,-
6.97205769878724,3.5266516794726046,6.156228971111649,0.6480394013654707,0.28197928175904236,+
7.868558136778808,1.2405005047307904,5.203428913458983,2.724983549369324,2.646981886900852,+
5.509130568261655,1.2003705904717692,0.7749202973858322,0.8281908752105411,1.2686829921129437,-
3.705167286460923,2.4878062162051915,0.8959629923746371,2.490053067635868,0.6182028264952932,-
1.3807374791731781,4.237640516953505,0.5574329794315156,1.8244340068031646,0.17642508679397942,+
1.6578954017457448,6.306152416590869,0.2102507620507632,8.166863278636477,1.2456277175534003,+
1.643063610183302,5.909354336729081,0.14252184606078155,3.2504069305863386,0.8528981992760793,-
4.911031619461868,6.388318070942988,0.4889108191375935,6.920664610754357,0.7015783781614293,-
4.17969148643907,9.458621172076759,0.034131606908529295,3.8839619451256144,0.017573317377334988,+
5.9237075019821965,8.164291640143299,6.328092776515236,8.47280964287213,3.7012464027568637,+
7.679913506089605,7.1283551259881515,10.0,9.480232476839607,4.168921866552702,-
0.3208574273092635,2.3073979774000786,7.811646330231871,1.0845690995804391,2.5086820848543203,+
0.4123932273532206,3.9678516456966144,10.0,1.5517840698914533,4.051800196211952,-
8.893199178948189,7.104596573765778,3.4030734150933073,8.805857905104443,9.733844541141332,+
10.0,1.504846819528492,6.4715704756401795,10.0,10.0,-
8.450724539587426,0.6711273864173561,0.6130188442038331,0.05182992537434372,4.224310095016007,-
10.0,1.1780719524267529,1.2246273710726348,0.10309019201208054,5.5652720200548655,+
1.866702514355043,7.373247138024364,3.9930809928770374,2.0057286109481067,9.955337215834033,+
1.6362574428157952,4.764240627230135,1.105204984226158,0.9539071022129678,1.2991345994806038,-
9.19926301403448,8.137887181399925,4.803454859382769,7.449169805734586,4.725051240444001,+
0.10470394138972706,10.0,7.651858074445702,8.663941159424452,5.753035937556105,-
9.714213263045641,9.72433777539298,8.560182230724262,9.903394551825137,8.523382885521395,-
10.0,10.0,10.0,10.0,10.0,+
6.80476871740221,3.653435383504595,6.3782266890922825,3.1843583993893243,4.2556946822907324,+
10.0,6.394949317500059,1.2833378100667,3.1921713050227196,4.431313085557274,-
5.001117224953494,4.225171092513013,8.988243307755136,4.553549964216373,4.718997252605086,-
2.8845649710875394,2.384699019362268,1.7114288173024756,7.068823599924757,0.3742242440289744,+
7.552631617685893,4.131835751766055,2.4247854583368147,6.047549593280119,5.664032253372699,+
6.949130942320322,5.037299418692614,2.542059937021953,3.1940809602831344,3.605945619157688,-
3.7332844466713286,0.18118331487647632,2.859249313023542,0.2936874051353977,9.587521676588354,+
4.022349715720174,0.22959362403807046,5.068743378552488,0.351195236885616,10.0,-
2.0752750219886087,4.1418873571015045,2.7095443301108513,0.10472824180480012,6.936392806983075,-
2.043449791238646,2.598217851431602,2.854843301058356,0.003993561933842869,2.919565132525545,+
3.9016485339186624,5.741185734990564,8.177374836216613,5.380945297189549,3.5496938278818027,+
0.8952381693762521,3.209020798755513,3.949472649053496,3.442813383230533,2.623586532553109,-
4.454026318583951,2.532952241083437,5.710986728943883,4.563984356947122,6.9800133393973605,+
7.674707119005024,4.536528181874936,0.8791197280618431,8.89687717580222,10.0,-
6.897828862862456,0.43085191369910514,6.5028724179380335,5.213016788907491,2.5045792516747465,-
9.41587460644276,0.5202767529262131,10.0,2.2480343358121035,2.0424341903334313,+
2.5329968931869007,4.36964529064432,2.1610043379219315,9.847403942069416,6.437865002613115,-
3.3492915524192703,7.863334223151691,0.5832830429664964,10.0,3.8289880205645783,+
7.23563573273503,1.7189432541924887,6.616807027053206,4.14738076095881,3.0099296822323307,+
9.028107737903838,2.4915688150179562,8.695361010009062,7.294689455600118,5.211524704448944,-
4.165447193634733,4.5809500020195335,0.6726443689079398,0.5318371883440409,7.928139364424141,+
2.517253523784351,0.8600896342792205,0.20082795233368586,0.4081096033657634,1.8494251636613537,-
3.4552879405018864,6.905570885217598,4.443917202576706,2.7415052399916986,3.015988716599647,+
4.613642533167171,10.0,0.22031169439839426,4.741969434872078,4.01214461945754,-
4.167777854818721,5.886141875780916,5.432549484903111,8.243261664450085,6.277189051666417,-
1.3696835198483581,4.578098747089869,2.4460945888120107,2.824092021702267,6.737138416297522,+
1.8913518235241322,9.784860270760026,0.9704351699456626,6.235234753917199,2.2705603993774,+
2.98621415158316,10.0,0.9050697037406615,8.692991291618869,1.6387641094700471,-
9.943669098936473,6.353312588390865,8.804156065968304,7.606683577157893,6.476119619901328,+
9.580984262464897,6.154346666669704,9.21357573118517,10.0,2.429022938876378,-
8.604841308456825,3.929959151448755,4.9980775790512535,7.682467760427611,2.707584339870559,-
10.0,3.940257574285412,5.012938378607614,8.107431024523372,4.928864254623018,+
9.57885259600323,8.895513754835374,3.9606309697845354,0.9084511327378775,7.29707198780142,+
10.0,4.979698200644655,6.467896796815326,1.3120886826652136,9.953671074270751,-
0.747884395022187,3.196730633717193,2.844422444265866,1.8049388332969762,2.2458971136170947,+
0.9555312747266882,5.707794139914659,4.577757757190955,0.049276930111129554,3.5321086282346013,-
9.683980180117013,4.4548300127865055,4.066160584416988,8.089884413313472,5.398206828868846,-
10.0,2.8521118640501,5.327677116394977,5.075182575290982,8.455221613738791,+
8.025334841378047,9.178623833622474,0.9214999131138468,6.143570730673469,7.037421367275346,+
10.0,5.870864108490427,0.1706620147791585,1.940953809626043,1.9821326445029719,-
4.1435767317722,5.180239409353268,2.232582304709654,1.4522719996734845,0.07039198009652914,-
2.4105014214345593,9.161365690406118,0.6465696487890252,1.6017241008524998,0.0831764706890772,+
7.1646910542246145,0.09035918902415285,5.2743602624893695,5.763993673517285,5.929705713806653,+
10.0,0.07858570534118926,0.2779745975603083,1.6126822640847047,7.987183864185691,-
6.314349196251828,5.493774673206207,7.513520424419299,7.366540087500395,0.9298056477527605,+
5.327190002475739,10.0,4.683822319685005,10.0,0.8789314834922294,-
7.578982558457903,6.041948992636722,5.677361599179671,4.084789517472641,4.169769950086605,-
0.5660351935992055,0.902906492497357,5.471529957258614,4.313387448985037,0.7859349206015901,+
9.502280701062322,4.165394873871746,0.15180606352669046,1.3745921782927906,2.61207485078696,+
10.0,4.99062696391579,0.238338915560617,2.3953433525766377,2.7600641152480314,-
5.340256086328806,5.0342069150181254,1.608721259797824,0.8905405724990423,0.0935686664382196,+
4.88658344406508,4.5723752251100755,0.06032094502879654,1.5116891731738884,0.03804577212272729,-
8.142035428463025,4.966922618832697,9.577168676505641,7.729639342031671,2.3670780087000076,-
8.71504116061051,7.578186389297836,10.0,10.0,3.156216007911651,+
0.05436893898845829,0.33516287753388996,4.457720130532748,3.21159783904975,8.501525574683914,+
0.04665674619877646,0.08673803697810156,3.31191371336807,1.9038412018451398,2.533971453300781,-
5.414706883895749,5.061483514153776,8.891022340544513,3.3194934219475924,7.406497753137717,-
7.411140152703649,7.883861422462763,10.0,6.453443146671051,7.45542406879612,+
6.234059832628494,8.7453513056945,6.8566495498901965,2.022646630555643,1.5405307338827123,+
0.20867144728331438,4.631574377364251,1.3542559554251445,2.0703699606745136,0.4540478996043767,-
5.668373688386,6.930334761631281,1.0846257436515871,9.813296583955669,0.042582348318246366,+
4.115598010403669,9.175003383377176,1.352344585319765,10.0,0.03523814948346066,-
3.9600259739107093,4.680498228681845,6.54219653738367,5.959101402451129,3.202870939125635,+
5.9979946280317,5.5853483381455575,10.0,7.548693022374835,1.4620402030682056,-
5.94622109719924,6.624004120035205,4.750434024404971,5.619939211242021,4.132842961571217,-
8.676347479780548,10.0,7.069137178061042,7.475881489616654,6.709636530669647,+
8.042919401471474,4.572342114345799,0.8079245201604468,8.816121430806698,5.6951843634764945,+
4.34173057140785,6.371533146440161,0.879594791987796,10.0,10.0,-
8.191258736582231,3.1136469727939,1.4303454478304323,1.1778426385176988,1.7422044300008943,-
8.446155492596015,5.732990556374457,2.5637603968334064,1.2436062834230635,2.182392887636138,+
5.5950325736671855,3.1716151665521464,7.290782700242824,2.488534936290164,7.330927769322162,-
8.312316467930296,5.53167948872428,10.0,4.464198844520877,9.892784572073445,+
2.841938198685301,2.407441512641463,0.17336502701410184,0.8434673596295095,5.789472971903247,+
0.25822912911601714,1.9252413526695193,0.19466986969750577,0.6058171931035483,4.184089857857568,-
1.979337317568316,9.961371331152439,0.4092193949584244,0.8106716539539083,5.729722075743106,-
3.367849887910802,10.0,0.5357133683144135,1.548011158174998,7.487156738167506,+
1.6992011675398766,8.137307735373907,8.145531342627663,9.474602419290823,5.135890624971452,+
1.0654621301345673,10.0,7.206478178240535,10.0,1.020158049239378,-
0.12668683311915618,1.8851434890341001,0.5634975732503167,3.0851791461253186,6.734209511429611,-
0.2260947057218082,2.761978912083939,0.741700756176353,4.329422084875255,10.0,+
0.5461121080965903,3.858167088524771,6.240282936143473,4.577988747223647,3.181999014069005,+
0.0576756757192838,3.9085655221112456,8.907095782797954,2.801336655659533,1.733647543345239,-
4.343807053635204,0.9997256622458139,6.75316390997751,3.3519313066650955,0.24091088550737716,+
4.195985104777038,1.2097045923640566,10.0,5.863587974898044,0.3819408195881791,-
5.769113324562733,1.1961368573182707,2.0812019752909885,6.923471197576411,2.15768218390144,+
4.295182671537593,0.5325958788034901,1.0867215403816481,7.921001028930385,2.744724934058258,-
1.6172062901862294,9.282336846895497,3.212341518904034,3.0651466457432908,2.098127236435885,+
2.613953002523111,10.0,4.7105005099271136,3.166446630160998,2.36147317550871,-
0.3200423812569386,1.5349774478366096,1.7386080983782004,5.45703141753851,3.5207011152211285,+
0.28781812411739777,0.27911726404010545,0.6740294228845358,2.243315501596404,1.2025372065839832,-
2.6009444585649732,5.288614103096959,3.77579265301054,4.6456972326306625,0.8706198254670006,-
3.0114670506992427,9.451299299819892,6.4352153499026805,8.112343227990516,1.392916443460998,+
4.484933720725558,3.5306131283123943,0.9875952087439177,6.473419846341396,9.193642818845065,-
6.768801658409275,5.869705579224142,1.9388332523253697,4.428192156659274,0.9005630046422576,+
5.9802863608363035,2.8394187286242643,7.336854231292186,7.354339376806202,7.0727133775023265,-
10.0,2.370149200603785,2.316148716076871,3.386623719536846,5.8915471349358,+
0.8201012693538468,8.036564031140259,7.154160814385488,3.8856049366146586,8.280256933065065,-
0.48793205784063837,1.8542785683002605,5.69897722617181,6.2458870639102635,7.632815890251515,+
3.238217167962094,7.2394697434174855,7.161021852274314,4.0182773103331515,1.5149600266195207,+
0.9050058773454225,0.19175140823108655,4.296484665721132,6.304701638171606,2.6721787599655666,-
3.6053244464220144,2.9444245783628675,3.4500398275436273,2.568797665654914,4.506838947808685,+
2.2518727324924153,2.3640875163338433,0.9369850681944993,0.7341496818329777,4.390951325255958,-
2.409024256714738,5.320751236981259,7.315096608170315,8.829533538318337,4.875812566697699,-
0.4778315088604834,4.399295417204756,10.0,2.6344296994982983,4.8237331126449465,+
9.816357652555867,7.695018896450996,6.373384316261505,9.090679061308775,3.174421152820497,+
6.112092505182318,5.503157970674848,7.20156298625347,10.0,4.60637105226563,-
6.013999674507822,2.6945840364341422,2.786405993921467,3.5221178295340474,4.974108230653847,+
4.051730969570032,2.617516878302923,0.6114115544806034,1.0670917330953098,2.3100278667747096,-
5.53538541310745,3.044931111121513,6.822828529178211,1.7431851755736916,6.552687941056641,-
4.312119797100439,3.0345918390318984,8.127368154988282,1.4076983277388206,4.392532044762509,+
2.681930800152945,3.8226748511504374,3.804312048055217,1.7585243424829866,8.897439085405445,+
4.676739826738967,2.6493470201901874,1.1845997424798154,1.3204251656161559,0.8015705052368334,-
2.2418165506741037,0.9910949357373056,1.9855893560726523,8.4403378402806,9.402903811112333,-
3.831054980370897,1.6956081820385218,3.63744415222213,10.0,10.0,+
2.3690591435960897,0.27766858125351623,9.480818262172072,8.757418683172478,1.4887752004810162,+
0.9424267066473706,0.12716828708296582,3.3368438549009825,6.127074138756407,1.3130367518740513,-
5.969530660338577,2.7409029932298203,1.6349652378466284,9.207249953420941,1.2843850410661128,+
7.2685351382212025,0.8447747889629164,0.6991092030067415,7.361086559868202,1.3560507514461013,-
9.520806042095973,3.1840320624348797,1.998909617910587,2.331165100307273,2.230044276624117,+
2.11188899654753,1.3901496784596479,0.18986338404254108,3.150395980168207,1.6732826997343482,-
2.2316737556098154,5.625873545602173,0.12735796387635556,6.769592820230303,0.44022682537781854,-
4.231701982646816,1.0396400201056715,0.10964708353393461,10.0,0.7046482973165984,+
0.1965782008452388,1.536007345145779,9.537659213528851,1.9688989771267107,7.042104311213038,+
0.06127357287528404,1.2723228698394116,3.6067254005279414,0.19730780456953506,2.3888615130643167,-
5.972766362514887,9.672395709815069,2.281457064897694,6.217898845424317,9.640872663100492,+
0.4283407222310354,0.41558113388144247,0.753434650841305,3.5091504948600676,1.498049640675136,-
2.482742907166023,4.743634210404858,6.8138742844930045,3.0434971943907643,7.80042658184386,+
2.031755593911765,0.5317676662269496,6.564242351113606,1.7628400814437954,0.5909429879353086,-
0.4086705798097001,1.9917128200631473,5.4617109267061235,9.028616070777652,3.2372831761763043,+
0.08858290193715689,2.5986112228690654,4.982963407307631,10.0,2.0351450605454913,-
2.17123370216508,6.876662177805795,2.31161274892092,5.434325084360353,5.9414394737146194,+
0.9845884482053002,5.971233110871644,1.0096808057179731,2.1158301294967905,4.377509058254711,-
5.849622064383302,8.261673769090411,6.539234911445787,5.5207020369853,8.555339868555777,+
10.0,4.111491726029499,10.0,10.0,10.0,-
1.1718257620447203,7.1060318665709055,7.183716054612247,1.7505079474407625,1.573155613107502,-
1.0556350538381643,1.7863178304962473,5.885132788318198,1.9895920078328062,0.5201847298871812,+
8.434421424263759,7.509731958327213,6.805324697079101,1.9173874694744908,8.02885691188192,-
10.0,4.22988153154752,1.445673418528498,2.7534407535524923,10.0,+
2.7946512687221237,6.63553518383626,6.972423771225871,1.8477498820914051,2.587882546892568,+
1.0839121330440538,0.28730577052332457,5.090275355829305,1.8437429009637774,1.8689203851255234,-
2.673001264089355,9.737453682966823,9.389791204739112,9.883642504746744,3.126558254493964,+
2.077817246132906,9.690415032931472,2.682428764090806,8.559281122617163,2.961038834807138,-
2.1071958035914373,9.634250601345993,1.6828239029034808,5.278686124429578,8.006990783171846,+
4.145696834308785,10.0,0.16493677614810895,2.522623426258283,1.698607635667544,-
1.1471728132155978,5.046835530447228,4.702471758997922,1.0606449562371356,7.284562860803247,+
1.8956592018226748,6.833223241946226,5.473856812791949,1.288729565309188,2.7825054535469773,-
5.090493639641193,2.303570266750967,5.661772058630126,8.422864722442235,4.954221075700222,+
8.46954032704995,1.879986140189056,1.8005419839565748,1.904853271711928,9.085319645068035,-
6.668928482999492,0.6591792481483527,6.5284895844985105,8.600797851684105,1.4397950584917618,-
3.6158117469490145,0.3797016922341033,2.2611230621798906,7.1116364427005685,1.635598222718172,+
9.430543919476587,4.533363429951576,9.385389805145746,6.11294779769887,6.40165422785265,-
10.0,7.701308149578769,6.79845458758055,6.095446938837189,6.601984050298439,+
8.39875785857521,4.952701970547868,7.133823334066516,6.586474991582778,8.33923388725507,-
10.0,5.037621077400724,10.0,10.0,10.0,+
2.1777451832262216,3.7858641562771824,2.640805769090968,7.208002665805623,0.6863838192571059,+
4.203098806001569,5.850977728917831,1.4336235708673435,0.8780838688262492,0.638847727662027,-
5.602624438147115,8.73430265780592,1.3941678979637218,9.83685977760525,1.1971818820906377,+
10.0,10.0,1.5554246885741594,10.0,1.0980155234281501,-
0.7540998302133062,8.414129187763928,5.997394237851113,3.1320624209977765,6.168528072301801,+
0.008371703816219203,10.0,6.939039466445275,5.709443925651202,6.872634108993999,-
9.579647070693362,5.504391976640108,5.783123770277222,9.303934776119275,8.372211300758346,-
10.0,8.16660003816258,7.532867186060058,10.0,10.0,+
8.907462336367661,7.109687383525259,4.227865421912577,4.165570602070189,2.1928173410859797,-
10.0,10.0,2.1622715368551413,7.343707036103149,1.4139314084327788,+
2.9458905419046113,8.154430223543192,0.6246366995278807,5.653558042991195,1.4752251432525343,+
5.724988602449908,8.016432916118875,0.7279765900602775,5.208165319561605,0.6404206170030543,-
6.20365134428425,9.857093395814111,4.253154939386813,1.7609728062247088,5.745492795578445,+
4.4356615042255525,5.520289058667646,3.7330125879329112,1.0717108072801445,0.7337721283059211,-
8.76326814805893,7.039926526991583,3.4378078319706704,6.317966027488092,7.374511891027104,-
0.11054239688969253,10.0,2.2297957864955094,5.525885891633829,3.3326770492983044,+
4.372048357627136,3.6535516385035773,0.6458417436953323,1.7600963415762583,6.5081456236246815,+
0.504455941174846,6.240912735661146,0.19042721147106104,0.14167764983195025,5.424369422985281,-
3.9345570979636646,9.63325365678049,0.8172877872344386,1.5644964681508122,9.095271894684105,+
0.43470250201337857,2.755305466707219,0.991735633098535,0.35472993352203935,10.0,-
9.94307714584424,2.349946815273852,8.741982892402278,7.535611910926968,8.283784294290212,+
10.0,0.9172682093563088,8.729728825240178,10.0,0.9616006882677748,-
2.1056108623128855,4.162216647100019,3.2439727317839875,8.757088706492132,1.8195764923235414,+
1.083825415732556,0.5419005036674491,2.806799649230149,1.1724054635677392,0.7911716265002274,-
0.6860465055668286,4.03251456523383,0.684037416883746,3.6585191616910606,3.5257393857054753,-
0.7660675888498301,5.376088941691408,0.9542792317109478,4.58821261585403,5.244430060949216,+
9.41166124409845,8.1004498614731,7.346420579881537,0.20347162922453532,1.3687480220214232,-
4.927283543901255,0.7982844243079789,7.462826661142568,0.07338233805284133,0.4032555318561847,+
5.931583576661367,5.910060733219289,3.8897740037596504,4.763367166989644,2.075724457633794,-
2.884383995338534,3.332507059817294,3.334023211306301,5.386797201444492,0.6320288936869206,+
4.378259812796827,5.876959289847722,6.481381181442676,1.3092018809167938,3.0555933491970135,+
3.5392093840281555,2.9234957051983717,6.055889503715311,0.3026331336356462,0.4317942201735844,-
6.15699426045722,7.3183420338459335,6.882707253940343,9.730072599841442,0.9628530498649046,+
10.0,10.0,7.381030521592567,10.0,0.9655630381046066,-
2.1893762190431234,6.329058524691397,6.268349291913605,0.470843878022712,5.640285280878283,-
3.1949855950078336,10.0,7.29727170804671,0.7508581093525778,9.40565540326696,+
4.8348156773941975,3.2846178282950556,4.038203551707289,8.54777980565597,1.671540694961945,+
3.3526213509774188,3.05933191890521,4.200451544808106,10.0,2.0101856429930796,-
4.92500229552231,9.746373818002297,2.377585634574826,7.2259166442481835,6.0880525816913265,+
9.382683545602237,9.168723778169348,4.345884332837057,3.290816758297548,2.68594354468107,-
6.497527230114236,2.910334736210758,1.7234279274720032,9.61964182391829,4.799064847489322,-
9.852327869000007,4.017590447831146,2.9916210829067182,10.0,5.570874851251221,+
5.718586912492789,0.6743824064352344,6.423580856002012,6.439246828579116,1.2177479426203952,-
1.198384034362556,0.9608336427008688,7.72057526388642,0.1957207208131846,2.0487876540539083,+
1.4249879730618553,8.482301290064866,9.636975162799684,9.033204307772296,1.5652645213871574,+
1.9771200785031606,10.0,10.0,4.8041153810482395,2.8021862208150297,-
9.079715109004463,2.8898755960108002,3.437291528000607,0.2827784433044689,3.092682867291461,-
10.0,0.07024124543467171,2.655416270903551,0.49558962675440243,5.928044771480684,+
6.584061041883764,0.33619501756561254,7.7915371501826645,1.7509848892122948,8.799958174855947,+
8.07739479129743,0.40450689696129694,9.555688345340446,1.891795072007284,0.9341134249070403,-
8.932577122056015,5.503297845346598,3.4399359905745,2.3360724064057403,3.735743312443578,-
8.33739214596631,8.066415824369187,6.497762076676238,0.967573596453164,5.002100646609352,+
8.731762370742658,6.732413030373304,0.03095658031703974,6.4485026594929185,7.887695702324644,-
2.9306186203964724,9.192720648114074,0.06078670434578469,0.7467670870867524,10.0,+
7.752451573285375,9.939458489443728,3.2348436949872883,2.7687346392312664,1.4875047174024103,-
5.715676180240457,10.0,3.4666187669083115,1.4587796214966224,2.2030158744780834,+
3.203572477140483,5.179119748522342,8.287450262329685,8.963145648060939,6.871319930610442,+
1.237216130120203,0.7075110632656866,7.790716252517671,3.5525902952439563,10.0,-
1.8327014835911326,2.8733465980106,2.1855525942060128,0.2868585354487019,9.997076744601788,+
1.7389649364419657,5.248483692432719,1.2257177656951075,0.3740657743233089,9.777871254460177,-
1.845459212292414,7.840740202945275,2.018228843572083,5.087003149753477,8.89067335337023,-
3.0358514182833383,1.9673041313783226,3.05408488410408,4.241726923399988,10.0,+
6.8823005697588915,9.432373196616696,2.0265360842926006,7.1810637039571334,1.8882507968755746,-
10.0,10.0,2.554776953485459,3.1446312629538364,1.6374781758943149,+
9.161803744181547,6.973755938084134,1.3080631951583688,6.28209404759507,9.676251070435868,+
10.0,3.658634287184203,2.321381567920825,5.316862325682917,10.0,-
1.0244424461949408,5.677680586416583,7.7364215755793975,7.551670886033387,1.4607590080308974,+
0.09782287310677136,3.6089235551027996,0.8918605085484391,3.90944212531842,0.46194124135126485,-
2.1502034997044017,0.7343046070252679,8.395680997696946,8.1634551149753,9.868024543075562,+
2.865856861964548,0.8055442977301553,10.0,10.0,10.0,-
8.06151680583522,1.135792137714955,4.525863403868891,1.0170719049626098,5.038453216073343,-
10.0,0.7049201772224237,1.2503134559592188,0.44323978603383934,0.5742145425799515,+
9.435865084998673,1.15462691863223,2.5792761526754946,4.276175502008586,1.678964180004341,-
10.0,2.2576095323383307,0.6295730076340893,0.5534000227208122,2.9811170180265676,+
1.7732284885179816,5.703161225916597,8.550166515147028,6.4602785029073235,3.7338673584161475,-
1.5189789129032902,5.024701203013879,2.271763936731758,5.791967191608864,3.9381613957748507,+
6.51805372667051,7.3551156160483515,7.637237337322845,5.434733132915336,3.2930263420461925,-
10.0,10.0,10.0,5.492607342564246,5.155619267718145,+
4.5568439913870655,1.1427496500000534,7.968212619775824,7.8375560359166645,2.188065756207532,+
0.036130264896394856,0.7101502597895446,7.57540357813913,5.947523909332942,0.06558770563036975,-
0.7105702361216992,9.647111700000373,8.860560528918812,7.223078828671338,3.9617811483717738,+
0.3020237998799829,10.0,9.763553989318696,10.0,3.127388908810315,-
6.736540810567854,2.2386041307869506,0.7715735394248013,1.5861714322642617,7.3241818578192905,-
10.0,2.9899363289412935,0.8522465092855575,2.8550393613158183,10.0,+
2.2381268905972385,2.674172067587418,9.853685510526976,9.294353602288549,5.69712770098525,-
2.9419282020898323,3.901905004809763,10.0,10.0,7.8604694311414764,+
9.711219591470496,5.81120648808303,7.586992982592519,1.2086815038763332,2.8467612215898974,+
3.440218615170972,1.1311199510508818,4.847226069673855,0.853754321222965,2.392179357879662,-
0.967623917833822,9.936589120676691,2.7706011912406514,7.01598960336205,9.60955621217304,-
1.409793219346529,10.0,2.5033588414182746,9.91610402221527,5.888280194811775,+
5.707873159295277,1.3624235829965226,6.609678967910941,9.742900984995407,8.233822377792249,+
0.8441262032533262,0.14910572811769024,0.9823771498495081,1.1853443128576957,4.950060285487,-
7.8037227948305,2.108275846199893,6.6522145663715655,2.13957566267694,3.177054886021703,+
4.310956210276322,0.0445342971305146,5.621504889976674,1.9311176069661025,2.7605783289031796,-
2.2718352172556644,1.803243982966194,4.890984196293586,4.459182549054269,6.595616001925613,-
1.8322413470644,0.663291639239468,3.6413475462315135,4.671445296224375,2.0253417861301704,+
6.636769692847811,7.500502183391298,0.8028718021685322,5.198788919646754,2.195825491760963,+
1.3316748285077025,5.768371632172819,0.3662443522918177,6.307610966304991,1.6484361619360341,-
2.6396307672624575,8.893525076992626,6.885373193243329,2.4538132956304626,7.952778890551287,+
4.661293148481741,10.0,3.9711799444500344,3.0103516916655133,1.360712913596463,-
9.538021450845985,2.7346947648077036,5.508139095399293,1.82400616684534,8.623781496294448,-
10.0,2.7537678336371414,10.0,1.2500944634365065,4.620062209464051,+
0.005070813187982859,7.552942487662465,8.350827039417405,1.03303227555814,4.2490146222193514,+
0.0021933613432744913,4.3920215127639395,5.56017102920561,0.24186756033430357,3.2738364386955925,-
7.933610911574492,9.067700650808396,6.593234768807537,0.40290847091307147,3.9517050689998645,+
7.227274337333828,10.0,4.941739936835701,0.16186298384066367,2.4816797684159324,-
9.09511926407119,2.512895206733724,4.434252513337835,7.510074799785049,5.3533927773349905,+
10.0,4.022780451721324,5.793500184775797,10.0,0.5495967679771087,-
3.609750527108303,4.97672164660342,0.9333670900086666,2.8374661339824234,5.447507613301532,+
2.5074686736057172,1.6454152929308699,1.108166883324627,2.776437934696987,2.916586583260794,-
6.085167993379058,6.4140110645397925,8.75641498429087,7.044630538900931,3.482145946732309,+
2.9114105544729196,2.78163854286682,3.279841514092573,6.925620013812735,2.7284809004277877,-
8.180306300810782,0.5885908749335689,4.677976314859001,1.421533880677276,2.039025990054344,+
2.9903600955211345,0.8396535778550902,1.6231116416138687,0.34658514970268595,1.7871961406872712,-
3.076950162499106,2.1727445942118004,3.325715460164477,4.292304162212748,0.17155257195935691,-
5.957389734986726,2.3154975211127033,5.988450612675161,0.0631140300860132,0.1446948120678689,+
0.10372039991750182,1.8219941894762748,4.200392473199948,9.863855358987184,8.217346073721785,-
0.09288685720724386,0.13037388698747193,3.4686277963223016,10.0,7.392225082385171,+
9.948634895549583,5.423865308450911,1.8391508522512745,9.09511700333955,5.790250304748935,+
9.458777703211219,6.299334288738392,2.3792346371060646,10.0,8.871988849752768,-
9.745541097744919,9.4526938184352,6.607527693326754,4.204820807380191,0.8910170601840728,+
10.0,10.0,10.0,7.9380796294055775,1.1777507492745392,-
8.37886479571978,6.521659212849306,4.644861467404428,7.116499938071313,0.4073601105557989,-
7.678712458615321,5.104280205681661,3.5539113881738196,4.379542415551643,0.6834441042039145,+
5.765929376613834,0.7226445566774076,6.2946183466679475,6.044521795929262,6.549820885007323,-
7.2071917351008175,1.3117663809969613,9.18603909480572,9.363855412453367,8.900903190528751,+
7.191260505560601,1.9506402143814239,6.906424939510453,7.623878521842783,6.67704515856729,+
10.0,1.7351901491743484,2.399476081280225,1.892658932741287,6.813894200130074,-
6.157842753064619,0.8894931338890066,7.2190826675518665,1.753101621306602,6.267141689842126,+
4.866033236304684,0.33101816597932177,1.7761410039044332,0.37286763146937063,1.6092557666986467,-
8.843319245561101,2.6909911601722025,1.3403476231254174,0.7620644380478736,2.8801810580111464,+
10.0,2.9789864812930618,0.7358568067486666,1.088558532630288,1.6343289346593437,-
1.4093880640720613,5.425334191909204,9.188502997712204,8.84863871769766,7.698032079216297,+
2.1300069904911263,7.7544046722010975,5.5469994871146175,7.370843815631335,0.9709939362463458,-
3.626211672910568,4.25537879787662,1.518556435081292,5.9152724434490676,7.382216467329346,+
1.3560974069240264,2.923843872539716,2.316786365013627,8.350968258664379,5.804034039114343,-
9.89559661441492,1.2116675677824273,9.067325733239484,0.05239898092508466,5.383054850143959,+
10.0,1.5193958240367713,10.0,0.07410732238788312,7.258073557297076,-
7.790156601028173,9.095009399312335,7.142301666174532,6.735079494225729,4.6915333677739675,+
8.153740506822107,10.0,5.561509736690991,6.279004945665379,3.7107400338343086,-
5.924952558649067,5.950375172912052,7.790623841239267,4.296902625860484,5.146707800820634,-
6.690496197447927,10.0,1.0276936658042661,1.8224864256747433,6.229329818488721,+
9.184577409238283,6.479077374531903,5.256377053509319,9.302323210586511,9.57493135730415,+
8.381244716594352,6.200678436290478,2.4118841016767862,10.0,10.0,-
1.2663565629067086,0.1432731775830498,9.656963507538883,2.4939389670964163,0.8085104172419977,+
0.4751524288242671,0.012899051811381209,6.846521732668758,1.1386173849569405,0.35039342096448217,-
4.909335709059949,1.1722988793344635,1.045990864175672,2.0567826049340487,6.058885745843368,+
9.261411834287925,1.7846158892957464,2.0862094647921463,4.033336466523691,2.6337836588901813,-
4.146644580144545,3.826043393001677,1.9272713390074037,5.843536886721483,1.217301531990842,+
0.9089434055023133,0.7185559457794743,0.5790789197174954,0.6430186923923069,0.8215710212456083,-
7.237747101910182,2.2380651107581984,9.482879550180861,2.4014385078098677,3.2164459543900357,+
1.5725089184359078,0.6762203504241354,1.1741290386898853,1.0946292776980118,4.178191349646444,-
2.778705596762636,6.68638136173818,8.365478317878255,2.766325978040951,5.834384195002473,-
3.4977032276769364,7.351407497499157,10.0,0.8488775769382704,1.721811457056667,+
7.2720396218128025,0.4905369844152019,6.868300855779328,7.560101163098621,5.232543882816549,+
1.8352182131192454,0.2589390671598542,6.85049571582214,3.4217845014653445,3.8394588059333383,-
2.070312684886283,0.7086831250810133,4.087037102824327,4.038713162701581,1.572481636274623,+
1.0003938246437707,0.9982229647218405,5.1761347756486575,5.61447881298864,2.4521796414237476,-
4.006243805194876,2.051409357726338,0.7413396258026406,0.09048013384122089,5.366903732743412,-
5.339827019437413,2.6560550089508963,1.2814366302794682,0.1344117474810784,9.518844203948618,+
9.07389834442773,6.985377406176401,7.969534611006979,6.042886833373418,8.017666575914337,+
6.331587327776893,5.660872668878686,3.1664447260826623,0.7000774320162638,3.266906956004258,-
3.789092875886136,1.9799273249468408,6.183758840561637,5.246482225917777,1.6303087689682028,+
2.2321607949013895,0.8469866344644227,5.294247158346482,4.132669293769333,0.9224464839838108,-
0.46221013024020485,1.8006248080200948,0.7453899726455837,1.393364734147332,2.246543807100613,-
0.9181029403354212,0.07797925001889512,0.12489081601448618,1.120069492776143,1.5414061406592339,+
0.9358982344340694,3.478023662189713,6.1193958034595495,4.016041311205605,1.3877622820380242,+
0.5723950757024727,0.5357856518439605,4.0768288597968185,2.8725156325218584,1.1960647910197577,-
3.965496638662551,5.611502744329524,0.0657458483676121,4.4725053246465585,7.180615345903325,+
3.0061888164277777,3.966882800865304,0.04033222023510154,0.8061360553679646,0.7160151443241212,-
8.880147461630166,1.7580304522177814,6.998110767990148,6.981599187106053,5.698395681264687,+
0.364617668149267,2.0210691753068786,5.746164193773715,2.934567137002229,0.48113326022008107,-
0.6533157448595561,3.394942017060345,9.012641547148744,9.802047177135552,2.4837071095012107,-
0.8492661592312118,4.760475057434688,10.0,10.0,2.6279157423802775,+
8.29558233184431,4.381832636749062,0.7197126732412795,6.614585757042331,8.007888399601235,+
0.8899276677670245,0.028823612931799643,0.5374988909574611,3.452818384178083,10.0,-
8.625601347611013,9.917117540664306,6.2142516358572895,0.21805030477609844,6.1798367140511,+
6.75747458231886,5.736716899542813,2.452975421709162,0.16932735849069472,4.5931456345903445,-
2.282920552051475,2.9880368424172445,8.145911392354307,7.292956187246488,5.6497890784120175,-
4.2699567851762605,0.8348600443188916,9.42728877006601,6.174070576113143,10.0,+
8.058445960938844,6.9166096281331395,6.8246276167482485,1.7084520563768624,4.684982812595239,-
5.804992150485852,10.0,8.153047410060914,2.0996890753966695,0.6874238028945903,+
2.270313933122199,9.23488563202557,9.394205730407844,4.38293561088012,2.223895672565799,-
4.309323457282514,10.0,10.0,7.999256720276201,3.4565077150052854,+
4.786092024398357,9.407873195183313,6.49053240606599,3.7261686444084474,7.821131792054779,-
2.1224997557259933,1.2207560006566094,1.9184110090571278,6.868806257532963,5.65328020114487,+
9.176121519268131,2.793973083169096,4.2758507302245805,1.026912359986194,9.576952116971123,+
8.903332062248822,4.348103820655696,8.005656133577151,1.2318034801196842,10.0,-
0.4700759173746416,2.667690318138906,7.622976397366426,5.562355858906518,5.004882763575061,+
0.43177889680474035,1.02570273434162,4.96474117037324,2.031398421603628,0.3538566018368451,-
5.030917544917087,7.402095066194764,3.5931206703075635,1.2010030023155749,5.716035740997166,-
5.354639755392203,4.616445473419343,0.18044851329420497,1.2839427526321978,7.543542385365859,+
7.606796558143822,5.984195549601649,5.823094277727231,2.829200988688033,6.437289808799761,-
10.0,2.8310012811031307,7.98871442557097,1.3660411228869065,7.877896949582112,+
1.1547663199003955,6.7493380014943325,9.635943822997879,7.707833108009334,1.6569043440004483,-
1.4563124198740516,7.359718440174522,4.675776561675531,9.136697438256553,0.03488420200171956,+
6.440604943501497,1.9914787932499889,5.507623228225152,9.913782887715131,1.3509416976077782,+
10.0,1.1631417561681812,10.0,8.719289717033499,0.554923575267232,-
9.906829912258914,0.4026294548401388,8.265816133442584,2.2721466144595137,1.9028457801221899,-
10.0,0.3575408675797683,10.0,1.2152496026887547,3.389505282789124,+
4.515789080760636,4.748926438714985,9.989855270426482,1.7312350863660497,2.200860428680759,+
3.5113122327256363,0.32982662270070034,2.2173134189063712,1.6705674742830696,2.874238403893169,-
5.990794758271594,6.747592903503898,9.983409327654432,4.301761580738571,9.71177098538726,-
0.9249162027352487,10.0,2.3359158564546036,4.6185549116549245,10.0,+
0.5948811279928157,1.595833489908296,4.407077649023098,0.7843754245399825,2.693041351579989,+
0.041803335298102325,2.651682262766339,3.78540621991147,0.9069354621132923,2.1976775805428783,-
7.238143641352108,8.95402380607457,6.17217477390839,8.980921072442147,8.340557249328668,+
0.7167157801004458,10.0,10.0,10.0,6.874406179015655,-
5.349562765279394,7.9544261017408395,6.253764975064727,1.7065932564499564,5.214960085461097,-
5.508991467948915,10.0,6.8623365311838285,2.0543560386510276,7.238942396036253,+
1.4666664331832602,4.978661087406642,4.984318347196915,2.785435246948386,5.058575758895669,+
1.2877378922826537,5.365150390428825,9.460421281653351,3.047988677600166,6.218673794830867,-
2.95677382724965,2.1552047393207907,0.026825895007550615,6.5469033107170835,3.2743905123264416,+
0.6085375103400882,4.160403442697639,0.049714693868159396,10.0,6.2894921136549575,-
2.624821254612655,9.957144767295956,8.102653101659707,0.8919337041938868,0.07646345446691072,+
0.5366095793240151,0.2529816591134232,3.574215927901293,0.5545218632177719,0.06729641445865168,-
9.056371510909969,5.271664990254148,3.7392849293488273,3.4793656805363558,6.784903206661158,+
2.15017167190544,9.913029751215818,2.8625510946329142,3.6798234124082767,0.9777058865996754,-
2.314355162879582,0.3133185834779273,4.489998325042293,8.565817226698904,4.0871248075150195,-
1.7603012686759698,0.4625916781219324,2.6666397942052305,9.685397967412703,7.393074566926334,+
5.540950791836435,3.855669610967092,1.5073071959069073,9.22131053123515,6.732502800556838,+
3.009337514961868,2.720304333956703,2.0431644180471182,10.0,10.0,-
4.780909097204567,9.35946195395029,6.079108002974131,5.204984873020826,9.987591972773915,-
6.406153439939681,0.31789292656688867,10.0,0.3553529761802241,10.0,+
9.004449255649638,4.440322386496797,0.8187678801297593,1.798927534038065,1.4862598592864185,+
10.0,0.6223628802073053,1.4189610408300972,2.081142898887471,2.7400391365885914,-
6.63262488573557,3.6756357695330166,8.440328641159265,6.45064019030475,4.400009042012181,+
3.257428866742417,2.407360638195449,6.75474895718553,6.3299711953197715,3.398950604007212,-
4.565676624121386,0.8923388459178794,2.687329644920845,5.381267109271393,7.1502018448066975,-
7.183674518507798,1.4638432634497418,4.051691473369414,9.462762145109208,10.0,+
4.387128564895262,0.5810156568645564,8.37198912020362,2.319624469884717,8.665739817384857,+
2.91249916845744,0.02391312088118443,1.4152725942809194,1.035364087629147,4.8551394640317715,-
3.119620537941299,1.016483190460622,7.25430263178025,5.057961841315287,6.417475783437724,-
5.320892589563241,1.6675156911425217,6.345003015702932,1.6308654059886996,6.79780035855651,+
5.679490270853417,6.616663178433873,2.913653189075939,1.0612622137974959,6.0317889986905735,+
1.5759111309716816,3.4198302073810565,1.6118114927426843,0.32678040368070366,2.81540431730738,-
7.767694580623027,9.773037657470688,1.6513362855456926,9.994831409889928,2.6888399934861784,+
9.973463051955001,10.0,0.010883267961883094,10.0,5.206916149745163,-
1.5838725975383083,2.166813133822665,5.606723327876997,0.013644976243742946,2.374745529827181,-
2.1357283092076194,1.8421910268503308,4.582859665233892,0.01701997680010085,2.888692599917218,+
2.812914335613781,3.7284656276097228,1.2012464650319044,8.966108572291894,4.649770605919815,+
1.449568756216021,3.1847072788183035,0.8565423874691633,10.0,8.296021900378358,-
9.246178414304719,9.146994557436637,9.918670044436318,1.448505833316126,1.7312846111973113,+
10.0,6.5824974738098225,7.4257859682150915,2.6055947216159825,0.20409227870563787,-
3.3501890078396004,4.0542477259452,1.1755482953365792,5.943868402800384,9.858269352682978,+
4.401490939607772,5.453378499936794,2.077411971737166,6.28486688248011,10.0,-
9.446909452166963,3.3962659149105,8.034233324188332,6.666787957643202,8.937904351240904,-
6.43328400785689,3.6089917324900975,10.0,10.0,4.688820913631641,+
4.956101877370225,8.502500687069022,0.15185770595668613,8.756415711783012,5.771874659423042,+
3.1028169005757835,6.171396295528047,0.0933922324112815,3.3746731349135533,0.4246320419065298,-
6.500510553445786,0.8221907331387246,4.7370172808526,1.829381856107123,0.952232796243514,+
10.0,0.05363016449415832,8.290959383879702,1.1540741946612394,0.46997911942761017,-
4.6849889196421355,4.664949297637494,5.885918913289689,6.878738598771048,8.59573921227539,-
0.2017326031613448,3.9947891684290857,2.864121237252191,6.481835166219089,8.984922736130024,+
1.5496825695194405,5.882423790760122,7.495730896169043,5.566858369728639,0.7891051436438801,-
1.0371818516885192,6.882538537121618,10.0,7.455152512336275,0.7690329859778253,+
9.919876465850173,7.4809569162243506,6.468581805169713,8.05414130297338,4.3538459049453575,+
10.0,10.0,1.9294566307694678,10.0,8.138259972701023,-
6.567693956483059,6.707376728039181,7.0138131140898965,4.113290768454999,4.3417235122841475,+
10.0,7.455842155562624,3.590226252596295,7.051983141083985,7.727259095037439,-
8.280278237211302,8.865805512669764,8.120682736814292,1.4077877497934022,1.397402813459383,+
1.1304189030454932,0.43209938006265314,4.68568209126845,0.7721014582510329,1.1030801644984916,-
5.693140970390028,6.3649965679308265,7.817178007637716,9.282529447795785,2.9615578704260734,-
9.635477807882465,6.3012911296984155,2.564266431746405,9.593796961153448,5.061794948990807,+
2.4848628328533495,4.52943057616491,4.625791275133471,3.1396461392920525,5.95199303036373,+
0.22873715819210205,3.078260316042624,2.6629385401966177,2.6165241042115306,1.6857440097968475,-
9.282113512465472,8.607964022329611,1.8217163664173242,0.40861865106986084,0.8723046119457778,+
8.22110262595334,1.2702925355590784,1.076806616368505,0.32555101718369567,0.17889285364580507,-
7.960731490125078,0.1677472951954484,8.717288087701307,0.18225733196609917,2.527730468890362,+
7.861047692124635,0.05777910614794618,1.044053724658562,0.0024325278311507093,4.504037701190578,-
4.207050862828393,6.69176489817945,7.3521253790072985,4.337535419266446,0.422783728478211,+
5.645265601710477,10.0,10.0,7.242811647634254,0.2087233671691966,-
5.777859475157775,2.8166251026933664,8.293087296104208,9.585940727340505,2.0050695050788536,-
3.504190857468461,1.942812094300571,3.4193997164885532,8.639683635709572,3.6143560051424855,+
5.233500292586475,4.864321779428309,2.6363317338866987,8.200867627550009,2.6899173361220785,+
10.0,8.249368498479866,1.1234556898919217,10.0,5.104810855643212,-
0.905866272846465,6.795233487501612,9.907604810800096,9.329599357091253,4.769621522239653,-
1.7101576227098008,3.647672325289414,5.466672604208936,5.866579005224762,2.499168505563326,+
7.310999225789134,7.869123602745499,7.628998556864422,7.224173069939664,2.7800331559732614,-
10.0,10.0,10.0,8.591427941917601,4.074467439952289,+
1.4865216140788151,5.613965949871272,5.209332623401871,0.2592808683326253,9.076092747330872,-
2.3463151767924475,7.404180233715667,9.38041674661041,0.3336313821267837,10.0,+
4.492409007599854,0.6263476260596379,1.1831156624706873,8.447993686283386,0.6264855279853565,-
5.755318487332239,0.23260976923202628,1.6156600428074892,8.107008197845133,0.784608833565573,+
8.250923110384687,5.774900785671331,4.9053700278852785,2.630536389242489,2.415082731775021,+
6.9184625492233165,2.13890394253863,3.6628704404154684,2.5261900769517887,1.747737150956119,-
4.365711775676426,8.006145734194273,6.113981715824317,4.237733454052654,9.206445410015734,+
3.244508047097385,1.6077133615700885,9.148631912411089,3.973673237348999,3.194993376293151,-
