6.194013691838323,5.6903350776248764,2.0436050222860933,9.641722758265836,3.374598119172555,+
9.609646885430989,10.0,2.9266296439454496,10.0,1.6191672716099754,-
2.3108393630404054,8.74897289443772,5.591764757207117,7.683559581293826,2.094784218012685,-
3.2499188447146037,10.0,7.709248420251886,10.0,2.2789559833537907,+
7.427005138597099,7.787084641691041,9.611340733247953,1.317457180088567,5.636785620319956,-
10.0,10.0,8.22775566877228,1.150797262665447,8.510370908149046,+
3.7078530718412184,9.855093613593223,0.4450945176200216,4.751112597175256,7.996757477096626,-
0.24898912189466937,8.83856928530939,0.7742221542467269,0.657534619677593,7.9822352457038,+
6.362350714305246,6.607588556828102,1.8060841469087219,7.1801400080310405,3.2310806075792122,+
8.535668339707064,6.761396544912325,1.271690840512477,1.6624263563841668,2.1472164958682356,-
6.05814303936423,4.817417944289052,4.337120963942907,4.81770476451937,1.771199285560796,-
1.9197993064631385,3.001367651284266,1.0009055847518191,4.624350371882779,2.3346092388845467,+
1.1312399760376812,0.3083439772808094,1.524939283922816,1.5014842272962103,8.600579475359387,+
0.43282043557029665,0.37075049790917863,1.942114600600679,2.7721874352127425,10.0,-
1.7835345663476443,0.7638245409219668,1.2283282048445632,0.09428118101892258,4.127345468544715,+
0.4433661245661692,0.4912263106209097,0.5246252613977676,0.01623384454874073,1.3766662588224237,-
8.625636038563693,2.046113209784516,8.671215095168346,2.7630119866639067,4.0081123659357,+
7.919700974946378,0.41656445363892086,6.498283217830152,0.774499780901473,3.770536934779303,-
5.59875959550835,0.4418660437805022,8.11151287411493,4.116385118930689,9.22384142977142,+
4.947121741505821,0.8591832961197262,2.721687478987273,6.643896648750649,6.54675197721338,-
7.065083706592674,8.631812461059912,3.6628748982042403,7.473123640744018,5.884023607675243,-
9.183025327050405,10.0,5.583819372942005,8.24612415588304,7.739114126545384,+
8.388366364531958,5.467925133659244,3.481180437066096,1.9747964232017223,8.157165174489393,-
10.0,4.169383987706257,2.1144719057355106,0.5127564219326133,3.527618062025899,+
1.6532383202641043,0.6063134950654714,7.604537528734614,0.730264303352951,3.160553066559677,-
1.6549805404753763,0.26361389983216205,10.0,0.07280083685946685,6.031114237913796,+
2.7494903522183334,7.631089471284392,4.800217455149602,0.88451363615211,4.467874684455303,-
0.16314176095577418,0.9416423587784288,9.052153485707818,0.48772003644302225,3.4828435099824597,+
7.3379929575114975,5.855383740259454,8.556780549636532,7.101734053427507,6.479324950860796,+
3.918873322882794,3.534945007149158,7.676957263884588,5.452257201436575,4.030028854430988,-
1.7865681004762513,4.6377638599371265,4.940278851630903,4.546311117923043,0.8285946433927005,+
0.18417720105284327,2.371214672437541,0.3130354372257375,3.213535286952332,0.013069881405934848,-
7.266671590797288,8.075248173432472,0.5079340139175792,2.2589978015849823,4.025771891630492,-
9.775067908749719,10.0,0.5881236827658578,4.326026967914616,6.089478851735534,+
3.4942016516367316,3.5374084221575464,7.695607093747393,3.0094610319679873,4.703165800176289,-
1.4134678954215996,1.4173834943675163,3.712726490330621,5.318932370280461,4.576761574719315,+
6.543659983578484,6.927113291505859,6.2285346937235015,7.70503598727116,3.372224858588865,-
2.889149554037061,4.936523719505856,8.189076641365876,3.2321299120668567,0.5299729853824044,+
0.9861683920039888,7.791351207983918,9.28054601031297,2.963313849098258,7.901488847294873,+
1.3500095069012858,10.0,10.0,1.7983609062600554,9.292805575100042,-
7.2928315732224425,1.1072453841558505,3.370022650433274,4.128456990297341,1.2666059634008475,+
5.363101364401675,0.14596210912958058,0.7033844587509653,3.641403206389548,0.5814631979947918,-
6.266509641437555,0.1904322821974347,6.808200837575807,7.642678930382054,4.110518607019954,+
1.3345629037189766,0.11944089120036132,1.3686968412912415,3.8724698207113546,3.715575754167023,-
7.0205878522801415,6.842041649703766,2.5890184258842486,9.976124735816867,2.6638590387937597,-
10.0,10.0,4.89518688750152,10.0,2.784757060187737,+
2.3173610996638647,4.884314021821991,8.044339061397187,4.046847821941312,4.518738211136909,-
3.989023883408157,6.9526950967863295,10.0,6.162132153884354,7.801350444527936,+
0.7461004831608198,9.77321823660937,2.048863121594615,9.354373196827888,4.848336503452457,+
1.432786589228347,6.911943792594049,0.766453789772518,10.0,4.516504294038565,-
2.066876393300785,3.142013826215816,6.579133903900879,0.051898991269623274,0.24774213619426777,+
4.063792716093092,1.153306943029833,10.0,0.052356460710763934,0.4028167428105466,-
3.2039719946577194,2.127495885116474,6.440104359525661,7.404065188577569,7.013386668001779,+
4.963138485351414,3.934572368393515,2.565783124605364,10.0,10.0,-
6.71732249755795,2.452433154249156,7.091841473137698,7.444892859269128,2.8912896170135527,-
10.0,2.0354907791122843,2.9509809791225736,1.7933412710832322,1.8140325988589892,+
6.5359273038612,6.653249223073422,6.9603080485074065,2.8286575556673164,4.076922267583195,-
10.0,10.0,10.0,5.392717531189062,6.154859370431352,+
2.864247994646295,7.209944175748869,3.501662274567198,3.1274640024978453,5.719055537296361,+
2.3416651909549167,0.20138557739823496,4.022148317431003,0.11445445660957383,5.595030576889999,-
0.9528494400883503,4.707567793296099,4.828006632081237,2.173792616715957,6.254776076281777,-
0.33195887606071117,0.13367537204713004,0.8207846018236775,2.0202423031329246,10.0,+
6.21913404698048,4.418739073380929,1.5598195704652862,7.638974316808321,7.250325203806717,-
6.597511428199001,0.1761650968317006,2.222966533526538,10.0,6.4036802848493934,+
6.329434867307216,8.799480808603361,5.898045064192482,1.9733823213391377,6.488446206728375,-
2.1356974662291255,1.3340670919667565,6.223596625924587,3.3111990073782285,10.0,+
8.369492503306796,6.284523042584987,9.237319903124856,2.645638457950894,9.512131594962641,+
10.0,1.7922826333970872,10.0,1.4287122219638357,2.7642927641568384,-
8.571767218464913,1.8882766053841116,1.2031089847023835,9.023053598065653,8.990861109097153,-
10.0,2.8709164529549995,2.028255304341877,10.0,10.0,+
6.072220942412212,8.572830708056221,8.608114735986426,8.568000632823646,6.113448881285831,+
6.82897764328588,10.0,10.0,0.9584903019369952,7.8469386424356955,-
3.448198074716029,4.1764154511257745,0.16016364661559757,2.844478554005554,2.230194825163979,-
3.240106549685077,0.835151273186526,0.20860615328157867,5.441805077660314,2.30831218733995,+
1.5650129060464335,1.4611376474227178,6.470183102486143,6.689882020588815,7.551891238506262,+
2.1713778757507822,0.11468630924922757,4.942430205668192,8.170700039689722,0.06477090951440179,-
9.159108343206086,4.596960778064222,5.201625379759609,3.5361528844365795,3.0399703763585597,+
4.320805923970488,1.8239404167209863,3.8505622027857815,3.2584930860653247,1.0130214132661304,-
8.146108000286914,2.736409964964208,8.054912926983235,1.7744305004407324,8.390952042547326,-
1.730567027305786,3.0694368522712603,10.0,3.4266137657447837,6.643510241139971,+
7.604484601897741,9.072544426636473,0.2864431968881753,8.020614933716095,5.93898351813538,+
10.0,5.055442280133979,0.23330195774137918,6.756827595749615,8.502164670737153,-
7.672862263222831,6.265175467845062,0.24578225225650674,1.3171064860809645,3.127179599113028,+
9.441100844595242,6.520627964517067,0.4527416436704359,0.7795586510007986,3.3284902468945714,-
5.6853042253412225,5.818218802301099,5.251882415517871,8.08694081443038,7.129821110961308,+
5.548949623461692,3.727646313559575,4.105675024998194,1.3073012530048163,6.346756685158205,-
9.436276302238703,8.857706811392966,9.252085080050934,6.4073863824116515,1.8360579483860817,-
10.0,10.0,10.0,10.0,2.7503937787729997,+
3.427603172699735,5.832135080872512,7.892846271155356,3.1054010870691284,3.066653503044343,-
3.6855122356054513,5.504552387819283,3.70304772341658,1.9351810735090202,2.774557396062259,+
1.9056360202390366,2.9828191850563837,7.256310366402202,7.789598996545659,3.80543659476385,-
1.3266602148461886,4.659034411461987,10.0,2.310908693104753,4.6828295395451836,+
0.5051673898657594,7.001420370391727,1.9449634964752482,8.845012480979348,6.044323768528938,-
0.6746630676186113,6.9742237379985665,2.6783970897934726,10.0,0.33303536826061797,+
3.7514245634420473,9.178873910419554,2.4308009847015932,1.1970060455682097,6.871766250560503,+
3.667923119090113,8.459298693051444,2.2209139331970236,0.6705172693272299,6.104722170074882,-
7.0429191452246656,4.289347406119238,3.3746186724746585,3.4300305169559007,2.4169614331513345,-
5.791299111738213,8.478615699410954,5.942715819913261,1.6359403209543977,4.240234760157294,+
2.1105217954046673,0.7045183683669154,0.7395608575786239,7.3317195068600585,0.19808673293263523,+
0.8791414485497817,0.40546091050403527,0.6852912355868956,2.5995189240427488,0.19039431618301356,-
5.837577366334075,5.882587122084956,5.185607531881114,0.8246081235391978,2.288837288895458,-
10.0,10.0,8.765493221082494,0.9206496543827997,2.7987899737913446,+
0.7790950929675788,6.7634815426518085,8.955519582731547,6.817278067069632,4.218647988044898,+
1.0846337073385874,0.8601288858397629,10.0,6.869701091411152,8.35540417711119,-
4.587286723672999,2.3243386939819555,7.39117698439614,7.194387951635904,0.6122058982835532,+
2.2705407939129274,3.8165452046996937,10.0,9.7384892792542,0.7041769368401569,-
4.195533452908285,6.063317781558835,4.159844285864104,2.2254578177644,0.4743841917449698,-
4.037491736680355,1.5088129085406126,2.859052397101306,1.4893564761217954,0.8710013680522894,+
2.277138805054241,0.2724899407954773,2.2817015697786447,3.4159502742820957,1.646073611840304,-
0.0012198174680371817,0.07394517410183976,4.1371776749296405,2.517580556054375,1.0740909426928802,+
3.61000862412612,3.546116674066732,0.5752347900282517,2.214743974356744,6.594735139063853,+
7.121510334591693,5.574604333772783,0.9718849446207759,2.304394171377476,5.647195242686802,-
2.7377251398017077,1.3673360138169144,3.0180699614948403,2.977049243013792,0.6961486757667801,+
1.233407619466027,1.3272122368535113,3.400065024647292,5.826322987604036,0.17547981197555998,-
6.051570330748586,6.766241841617775,5.784365515796269,8.43465776737185,0.7509819242959481,+
1.0706610924974633,4.800793622199983,6.162506018027279,10.0,0.4769424665204772,-
6.30511064765831,8.633190563445197,6.125003424636413,4.963391741162061,7.595133416906464,+
6.34964399329611,10.0,6.510933580438978,6.275171138974817,10.0,-
9.582825677119924,0.6871160536906329,6.202467147029269,4.378112642414337,4.679296042146332,-
4.48449652391182,1.1209319592473452,3.103759377583255,3.872100838184578,1.4022724481094977,+
8.93280507376854,1.86055664277875,3.8243267139985937,4.705230904344516,6.681788507868708,+
0.32859141744927006,0.6666938552087879,0.16743948763932065,2.7877181460422946,0.17538572762072663,-
6.8276353188964025,8.604538705713654,7.487227729564347,6.23631598817758,8.68775948226292,+
9.971956527391402,7.799841472037798,0.6168428789204707,5.4084927584871485,8.939450032456264,-
1.2921798697885678,5.151405942456302,5.448938338086941,4.306283760048997,0.3124966026061571,-
0.7014005918004006,5.664747982172034,2.335092858675369,1.3610752167217337,0.013873513043899196,+
8.011353048268699,5.043839106886393,8.197676405928057,2.5703839197567158,6.885562281037912,+
1.0588604684442737,4.516630846974377,7.951968266194759,2.478250471309868,1.350474065232511,-
1.5787073372598348,3.759817760561277,2.2560207434881105,4.378563709594234,9.563127418485019,+
2.770400083740077,6.585981983963719,0.268102715188972,7.595871470495587,10.0,-
7.141990928222769,7.87528104322281,1.5764379468421241,8.605211495678951,7.154952386818643,-
9.108576476528023,10.0,3.0824221995510945,10.0,10.0,+
2.261245571680023,1.2110824792818875,3.874431922636247,0.6164411238270728,8.430349977373986,-
3.8759786583881337,1.4851239153882456,1.0057753667144722,0.7819839941776725,3.1184196946364002,+
4.605778207741677,2.5600115441071725,0.8899488083888452,7.83318019509327,5.0959223362897035,-
8.083942717101774,1.9054460022963056,1.1265085804088812,10.0,0.6542219418985764,+
9.380998286112902,9.062874436718399,7.005158268565848,5.458836462473439,7.725081431981639,-
10.0,10.0,0.8647356896056732,10.0,3.6917630620637025,+
2.5631346109723974,7.934282522486301,5.089573528605204,8.034403060793169,8.159538146571075,+
3.449568952871269,10.0,8.71938772460338,3.604388371810945,10.0,-
4.321019806860107,0.8897318040906754,8.593128165686661,4.251337876021614,8.481386236405923,+
4.162641533408113,0.0630731877816772,6.292525888143329,3.652685386552073,1.7715044368750985,-
3.7567692025903465,1.0537734099270157,5.901600434270656,8.64454399136631,6.481500128212627,+
1.6099346848716451,0.7022102336122505,3.1155431477339692,8.141663098879544,0.22487518730042488,-
8.478469641455801,6.0704109596514755,3.2183056975224633,7.70204993721258,2.1306800114858113,-
10.0,0.3044004451956213,0.5000797049784831,10.0,4.183919432457347,+
9.169461240845152,5.2479673732163725,5.1687270344785805,1.4068510340305074,5.544324852623167,-
10.0,4.90692119123169,1.429538785449879,0.8969255689035927,3.7250658714604543,+
3.6560463893736284,1.181012795758345,1.8561321637395078,4.444346809224409,3.2177976256252085,+
4.721963438837593,0.4986634045731553,1.4099306554899553,6.729247710453104,1.0864371329484115,-
0.014481379895499025,4.088144042742473,3.8114858546525108,1.1939325720340765,4.168888992254928,-
0.010960368973582917,0.3987798078948281,5.800344708923352,0.4711735904404634,3.633169603031426,+
5.267987746377452,2.4562881510308134,0.29562902901040133,5.8897754833214675,2.834539523482502,+
1.1071836568513707,1.189592252858768,0.21489436176702478,2.4990358882004826,2.146247000104091,-
6.509678633460698,0.3972345542226674,6.729338812677098,5.931957688703547,3.864789233060039,-
0.5120123484481133,0.4957893610553282,10.0,10.0,0.4967133343099651,+
7.3830592927943,7.065659618348032,4.735368911604399,7.008603765256539,5.129381961393084,-
2.353160601368537,3.91366754764715,6.863912778463337,0.26033876174560167,1.1133542927320863,+
2.6199704949741474,6.324926224779961,0.6105547182362281,2.129195655213488,8.160833836655371,-
3.5558957947811267,10.0,0.949277555553346,3.22769197015128,10.0,+
0.9938231516231533,6.573779535799666,7.279384570485149,5.554204214375266,5.82776856829951,+
0.7187100226322171,6.337746254360617,7.115856822616959,5.334130399522688,4.022112082928886,-
2.15109733397874,0.008882231319278233,8.081399572319544,3.222775103119242,3.7391833210654934,+
2.8571569550172904,0.017296063445756803,7.600896638352331,4.243228530539294,6.944831470024779,-
8.71594288225557,3.053162135396682,0.39284360510140726,3.0972884475722595,8.742029677174317,+
3.54050219159102,2.604081245219265,0.018958433862645292,0.3071361981166311,5.164666638374195,-
7.9441852971909945,7.302658466427744,1.0993397887538547,7.213710960446611,8.452864638058555,-
4.768653027544703,6.203363339644294,1.7623726834251587,5.879411278258704,7.1248335617081064,+
6.229400251407623,1.9115140701813615,9.049728902964423,0.04922917229435497,6.743272486668204,-
1.7224010675882109,3.3014747374398383,5.594676057216959,0.07130926076834954,9.934118637193624,+
6.242751787826979,1.847059710625667,3.7542573049014525,1.1377470973173487,0.7577889542419902,+
10.0,0.4129480448878251,6.217428827583109,1.9896377027525172,0.8535879684572056,-
4.800425304605023,8.022113361718093,0.6358809106635799,6.431044920405311,0.20057195225500757,+
9.227468920831688,10.0,0.4523861548432951,9.158394309313264,0.23945361337065596,-
1.8441693610797705,4.8460793483271445,1.5636264452215043,1.8933861271609775,9.986614405145062,+
3.0236117351835756,7.766183835005292,0.5351514138839234,2.3861112696245224,10.0,-
1.5002409635268787,5.666340411626561,8.503191673017454,8.873874263665884,4.674916028607691,-
0.3661291634062838,3.9348857606737364,10.0,2.5711850942132672,2.3522920238855547,+
4.041935286735128,5.009624952045163,4.909482823801525,2.2351397356238523,6.765510631737717,+
0.7705404738201492,5.766756629212676,1.6976700530484659,1.592470665530423,8.700932774127626,-
1.3960811782314608,6.117138803637246,3.0190575166359332,2.9953643670954113,4.450787211832802,-
2.198714553325287,1.7549752486387484,0.3781751972202424,0.0427305680668195,0.983119674547091,+
7.61608648959311,0.06614296310378132,6.479536711023814,1.4752452006937633,8.616951767039154,+
1.2250435122473886,0.06266152995910258,0.9142344067677624,1.4474162058132118,5.374729296795167,-
1.333907016698117,0.14645933610855755,5.759475130364856,2.5560864181633782,3.370228178219268,+
1.5226404873387993,0.13715249129847176,10.0,3.7115672750482904,4.458460220973738,-
4.582981444075974,3.628306118841519,0.32124739137924907,4.723407160744718,3.4028627842444727,-
3.8590834642323806,1.0849041457514632,0.3430861153974562,1.309457784393396,2.6852732385851388,+
0.6911590135177637,3.8803584889825506,6.759125268296068,7.843139733372628,3.0138582483782352,-
0.40962300912336536,4.811053782672267,7.653698311838592,10.0,0.1727927953443077,+
1.0274221622377,2.7269274855282033,3.265130386681423,4.4254283970962005,2.3337177283049404,+
0.4513000233146779,2.2613436353995806,1.6391228310933095,3.14243238132249,1.0222089348881216,-
6.661156231645587,5.708836187366657,8.225897675917201,2.672748853222152,5.169134841322784,+
10.0,2.8232260045957687,10.0,2.4853792017627057,1.7706701035046932,-
4.698770167250576,5.553155581422365,3.9938168073831113,1.9146835616669955,5.909507276761312,+
3.9758652722668826,3.120852126480754,6.137497515171422,1.845888406058718,9.117142093525379,-
2.783455251608115,2.191119085125451,0.5308804842209713,1.4435065420611548,8.590986326838474,-
0.1392720905863236,0.7999234456490419,0.2855924432920437,2.7705071927604177,7.499732925366464,+
8.619717959298004,3.3434210960321744,5.414807644936669,1.2219814784478633,6.343633540058805,+
3.4747625520379204,3.923798807429322,2.648837246302035,1.2895868128132708,1.2224883147553596,-
7.181239186489568,4.092081934896403,9.949220914757674,8.494762527588138,6.2130525614088095,+
10.0,1.1582377814688847,10.0,1.5101590946094146,1.3100818129693552,-
9.868801895413025,4.230994299345532,5.676240752395709,6.373655255736274,8.434710321767101,+
10.0,7.3672646879287935,0.6313616950156802,6.9478258675214715,10.0,-
0.8454033594885269,8.386303613816754,2.983579779649397,8.765190440910953,7.209865176556578,-
0.1783030446342665,1.629959204493514,5.7509685759420295,10.0,10.0,+
2.9762375572175834,3.6445872578391905,4.394933998185189,4.245849039015463,9.56451229416133,-
0.1639697133248548,6.447519909459657,8.153007253765052,2.1504669731586965,10.0,+
9.710305979172098,2.339749953918483,0.21487696607486395,8.997166585384628,8.453266736297516,-
10.0,4.054791260851647,0.31835417410335587,10.0,10.0,+
9.804332154074304,1.1607485436814258,0.5142704461999137,4.893337600662237,8.421778053670288,-
0.9882091362758679,0.26521972712852737,0.6885305016114536,8.226291666059051,10.0,+
3.577268952089291,4.182902619196144,7.2289653483885274,8.316565637872214,4.4844944148905945,-
3.2516542535895665,5.702100721961307,6.210730659987711,4.072163736300106,1.053932389443821,+
9.464466163822376,2.5776415673257915,0.45897985621527027,4.961661568268565,7.30524222706587,+
9.552883372614787,0.7127890257042965,0.8251829927252464,7.90730887523795,8.83010212410019,-
8.839306963434336,4.904973441538784,5.975936104758956,0.02093859085407379,1.5683831491003875,+
10.0,1.9230270062959078,10.0,0.03298078346701056,2.109771476852348,-
6.171016212224258,3.534586383114359,1.9419051324017012,1.2597361328851997,9.62434721699042,+
0.741388478690208,2.4199191317684225,1.4866044795572921,0.3689985126380274,4.895537717373389,-
6.742392990786912,7.134202501751307,0.41724413055922005,9.255287708510872,3.4499966554433104,-
6.4967388676928906,10.0,0.35903793774639486,10.0,4.416953754382533,+
4.704164335554552,0.4126265402204532,7.112800485221485,5.327970566203182,1.9607746158622585,-
6.1885666633358944,0.6055198019352755,10.0,10.0,3.201676452614143,+
3.590858773693194,4.815986591218793,0.32982465207249234,3.7935570590521674,2.005696145611644,+
0.6073269521299373,3.493261172777579,0.2907778940910885,7.1683881009822485,1.5376261877160522,-
1.1158816387991077,8.95686289089063,7.607609721527052,1.3375418315372345,3.493544321755646,+
2.0736194826862873,8.607206759458158,10.0,0.8597899663590222,1.527424313957739,-
5.263450372948181,3.5171403079340893,6.642949379541334,5.893870474486023,4.512767657148551,+
9.431605711977602,1.5126836988154213,10.0,3.4741267080949703,0.10164134893276291,-
5.886545531003337,6.72312204851596,3.458861096391921,6.284182382503616,5.047768373524487,+
10.0,4.038052575472259,5.8566355815640545,8.566147046310139,7.006930899298511,-
6.652503110721452,1.2140403024326296,5.547245956901557,9.315085789633304,5.59350341165602,+
10.0,1.9805911184251217,6.394436958232725,3.501289089911798,6.706657526076945,-
8.923144064361493,2.2179270049090216,7.127045243244384,0.7634799172170159,1.4358957566597752,+
5.014672578548126,0.7372824063361377,0.16725869538643423,0.35199153868817545,1.3969757059889838,-
2.569289313806724,2.4750134711751235,0.3054330556983731,7.873199001096307,0.8003344897942344,+
4.854504983687201,3.187422481632842,0.3807668713512375,10.0,1.362948185898697,-
9.71888026681205,3.4078994024433973,9.394990346024688,5.456887020384381,1.2898467977489048,-
10.0,3.47071535932997,10.0,8.905903536055051,1.7983584252129925,+
2.266198896443621,5.693609089158179,0.4659150674912349,2.4401073711168095,0.05198726619532246,-
3.5097328404900283,9.237790915706954,0.35610055539354024,1.4031884539029829,0.06850618445560407,+
6.460954732757665,3.6812021697638295,6.7609241816938095,0.45900653464435726,5.453627947402401,+
10.0,6.5336196548318775,8.970966795477484,0.2790817251977924,10.0,-
2.1336848365181327,3.669649669629762,9.112986974947475,6.08976381738454,1.911100891940558,-
3.1714731365448965,6.57036711240893,10.0,7.069601276698277,2.17825522501381,+
4.022861428388072,9.954443813909586,0.5664427416924422,8.669079524954624,4.9735614554390235,-
4.396876488613902,0.46890528028673134,1.0241743155862466,3.041566691948468,9.760759281563926,+
3.001062214137619,8.43496992054615,3.9521850424731486,9.804954949750334,7.069397092824678,+
1.9239508606393863,10.0,6.149896202181036,7.922888016876158,10.0,-
2.7866824288297543,7.864541127709489,5.764060024040196,2.112607444356179,8.367453366785755,+
1.9002770568484715,5.842790115988404,1.4605684385074431,1.4638703344568516,8.0781635332612,-
9.081577341081614,8.154767131017408,0.8466744745587163,5.059736180323172,9.326957267438594,-
9.578536201770994,8.207664181043729,1.2661478685991099,5.271126433981171,10.0,+
7.851742584887912,6.212866448050496,8.714077321822064,0.26994284176184546,8.795849887634184,+
10.0,3.844084192021752,6.974442652977364,0.0034278807892092872,10.0,-
0.5167995153539073,6.29738773505646,0.09711518862870028,9.071717628845196,0.9678002556363952,+
0.40821578567139843,2.5703685212965,0.08562188910901726,5.045943831898879,0.967579935497643,-
6.216687133330929,4.713628106828941,6.816027308971426,1.3605095074348517,9.009301826979684,-
10.0,4.776515795894328,9.069440371400265,2.660211562591961,10.0,+
6.5542658131643226,9.198031231128741,3.872051366180326,4.254763718090998,1.6216140849966443,-
10.0,9.4334530292366,1.4570116539213978,8.468406226185078,0.21169120330301083,+
5.004371324957785,6.612555258397833,6.050400624815326,7.979362330929868,6.717965329944631,+
8.576328291640213,1.2235139863758726,8.538113896935537,10.0,9.869307555778285,-
1.4066554229742445,6.915868166576953,1.0641164109315315,9.16190902477091,1.5448193134444266,+
1.2612944517581508,10.0,0.14827639750010757,10.0,0.38003654193262904,-
7.283474949409977,7.993113785130213,0.9447641227500658,5.855148543020579,0.99927332975288,+
1.0503196309463267,6.095670342167385,0.11864019859923108,0.7487455809763011,0.015622701988693165,-
7.2680759772688965,2.671921841571022,8.842086868609536,7.049427970937366,3.3946638625600367,-
10.0,0.10817823813460573,9.414092908036803,8.233977469265612,2.298959864060877,+
3.2605137414793695,7.95800829341868,6.259506598260716,6.267176599553904,5.472382147269636,+
4.320726911184873,10.0,7.189506394313432,0.584018285522438,2.864768693256527,-
2.7073603730461016,2.6628515530590358,1.1324783465379085,5.675690948435093,3.706953180658703,+
2.805169966078958,0.5108232359380431,0.1398456767090695,2.445531900668357,3.7477818570034485,-
2.3238054156110355,7.262668688642525,4.099765151961793,2.1961077707223664,8.718915967788357,+
3.5558268119105993,10.0,0.3690028798564007,3.3297201685115922,10.0,-
6.208803306996071,6.846056839508508,4.156659001433155,4.386308120941104,4.37833283275455,+
9.04096319836082,8.841221160602318,4.950399228328374,5.276191782878883,5.687337816442959,-
8.23880341132443,1.3695520367966219,9.567462603283483,4.352622317304623,5.529498188904789,-
10.0,2.63400838566903,10.0,0.7935052960980551,3.2355797020224997,+
1.7107203599614995,3.7567678549005135,1.6261289969558512,0.4243566494531614,0.1906777108440072,+
2.1063087613236844,1.3213965215266636,0.1808005344820267,0.6520109791163966,0.09918378596709902,-
2.3518292376725913,0.0955029914811778,1.247086882148869,7.7933150414020735,9.250954208239019,+
2.656989381860882,0.18027311391732248,1.1178255685702108,9.940858569973434,10.0,-
5.055020056359627,9.607400903754803,1.000502329151849,9.88160993622229,2.589089663205144,+
4.45984006211128,2.05731659953862,1.4003548447068128,1.0921690710136107,2.9481669416318517,-
7.508015675073003,6.635485389036894,5.651262235860809,1.3132820755726327,3.0046862195210955,+
1.7276378854454753,5.244516309550327,7.547034850457113,1.1408134610149867,3.0434776720657615,-
0.653574244272036,3.601787019360069,7.361401956958425,7.280964229146186,2.8767684937899363,-
0.9014263691032209,4.832087072112196,10.0,10.0,4.912329389048343,+
9.281475648665474,3.5350331598263107,9.91452709736482,9.150061436250926,7.168103751538411,+
0.19434751714057508,5.243251882870194,10.0,10.0,8.75670755718238,-
6.643192134489123,4.275333710441256,8.415548007655921,3.854848541575752,4.960436775848818,+
3.5195005116585283,4.46961505879885,8.278518983752413,6.198123513905046,2.800574217609408,-
5.646235955365469,1.85321856656948,0.9002306136649452,8.052521377538909,3.762434016441778,+
6.197384478276115,1.939493369820349,1.7735710032015686,6.509290075318335,6.534341549395352,-
1.5361727207953502,0.6575563272111451,6.782338374081136,9.661472895715782,8.082822994565927,-
1.2463658727064297,0.452670333741046,8.146128067277775,7.177508737650481,1.7097337300707358,+
2.717655804523024,3.591849086980221,6.494695532472653,2.909215538344273,0.37229393864061766,-
0.9639376921991716,4.03733332497305,0.9877571345626079,3.973103628141265,0.6028501598268181,+
0.8388984021521462,4.446576391816662,0.03484623288449451,3.597759766321812,9.749537989127509,+
0.15630550921824446,1.93847646742107,0.008074387616991346,5.112918332890685,10.0,-
0.030358059014051753,5.290286815738198,7.417052217138346,6.650717220099614,7.632741716885487,-
0.05415584042264787,8.937559826201905,10.0,6.011119909887306,3.5031619195129955,+
6.324912491312049,6.67126772170257,1.026630927730312,5.002778673293483,5.877942943437243,-
9.794595891653497,10.0,1.9803053784735127,5.748379128965429,6.8589831671165875,+
6.850358852087767,5.8322788305984075,5.040274015120264,2.553026536035412,5.205719746154624,-
10.0,4.795426353144639,4.260276284157442,2.815991769873394,9.342451508100678,+
7.384753598833983,6.282270552615691,9.17967860975043,0.15213261533501998,6.225373871614642,-
10.0,9.560489296728374,10.0,0.04778496550382665,2.179550677120609,+
5.960004430564469,4.8561654133763374,9.950371042130094,9.51388749751764,6.201904912107736,-
7.489771120666926,9.61649387285952,10.0,10.0,10.0,+
4.795913324612883,2.364766147109778,0.5554157087778389,8.614124474652309,7.94470064740675,+
8.655699924973709,4.0092030158899705,0.8593071303017412,2.2537886376857954,10.0,-
2.8286011104495667,2.256910714127068,0.9625301033202083,7.436062187950034,2.7329697054078004,-
5.471657731829464,3.6468064821452364,1.555114024492657,10.0,4.2283940510997216,+
4.374401038785585,7.315311365795906,9.695335682535712,7.755902135887939,5.991103572052102,-
5.7316073224783315,10.0,10.0,10.0,6.00407558457669,+
2.3029151195748323,6.862000877789805,9.403852735001111,8.306935151215226,3.088000862541611,-
1.4818767139424227,10.0,6.75969178740194,0.5897840106539946,2.4510546203197956,+
7.4237337077910865,3.107082628225605,3.2845488020285654,8.646404428930166,0.5706045578007102,+
6.922230577508062,1.8221426732455506,1.1854210148221187,8.402541170222456,0.2625840953017962,-
6.2122971692696,9.031043357598602,0.3059803016679008,3.7972452575514595,3.031222610859694,-
5.95223745428682,4.077059402742498,0.13447801152473063,0.6576545177172545,5.313045024797367,+
9.515093545003252,4.6249475696310105,2.750970001075028,7.5805614253151425,4.671062572540686,+
2.2915830758453675,3.448505720415855,3.6133153936290534,1.7687536491184497,7.314703848886914,-
6.291649840364811,5.224013291798382,7.569959742360607,1.0012926972283442,9.67757228609677,-
6.53420910641497,7.440592487783317,10.0,1.7561197777667854,10.0,+
9.814348004360301,4.197508015327834,9.731782061613934,1.127018872679889,2.1982941893184194,+
10.0,1.4742789641127363,10.0,1.68995754962211,2.7539131784197375,-
3.9302223900775655,7.4692675515292155,9.016834070927489,0.25402482647843394,5.768440439144877,+
3.256564175650691,5.003839892012751,2.622102569772663,0.03964225458187578,8.773353462913725,-
1.9843672970088044,4.277633560986894,8.558067131363277,8.467209740314141,2.846667536763251,-
3.177478279212577,8.4326445376071,10.0,10.0,5.425172102888773,+
2.9441865960152667,7.164737381084784,6.459738670057603,1.9499999052797734,7.854599750142955,-
0.5909756268391532,0.8690247628286719,0.9610922850795608,3.622296422475617,4.723083729534858,+
7.445725581589015,6.159828323405035,2.206329916941562,7.385362148200083,7.956540294076657,-
10.0,1.441493736962206,0.9932093686083378,3.8005191982506625,2.5443323222450087,+
5.5463931563687305,5.4912267839247795,4.184006407000834,6.042348586492524,2.992579263803031,-
9.565501998618519,6.8050643615126996,6.273880129603513,10.0,3.1612804928156386,+
9.014645694288518,6.662292447514586,6.894447495870453,7.256542380657792,9.398946316791895,+
2.555706733285359,10.0,9.698974138702757,3.439272272398414,3.8587740760557785,-
9.460751798406202,7.548946299717278,2.142495490184342,8.704777786803007,8.332272724609323,-
4.028946408481109,2.360942962964204,2.0904373219385644,10.0,6.922395914351582,+
3.513759678330084,5.995240871540112,7.209133258196551,3.8905885944123297,5.200123065966419,+
0.29564260811290777,10.0,10.0,1.1714547641152497,4.8133577180346085,-
7.600788716515167,3.6918496019507407,6.040208511613737,8.710988797492922,1.1891387463587533,-
5.323239422107739,2.8920237749923614,3.7484052257784506,6.058769260657364,1.2450895401183046,+
6.183903210987742,6.86106251875056,3.3725810666670686,7.52254501737911,3.7799727190546974,-
8.483909539644777,10.0,2.6969658862311205,10.0,3.2644697295201093,+
4.114550640210836,9.033370442057192,8.654923107191628,6.644952519911036,4.70333164732266,+
3.901165907249822,8.545458551161191,8.761649366529282,10.0,3.395870354090737,-
3.4012668260000565,5.789575889443782,6.673619004253305,0.9280748666386063,0.35945490365765664,-
4.928159183683581,8.982959214093796,10.0,1.8350425268806756,0.6847834147737247,+
2.7672940724043826,3.7345963425140316,2.352288132611138,4.558423029593921,2.031371635475118,-
4.107079367667321,4.036574689920192,0.20297091503715364,0.7766730681912917,3.947668908070731,+
4.824601588401451,0.21887649991447433,6.6576266698048014,6.895510622247311,6.04564960462568,+
2.3459830093568685,0.06543001567443864,0.304040536912892,6.631264817677546,4.215799544604888,-
3.4855813507976086,2.708909971461214,2.7320522305517136,3.919504440141419,2.1545050087982167,-
3.4360033793046716,1.3473209906879788,1.5703058374668823,6.581912299803341,1.0519102445605288,+
4.161507806047555,0.1841738222000977,5.048322422375867,5.624109018963309,5.7306170508620955,+
5.5920175647595105,0.25020142718815064,1.3278541821539762,2.0854430399756354,0.34123137881921134,-
2.0798753430366954,8.385522641981563,2.704955929236216,1.2149899539827558,3.8847942305221683,-
3.7693321273548825,5.310431929302668,4.9389980683009895,1.0212178682515956,6.6872807745340355,+
0.9989594088169818,4.839769109937738,9.604667667121921,6.1946182086073565,7.242667794948808,-
0.47555399265057546,4.592798046440807,10.0,2.899898441092677,7.2377460610698225,+
9.852396379335742,9.789074575359395,6.704688816965013,1.106640946045928,6.00103329565738,-
2.2199855502917645,7.94999810869654,0.3399951063117761,2.201127582791699,5.1002522334476055,+
5.865814819274292,7.065873966394797,0.007740865112108031,2.3930020202075575,8.149050339701784,-
2.749265374723444,1.6545187219149329,0.004792210256446996,3.8579385781613262,5.90590343497951,+
0.8716194207805017,6.997786552561754,2.224321730625065,8.528848905736627,0.3999283716801738,-
0.2588514477917624,9.830365526032057,0.8399636975117725,6.834058603260814,0.36856709133463056,+
9.17887087087029,9.807900633580848,0.44418599399783876,2.210209151653495,0.7440872438119517,+
6.03922673947968,7.6480330341893135,0.22790602219898876,0.3916299511432747,0.3951344870986266,-
6.697646553324227,3.221175356851511,4.440305238597816,3.156898969351296,3.7843383663403096,-
8.402894469123641,4.360580312364572,5.8685488697810975,5.867076727232474,6.985692652046295,+
7.546588379106966,8.282247327381087,2.436984898561935,7.276974566675763,6.548447980848607,-
10.0,10.0,4.808682853937671,10.0,7.58867884443044,+
5.083513910796387,1.818240698206225,8.223394730263129,3.45542736542082,6.056198609591171,+
7.718328015698937,3.5298922389995964,10.0,5.018337682755283,1.6742977158206374,-
5.295888823682001,7.101195055629706,8.22489050850795,9.698029743750158,2.6980552150594885,-
10.0,10.0,10.0,9.851184259694087,5.181853594534806,+
9.83615791607807,6.357116527431681,4.902486864484247,3.3307820217184414,8.70726517807076,+
10.0,10.0,7.155824156485223,5.033315182437284,7.428554108234345,-
0.7869794112363149,0.9248852861272749,2.9063211881111926,5.010006117118052,8.660562688050588,-
1.3197291721474784,1.7870532610606993,3.7625791415546526,5.386227080640314,10.0,+
5.639083291470848,9.258355840954627,9.219335391441588,8.968238547574535,9.630645067175218,+
2.694747171109433,5.949231270274019,5.346637792387957,5.754835144643755,9.472814335940708,-
3.820485751434788,7.769938581800632,1.5178069958049234,2.8958199718834754,2.469251768013798,-
5.446249107496032,10.0,2.977229043731531,5.085384316062803,3.943864769643056,+
2.7016037520339706,1.4721593569658187,3.6871764642773486,9.436135187545025,9.784600137093257,+
1.2288197045681952,0.329440410645546,3.378273442546419,2.9276590523995654,1.3510784307546533,-
8.213464712396233,2.5260064087767775,8.881561295592759,2.3799592639103984,0.35181329511944526,+
4.439903924819947,1.9071677686436368,6.817006660283536,1.0094178185053322,0.0019726022779808948,-
9.071297267305487,7.567789092618975,8.580454292659262,2.0843752289522453,0.1720192864184933,+
8.197415550094243,5.745180691567609,5.099607394432473,0.5554124272959406,0.14580469528330672,-
4.18563376938642,6.83459714290013,1.3641306727452562,7.198741553062844,4.986370200889083,+
0.10436430949094479,6.325606814454014,0.9705618052283912,7.117350932494651,3.7967805220341253,-
4.766422481943868,8.534991446331023,1.5408924307458505,5.577979049856992,0.9847727208917911,-
7.822773287795969,10.0,2.781104346641733,7.106810937154905,1.2066150745156108,+
6.411716156505665,7.292038207122008,7.422686867712217,4.514026612340548,7.759731549883314,-
10.0,8.198673729362568,10.0,0.554206709617098,3.0169197126814224,+
5.699606143765185,7.186482532917101,4.508823764253195,9.086987017742713,2.2409155029291306,-
3.1079754373188697,5.94691455070425,7.667532738258418,3.520903351573656,1.2818302667997958,+
9.348783426855935,2.384122436799049,6.405655710385871,1.563110329165377,3.6548334715274224,-
10.0,3.808312469003316,8.516304979688055,0.8913778189722411,2.9608316482945343,+
4.342492080942223,0.9872399805152077,4.2274205790627,9.950298443078097,7.092514261681943,-
3.502347656464825,0.762685752264504,3.1034090715729783,1.201255478422982,10.0,+
6.105113441836174,5.5294772737366,3.762782605438794,2.686452932648863,4.330610818428059,+
2.56586737539705,9.837788067276417,5.598722746084786,1.9894792442736753,1.3087698154233247,-
5.890534085687929,1.3907179266849024,0.4522358974768037,9.294075653875892,6.200055140438794,-
10.0,1.4672821833709564,0.14527071219577686,7.241696313425245,6.347457945851796,+
6.395875882396219,4.584639784084894,7.389618023517168,7.370118550471499,6.344716812285139,-
1.7616610305891593,0.1065891233425925,8.414559351174338,7.146359424268489,6.14075211401719,+
5.115353884149644,7.4017556043288915,4.4555714491288425,8.38802171132765,1.1533666448613367,+
1.5761360857667275,9.665860405078778,0.8729055081304424,3.223458096458847,1.1959145696603397,-
0.8617866308992206,9.54137280695808,5.853984559580427,1.2153022401483637,8.116050704128325,-
0.2051878141418474,2.0567591285340554,6.19879160542468,2.205670689046497,10.0,+
3.6768806738606044,2.889512162034892,7.516030656065448,1.1447020552551246,0.013723607140340155,+
2.7393086648441702,5.116052681587657,10.0,2.154093467106151,0.023511182149540122,-
2.584285241810668,2.9405123041665626,2.639451017082397,1.450830258369138,8.505769806429424,-
5.064522789154144,3.3854958514145608,4.702083558918631,0.9091604505407138,4.001151756990415,+
9.621534696492617,2.661569599078243,4.650722233683532,2.8221329775816884,6.318849265418511,-
10.0,1.0715722245306871,3.1437589618127055,2.0843519707318316,5.539109531622093,+
9.716973130419875,4.078907461291839,8.489437851415154,1.728704816876988,5.867320607666768,-
1.5208592573716684,0.26514052892853696,2.469175494141104,0.5898876708686506,10.0,+
2.8114516246973267,8.309831778540335,1.4306977447633262,3.8203120073733663,9.150736517050156,+
0.5932748139853461,7.821522977630518,1.0025089946641783,0.20417499535350125,3.5911985442566414,-
0.9436982748843248,5.250807628990652,1.2401579053517797,8.694262007072012,0.15593513611481424,-
0.5510037596704765,6.518692564153197,2.092051153443816,4.043058920610509,0.26936140543944215,+
5.730921176554712,6.257364183408811,7.214805707306909,6.397883985169896,4.040498091871588,+
6.1370840415780155,10.0,10.0,6.299689888677069,6.936087157156851,-
3.942194318321406,6.27214663495292,4.648121998999174,7.605750505310175,9.276564206212367,+
0.0418684407447223,3.032818915157988,1.627673109914285,9.727114761926966,10.0,-
8.505679350369435,9.221584158151808,9.037825479001793,3.776608972850476,2.364172099424379,-
10.0,10.0,10.0,3.8875327295626496,2.5861179020583194,+
6.02254897939164,3.2961516164563607,6.985720919459623,5.241311369902899,7.610131166945696,+
0.5520375164945127,3.7275972092361376,10.0,6.4385297537577815,8.219370909733971,-
5.360507685625279,9.443342536385156,1.6442165982842971,4.068959149758444,6.454052668824607,-
7.6643087003314765,10.0,1.9469248713430267,4.457626925753257,10.0,+
3.866453015678811,2.1508420563294295,0.4715523971915736,6.667031801828473,2.257214058128647,+
3.3767687731558733,0.37898288731072627,0.6763925164974354,3.457120887877567,4.30840331559003,-
5.452352825894834,3.2389712459013973,1.9247699463306545,7.084331279125012,2.6679808752545666,+
7.3064019225535874,5.522794711068032,2.597940409044834,10.0,3.7349150601663585,-
0.6122939619276058,6.902307024215468,4.704395686613441,6.63412721027766,4.198314719935582,+
0.8315867961187088,10.0,7.980384776273027,5.350519120812802,6.57059801793812,-
3.073132832697054,5.626638553592432,6.738000585434586,4.503115363790036,7.729982760282219,+
3.8136788419422656,7.639288937004702,3.9895594569381627,5.91143061849026,10.0,-
2.4438350291491426,8.677089195310243,1.007521205024331,0.6452329692423953,6.237465470092185,+
3.376991196338401,10.0,1.3054116276131482,1.1280773051745183,4.01094821366609,-
1.6253385237479578,1.6205436152914598,5.321228973298685,7.732939410132421,6.3416503110692855,+
0.01873010754116539,2.135136426880752,10.0,10.0,6.627913343297016,-
0.6992652850484249,6.1311724262332135,0.1319084413865379,2.1585505110410375,3.0043097117373616,-
0.4644412057785135,9.021989351043961,0.11401349599024636,2.329227967194992,3.8467451519901643,+
6.522699277651901,4.003937616601039,1.4037854331440192,2.4024262883560388,9.995196514654818,+
1.6773254171248642,3.1649080655462787,0.03528333932751495,1.164651370918027,4.30523323722647,-
3.8438631039633577,4.065929521172242,3.5891670703528664,4.997147714272337,1.6733473329006532,-
1.3076185659145734,5.4687253132339,3.8534541786269347,8.243490560092871,1.2165665368960825,+
0.24392672327876452,3.98740478681927,1.7238545701382457,2.5341065430312004,1.4736697673574872,+
0.2010915962776916,0.1325289428417092,0.44254170115192415,0.20152619624442467,0.7604257990128215,-
4.35120930443594,2.434858857442057,6.921148772899662,0.0926335391344657,0.3378606443355925,+
1.5450889517447404,3.576968097850218,6.908408355567155,0.16681060189117788,0.04286717715386097,-
3.7484464504677497,4.491752750642898,5.374727508264345,5.477118603948336,9.395283689450588,-
6.520225612405012,7.518785933328373,9.02095751625738,7.1005382161416,9.833579499390495,+
9.156085539201964,7.043529752590338,3.653448652956446,7.804015746197108,6.768760296109864,-
9.703596048144789,4.009288689628425,1.0875741637636773,7.102498500655359,4.530973158586854,+
7.378350665949004,2.3895236349862667,0.2819020207058498,3.0388411748026645,6.316125678693458,+
4.2895617752741675,1.459180808402773,0.27579828018929337,2.3696406116014477,4.8882439541619185,-
0.6686789937534077,8.275642945886846,7.476203589475445,4.298006811469019,0.10092833148445224,+
1.3343451527711259,2.9831374907992343,10.0,1.431697084689726,0.09775821358715107,-
8.947710008192258,5.37759745586266,3.6692998663482546,7.9796819309599885,4.408678300571408,-
10.0,0.4752254305568331,0.40968513123903166,6.3327776012958745,2.336902587612044,+
9.682912807419738,4.544736290440135,5.036293841887454,0.454737405456479,1.9244868632228784,-
10.0,1.3738588960554643,1.3574067839334403,0.1995672646483721,1.6694611092566976,+
4.807344841597735,7.6652914055769585,4.1111775681098015,0.7783643340095736,0.9342180519495002,+
9.174550862657627,2.021380383761495,4.3956933827447875,1.0155584398158102,0.9929474960512386,-
4.463678646133681,9.163727772845085,5.974927952362119,6.834809931874457,2.698575709325284,-
8.532768102553785,1.5751820268252428,6.630496666811732,10.0,1.4757667505869292,+
9.568379155928486,9.05543924422424,5.876799244526811,3.782667350339448,0.44459503393644684,-
10.0,10.0,6.088792520840495,5.447627151032295,0.628953940408189,+
5.669101088768321,8.986535253010986,9.93825181181273,4.904612914190199,2.9160675211695075,+
1.186260443785085,10.0,8.028921653739333,9.164493629691572,0.353637363838703,-
8.52368152981419,0.25203792161702654,3.1424661766243975,2.710270424497314,2.2013648427478194,-
10.0,0.41702553902204303,5.564990066215537,4.533054450982183,2.859613302943134,+
4.343950485465137,5.756935500025813,8.180371217604478,9.709369814640464,9.147149004312677,-
4.637519170962667,8.075718444578179,1.885765685656548,8.186225803158884,10.0,+
7.673162959926384,7.60527824744491,8.484423636415068,0.8436686205960853,9.880212456753384,-
9.359232274399089,2.382929142218586,0.6976842880038086,1.0467567624840979,10.0,+
2.5304659482682776,2.1347209058666383,9.080180044082894,7.444032943591737,4.387735136140715,+
0.23586126183995382,0.5220361365791788,5.241889890012469,10.0,4.729453264130195,-
7.070006697369583,3.3751832152741956,6.423643103897295,7.111888539320207,3.357979882424438,-
10.0,1.7945271000348153,1.5671371125266125,4.977584388616236,1.6053807876282198,+
7.577323345561955,0.4182944126732002,4.942169889770347,5.61715910270689,0.7973851116608865,+
10.0,0.5147844951468249,0.9381612261298099,6.719838262870909,1.359478463204806,-
2.9300434986818535,6.032908279661121,4.767737136606453,1.0056346124359594,6.071941225550892,+
3.160348216550689,10.0,1.7911633767380082,0.557641569332976,2.3414695904652745,-
2.781904481439504,0.9932593655236877,2.7854450226023864,8.580535590868895,6.849115989574001,+
0.7420852722982729,0.9919109550309972,2.666417550649578,2.524383966122127,4.437671021362516,-
1.4948631464027973,7.664246158645668,7.541441381480661,5.081364716556499,4.155246514895606,-
2.1210680474799988,10.0,9.050061673316403,6.52439075137149,4.431178883449536,+
8.528283831769546,4.787317847540267,0.9768506986700187,5.597893013348402,0.8346462706457192,-
10.0,5.1910687887685345,1.6721054215773672,6.173089781326094,0.8562404597714813,+
6.400436646468446,5.683794743220641,0.2029472210380301,7.568864569708296,3.419773542525215,+
6.373192813470797,5.205697601807019,0.030415820615894883,7.092628920897326,0.04713844182644817,-
7.385319855076023,3.5583251825153006,4.077284203224982,6.549771601509945,4.338950902550053,+
5.245149588317765,3.0812042708292475,3.9470572081112065,3.770940649292389,3.042480947347451,-
5.964068310706637,7.3882312086447275,7.484902120520534,6.445812682467289,3.204292843194497,+
2.6784565136238014,6.059089950570327,5.39881734193657,3.0145582033719243,0.21676869098662563,-
6.161468819687236,1.142376509811538,9.287773509036153,7.230661508143417,6.538315745765485,+
10.0,1.8016666991283816,10.0,3.160470911045445,6.644031698073172,-
3.528504387270427,3.775198116033648,3.766241100948097,8.727724220941159,7.467170887879799,+
3.364119675235154,3.7429755473435105,2.4781580631415645,0.6816005573511766,4.614835922367404,-
9.775227582574239,7.421591922556545,8.879820995317019,3.4095156963101045,1.7500009498379898,+
3.1220351486336626,4.6281968390258195,0.24134398150980546,3.716916918031872,1.3784631756493442,-
8.192319935240796,2.634805172214325,4.471419032229214,0.9384571757423255,6.292352707369579,-
10.0,4.53800848309152,4.6189091310459025,1.4901397592430836,6.919938699334596,+
6.151105773945789,8.991308745051734,2.4959650472304276,2.0236662819323117,7.772355477970208,+
8.03650997620816,10.0,2.6059773424861894,1.9283945269365508,8.968663644750727,-
1.4758056618824833,8.219477789831313,3.5437446718873966,0.47650087879871794,7.393247167760525,+
2.758493371590664,10.0,3.3140889086742393,0.5871445057773267,8.631353998635273,-
6.55968389280257,9.195085818268602,5.265659209852442,1.750844553801395,0.543029161731885,-
2.290595480347074,6.190307189413058,10.0,0.02571452529290466,0.20642988079428526,+
9.90675887153517,6.976389571245266,7.177278121921233,3.817970683803966,9.621738368583946,+
8.273596347520817,5.435193271783919,7.06361007607619,3.5607381236592124,7.354637067292093,-
8.0973662569043,9.164114467651887,9.430694707387584,8.032072240457657,1.9153444846671308,+
1.1510760974628866,0.39903839883727876,8.612910637666143,1.8091760102307621,0.8523636956873034,-
8.809641465025269,0.6435009768242206,9.389838725549417,0.869624163832351,4.584685322394121,-
10.0,0.7770447694636364,10.0,1.399002932830349,8.250907843085443,+
5.465627843375806,7.901504983891103,2.607538206418937,6.9746282199070695,9.88642307604624,+
0.20011616617118944,2.0265870348516932,3.8195460187800885,4.319081363227551,10.0,-
4.109143876989757,3.05743101993871,8.068306336217724,1.9267588023176185,8.748406075334277,-
5.617193437511176,3.9035110461462157,9.477209299011086,2.450846059839733,8.943603878488004,+
5.86082781364691,1.3527192187830273,1.4634455624861153,7.677152082814195,3.8874942941694455,+
9.918671000990434,0.12083177611900832,0.17193422942193656,8.010253300794334,2.1576435063719757,-
5.126196451432078,0.775358161774522,7.354261195763479,7.236688484960636,0.3101017358500602,+
3.330760548910865,0.2860802863695062,4.154938913927973,3.242299271404646,0.043067195512872296,-
1.0079176281463076,1.646000024424189,4.780673419088907,3.5333493780311542,4.1053782411493165,+
1.1982682454679512,0.4990697237858424,5.65672491792641,4.6347978294064545,7.739904046601765,-
9.678900433555556,9.07859811496007,4.440408656054634,2.855878530662114,6.557941042845651,+
9.280866613145319,7.535329932460567,6.868020655113343,0.8594477120472193,10.0,-
2.1159337460737957,3.08045870276679,3.1341677112937703,6.277081939140363,2.929794197816904,-
3.974660788715677,1.5300874387610532,0.9675695927319345,3.142945919136917,2.749134792681501,+
9.469360757355647,2.3622414277756274,6.329451012011211,0.16833435963132581,5.626983346050202,-
10.0,3.7988633279619486,10.0,0.2894223241694238,8.800444399709761,+
9.815275318150762,6.211428369972377,3.458195377209151,5.114557827819163,0.9065249837163258,+
10.0,3.7533761278214977,2.8580959463113476,1.614286033291353,1.6757970125411883,-
0.2826549364994013,3.055294015839334,1.935145997873522,4.811378567330083,5.209746945115718,-
0.05268078125996142,5.745255673597205,2.893839548048319,3.3382087756867853,7.8839748606542,+
5.634924369349882,6.781137444119044,2.4518982427318656,8.823877013897057,9.528319178149271,+
2.6682782937240446,3.489576473683906,3.9009294940172903,10.0,7.561367610430587,-
2.8877565099942357,6.815662904297282,9.758513298050737,7.676272947614983,2.098175674870707,-
1.8439940057012199,9.243164847925259,5.380784625063108,1.6150650847021502,0.3609107956389636,+
7.207769683550824,0.14077334527912266,2.987034920451145,4.046274723575154,1.3994848278532612,+
9.076440845568037,0.2656962099098514,4.4472088031560935,2.0984520049463042,1.0578343701219823,-
1.074103563438381,2.4670600088182315,3.2641243826637147,7.535672551198575,8.749147727394874,+
1.2791219999276053,2.472489802012788,5.408215193223312,3.182999136926789,10.0,-
9.496988160715969,6.311160370182787,1.8655449974379323,0.5177697347370913,8.980822226341148,+
10.0,6.0908640556836335,0.772517506699106,0.6406616648161597,10.0,-
8.068270474934305,6.508244661331287,8.921958424077538,4.122948469826982,4.6519945801638976,-
6.502227737937884,9.804240690734924,3.3907590108297763,1.8756788851161292,3.2523296922052873,+
8.656189841445475,4.078272909481996,4.044754275864662,9.333110942218328,6.2422572617604875,+
5.036691777808476,2.6809880495404514,2.9908287193759433,1.80964478283977,2.425117878816198,-
1.0764623986706923,4.553118076673547,1.5558225972311313,4.545367399265424,9.483176697079067,+
1.109902468150316,3.036951756045008,0.9463634297197024,0.39315987125971674,3.68981159312837,-
5.404017295796823,9.591144281864757,7.153270006402917,0.7863901274518037,7.703528389771275,+
2.5924021344588497,4.6475707145921294,1.2072027381386055,0.03960346597414407,3.122172259724248,-
8.7326639939624,9.188513939488566,1.9235548174188555,0.11222939496296491,4.444111481730611,+
10.0,10.0,2.46776001579854,0.1983502504487968,3.452977630261823,-
2.8334134772012454,9.656381385762925,0.06557092991825941,7.08737330186627,7.574036831008786,-
4.676864383374499,10.0,0.031086352987375204,4.590052067003126,7.857523193407672,+
3.4651293456777097,8.247164809429425,7.226458247406379,4.551317937248252,1.2277251195457428,+
3.642917886727764,1.2373929951147136,7.277062321060725,8.874892662346912,1.3111186738480978,-
8.612635712636967,5.84808156326842,3.6010271506146543,0.8126259810656755,4.167681477288026,-
10.0,7.744544429942928,5.062131228469108,1.1321463571763195,7.612721237404943,+
3.938679903167215,1.0115587829899908,3.910018059949123,8.018171141689459,0.6958631259148307,+
2.9961935705154623,0.08908546119658439,1.4650404018037755,5.044305046058084,0.5183467890839611,-
9.85176580869499,3.8535679362634587,0.7710488868910348,6.419999966076977,1.745990780533777,-
10.0,4.328950297384018,0.8309804135552455,6.527904612215164,3.3052051088284804,+
7.8375705380069185,7.6007842520411835,0.20141257564684767,1.9194810335468615,1.3858728282083765,-
5.154233316114032,10.0,0.046085204324505656,2.298557245005012,2.0915537129361543,+
8.904603431923515,8.443465997910524,2.1309923651604876,3.170518496683885,2.2043852015916743,+
6.966975695478846,8.070352457452389,3.218547820924878,5.908627501782799,1.9148956120427647,-
8.671205483026075,4.388513759188156,8.155806281421835,7.6365078053417985,9.644998639500743,+
10.0,2.864078377632517,7.9121945918577135,10.0,6.420631077790192,-
6.199405803046959,5.999748313045368,1.3062977936919673,8.555441563188207,1.8470454960718918,+
10.0,1.0851593765800818,0.8190011553996067,4.175596413272058,1.832575464726383,-
5.410306776729145,6.981484526066888,0.4311342045783173,3.712395813265589,3.6853949019982144,-
0.655706544646433,0.12029737754215589,0.232722394083803,2.0925210291008254,6.176342852618094,+
6.929977915144133,5.721446093027329,9.381155381201282,9.631135065668726,7.946699939033238,-
7.3543100053264565,10.0,10.0,10.0,10.0,+
7.944189725947192,4.680774865533718,2.503868962914405,5.264750431217342,6.056146868317999,+
2.6918569773543575,7.160465103056233,4.086014024653195,9.169550804911013,6.1201948413318386,-
9.454102195954835,5.286690751204535,0.8402602070150078,5.506306161339144,1.7770512698708885,+
9.628619504436589,3.065348411715871,0.43779132779432023,4.824308792130333,3.0590409918653827,-
0.49953034272579355,4.541572140827016,5.409584201773811,4.026494832149474,2.0604575058192953,+
0.5069958518058343,7.1008908846898535,5.34578927883277,7.288780143289605,3.3211540661454593,-
4.9346827345444115,2.6632625564700643,8.446431745689063,9.882319216334178,3.5040271457215253,-
9.313861710058193,3.6760778870524704,10.0,10.0,5.218666287960622,+
6.338670223980515,8.070072177138712,4.07334364459915,0.9130520970710987,2.464845237664269,-
0.3892606312649247,1.67857435522903,1.8134138591818456,1.2661511289480654,0.44845026351558115,+
9.195925928505194,7.465255227720641,8.95659927091611,0.34256371261151997,3.549098758658932,+
2.677217622679028,6.3341650055143335,3.2910222787559764,0.03223586317891478,0.5201017529825556,-
8.993309206283216,9.136336745088235,4.939394342630946,0.9840678029987915,0.40418234847800827,+
1.660627836669859,2.636074724040796,3.835312508338807,0.449820908344919,0.2620326034987944,-
1.137501978576303,0.8444542188814763,2.830058345449956,2.4103387087023522,8.869097877545931,+
0.9444900740869552,0.24614068089172306,4.843462877862569,1.9192553068475706,10.0,-
3.0179138379081607,7.412243236782477,3.421265937972499,4.480409163756169,1.2169725187664293,-
5.828211988545974,6.583025919269209,4.733854970534203,7.7301097687276314,0.42918631344600905,+
0.9153703739207897,6.462364316717871,5.634995731898005,9.566343095643857,0.6650205209832527,+
0.8076993576354469,7.567450336492541,5.629017071806831,7.360368275920699,0.920073583169628,-
4.968040233256781,3.0297886325835774,2.364548618470147,8.09083561946693,2.523950639797569,+
8.160981908860933,2.5926799483278677,1.5169310522926656,5.231956871964509,4.6724478493390995,-
4.141732935353966,1.4120111565048776,1.2364237000305034,9.590419100638151,5.758931648585609,-
6.204967152210177,1.6563227382104642,1.9624210032474945,1.6921979023147373,5.558937879917939,+
4.3132454245783265,9.282159758491344,5.157819938994694,1.9234216753367372,9.148833822856831,+
4.545869059339535,0.9524968172352581,7.863765992978826,2.7237377829201774,10.0,-
8.19754619773223,4.930405198404654,2.9501557924583266,3.265010526237131,5.038654958841919,+
5.715843792783294,2.1264227724830254,0.5198234439722009,0.7912399342547799,1.2277344126038905,-
5.865367442885222,0.47181717670030987,4.9395327675673055,5.675761488054883,9.404929345634486,+
3.774416386376681,0.15171758115418216,7.899960271333312,9.525755429859604,6.006978662835421,-
7.148570201280195,6.674469805996329,5.2523382341028135,7.266239846906143,1.8973845870676354,-
10.0,8.186316618844923,5.650976354240933,7.178556329279252,1.8723913491889401,+
7.8519694471106405,4.190874157670454,8.094871176963709,0.1829445207248659,4.406944152498876,+
10.0,6.837518822972235,9.520175543647973,0.30842305801444003,0.23793926719997097,-
3.531813516353295,4.802544856006827,9.51874178909341,8.90805306637349,4.968050708400344,+
1.0478278045543876,4.095829917758076,8.749216184071743,6.438310398751293,3.2467619429421943,-
1.9916215802663184,0.40563781548537237,4.0760312109375665,5.814628942130046,2.2978903732904055,-
0.3360111057671216,0.08954036011746583,2.0677010350169054,5.070584155185952,4.433400239900126,+
1.591916953975201,9.3011087469956,4.359502402996846,5.344900291141582,8.464627457290796,+
3.1227387065068406,10.0,7.658233850980618,1.014590969528079,10.0,-
6.060397394472075,8.167829915692215,4.817017662582693,4.88438831923796,2.8863300137290473,+
3.5655229128233055,10.0,4.141885152223203,6.811718428459491,2.447137341125997,-
2.5338626477307438,8.503907572732013,7.258248067422123,0.3107414614470527,9.338440763177697,-
2.780714144335541,10.0,10.0,0.5566715444111894,10.0,+
9.218410993654848,0.49310781237252077,0.8915733157955197,3.493814361687141,4.481372419711245,+
6.616219401185932,0.36797313681793636,0.33287642637207193,2.5862361290659,3.3437241318426487,-
3.6708604416166226,0.6148255043444195,2.3479003686991593,7.213035424075307,4.855110180075966,+
0.6024743827758393,0.640817313477204,2.652418675599951,2.84098945724685,1.7282052914458517,-
7.9098023178120584,4.679097494046259,8.81948515378501,0.5394747525072441,5.1882963118203556,+
1.7358144433312968,4.701134720005621,10.0,0.25876725938067846,1.9382383238967102,-
3.6320418285768974,0.985022342155627,4.491115970706226,3.6208736121431038,0.6235373672041655,+
0.9305537276920404,0.12962985297299073,0.5593036749642337,0.4613398145747588,0.2632306024199549,-
4.9276417273963276,1.0837788605051568,0.7488456902382956,6.435384053502694,5.81576142630276,+
1.174414338315749,0.6675881449717547,0.1009594315839016,4.887092374994388,0.2873675087946411,-
2.002151178244267,9.348021433064561,9.819211515454839,8.942019901964878,4.504057119258079,+
2.1373441387156364,5.91728535080061,10.0,9.511882380581898,5.654502237710768,-
9.156648074110382,2.736590836363446,7.041270088675975,0.8014214865080826,2.0913239244225013,-
8.066910091250792,2.5423307290914723,5.927083306256744,0.8549729751548912,1.7609927863047186,+
4.565299036793803,6.128489379002032,2.8534750917529186,4.1612105833230215,0.6228445336562027,+
7.192416809213337,10.0,4.4705200500220625,6.754367494594623,0.591536960649455,-
6.2549277112317885,2.6637068828014376,6.345906580701508,9.750978821994462,4.21800188584557,+
2.746884262504435,0.8201090198557311,3.1437702860822467,9.335567633707026,3.818445006893718,-
7.461138092257153,0.5126797563813945,0.5904030835688379,3.4877407013349124,6.804579623317808,+
9.369030291502817,0.8780873388206105,0.9878515690342148,1.5260478378741966,8.899136703728354,-
4.608604823541274,9.915128468074858,6.562465267625415,5.983825854537747,9.901055037263285,-
4.8194212569548975,10.0,8.403535528549765,8.878916051385515,10.0,+
7.217133061648465,7.379232688692218,0.48617383988751706,1.225421097871583,6.988489799175682,+
3.1270446741387903,8.58115272783811,0.23772550855229355,1.196572229035227,0.8804933648474705,-
7.174543767099224,3.635553861788723,2.8836264219740904,6.377320444605726,7.718738365524151,+
4.595659720104661,0.02540244976232253,0.7982275422574869,3.0477145865713546,4.814000896145395,-
9.343924762761485,4.35106652715593,8.491774942465568,8.63478182223964,5.346865439323823,-
10.0,0.9611195506609527,1.996149594956664,1.5579662587128307,3.403159113376876,+
1.833477431385172,7.520268259654852,6.843248202625647,9.351503485901224,5.6351124443107405,+
3.566767652434136,10.0,10.0,10.0,8.42074474705091,-
8.244153435811937,6.266984170172018,3.2572920518643365,3.2238178151643995,0.20360206158849814,-
1.4310156296252583,8.512187032206503,1.1284661915927814,1.2781684805112048,0.10148349818466626,+
3.486290584191601,6.185137632911465,4.23300459382837,5.538575390862439,5.70323945974888,-
4.6019405351491764,0.8613286877562922,4.027897902109945,9.392465995913396,8.129979660834781,+
2.0460962030456296,3.4807755055407616,1.919144622677399,8.746514395401196,5.697224904321457,-
2.7265677512844264,5.862257424085079,3.0563014907012027,10.0,9.39267280415203,+
7.4083886662894685,1.835061813940141,0.3523895076497696,3.0990062323292933,8.758718300026624,-
10.0,1.9871276570033907,0.45188613058331784,4.969609914781394,10.0,+
3.996405659047879,6.898872173024361,8.128098521617268,7.001990803701075,9.290170415231984,-
5.651610092124681,7.2954529136757555,10.0,10.0,10.0,+
7.94292744826722,3.353084142984052,7.856457675755474,8.57926185143932,5.461329399033602,+
1.098441450504873,6.28380204859423,10.0,4.637604821387656,3.3354299480217504,-
7.7307200150697994,2.340537598957174,6.954112802741998,6.826038348366845,8.565051363819041,+
1.5430881628564166,4.100502554052452,6.931883090520409,7.152269828147919,6.5369187171162,-
9.157845183280688,9.684872669016475,2.6276563928152585,7.476423121636991,9.37700757567322,-
10.0,10.0,3.2489180872389114,10.0,10.0,+
5.509351247019745,3.4500811069560253,1.748069747013965,1.1446436604546617,0.6831041109844949,-
5.604159571720073,1.2451277190214995,1.492471567484206,0.6655411600757156,0.5535682073739664,+
9.77673297487262,3.5455120195137892,6.909607329219961,3.12546235153596,2.063242814717218,-
10.0,2.5874162576720825,1.6171179673493752,5.1230334583558195,4.078224066188293,+
5.989488556826829,0.8826751826272683,2.9629661097194138,8.452293596577292,1.060838253448183,+
7.180627491138108,0.665844551811073,3.0594912962525402,0.2650726360119417,0.966820351426082,-
9.048926282283135,9.945267452190016,8.3458770995393,6.410815363918449,6.059500701888457,+
10.0,2.2110490219168364,10.0,3.326353727798237,9.799146704472543,-
7.242511380021778,4.319312824944765,4.756639138754062,0.468955300963092,4.9296585011730585,+
5.205701768697421,4.633650762828607,4.223020904947472,0.15305506992939935,7.465871677702953,-
9.495567060717335,3.1803883639941786,8.490394061001581,5.912426923399224,7.806225584148645,-
10.0,3.443809007151887,10.0,6.230990713099559,9.256850093362685,+
9.408325958305698,1.0439071229570618,7.108208279078322,3.4590632691752097,4.831112505195025,+
3.3521359630920546,0.886056348277396,4.726421708677385,1.0299276170370504,2.9524716029030404,-
1.9377486946737543,1.8924194691524199,7.449832301601717,0.45576364711796713,1.1829833432897119,+
3.1672203709876614,0.06867857821286921,0.007984355035329745,0.3294956958537837,1.7922824451927524,-
2.474833455663444,5.441707348049253,3.79474225881674,8.991433444361371,7.61745218060245,-
3.340344471886038,5.892088977629071,5.470153022098404,8.369304671064532,3.2055055341257392,+
9.105759107542719,5.429256154020427,0.007455003921748027,4.783382102175607,6.38609811462538,-
8.453321909172189,2.153869478698135,0.0013711756706351354,6.6223279423980514,4.742789251709333,+
6.9241599769171955,5.4680994012253965,8.290145701426905,3.7897346642051657,5.073273507814118,+
3.2289033138811396,5.057904468447779,4.611585229077736,3.122636526655067,4.307898190882111,-
5.808349859818359,3.0721582470928532,9.987811982005368,5.965378717453439,1.332891286220128,+
7.534840289896226,5.269306604152652,2.914113108609222,7.72134508369745,1.9224772883305064,-
7.926171242460663,7.91257309291947,4.182579139016736,4.071961497024567,5.1487950083559255,-
6.166093330806323,5.402164539945606,5.1585137135998655,2.63010025765326,0.810980050566868,+
5.999333507340927,0.21003458664582308,8.892690577233118,3.082351189005308,3.555112866587825,+
8.260153788399666,0.31872364363934147,10.0,1.5980608571638855,5.6938688182165516,-
6.2688477299792424,5.570758568532658,4.531846140747618,7.481373819375134,0.45439369753987546,+
3.665243767045915,0.39793827636420576,2.111294621018857,4.910672376433864,0.4095792079210972,-
5.587940311280729,0.05292282866504294,5.323829573800026,0.06377358612502992,0.6329054066624706,-
1.6633726519224985,0.01311354288068742,8.47631797543171,0.058908530198799006,0.39017011911532795,+
6.551996407433212,1.7663078275568955,1.2812728914250948,1.4255643722575129,6.801391038315484,+
10.0,2.177404822453213,2.035583223438612,0.01165345107215328,9.03468478815046,-
2.5951486774742394,4.56757760156286,0.9477689495392072,8.147953848838432,3.6742772960985413,-
1.180736180756431,9.000977541383062,0.0740927266286651,5.639477440244266,3.1848350208718625,+
9.850167923186135,3.7793480125247414,0.6398369436951412,3.8369843459089847,8.313004328613783,+
4.9238634187815435,3.335996281272087,0.3907662001241499,2.9661828162078803,10.0,-
1.2953067456149625,6.116583740331941,6.821412815439233,1.4015288429187889,3.9067357617623397,-
2.140089525276897,8.563880829550657,10.0,1.8318250624883226,5.6936059134436485,+
7.191094847212197,5.608259637393066,6.356682312666441,3.3930138036345205,7.659499008905161,-
5.267487612299198,5.291034398929352,7.735937291628439,1.1534964596989783,5.392831340383944,+
9.73118451196013,4.034499387538858,4.042143394416412,3.616817833910435,3.5611630446624454,+
10.0,1.5682610833764075,1.958438414318585,4.643668025734698,3.386602718067761,-
6.061978682391357,1.9572537124891842,9.224577633580388,4.5475203498684,3.609904919040768,-
8.167406549598894,2.6896445375671245,10.0,3.8310023671044915,1.5486432280851423,+
2.1902056809531354,1.8298853950164418,4.507286395595175,1.7270637819113943,1.592728941815621,-
4.164877842804941,2.191265841154424,6.719678346825724,1.8614940440540229,2.42569834794923,+
9.23179252599818,5.132996624872712,6.06059094217819,0.251986933048749,8.754867376081291,+
3.3606391484051463,5.732719528385444,6.523036918721663,0.317748681406952,10.0,-
6.788469782474338,7.227356599096945,0.3892325512983119,0.5646395112551017,0.3356133331514255,-
8.351166791572645,10.0,0.6808202824046258,0.4612876005945352,0.12298214814620775,+
1.4362899053747413,4.6991615163302844,8.287385846785769,7.163530368748577,4.027414686625544,+
1.5365827724898045,5.643495157364077,5.97494040556201,10.0,5.9067957891621505,-
3.7895062546757874,1.885578962961152,6.926739256394945,7.34658021078968,9.095090786916991,+
0.9706783784460311,3.075341614666124,0.16245481985247326,4.581459440519669,10.0,-
8.94676483060257,9.713455833255646,6.0558672326714404,2.4132771364619465,0.8387805029426576,-
9.943317573129827,10.0,1.7708530348277556,4.620125913946819,0.33375809302824583,+
3.4326910782302633,5.194886143129809,9.051164796314255,7.786999383106567,9.776008633322641,-
2.2031219824180877,7.384533721337685,10.0,10.0,1.0734719287656747,+
9.487395072637097,5.782264691350559,4.044664808767864,2.147525063808314,7.6145404019970595,+
5.617786679474428,10.0,3.4874695800733395,2.727431275908162,6.305059277304802,-
5.943120564609905,9.556201769771139,2.3408359992939975,9.167609312768688,3.939351678762667,+
6.598120775811059,10.0,1.0726843206612406,5.657395496935868,2.0898814126021756,-
5.781831274483984,6.7559331757835785,4.451724912654584,3.3729144033269884,4.81350108339225,-
0.6473390513668074,10.0,7.525503229095088,5.701179285261039,1.2902083247286833,+
1.417925507692056,8.870674532207461,1.6910545504489938,1.785100832536426,8.471572753789117,+
1.0626001615524119,7.059344787023556,1.141540899750115,0.0656935253528916,0.2104698880953062,-
1.4427349280068946,2.9963996886772124,7.640804735621422,4.437028025894981,4.928844149989477,-
0.9514243976422653,5.434871199579234,10.0,8.702549938403356,4.6329442170556865,+
0.1446342819008184,5.52426985983777,1.5738712023280366,0.06272400071704487,0.8396388453960191,+
0.049382798896565785,3.8031296115772566,0.994743146299451,0.012220773771599913,0.8140229715610184,-
2.799670410363383,8.537128174360515,1.6457758174264991,4.213651751601265,5.090147381844434,-
3.3739669151974567,10.0,1.8212423577285093,7.757611291885737,10.0,+
2.7781609617188465,7.617040765142221,4.692185006461552,9.903975709554288,5.371062254696168,+
5.29180154992866,3.8725832738710455,7.556364860363933,10.0,5.4957590490316965,-
6.026875378047006,3.2487129138222293,4.64068822937533,5.314685671518575,2.19361945122319,+
0.8661427955565975,0.37370758166108214,1.6035077814133802,3.779713349678963,0.12497773285046665,-
1.0418424182577324,4.3152144780005655,0.6447752076299773,0.06356413558643248,9.847397740434621,+
1.0929927057560729,7.81418301901321,0.7985947538407691,0.019050923996556335,10.0,-
1.4052422314392454,8.194327762253923,6.779305603602125,5.356857241747628,3.4174622252995333,+
0.8287563551982892,2.0804518284915368,5.585762224998381,1.6251981559953728,1.2029076455717946,-
1.7085204489457617,1.2585410174283673,1.7392066697050124,6.979279462744801,7.5069790400843335,+
0.7588853099353594,1.9134377417984612,2.743554955480188,10.0,9.214413997635134,-
1.8385837946953976,9.496691359566471,0.11297301147626615,7.004524324227619,9.888644081130074,-
1.6528863544497516,7.5153882431033,0.0944569735782926,3.6028660433103474,10.0,+
3.6390054767294853,7.4751726545841946,4.616666883984548,8.303447655073784,1.3935945846064324,+
4.191559305110462,2.2601360225056206,3.5716439734668413,10.0,0.8232221881169316,-
9.361206235535994,8.10690265734851,8.25065763951614,0.7952706063611448,7.491964277038176,+
0.9909393245514098,7.452602570947182,10.0,0.6169228197097071,10.0,-
3.9550756647970156,4.725973772355532,2.16174364676212,5.596513346769045,1.951420218421892,+
0.3315857785496712,0.13321386103160426,0.49541041277265807,3.243085200543299,1.4470628627340105,-
0.6278581399779815,9.140444233205168,7.397783233036353,4.832961507811295,5.93153793436339,-
0.2821676156495951,3.6437701043062574,10.0,0.18826368487224432,3.226614264856331,+
8.168973263749585,3.151132550634357,6.85829293955713,6.446700877138454,1.7250312387407352,+
9.84469097754724,1.5056697627026472,5.580318972599635,4.650585344409816,1.2538527661408603,-
2.1265104460699713,6.497815890894451,5.311436384326028,8.339697237981836,1.0502702000623332,+
1.9381165744372473,2.440329078042591,4.519477550027855,8.172854583774292,0.9456230760022045,-
3.4473685943318513,3.7251398394963275,1.8106321395536118,4.676651885023367,5.583273198645903,-
6.298331658204377,5.837513903947722,3.1190887936398433,9.271431196028601,7.504151003132784,+
8.397445124301349,9.58951637796689,3.3593923067508555,9.26692593888524,1.911764651313872,+
9.880123136846365,10.0,2.279384160436639,3.537954269543943,1.6047795767880602,-
9.03718417255428,4.4550455886490505,8.399719911031452,6.813383754034313,7.235005125175835,-
10.0,6.994632193772446,10.0,8.838702291487014,10.0,+
2.63983357675434,1.6362115583577475,2.694742202572674,2.0239805532040736,7.330756516497501,-
3.1853246197519334,0.1483340626725982,2.4797473308194427,0.8600645015477046,0.9344636465678704,+
2.6876340803424768,3.437733237100379,8.360112353088354,5.262766036568073,5.819395388101192,+
0.7501918186234191,3.0446545168261077,6.215360876169226,0.789648987122559,3.5126940159302618,-
6.639079484453136,8.204829225874619,7.551055603576935,4.3569812829064425,1.1681041467488062,+
7.280960034682744,9.835703233238474,8.094419139603179,4.900422710459294,2.124065703216392,-
1.2876200496090284,9.510572846696611,6.509489152205426,3.6624468217675608,5.459441627398993,+
0.24068517919042,10.0,3.07130881590472,6.882949846536303,1.7023570576108913,-
3.8157105824227133,2.156763233071204,5.4146293599496005,0.38292859868487406,8.655763081071079,-
6.606348637613207,3.181850967883867,9.127422505314943,0.5543513614094724,10.0,+
8.659366877080938,3.2284057846898353,1.1485596539199527,0.1694696786732819,0.1950033128700257,-
3.222367488747692,2.2727844101859183,1.7077609495300838,0.23239096763960526,0.26936128396640074,+
4.097656209008197,3.5238509183819158,7.323126967439081,2.1775185293711052,7.213517389299302,+
2.6535312174816514,4.458452830615121,9.30976651040162,4.231155850303664,10.0,-
0.41546420020857733,5.4522966312285295,4.642199002587237,6.747074284478906,2.574022228512111,-
0.4375215200605713,3.492727641121953,2.9419743213755813,3.9261738828823947,0.6912753707141697,+
2.373407871038923,7.495601497471299,6.69401049357469,2.512609220804988,4.719461086451178,+
0.796412988576554,4.312799027431136,5.168047379637325,1.098511551238733,4.135029898091925,-
0.21483886417095865,3.1894224175190455,0.4278824459182573,4.77418292574248,4.438928033781209,-
0.40026631453416855,3.1642687076133544,0.04500662956648241,0.9648993934472657,3.2297270458847334,+
3.576701058021008,3.000873649797582,8.969470198087135,1.969640239411854,9.84737907567413,+
5.029943900709368,0.41867753769492655,9.011918865356824,2.432713773063121,10.0,-
4.775369909588683,4.511485636815275,1.6757616484174287,3.3501727156199723,4.979344794847703,+
3.8631840762270753,7.8190279244186724,0.6755427002454288,5.095758657640412,3.1580488373308806,-
6.241868164055618,9.355287488351575,7.7901581308056596,2.5660505398702482,2.5434731511618547,+
10.0,4.211444244383336,6.430364692289691,2.9155305258986974,1.4572661782091099,-
2.583925445585631,7.723585043114351,3.621262338024872,8.563478848000011,1.686997116662533,+
4.129405470392952,4.823952408066283,1.4614300421417064,7.106218738521619,2.8146959716987308,-
6.024429786673982,2.5220821065711396,4.333336416426112,3.3039254351707212,5.416128213120274,-
10.0,4.394639024472188,1.3939486087050084,1.9960617275065056,6.8868912758769465,+
0.16672586263570488,6.306982611089763,4.922885613821641,3.5626942092366773,7.556495919270427,+
0.00521272479954138,7.792927824914674,9.117685632088895,2.1651283093879323,4.673841754225307,-
8.013699393660525,3.7210136317759845,4.076172468109532,9.900826397022158,6.388424455468131,-
10.0,3.7016901168447798,5.165634006585812,10.0,3.575433276061244,+
5.417494533218667,6.098239597696403,4.743808508859449,4.883672176084018,3.7675118602776383,+
2.6810631218844336,4.4846631063366065,4.245966892439529,0.9692951951737528,3.4110161806175148,-
5.781262569295768,1.3213175713415293,5.129987297580797,4.5312540431564905,0.6284375046237167,-
10.0,1.4427350134813797,10.0,7.5278353428054805,1.0228242166173298,+
3.4561710992256733,9.035744432374935,5.646503387259588,2.514930647390762,4.8310348329598,+
5.901882544350829,10.0,0.28445071648975223,4.098485582298351,5.870467617246903,-
3.0961790621500294,9.510337411858803,8.869016959246824,9.892203614035745,4.048214107318571,+
5.878619615399578,7.2345917958709505,10.0,3.1237851482459345,2.784261830813428,-
5.452080595992351,1.8758276045050393,1.1809125543366716,8.128925232722102,1.7499960633820555,-
9.952388146733885,2.4413548147578212,1.585522501358152,10.0,1.9830704059771858,+
9.452560671903608,7.789922438849471,7.086698506506128,2.764334235167679,7.616987206171921,+
10.0,10.0,2.819549435501935,5.255515877320567,10.0,-
7.174110424428942,0.7886285736843235,6.79776132329292,8.759136813164176,1.044067550118113,-
10.0,0.24574522311109706,10.0,9.379757302937128,0.17363437149132727,+
7.62935714258057,6.648817280993007,6.939189663921099,5.851057876560393,8.913931029145578,-
2.5614598188707975,1.6494913666004973,10.0,1.9166635636442941,1.0183230689440235,+
5.572614548308956,5.246949250245775,4.07119287225342,1.2961260475909142,2.495115606161474,+
3.51995218617444,4.7260883265595135,0.3454028716840042,0.5976670103998396,0.14731025553517058,-
1.6200536151685374,0.1416959214558322,2.2907439487226524,3.0210049828197647,2.157163769688114,+
0.9392136097673955,0.18808946020221065,4.025175330659554,2.7380292872906717,1.7040729935703427,-
8.889689898534119,9.65717166762516,7.79092389791286,4.641706262613945,0.09439241086131034,-
10.0,9.002862851571953,2.4609937134669444,0.3861067863333306,0.019401486957877766,+
9.838331913630766,8.722504386102992,8.650375682965834,2.0945780756775934,4.659945614968523,+
10.0,10.0,10.0,1.7313761657579096,8.0504343619063,-
6.303970060107042,0.049563434257500205,2.4626067491824832,2.146530102371634,7.686980427976465,+
7.875502460443066,0.06397442980324612,2.488017537998081,2.780607132724673,7.4096421666654235,-
5.802320264316244,2.44403565185771,3.107188379032859,2.839133773816138,8.032107344390125,-
2.8069196619943635,1.345940708050622,5.918928231131712,4.10523440631911,10.0,+
9.485997123848326,2.5686286475279463,5.058391852407366,2.9167683650852827,8.004583916889134,-
7.999694468303476,2.359699596029155,0.20571751978135405,1.0328538055269487,8.123254153686739,+
5.087736794759085,5.663279307668504,5.015967838873698,2.598091845549222,5.013041331126552,-
8.068501054596354,2.5506198852037514,0.6374910751803234,2.5859616230400952,2.3195691466684525,+
7.508166924944141,5.6889496705028435,1.4267591273644042,1.5178566224185142,5.0644807564576215,-
2.5597004733774065,7.7295407674132175,2.3222029637724613,2.5901017512134357,3.4544095537390467,+
6.732217378081041,5.277880466209074,3.1337612434250217,7.710694168227066,8.098037748458152,-
1.8135229765476624,5.954893205803769,0.27869501024196214,8.048606072504287,8.272940108330257,+
2.302733858993027,6.674849742810617,1.9437931940579167,3.3752923395238,9.137866974608377,+
0.7920042603164806,0.17487138939345184,1.3231135333274127,5.799254395264044,10.0,-
2.4109436917710725,8.184015618734698,9.70972668080103,2.4308737499087774,2.0099458285228353,+
3.938943734324674,10.0,3.526099161112938,0.25107407891532185,1.1981871978659964,-
7.862627434853456,2.888848718443442,7.12984639784192,7.423867775048395,6.167104796137255,+
5.31579995222956,4.253062355050527,9.474852581343049,10.0,10.0,-
7.764594336399629,8.519080196975892,2.0199009334292386,4.317597817745426,6.166777560841692,+
10.0,9.523600076628265,2.6973694263279078,5.7955317279734615,2.9272190838870844,-
8.094411709407257,0.5733892406353736,6.763196823134551,4.451108628252167,7.495918246693441,+
0.2783168496287063,0.44956946518485225,2.6948855564096834,3.238641601023887,5.697916448234348,-
0.8474392842892986,3.9151674138877404,7.765251222868772,3.9816104547202036,1.0988936784334535,+
1.1622711530698098,5.585524886109744,10.0,6.93993510648763,2.1692303898931065,-
5.891588985241555,1.71130376765659,2.769280263174788,9.404354367704457,2.025021918192025,-
10.0,1.2122442247244947,0.7553945917829835,9.13333020904469,0.636528040843722,+
3.2333237788398836,0.6978646502285857,7.424879685121084,8.538025112763203,1.7192124668962627,+
3.2467969393315146,0.6520253828048164,10.0,3.0529304085877125,0.4001084485293286,-
6.382100296451636,7.858090973993628,4.179641502620052,9.114181177144626,5.6440082809062,-
5.98771183764094,5.928149433042704,4.0499917007169755,10.0,3.3797943822682126,+
8.458770962841092,5.365421359663941,8.036620067634296,1.86421177626659,9.797830119678142,+
10.0,2.3743972577121286,0.4438950777635158,0.4546623980788598,10.0,-
6.516560782265089,5.3312910776343525,3.6264581801032767,9.198220688494795,1.106399573014828,-
3.025917282574483,8.334693582116888,0.8372293539239296,6.038536870749917,1.0676394357128949,+
3.522067778755933,4.169201398574739,8.82233141533608,6.947209770613243,1.963423257829715,-
2.5005815434483045,5.2633038876177,6.2865009331961215,5.798469209875816,1.1649889771052826,+
8.723068607378124,7.160070865102,6.149072603302265,5.327382196149689,3.4302646517739332,-
8.610614131456119,2.9477698762661406,6.392313255028495,3.314287194649606,0.8706843971651801,+
6.577912044836723,5.948838737755594,1.048726744623375,6.731640802344962,7.194247768369716,+
9.4948744270009,2.3129910822079838,1.55867282391757,3.185237124561512,8.721944619821057,-
1.3388500783302337,4.605694482987346,8.015795284095962,2.942881720941654,7.993030096370589,+
0.8366633584403785,7.402581305367848,10.0,4.217644842242127,9.080199259703042,-
7.779612236456726,8.08771624546038,1.6511264620177624,5.65020506243205,1.796866330274488,-
7.190547172457125,1.7637207180273289,1.0703026172891181,1.7565025606812572,3.578997941391097,+
2.7590142844823387,6.577850928228946,5.644230036889012,7.722508897904383,7.040420159003622,+
1.5605961308936256,6.165635655092352,1.4549832479476938,7.698460579656411,5.280443850926796,-
7.355641322122988,4.982119193795429,4.980038175715354,6.32856817865032,4.185815950384342,-
7.8592146576597575,7.257103155981924,9.360084051240825,10.0,7.401143282437132,+
4.2195391007960215,0.16916917909070683,4.995921112356385,7.30978587135289,6.440884909049361,+
2.9715445827799933,0.24326364320400354,2.5980351863859363,5.07782701618923,10.0,-
6.441402678667693,3.2387722171109843,0.2587280222552846,7.454161122509207,8.943542160404592,+
6.325531455071566,6.279922726779069,0.2448409298412984,4.254494522020575,10.0,-
2.1163114775059064,8.010836198988954,3.521187134607585,6.199549368010323,2.1820024659699833,-
2.151124290467823,10.0,6.8437795604691045,1.2667125542301716,1.1680221587655832,+
2.942709817538116,1.9886928529627312,6.134664395791441,9.296740447089192,6.546359343206051,-
2.084381293738148,3.3147801604013205,3.8135984566948453,7.331573902998738,4.303418645090514,+
2.040809992012136,5.511410700914415,7.71896415491414,8.996665275757094,2.7067092556292582,-
2.3180342594046603,5.773836287170338,10.0,10.0,4.907853110488981,+
4.28420350291487,0.4484861472918167,8.331797065241878,4.699902352593752,4.038114091251609,-
1.7294370140988253,0.5083392696635776,0.5086564454438671,7.139186556628184,5.988006501585674,+
5.3737457670685735,1.8000955324776124,3.9725676562157064,7.3823401797712656,1.3941192270734692,+
7.8196785804566,1.1312761317636622,2.881452980581526,10.0,0.516736395051818,-
0.4643807206573769,1.5868024840121842,9.993088829238504,3.0243110128091777,3.4091674087266854,-
0.828011682310246,3.104528108727608,10.0,5.618329022949543,3.951981002716976,+
5.574432177234341,9.967089399063166,5.4907104797035995,0.5300411148586592,1.2108946546228572,-
10.0,10.0,10.0,1.0062895903437625,1.7503079117984968,+
5.474571347146636,3.6418519058573438,6.5493142087154705,6.026723318997297,5.316171917495004,-
4.8730408135638585,6.9660611531562795,1.4317770185483423,6.0573838417111405,6.879401842993412,+
3.1370380598847225,7.421554741758042,7.746740645444614,5.083381440541648,7.601282041812844,+
2.2278047360099817,4.8209976435845325,4.314408895097714,3.6826044767394115,1.5058754843530082,-
7.16776963544949,6.067698329041998,3.724058834598456,3.38917118271885,7.412025306664035,-
9.696775171115494,8.676194983141377,6.604993574007855,4.384307419159161,10.0,+
2.027782079469783,7.081616096406798,9.58972425250338,6.253359146889757,3.9739269512274333,-
2.368259058219857,10.0,10.0,7.603805973017619,5.405569902044922,+
0.6056489828760725,3.378550294376883,6.375752740702955,8.045514652724092,5.099430981125657,+
0.5427321963684985,4.335339136084407,1.4784451957592857,5.854002762631597,3.7326877193869215,-
6.71582441215242,8.753120043610958,1.3055437312195828,2.665173841407733,3.1995493987838453,+
3.810737458927229,10.0,2.29657309005723,4.514606347175601,3.5529978190345344,-
0.7177018964425641,8.924367939420257,4.356477818915764,4.303557044431515,6.890475621411783,+
0.3376251743188759,2.326570990521106,2.774774899958596,2.457984011730659,5.286878278501285,-
8.677717303908763,2.603217519298189,8.6765561404413,7.281035374277959,4.038700138766909,+
4.170417524843498,3.507955311788039,6.620255901488133,7.144070413466911,6.750068663127201,-
2.889365470628702,1.0155211092024352,8.8632618843104,8.181745910469218,0.08026370287184448,-
3.6583467786717767,1.3167547879561532,10.0,9.273503932028857,0.09111337936964112,+
1.5648382777604886,1.9873494810001358,5.212163467699163,0.38907690798871686,9.789212945750265,-
1.5518239288706763,0.07642432304376469,4.13594690572727,0.6549828345324776,1.089869399378568,+
5.410210796903256,8.460641576698633,1.5295103609930472,4.437135666659926,6.296771276990986,+
3.730563566427089,0.6034406251779176,1.5047515366524933,4.978001702523673,8.40511905044146,-
1.386153581382118,1.630576150831169,3.0788768960842083,9.853350136090867,1.7403129987396782,-
0.7618205523138675,2.111045764304404,0.26302128030581057,5.296110343870636,0.8270398279975169,+
4.894042096318257,3.7839809194777185,2.3788546604986505,2.051607003731583,0.3341659059697255,+
4.217344823091898,3.740833567929281,1.631454926448474,0.20181225023617697,0.01931831047736253,-
7.822989539010252,5.986996263974781,8.946237590345408,9.736585464457264,9.404223302323974,-
8.564164877860287,9.92053379247946,10.0,9.827550784812779,10.0,+
2.8895626844686415,3.052755266878051,2.973133024567484,0.18736754469173889,5.061798894745918,-
5.5415116852950925,4.560702176028637,3.4751954014518467,0.29456206242350264,6.9286427958139845,+
4.724689035940433,0.22725458361122386,2.56053523064692,2.211279641891407,1.3944720978971759,-
8.7010538000571,0.3994639050897535,4.8699524373387835,3.8580180362877585,1.4335710316888768,+
2.0828268000026586,8.572734690256812,8.323144760429717,5.103935595204677,0.5553210067921799,-
2.581379156227443,10.0,10.0,7.141283071811205,0.9272423022366026,+
3.124429961246805,5.76056350517325,4.036883696458252,6.789518028946646,2.1794707564859284,+
6.040925405725144,5.047722281586069,0.21197765265870067,9.248510110903727,0.008200590619926805,-
3.2582423407606798,5.6980585707973,9.565302784599497,2.1180392093844382,2.098772619789677,+
5.809417339002584,6.6595917183882705,10.0,1.1428661342519915,2.3850111383107038,-
3.735597110823863,9.48762048010587,3.064739887323035,7.216384593019178,5.103156658042725,+
5.928734728669976,10.0,4.766296878345768,0.658170659899944,7.104442494825542,-
8.066965657802742,9.134047701459258,7.970517039294977,1.1455531593626156,8.273484202178427,+
0.34941987855630335,3.0010198687745713,3.584582723546492,0.7630656023533952,5.5124317617587595,-
1.3733024494388368,9.748649108923557,5.313202341807565,4.414080134879938,6.258052904183159,+
2.5675469244134943,10.0,7.104982505578385,7.373402344435172,4.134211912474426,-
6.100458673487484,5.173328739821579,4.975018122099174,5.808177242106767,4.086623458999555,-
0.9389908601970697,2.6310111339552447,8.683204404759755,1.9109940678757615,3.717117835823406,+
7.085297181651091,8.159959968000617,5.75273083579023,9.80307114178706,2.5767575457800937,+
10.0,7.6874471026567885,7.93427200799891,1.968204959305606,0.9762029329876306,-
6.592922627409693,9.324471906834452,4.755291588580598,5.100901115663384,1.965606495388369,-
9.615915365115987,10.0,8.311931360094322,9.814626667630762,3.8936938633834,+
8.501834058998515,7.217757654006903,2.0674987044154225,7.0004337328350505,7.355386535169588,+
9.837350609946636,10.0,2.5522157767507307,7.539056052505399,5.759757611207857,-
6.141757535688556,5.521367584736177,6.827135558158881,1.7146694585184385,0.014509386052646844,-
6.294182802877779,5.6178495475461485,10.0,2.1171926322093193,0.019665060276076087,+
9.706468400936675,4.762780722297583,1.9801036672120054,9.841379666562009,0.6544997521203377,+
8.959292866330735,1.7529558490982287,1.8947448651438137,7.767482130373641,0.23861974873177708,-
1.4383222281777808,5.334951423265223,2.5042094013099625,6.256842907510325,3.7351883891899176,+
1.2616636768659202,4.58421342020046,0.5722842191127805,2.5238101550590386,1.5733653109986576,-
2.768966424080771,3.6770920669622678,7.929611643952851,6.424381562342829,3.682019891812105,-
3.435085099520313,5.438915170661137,10.0,8.54899241078248,6.101580035057789,+
5.931235779599074,3.512953689455812,3.5698525512520005,7.554855429813378,7.636937377962061,+
6.911594549646714,0.8478723510933025,3.8082787621908003,9.764457547458482,10.0,-
1.0396257258087804,8.828424446545265,8.195779313664342,9.05572444857632,7.520188011011491,+
0.5445699562807268,10.0,3.794225225364684,5.590153784453571,8.807131651196446,-
7.720516997478256,8.546051317934303,9.767005842916475,9.470374458493879,0.5653466126317552,-
4.073298007348318,7.252933903946451,10.0,0.8845784834895973,0.29834201968913626,+
5.734032001736588,0.5971609097043074,3.505683165214469,6.505817674593606,1.0799515492139944,+
1.4556446207039466,0.12408712742826665,1.1331187465414072,1.5059139214774426,0.6091505652208257,-
6.047717501317615,8.41378411138637,7.3043786194985225,9.558346884704857,1.2266597724915196,-
10.0,10.0,2.157272969695303,10.0,0.15005787419725297,+
2.230222558895807,4.637452270185135,4.688439757108439,0.7315104031535036,5.646597484736544,+
1.313606636678508,2.645331644445707,1.2629227084212726,0.5846026169862915,0.9527263698654522,-
5.109951646200925,2.009063050306392,0.3960075695631171,0.6022247756316279,3.1620387976720576,-
8.970694377132412,1.801022719767281,0.5097981552753255,0.0693206879794874,3.391100202587267,+
7.63870234667479,5.155138269650746,5.350758785811599,4.33821385712341,5.16236297942191,-
9.37377911991935,7.53337862227402,6.620476693856839,8.486685402598955,8.786961664342607,+
9.033485299127568,8.540286974871385,8.955035885766353,7.199233585594459,3.3484756227557577,-
10.0,10.0,10.0,10.0,5.991157344549417,+
3.1280989154618877,4.855235136485713,8.961841908974051,2.600488241494552,6.085967492634889,+
2.0851607473921434,4.824645142721016,10.0,4.725269808343597,0.17880607561306242,-
7.767640832153816,9.51145693891769,3.0013861755149773,9.217974307343601,5.293935161485498,-
8.127595530048797,0.2651264816315433,3.2891763807422025,10.0,2.579657375254803,+
7.528681096124336,0.8799640443885759,1.7545266209995791,5.665475051969513,8.741044173129737,+
6.129947389976339,0.42115195662385124,1.5580854162569875,2.4880411034012435,1.022548904903195,-
0.909470447305849,3.316932946553025,2.6733840901769312,9.940306996003876,8.105052976868949,-
1.1395829223972245,5.068393229525866,3.379665023614495,10.0,10.0,+
3.81950497717916,4.137183834893373,2.4006291461008464,3.729854627985164,1.0607733586869694,+
1.044592293950832,7.996426974760923,3.898085787678372,5.488480958380186,1.3683473915371216,-
8.378617194705779,7.599301688927449,5.237490325414171,7.630580711728948,1.3490121366838814,-
6.000076229201364,9.715826640243165,4.886833994519132,4.365676483333498,0.4398137618754179,+
1.9930350506018657,2.9534434992905414,3.131558821243392,3.086290649258332,4.88342338603042,+
0.6138062326677638,0.68714186111349,1.787018941243516,1.777421205258422,1.2692793670231457,-
