5.242270087944872,3.887635503179887,2.402163211955759,0.14619587301281545,7.27306457636658,+
7.40716446520678,0.8107802900269843,2.9883278630105594,0.2906460479987579,9.120266967385831,-
4.574111193176291,1.4554811704665715,2.80870643509858,9.495701470708415,7.129101345606715,+
5.299783899556918,2.275240301304764,1.5150632653706588,0.18965598169045259,3.1610800316486314,-
8.69103140387864,5.7934002781292016,9.119745107607404,9.617723758364274,1.9161569405162293,-
9.928981130886962,6.68775769356744,10.0,10.0,1.9239081848977988,+
7.826172634577827,8.179634540787537,6.938120305510335,1.9154176712188153,2.841260231094135,+
3.1514365214635,0.770110394189757,3.376215249055789,0.4529721792290905,0.33699136467116103,-
1.7701943659635822,6.117119560472405,3.383582450237305,9.773232497572238,8.031032882055808,-
0.33320624417927175,10.0,6.661667621908874,10.0,4.737065807050912,+
9.627149649529203,1.5688608348249322,7.232728755771366,6.850595117743385,5.126937631095138,-
8.580467164792628,2.9479493542110715,8.542315256504311,10.0,0.76907948006348,+
3.397542032082491,6.466718813671698,5.298758566193891,8.802785441702024,7.7299318628381535,-
1.4445653923382196,0.287644857768313,4.72741625650826,10.0,1.2201242293841736,+
9.167266120046527,8.749310270740065,3.2701950097018884,7.8649620746917845,6.813423295200938,+
10.0,4.305510794679584,3.4499573118488502,9.589252070542793,5.627118892004852,-
7.13705003506521,3.6424158932077644,3.8923383703862524,8.291680915274322,4.412728532928787,+
4.652709909734625,3.2622568841600375,2.6515912322992095,6.065321162011848,2.245142710653946,-
4.141517661433362,9.651942536542009,0.12997765521149618,8.253248266630534,8.825870034399678,-
5.106799770374055,10.0,0.23035864384172197,2.1036131161900786,1.2423928358030303,+
3.2901161517517785,0.32335283538140747,2.849274662352872,2.8145775690923602,5.9256454300969095,+
4.761541072211603,0.21482986647529476,4.522088590981896,4.021915047325393,10.0,-
3.211685867853482,7.666363471145104,6.553339460316089,2.908554595509949,7.999198220658633,-
5.4810034678548805,10.0,10.0,4.189212321634792,10.0,+
6.686008982780743,5.206935846075893,6.081948882509376,6.223270790712601,7.511561639214037,+
10.0,7.75091362353244,9.909031030664204,10.0,6.860881475365698,-
1.7616819242023785,9.01123268377893,1.0567751333057873,1.1054281249561182,2.0258821700747065,-
2.1723643124371375,1.7839901419124748,1.1782011601254267,1.925586913141067,1.452954609781659,+
9.542503280228537,0.05307280580844842,9.652498690136246,6.067450668524572,6.039638030042511,+
10.0,0.02846236978046649,10.0,8.440667602753955,10.0,-
8.425819020782473,1.7402094347732167,6.7131963896713165,2.1130586600794246,7.325009648762596,+
1.7984045854813162,0.05756934494682563,3.5285728364064934,1.537749909181297,1.2587457240653563,-
4.563883222972047,0.5015377960896172,8.821019271417512,5.134132858769352,5.000303882692954,+
6.575128074271994,0.7949084712048197,1.6623596149363506,1.6786185258692279,0.037878244005163854,-
6.272626954483069,2.454801880182168,8.237556649935659,5.964626855233284,0.7129315861740726,-
10.0,1.603913586043164,6.679300713821863,1.4802272218638466,0.12635658008872086,+
5.882721527089049,7.4969693889236755,2.6155082388754227,2.609680402281229,7.092856349755055,-
6.289062894354196,6.632787515247263,4.908135453748629,4.448148357690726,1.7101717351543593,+
8.032342781742344,1.8780632113227291,2.5218739252635913,2.83774831226695,7.383812974796765,-
8.012141432984368,1.840237741620392,1.0891340042577111,5.651636903226056,1.1220751396197555,+
5.894165263356472,7.040531707166737,1.183792206050731,6.931994956130523,8.248151039151677,-
8.543526685082073,8.150497538299728,1.695736714344174,9.575104555798466,9.027991503134741,+
2.022998361145567,2.5495194736190263,7.487154974286838,4.545658699403679,9.46738945797594,-
0.34968838005647657,4.519044737269163,10.0,5.810511096383976,1.814495497641121,+
5.231515939002275,1.7848388142882665,7.475166813467005,0.6372046538079801,9.169935162578868,+
6.556654781373463,0.563335362414842,8.469288308362405,0.4039764862282645,7.307227158203489,-
5.103931860638468,5.6525601344318215,2.294892916355674,4.639045205612802,9.934810439100056,-
1.0064126175584742,3.289896246086474,2.831446604416039,7.846749675785135,10.0,+
8.270533378990734,4.786855120078171,8.54151732897803,4.5089410532789,3.0571593271375654,+
8.22992359394255,3.970161917812611,6.332241673847645,3.2663002372138656,2.4938386243220134,-
6.34739716623492,6.974645007353766,3.9282235925126563,7.944052172043955,8.98431792717173,-
4.257710919081219,3.3510822653672303,2.1642632194428804,10.0,1.855656747072204,+
1.7042309528325672,9.192519748263038,4.670416990239216,0.6729121098531576,0.9396767797831851,-
3.102472434032676,10.0,6.7738981206597515,1.2746340178583804,1.333877176757512,+
9.633984799508342,1.555118793372483,9.185645482466656,9.800871681164573,8.304679959675296,+
9.13505233242314,1.2105097482448262,9.109362948689368,8.950438006355466,1.5251973953556959,-
6.265900872278566,6.505981254521211,0.5062549447561038,5.725754891948122,8.33522644742818,-
9.290877090534686,8.12715683798299,0.8820415338316876,6.017602506163665,10.0,+
5.681527332338614,3.5673666402462034,9.889030737449175,8.514160194464408,7.833552207187418,+
0.032593377275360706,2.7248166837341112,3.002227190642336,1.0485716982792381,2.9485578966154615,-
0.8945556407803257,4.765401871762146,3.47067719598385,5.691953484788482,3.665873285566011,-
1.3597649398983274,3.8934004364879,0.6028755060580702,2.568093900965867,2.913184427193402,+
4.353678810918682,4.679136776582784,7.922105418811361,6.336705369520118,1.1442837975543618,+
1.4903001351226692,8.093456459612637,6.600334536580147,0.25430351837258813,1.2944533502041276,-
5.474626893935354,7.4776951696083716,2.166681704653508,8.915190951260419,0.022622126476715687,-
10.0,1.7411894957763105,0.02975489348318518,10.0,0.029013127496986243,+
4.9992678556667975,7.37307370479942,2.8586445258712656,8.317444780811636,9.44999505706427,-
7.724299110397585,3.1218330923471416,5.450243440180218,7.391665016600669,10.0,+
1.861713494469971,4.366195251748333,1.27324080109109,9.259411930774407,9.139133053871376,-
0.5855746379175041,6.53994453416873,0.654005672948431,10.0,10.0,+
3.780915616863222,9.1504559603716,6.300159572764418,4.473129785319658,4.480786328556691,+
1.5529961186308583,7.043954277224643,2.597633850444716,2.8229886463607605,0.28938197211933586,-
0.4429903334772045,2.8824594412854356,6.207701076289453,4.603429947465923,2.065348796600366,+
0.5588400524963331,4.258903828742927,7.294171732529098,4.819960344468167,0.3133449443623582,-
8.936062783066696,6.790293482710002,0.0901094130701896,8.632121299637653,4.418332403013459,+
1.659462395447903,4.14799716724262,0.026749609832246536,4.948820838007511,4.385750934223025,-
1.8426776866033834,7.162334980603363,6.881056809984052,8.747965671759513,5.412778526103796,+
0.23239410972221777,3.0595636456701802,0.3372617348627926,0.13625984009667522,3.111809601743534,-
4.061122626345192,0.33164256064301956,1.4172606439981683,2.307659426018478,7.3213798389891025,+
0.6995924514427888,0.6024517385761523,0.17240876924450352,0.37519720522143596,9.3870062340824,-
9.73078174735827,9.823478776987086,5.03083174819173,3.314411305515933,1.0914439837661738,-
9.161400437933002,9.948069143909478,3.9299411280884073,3.829895335140584,1.2069158762459753,+
6.906228193190019,2.0374402241247025,4.88109873232779,0.6615032894076089,4.842582754971643,+
9.460251607924764,3.010201982660956,6.573292538116686,1.298376689613598,0.22226510642354297,-
2.720544323614369,0.9195514774845781,9.17209496520026,0.9701660568490533,8.217298640603834,-
4.649173025255218,1.4969601022201884,10.0,1.851341510100933,8.97945351276951,+
7.537977065983443,5.096493891057633,0.3514518393446553,5.886082852189929,7.66964737513236,+
7.059226718532392,2.559555604884494,0.6211563032316262,5.883510846192242,10.0,-
3.58115197845604,4.675284475336495,4.360931625897139,0.33680069266978085,2.4987462173356176,-
6.461889348212655,1.1583320866501725,1.0863941809283066,0.07381370310269546,0.41535054474474614,+
0.562460796664026,8.08675815205224,1.4884184316713678,4.528472664184358,8.236379925342591,+
0.0027986173379297642,3.378998665846084,0.1918863226511089,1.3207340696151222,5.2771713274834084,-
4.589929313576473,7.985186794093351,1.4689462732616765,7.753305601307348,3.069829167269482,+
7.404293861653589,6.8281440165621206,1.9578462494360644,10.0,5.269692846802418,-
2.405948403554662,0.8044442588909406,6.987377353631265,7.097504097769693,4.730487296110964,+
0.6886262840328451,0.2879628264251136,6.046914365225271,6.343827103985042,0.6779362263817235,-
5.82170367426111,7.101742470650847,6.885272389148786,3.7414720549557923,7.596859593990164,+
5.006510734286518,10.0,6.582207135806,6.828658732390953,1.6279588048265707,-
6.957345132864329,7.737363410067877,0.6219555805322485,5.3664609799958,4.765152224764014,+
7.644977463050793,10.0,1.0687994160139664,3.427547176701554,5.800748674151173,-
2.342633906333024,5.795131448280227,0.45621711341930826,1.5076585633100648,6.202654770975715,+
0.22140815288102544,1.0290915925075474,0.31373014925359977,0.08908288431926781,3.3687729646139184,-
7.212901927973667,7.135695811190033,3.19832686498124,1.9150885320464606,5.846432812697654,+
7.64689455712477,1.2850632271277413,4.3305114435319645,0.8129884995300102,2.966544464877231,-
5.000323919659182,4.582627420980976,6.532361328237382,2.9223245361254313,2.647335093118981,-
4.217408377000538,5.298276572404102,3.970764504608251,4.674583859343954,4.748786936064089,+
9.56625849404,4.566754457566937,3.9369136491785586,8.750039173567666,2.7514394617978355,-
8.857084867652008,2.3250067625514617,6.623076328814611,8.26063840226263,1.2680613026907923,+
2.9267498004408443,2.9544941441636166,0.19267227965499623,2.898088442919049,2.1451007441752568,+
1.9628002964852025,2.499535489139556,0.3742370715649405,2.2348935205840523,3.8451702456631147,-
8.131308955355857,3.8283829844015638,3.981906881924011,6.661560509079582,7.610542870124918,-
9.198645585194555,3.3255905120382425,4.477895159259055,4.8855842795590085,10.0,+
5.185343770125432,8.009041719170874,9.34925580221606,5.792174769669284,2.601727525194093,+
5.119052680124968,7.744903066969081,7.282233599193548,0.15695022466067537,1.944771274645138,-
9.981043618047757,8.569312594081463,3.577691090196117,8.313655074175909,5.673149386039972,-
3.7616925766593683,10.0,5.136472205950933,10.0,1.6796317739510642,+
1.3992845880545113,8.157398352298248,5.960482450717416,2.9587913847102056,6.2686102752970925,-
0.8275970484491781,7.9173674186457275,4.434285704858622,5.356542408383758,4.536246338673334,+
9.943109855427819,5.975922643428523,7.4140744146426005,8.875205902369526,3.763122316034544,+
1.111511292434918,3.8353128492323894,2.754322206979338,7.650499685606185,0.04726302545291296,-
0.6297955018301216,5.770477084194747,8.732690520458604,3.361293798043951,3.6181019635318714,+
1.216219859160872,2.2651408786586757,6.112464246212538,3.998405198206987,3.3399746144902718,-
6.205290910939894,4.783740602875436,7.475923890763042,1.1685553797945647,1.5426033915056958,+
5.526344550452773,2.5721767141962717,7.1202297685672855,1.5430153893940712,2.679175559254835,-
2.1558650794988155,4.019519053679198,9.278911814578292,4.609182792633822,6.3098149162679,-
2.8315238298295333,3.2550524290513163,0.22084090606657686,1.7571168711127816,0.4073900897645433,+
9.609348520916413,6.933552712316441,7.78055706404801,1.7265627559831398,4.921633048031784,-
10.0,10.0,10.0,2.8947037444788153,9.469212024823607,+
6.023277402907913,1.4829655699181554,5.308793895035288,9.363112240245027,7.408839550143915,-
10.0,1.7563990013241193,9.071113088040265,10.0,8.58460154061205,+
6.5972331527097205,1.5920022638601306,9.770003467996917,1.04728400997127,2.240446662855,+
6.277913900492682,1.531710970594234,8.533406613791405,1.5607065303123548,4.372608480357489,-
3.9893082600119345,1.3295727199798668,3.866866102852308,3.040185122310035,3.6425698074487602,+
0.39745823039647926,0.7454946314913858,2.7414583003220194,0.1951231395057003,0.7574782229404587,-
1.1620260475444988,5.953716417764502,1.626511731501229,6.2779772514549705,5.6282498787696,-
0.785690991991574,3.7781356979435805,0.15178662637738688,10.0,4.3625025661251025,+
3.117437571709748,6.858065293556298,1.8223583057151949,1.5550004658093464,5.832728065328499,-
1.1789633838762132,10.0,0.4105213396232452,1.992522212141236,8.462276029691099,+
3.5155052409135736,3.9113017702308994,9.156677594315267,2.953673992397822,8.829118595726056,+
0.16154636097817043,0.20563723841515136,4.545774606002784,2.4099689363033603,3.7229509752487746,-
7.345241293055941,1.5331495944746387,2.008734198584159,5.387294867125548,9.811676443740799,+
7.870224068621773,0.11796797055603574,1.8354894927896446,1.1982910476199413,10.0,-
3.059620785736612,4.746574629505781,8.809422318920978,7.75506665426969,5.067290636318247,-
1.462384525980996,1.0154005884580237,8.796237521708457,1.5607804724899386,8.100760501920396,+
6.71600531813095,7.931801451412563,6.717146731633463,0.45565217370728495,6.719883682073186,-
3.2548647641560637,10.0,0.13362254775913499,0.2227742998924874,3.6256849523490127,+
4.527332334016578,6.8911336244910935,3.012984364941138,2.0172464442155267,6.06910812308551,-
8.758227433214683,10.0,4.639551507909511,3.2684795887288884,10.0,+
0.41288980880318293,8.462514948654887,0.43790145267843084,4.331345950691498,2.4395897088821563,-
0.6751284725826503,10.0,0.7336718728814596,6.804013707831128,3.459832628738903,+
9.947662175588139,6.890579699541039,6.072234063730307,6.78796349683143,2.117491493520862,-
5.132434437421743,4.19922992781449,2.3458817259166276,4.156563629187829,3.047516347586636,+
1.706888770279551,3.672310945276643,1.1201187802960055,4.806759607616558,6.324426743213753,-
0.20252052099487824,5.526364881734907,1.9283433073214178,7.197829601699544,5.930488611858233,+
1.4949833854420624,2.5521642404253972,1.5354540203216072,4.389939242772018,2.763099507260373,-
0.3523857102880533,0.13906641752036858,0.9441163897190336,2.214281339455924,4.599718688205623,+
5.615005192002595,0.27311526656665364,4.42344149449573,8.356796113610613,8.555852677866863,+
10.0,0.05324393772828695,3.5412711152757845,0.35402604465134907,9.56239017295493,-
5.519720114754881,1.142078128325833,2.2583325330885273,3.466567008008253,8.586606472273933,+
5.248814658604026,2.1249600343930397,2.9937520823474015,6.132352972795201,10.0,-
6.197870021191461,4.258019906917467,7.77150802819739,2.9882703400924604,7.795152373633682,+
6.703006494389697,0.002783072080440912,7.040628080768871,5.909897238945701,10.0,-
1.8136556710384844,6.516052145719512,9.533778311342507,2.4380132884867054,4.8231182680312905,+
0.3337089425944995,4.2301076691213275,10.0,3.0310131479740585,2.5240087033491805,-
3.130522473456648,2.408982861473689,4.869282931302985,4.409233418736948,4.0928397743631075,+
1.9455796868681416,3.9988695312018967,9.217701448912237,0.9083297798108058,3.1726068836174064,-
9.74142143733433,4.1859604176757435,9.756601776712376,6.234340974680199,5.336151777395385,+
3.249046557060663,2.50538276584516,3.1397509951455698,1.5723812586176695,0.21586471830680026,-
7.131103266634757,7.10489463208768,3.472863964274154,8.911583252213564,0.38891265724582014,+
3.161848927715487,9.017260890658601,1.5729782156086,10.0,0.16447259971435851,-
1.2292760112665413,7.10293267234073,3.982915842309108,8.528501441293677,4.138673946210963,+
0.9121659497491837,0.31593846942545745,2.583527658214003,7.812124772234401,2.824222915837507,-
8.70754253215203,9.342908097399619,3.739187879861292,6.287872060010203,9.968101214665495,-
10.0,3.3486754393145897,0.7009825649128189,10.0,10.0,+
5.738429256306324,4.906409096311965,8.63612383410062,2.459107071339636,4.442062530374312,-
10.0,3.347705459753796,10.0,1.9012078703896267,8.657908338852144,+
5.335650738624751,5.369606556332237,8.140397060998033,5.005773310512471,1.693614204327396,+
0.9363642008974309,1.7239590380475174,1.2048137256695952,3.3828352250481197,0.25882628328565344,-
6.141511535414384,7.960392277071754,4.936629391622114,4.648206887043936,4.182839144751174,+
7.244191273359966,10.0,6.744898555286392,0.3436053402327765,7.2591358743388055,-
9.571379709947081,5.521067868652865,4.494198075290019,6.944374591037104,1.6050616500286086,+
1.6595774229787825,0.9362019348856156,6.171752584127208,10.0,0.4945937259593345,-
0.41727638411115486,8.671947682663575,1.2102577967239014,4.7043172522243895,5.799736238054441,+
0.3426369468372685,2.303555084466526,1.9974185915247937,2.138499311056552,6.0664028359618,-
7.87175622736977,4.851690912651957,8.399059422321054,1.7998517193875607,6.80377155038903,+
2.6580665643722066,2.453795440018674,0.43336350281086955,1.3705347533751264,1.9978272523883756,-
7.177379885418578,7.395975492096615,0.36622888662480424,9.2696122196225,5.74123760571569,-
6.866276927380738,10.0,0.30547879575763204,10.0,10.0,+
7.1815428292371175,8.49744088799065,8.30249938492203,4.624130241302348,2.595494358541366,-
0.359805659690056,8.755219369217517,7.736348832464597,3.279252978497812,2.156815852627814,+
4.298746287520663,9.547470105356819,5.03379096327428,8.037276119381424,0.23234198487084412,+
7.342723912470691,10.0,1.475116438067439,6.574773992256968,0.12814666516713202,-
0.16323415763122684,8.838304150649117,2.5611870469891684,2.4654039941200567,5.5305787707852865,-
0.31620487175084555,10.0,2.683745712114281,3.9131511249499304,7.349949002527572,+
2.8897646843817224,1.895166810190081,4.040768305132633,9.587489831615047,1.9499332266182645,+
3.883473146212602,1.3172941152983555,4.579549896810541,10.0,3.7043075674290677,-
4.429166923910667,5.595667992372844,3.6370498248919105,9.992894111397039,6.09904131409431,-
0.4627041718627357,9.609504351496089,4.174737844599572,10.0,0.1429118097505972,+
0.5851481555636362,5.1612348459306245,2.386986832698889,9.91602009959536,2.551723041632825,+
0.5707405737470722,0.6662012060626552,1.3511132356852373,2.0766812387079057,1.7409590773913293,-
7.458449343852534,5.412554648124957,3.5534412122412693,9.615775531973226,0.41387181653286587,+
4.416771107425441,0.5082123948927557,0.46900392556548076,4.068868568755342,0.26004697847011743,-
0.43940437824078193,9.721567331109867,3.635334493961402,1.935258180660393,2.1536260549525577,-
0.5466058370407455,6.042247143582859,3.745383210774638,3.0285324654599717,1.4803768261620547,+
3.5779269109526055,1.2776076508197387,1.328678502292866,8.080964546086053,9.000301174608254,+
6.811528071345795,1.0709764450069994,1.5726066291876075,10.0,10.0,-
3.6674076432028837,7.789041806327104,4.57889795268685,2.2759602082125188,7.445372937906109,+
6.669790407684832,10.0,6.984740623812455,1.23337258265971,10.0,-
3.7447452626637387,3.9106852693953167,7.0483051630977736,5.582270936647113,4.280424606180494,-
4.226926493315543,7.385206295141801,10.0,4.532140254626237,2.86096091109991,+
9.801947243445927,0.37337615518983847,4.375399093501363,4.187968870003883,0.25169361619313824,+
6.1266151778054185,0.34186805351781807,4.310992307774698,1.688890564467588,0.19624082123623007,-
8.058661704819784,6.6448725956859676,1.2618110525329695,8.198087265117097,4.498067933250319,-
0.2996164120526728,1.8276994250014555,2.15615709760082,5.145498228199634,3.8330669390507732,+
0.35493103129650483,9.54244842985936,4.240642029907504,7.272155480866781,7.081632800143522,+
0.2568185873138059,0.9048551811285986,1.57239428003871,4.665699839869655,1.3234852137759687,-
9.332568577027661,5.47375598016828,3.182920962741429,7.480899222645963,9.144880578062727,+
4.489027281462952,2.871321979573738,0.8284129267111361,4.1373244712163,8.801380120505824,-
1.1300782621681282,6.9762759422307745,0.3423169225217204,0.19588569185678306,0.985065155796937,-
1.614907153182025,10.0,0.49505429545546836,0.3419725826137158,1.274953095891801,+
8.959923969525086,0.8089710384342286,5.110697137605853,9.69156707353166,6.5349593618743835,+
10.0,1.0877657208292688,7.296184481155502,10.0,2.0638745549057327,-
7.054939671456069,6.963398717519166,4.630381413216805,6.231079137321043,4.633917394342786,-
8.143673960920912,10.0,4.899284466907904,8.404951565689906,5.6757135610755425,+
2.0217163529299684,4.627721156569095,1.884521112138735,5.595418765528866,0.28426909850147397,+
1.7806795081999294,4.041022768028923,1.2645450055126273,9.651953954856582,0.41790073369046854,-
6.192616654499373,2.4587392871473357,4.3902645609453295,1.8310750825047506,0.5085910647854452,-
7.170976789770619,0.370692245285609,1.7884187443227546,0.8786516710150012,0.30108832505193783,+
6.018963224087292,0.6782156655388494,3.2026765019082637,8.825528316942057,4.885056010543081,+
9.647980904320017,0.7104044761053342,2.9624809784647628,9.632724409101044,7.080246447948455,-
4.240378635556292,7.485990258641898,6.7792714535961665,7.17906331582612,9.581930634475688,+
7.119623687489868,10.0,4.037299569653291,2.932881443883834,4.521035401557474,-
2.8020981617882668,2.958072454410149,6.900314642592774,8.971684185034682,9.416649669781311,-
0.6589445509819047,4.929123179393246,2.4041760261140515,10.0,10.0,+
2.837211367219925,3.039391569095465,2.862863346810575,5.520285928342359,8.439665546199777,-
2.2087956693428965,5.676677758319732,5.084518952477233,4.397339113559805,10.0,+
9.229436322612885,0.09603586330233616,3.5025119431394747,0.8441600817242567,3.116642547545384,+
9.970234930161872,0.08404448067870926,4.263739344858211,0.9650665060987916,3.511780283397955,-
2.2220052675267086,4.601719886209059,3.8120299068255625,8.614231717978605,7.599922838115002,-
2.3042011603648627,8.310304499301223,5.5361745680017,10.0,10.0,+
3.3902848325156043,4.151752427791618,9.186911813507944,1.9757476602394808,6.8282804621478626,-
5.631330982711072,5.316028111567334,10.0,3.175697159546361,8.291878356257763,+
1.8191294377534972,6.663352048063574,8.71770646983436,1.5234267436797655,5.118503617242673,-
2.2283901018405214,7.15562633691211,10.0,1.718366423284956,5.978644910299294,+
1.5651323687636476,2.689787999497839,0.9814443484137758,7.718062113433537,8.95699043704557,-
0.6417883365311912,0.48555845927835173,0.7547432930811674,3.8644206981467772,10.0,+
2.899366497561756,4.015595945316777,4.662882363392996,6.507622565961117,9.251622184854128,-
5.398891014851108,8.009767401412914,5.811525968373024,7.687561356292202,10.0,+
5.561673993300985,4.668509332871378,1.9305472591107387,5.9558481010907505,1.2608070131398819,-
10.0,7.394277765782133,2.279696398640117,10.0,1.8233123664658495,+
5.410728177773314,0.23516896705027102,4.528180818902207,0.4406468384025686,8.195728575450888,+
2.6550529912628913,0.01771903184805676,4.023334914708716,0.3059582008836793,7.985507460557404,-
0.7942224028293854,7.858284597165866,0.21438693745195025,2.419187298842098,6.367709606648556,+
0.9239114931064157,10.0,0.2268083200875109,3.7674439983777264,6.038963752485809,-
0.598079668875312,1.7460124989500092,4.985076139353066,7.791078757002538,0.3483064335839914,-
0.34588636334807743,1.2226120705807784,7.0559539605977015,4.2961262159833575,0.2077771895903874,+
3.1182720112490125,3.4350934309392054,0.39336059286217306,6.748292031122055,2.359701097438598,-
1.3627644144393596,2.636528151733035,0.15927081389399284,6.233469297959957,2.802201690793341,+
9.860557819182318,4.368183171679147,4.780058894184278,5.155446284106827,0.09288555917074004,+
1.7614233552276926,2.0415294104356674,3.648186455761765,3.74639622050149,0.00790517514951407,-
6.284417113843621,6.369795544056695,0.04893037870202788,4.319990258121775,4.538814822801859,-
4.446376179661878,10.0,0.03009461979267229,6.411126306722274,8.731104839747749,+
5.532091038417178,3.728345063548324,6.241913589854619,7.7843160051258975,8.455603876922973,+
8.767773597306402,5.648000740426712,5.649638383976536,5.033253329767898,2.96150836500869,-
2.654480268540861,8.451282091534328,6.728871459450634,8.129213114557778,4.906714710868733,+
1.427536654529921,10.0,10.0,9.894271809955216,8.023245720782304,-
9.412394948610787,0.8921528891930364,0.6598744494796049,7.877679596381576,1.6069793423776968,-
10.0,0.5010892918937571,1.134024576982657,10.0,0.7572523923045289,+
4.214442259233947,9.121586335996758,7.013980039417583,0.6917276143255813,5.458179136229397,-
1.4567273352780774,10.0,4.702364897905059,0.3887061842607752,4.029023795740019,+
7.425196835188119,9.637869717257194,1.1693251690889683,7.768646515674207,9.520738273707448,+
10.0,7.713447913157327,1.273174187341773,10.0,10.0,-
2.3006836045139654,3.01264131064068,3.998954245735471,5.441571864618745,6.537551243067789,-
4.091548090308768,4.026919318919449,5.160753660852314,7.570075213150974,7.864323110745602,+
1.7488246698779697,4.065337074093814,1.5669702052309042,8.166998067984448,7.193587850555398,-
0.05909126513535298,7.007887341969301,1.9640311054028396,5.251571620289026,8.084632101389692,+
9.831681959241452,1.966654146711736,0.8448285923195287,5.6762538741002135,2.946781032427549,-
10.0,2.742152484527755,1.4693285278093078,7.613919653969384,4.805103234276319,+
0.8659840264893559,4.312007628908235,4.442585200901149,0.2520632995824712,7.1495399455619495,-
1.0808810396882493,7.32042059696164,4.588210467344713,0.41749271044866554,10.0,+
7.886919092562417,2.890288329136521,6.6091355605476965,0.7013718794513546,2.186631756330817,+
2.025217109069628,5.417041546638826,9.369563040384213,1.1161475582567133,3.685598242798778,-
1.3006800247530448,7.985068791280171,0.6271603398287551,1.011169264932883,5.734459912533536,+
0.5277860313825313,1.7464169671807102,0.8292041551308963,0.16861804855887344,4.391374533421145,-
9.05799578116355,7.575608220211299,5.8578146727265965,2.1057614011064785,4.9880730496873396,+
3.963088914968154,10.0,8.654024101487941,1.9194871779506681,2.673873262564443,-
0.004810956015235401,7.659675372708267,4.633315637527966,5.011415423792904,4.989173985209869,-
0.0024649473024174087,10.0,2.656122915441746,4.2726147774482435,2.844885806331621,+
1.890226670634585,3.094327780360424,3.1781566191118618,4.302565956018501,0.6772404561501189,-
3.2080749768220103,2.8387972142141282,4.8410855467168314,1.2641732035871593,0.8995733599569316,+
5.9691753450117835,5.33262947407318,9.287006456362223,7.040897399519169,4.746495406210444,+
4.50167561945137,9.95962807722508,2.439774589775542,10.0,4.413255588600875,-
4.25834110303666,9.287805294656197,7.428977624354851,5.927679181052024,3.388771438050827,+
6.5585511802237155,1.5963809505584108,10.0,2.611887166674861,1.9570016756115483,-
7.688382842996041,9.188458624326199,0.048660484025266904,4.726936632141827,7.596674027401056,+
10.0,10.0,0.036009039728945806,8.590332037271983,7.910486129552661,-
5.539087558001129,4.752628681085168,8.024541630355953,3.471554902708416,4.25460771180833,+
10.0,3.2033303371418147,0.9389672924816753,6.689830383616048,2.781500490048702,-
4.203292404316667,0.9509570086174068,0.15927536779374418,3.878562467143225,8.384730668745785,-
0.5385542016157109,0.5403005488798048,0.18861109698073913,7.241019687778874,8.752872365751504,+
0.45955883045260326,2.1238008697966917,2.3266838714889637,3.8817992761055455,1.8882028264195438,+
0.8073878815618591,1.7266129555029626,4.453435106571691,3.971468545510022,2.2797402951564485,-
2.544124471242447,1.8563709093173897,3.911484113547643,4.760691454403992,3.219684811691738,-
2.6779235832191692,2.148752220747592,7.764601537937012,9.242180816458212,3.551137157371863,+
4.843743245660287,6.510969847162318,4.971943486904324,8.6004169885925,7.6882509630163876,+
6.203410320746641,10.0,1.273402222525138,0.11710212272443181,3.6282982424338144,-
9.518677603468928,1.0411311073877494,0.8880317712679542,7.045474708614764,1.9977234022026413,+
1.7829644610099156,0.09520438997287434,0.6871027557927994,7.119798538543895,3.8812696150506043,-
7.8381907931676285,7.592814639217002,1.615847747333562,8.440040848011588,4.911425082585313,-
10.0,10.0,2.403907681829003,10.0,6.407467250139655,+
0.42500078422609167,7.716696916610469,4.95147268487745,6.624235818453283,5.432751739912619,+
0.7672746143944262,10.0,0.7499610134640455,10.0,9.504349176080357,-
2.463004784205458,5.289644727909075,8.237456022661574,6.61964561722701,6.150154002929881,+
3.4369449457228893,1.6297568747606597,4.213396990972416,3.5694457312402705,8.984223873781731,-
0.5833303945042045,1.587243854246655,0.4296440084087727,2.0746906287269296,1.6976954789986165,+
0.41916532229886244,2.125321614408199,0.022955193111825773,3.8087016394811934,1.3971380220184086,-
8.260812110214626,1.239244315949769,4.960279862934128,8.470850085758611,4.420396767770617,-
10.0,2.0713216914033823,9.700004530092714,9.659453340544887,6.3956543355041005,+
1.7707341168286295,3.4968004674965556,9.822469992241595,0.45737257216063476,5.8737048867171815,+
0.0011450089737294296,3.203781976477972,1.540289526128762,0.3004898190427402,0.6114613905730938,-
4.071300543935435,7.698078212967908,6.689177411319624,1.849823714851857,0.2602530554026672,+
1.8891838318430627,0.94891654770413,3.671727422852598,0.7916859733873111,0.15102782643060728,-
3.2044868476117507,9.32637912241989,3.0878951437887805,8.958981658763626,7.171470951692892,+
1.6188341253541918,6.153930421126894,0.29391312608549497,1.9813315026990925,5.579150579283794,-
5.7083319536827615,3.4846104107208697,1.3546463923593188,0.053694985030871,9.26897760942566,-
9.991977659723768,1.1402426551330602,2.180764031234566,0.038836884668678386,10.0,+
8.292538405204388,3.298013944242676,2.0526321047763343,5.7574843739785315,6.9360855062185784,-
0.743432630045899,0.20467531865383917,0.39312561821413367,4.8802342047616225,9.553956733886604,+
7.246866276774706,2.315071228715737,8.589690638277785,8.495873115669603,8.871993419811707,+
5.12085724958331,1.4295446208199094,0.9876180074067924,5.104044188059034,4.341639222610917,-
4.641207099546438,1.5468096429610267,7.0485411422596265,9.96721716603852,1.0150329843384909,+
1.2539281083103944,2.5332055361976407,10.0,10.0,1.8137345008635173,-
6.354006218463455,8.112065924820191,2.4037289297025954,8.607148491180086,4.709457297713632,-
1.5203276842238092,6.805234020746412,3.304685246739659,6.4666998319519085,2.9791239328563677,+
9.952562258243953,7.991406013539303,0.23834290961657012,2.8915759006253627,8.031403933097675,-
8.86238833692683,1.0696142575742218,0.2490985325547203,0.4946623248058678,5.233164096645559,+
5.514268814862553,4.238903504765238,0.4229420883242818,7.8435922217853635,1.1286261148198862,+
4.7823696257200305,0.7006657579626129,0.24466225466067093,3.4967502460491477,0.03292286111553405,-
1.672070721249762,3.0689606993443865,5.125419842952898,2.7850293844406626,0.5193500436165366,+
1.5311954832673373,0.8356543991102617,7.17766781566051,1.0355712455658186,0.6757126411263059,-
8.831631936821733,3.1400061525303813,5.289840628997977,8.246864703574113,1.6671517120389279,-
10.0,3.6805403740615565,9.582204585282168,10.0,3.149050939921731,+
9.662926300609412,3.68857012330839,1.370074765100443,5.763798651057539,6.286507710344443,+
8.65264664352973,0.5359618576011681,0.2968322579652078,2.539362910546517,1.2773078221838234,-
6.03708984352505,4.2616995175514925,7.2586460597405935,3.244178017812549,4.895572316778496,-
5.8864766394459815,3.7017125994615814,10.0,0.6205434667244699,3.1480939371553154,+
0.3507989556877711,7.729106295270696,1.3260287731945108,8.208729348872554,6.830368459722651,-
0.21557810244229847,3.072016719182023,1.6277301453263515,3.858886004591333,2.4054598817013644,+
1.4928877067612656,3.6061360396570077,5.780038413751979,5.975759996063595,5.684670428941644,-
0.15246548177804947,2.669062890563642,5.243508502543061,6.622803059205663,5.380794432704505,+
4.6474988952176535,2.797847407292201,0.26400650696539185,2.0885472222162993,2.240187105588418,-
1.848574431637715,2.5920595665902493,0.4783609037417372,0.2126389780793827,2.1119087563925176,+
9.52618806657655,3.001950256929696,3.4900047247830326,8.037135657130083,4.724705734283673,+
5.526484980971872,2.25540152074613,0.5462392538543165,6.886884313671228,1.6396548908613853,-
1.3790997073476297,5.241748957643875,4.140660031025428,0.36529463627618997,6.399017712751201,+
0.79226548229994,4.6501083454715,0.25671735453314193,0.2636843532165503,0.989577660989639,-
8.82694117829881,6.388176109925338,5.823055775069651,3.941593064759712,6.472937456091784,-
10.0,0.9648163892788753,4.6010882753704685,3.5355015412228394,2.9659909183061215,+
5.657559523841098,3.5875885338538827,9.866478776897527,2.914676183295841,9.80157828409136,-
7.4220742808111675,0.7617943120523392,7.4479130027506635,1.6793913708199362,3.706019505927883,+
9.375013544484435,6.946702182479308,2.900600001732201,7.849179594389675,6.542957380696533,+
8.273899778222338,4.06870086069816,2.738345595078982,3.41124426195134,3.3202363572984854,-
0.398848570375715,7.648105246925189,2.158629415466015,5.096145790825551,1.2142412602040475,+
0.05239005500735285,5.710052112614375,2.9576041185002855,0.9204487559617102,1.380571801702093,-
2.805268500188883,4.070513509611721,2.2508585582335416,0.8605742014231255,3.336670504553828,-
1.7796478581358264,1.5484515317074452,0.1531193592287906,0.24150066720088573,3.8229643188935554,+
6.767834243051891,4.9356497790608085,3.4674165017388248,3.9710950256015956,8.736997088794439,-
10.0,8.545262636236922,4.118471066794238,4.255615412178332,10.0,+
0.8704898693089347,1.1255116776790097,1.727451866734424,0.887910506849694,4.8988259549237405,+
0.5867191093341111,1.436415541427576,0.7022549975512792,0.58241385202795,7.982606697038001,-
6.331067024612348,5.0986601445283295,7.601013703357111,4.115854280038765,5.6838964253416,-
8.43940837434783,8.743003304822638,10.0,0.5593064262665665,1.2171659731404594,+
2.0268437910727966,1.994238288478457,4.675263823338924,2.9066627796644475,4.668430153253617,-
3.8984678314239156,3.7901425337342523,0.9723970652989268,4.907049232436209,1.0963665743499196,+
3.2766608408058273,3.411764264030971,6.254860342646009,5.531073764649611,2.3772189561892443,+
2.3632819341910367,0.8816993066591021,4.782308239048011,5.664248713438465,2.561884070455328,-
2.8349208560209083,5.409060410570095,5.1651609019970435,8.838796344887413,0.4599185019024832,-
4.860207836947846,4.595813144089774,7.492129026093896,8.875492392371694,0.20641543633472084,+
3.1804745208511473,1.0641421559029574,1.2473936813647268,6.38092168792359,3.9074115264291533,-
4.148742960597761,1.5192955145921483,1.6967745184748981,2.73851759588393,3.436101930031619,+
7.640632245356409,5.577975782440952,6.389213754687111,5.287108443172055,2.2705082506114205,-
10.0,9.00078593324375,7.632113549251478,10.0,4.093039995398987,+
8.641356576258797,5.8505802140072785,3.45150185599967,8.953787202677294,7.7884201204330505,-
0.9395998426779488,2.3033574238017906,3.1777012286915554,5.929400041872061,10.0,+
4.73495513710761,7.440399489088568,8.784484513881313,6.188673180768624,6.602400402841553,+
3.6391221823508,10.0,10.0,7.142827442773007,8.168315676572877,-
3.081156691407665,5.8568543359189595,0.17046929558079515,3.6893045248629996,2.499486870993699,-
4.659463810809153,1.0901655510621076,0.2414767479831897,1.3690222216231909,3.979214725889837,+
4.9957081857863015,9.032151366326659,8.676320326650476,0.15458428431366467,8.655881613937618,-
4.801257513519331,4.318244651584051,10.0,0.2704563418832539,10.0,+
5.9257563268630244,1.7539922003020025,4.3932094011709495,6.723147698928162,7.809437363013649,-
9.788688101524297,2.769612260099943,5.111214314171276,7.231569849313279,10.0,+
8.118609200121972,3.9812183138848676,6.457411040928357,7.8897005252997,8.726805347876414,+
9.576071238460743,4.151071572876963,2.686380627337055,10.0,10.0,-
1.725455965400412,2.4223803132731625,9.833414332162548,7.988535148045736,2.10116773844665,+
1.642424599511953,0.9121467831608857,3.0953813532927636,8.42262988022571,3.5176329554658032,-
4.004386727328733,3.0760351895495375,6.773216044762148,4.736276527905311,4.3351519733235655,+
3.548880191317498,5.8518653776332865,10.0,7.050533245609965,5.312804784687368,-
8.72307622004003,8.828144923230901,5.147933757368812,6.290755260041054,7.174994690431503,+
10.0,4.517642245474053,8.671105082468436,9.703548587236256,10.0,-
9.445696105182233,1.2987572684823279,0.5230934931066344,5.117885278449546,5.027734271998123,-
10.0,1.2061482432505357,0.42605328003261483,2.4096054309527117,2.7454006603172814,+
9.204912767917351,6.292702654967275,0.6636099882761959,3.5443180709385382,5.453561679872793,+
5.772148788659819,5.303014917874181,0.6159761797488766,3.0115136338448907,4.39028953434554,-
7.0977478881093194,6.2955507642724005,4.654069499186275,7.718325793839944,0.7815712415408127,+
2.6598598252718606,10.0,0.4147741750589127,1.0406648301188595,0.9059461174867405,-
5.136542129353999,7.734336452348151,8.716670200611405,0.4805248814906049,3.876236488032654,+
0.7470132288138239,6.449348850264935,5.169776637030172,0.2933102845497479,2.3919078302156978,-
0.08039733702398744,6.621497966991013,0.9969268940930531,8.574861765414088,3.45770362981758,+
0.041276432208743094,0.7928159113821858,0.48486326258232404,0.29136703693027755,1.4189996887328256,-
7.5443799560788305,5.107600053560628,9.764286892101174,6.242014740402442,7.219195551340874,-
2.663885055429383,8.628468097059509,2.5725118589508558,6.674138007967984,8.777335106036135,+
0.32470616503484817,6.634809640888259,3.4959836574202017,5.714032064182262,5.238860712844176,-
0.5528867394654945,10.0,6.370173959151379,6.535659367871897,6.6500872852116695,+
1.7303213792759942,2.801132595257716,3.9600802596016615,6.980503775621393,9.505853222740434,+
2.5970784870316153,3.877533489104478,6.1246992353860055,10.0,5.618866323734425,-
8.018779410906337,8.512991161733819,8.445287644698848,6.99790608992995,5.110368744045869,+
10.0,10.0,3.0762595379822657,10.0,7.518769534532809,-
1.3673761356608993,6.5969382173710045,6.15054862433526,0.31952051330472964,5.602112567771029,+
2.0337553737109797,5.983088379518129,7.444620767472124,0.48485832846156546,10.0,-
2.700821303503367,5.190946247200286,7.599109286269483,2.499889189246648,6.0940786433039875,+
1.437262289487694,1.4794773727416535,8.2659057163808,4.252720079443015,4.550827274566191,-
9.492546036356408,7.299942885426861,4.289473456043146,6.959128721597896,3.793560117609809,-
8.584253577168154,3.458079002067272,2.107430592358797,1.9470157809984805,5.34897973308683,+
5.402407275985393,4.910497474417994,6.896356312716552,1.0126329771853104,3.864272724948723,+
1.2245247883179118,4.538538836217737,2.6389453377442096,0.9828903393017929,3.7345464209612054,-
5.076599317489205,1.5896585172202726,5.567241499509638,3.1461592481133147,3.341371141870828,-
9.322193372799793,2.9243627995584083,5.879460794344258,6.291672264232751,5.525915750558134,+
3.280770227809243,0.43524751181200805,0.12162402481862955,5.621267124599903,1.9374898107663452,-
2.9107525621767922,0.3105311325863118,0.1111166980550199,10.0,0.7489573221761668,+
2.7999691040403873,2.2679142281504583,3.418459216332935,4.159395048377922,4.834947910770677,+
1.3781709411425944,2.10541656707356,1.9329493520333862,3.7572956032584024,3.2071440334235626,-
9.468029441511428,4.561492581330038,0.14075434859364688,3.153397791454724,9.845916313028543,+
10.0,7.533316069420573,0.18149403218402518,2.572355935673412,10.0,-
0.8119975605886898,0.09127341665466471,0.17903661131209891,4.203485214766484,5.461497647602075,+
0.9423304345649285,0.05287988792793986,0.13027884351681043,3.7079059258975122,7.871769212256972,-
4.0946971857611825,3.3581067324063607,6.2836832632656625,6.77836788917069,4.741882386742736,+
3.4039070610475988,6.685587098002695,10.0,10.0,8.735561027674677,-
9.915145202185974,5.553432172536338,4.063321848806144,2.492325477021924,0.6550330068507071,-
10.0,1.1032896366906406,6.187551095318285,3.4106078601893737,0.1991366559735653,+
6.235699937553342,2.7852990617415174,7.773635908604684,5.4923165500338165,9.299630897216723,-
5.809269721152905,1.465674302681633,2.7524327655575314,4.2712482723301965,10.0,+
2.179875350171719,2.604651055316843,3.989769486346124,3.8706093010024025,4.2981793913822415,-
0.6358567287060677,1.713953948206585,2.250201382687241,3.8736007883942585,1.9859635159624052,+
3.904333298436061,3.0922081243037844,3.160038364627571,0.05693472860380466,6.919781191704488,-
6.714477177239285,4.8188236792086165,5.5236710408273755,0.07263704405240191,10.0,+
3.2792459787906534,4.223680946320734,8.139387910868583,2.9568773793900913,1.4967005180402548,-
4.518581020390139,4.927268729204006,0.8612473302103419,2.443658117508742,1.6386644502420613,+
7.150444055063646,5.754710126012132,7.290119599757218,9.333275557353529,8.574159173360442,+
0.15461711505035058,5.610430219643986,2.3824054727460124,8.104173490659475,1.2932312105343187,-
0.027926363111477892,2.3283189674490856,2.7174619879560202,9.728163279917421,4.052203502135848,-
0.04376102786977868,2.063550480806744,2.231841399837087,10.0,7.16649336034426,+
3.8938885816674285,5.490573003766272,3.893974230147875,6.003566870057041,2.9086531834845077,+
1.3407928750604212,6.108376347868453,4.047051422987312,5.155927430482054,0.2434895714123582,-
3.6953804691408196,2.100329931790551,3.4929691612455436,3.3102931020627615,4.24706640089728,+
2.0541211097687064,1.5238784251318542,3.264905584352852,2.5516010959551516,2.0463275485077066,-
7.9673621020620535,0.17714028124761083,9.66927504898388,4.70873476083473,0.845375974175615,+
10.0,0.1401179849532529,10.0,6.77585021999908,1.0971166280406206,-
2.0420140334690027,9.178611591375955,9.130139845680738,0.14028416696721724,4.009568422000194,-
3.4487097651685303,9.323550790942067,10.0,0.13392264758506678,2.9361484544480976,+
9.806199372136682,6.795702766623169,6.7421156908124855,6.980436465444999,3.356062385055054,+
2.052121492861239,10.0,8.242446236331292,0.2939360275844326,5.175438159187708,-
7.087865955991716,1.8543818072639584,0.5656736610206659,5.090007029058725,9.623095177424132,+
10.0,0.20370586534173868,0.48046486199350025,9.726425655611639,5.525850557268062,-
6.127220009567516,9.284322877334834,1.1035249161697436,6.183239142404286,3.5160556860239023,+
1.600696574372082,7.153630542358502,1.0748935753678108,4.9702098241581005,1.5031575545715925,-
5.769252022234469,7.241782602982197,8.287524749840813,4.693625486323309,4.976060935068357,+
8.829399357649232,10.0,5.582419598272226,6.002631065165053,6.401151494642365,-
2.703365741569075,1.1385183439739588,5.212885921081027,5.627688144189987,7.636998994721974,+
4.8149634215202815,0.7524434519215915,0.8762418287302146,10.0,10.0,-
5.544256604261655,3.05795840338973,5.675381858479845,6.088017828805844,5.573439751642301,-
8.579793898973566,4.237720103010075,8.101884631510368,9.672180547590266,7.602175087570283,+
6.321983286925507,1.9604568703384662,2.7200090232622975,3.4294899796938525,8.592061175700799,-
9.22725398507091,3.536917011844448,3.8517282308333063,3.868486279867874,8.659750561324515,+
5.192860204047412,8.43620548960947,2.445882304431076,8.142056998371418,4.781247588208604,+
4.406729753110443,6.104262062415464,0.8293865223717038,2.6095629789134174,1.7842535738909262,-
9.339622510907624,3.124379842009003,6.914598857917364,4.682664563192004,9.289947175037417,+
0.6968808598208175,2.778486428124296,10.0,9.315962961826902,3.5375381896013947,-
6.753430393635142,1.2203520248995625,0.9943025148571316,9.099608284306091,7.955948951214519,-
9.795797969943994,1.8553071745332042,1.5446308297653784,10.0,10.0,+
1.5542212600191674,7.538314144991194,8.750168415172583,6.100994159623628,7.999724086098353,+
1.8704099732198296,7.269898173290471,7.71288139816435,1.179728546973091,8.528506689405619,-
7.116936112681632,6.8892357815930305,8.694590556102103,1.3218526774228556,2.6128144307608556,+
2.6378908028799994,2.0877637758723706,5.971337096990938,0.7022055065675891,1.792979087644023,-
8.628345436390067,6.002253251966066,3.2845406809785906,4.806296431524184,3.649094668710621,-
5.25121926364275,9.195577279148242,2.747671917053665,1.6503805245628294,1.1293004701362281,+
1.6662252571657543,5.4747376312189635,6.727819902426826,9.590577771930008,8.416973698824954,+
0.4975194336320277,8.945460913410333,9.68624030046464,10.0,9.038710138093757,-
0.41162569363997314,5.56233519352106,1.3843972903994062,6.294291371383415,3.789074189775784,+
0.3892714943971364,3.146032049097076,0.6880588796397908,0.7236461222882641,0.4408585647388796,-
7.788943601717509,5.4075187647928065,0.1750419282202298,2.3197793884440934,0.09399346035092959,+
3.128358495562551,5.401495522793157,0.09782212108899538,2.059295773041019,0.008711843415682452,-
5.883626717874517,7.469380621483767,6.251137642819506,4.692781219341442,3.0691935426810932,-
10.0,10.0,10.0,8.719606546262826,4.303217927419746,+
3.1098404302117344,2.5147425875333704,6.827215926959882,3.5300960305334437,5.131699980478136,-
5.315292925774712,2.700618156904208,10.0,6.9851649979488455,5.264259893946953,+
9.7628379003092,8.849313608014011,9.712646744324783,7.147148185335213,1.9088741819719235,-
10.0,10.0,10.0,8.256869994682344,3.4960191782898904,+
6.873587926816477,8.696722305012308,3.22974274769705,5.787592643861861,3.64477191711559,-
8.611989791033789,10.0,4.1017041110867805,8.617003844864513,7.033148034391219,+
1.220704077758169,3.7125180051102147,8.794976699885527,4.595550216075123,2.995657214060392,+
0.36695961933958016,4.089336433388858,0.5220900245864445,0.08882004878818656,5.8308617180300475,-
0.1947981593163095,3.7373921231134597,0.21613048656625278,1.5840781938909132,8.570559060632913,+
0.2210843658902701,5.204337916966434,0.42183059296249803,3.09003207630047,4.308099751764519,-
9.413019091510302,5.489896730346628,0.30574811275315583,0.0876739503135826,6.73752614592201,+
0.5285872013596562,0.7692217843752289,0.13420011957212435,0.04412541577163934,2.421683293723545,-
5.36502144894608,6.142889105893714,2.916369529480823,8.841414843962056,7.44663391834877,-
5.839926882986528,8.968095269363326,3.1315455931929135,10.0,10.0,+
3.1533301443378194,5.119498098522104,4.646206477833147,7.3086735408065255,7.4046118645139725,-
6.022695887431728,4.613196333991711,2.7598548950338806,7.7474173625689575,7.757467282677014,+
4.739743041797223,8.678668229112498,5.252747242114126,4.93693923739211,4.581418920925071,-
1.1526089263479338,10.0,0.08687019058792217,5.592759927032161,4.6125604468725285,+
0.36328475585563624,8.743116935285137,3.779561330757394,3.9441909270659528,6.198128702522333,-
0.2623029940643905,1.5419926740374486,7.426354459231488,3.814404074690439,1.2934735781655713,+
0.08294103109171669,8.802874315267555,1.6412141986847861,5.928219046405518,1.6873758017355345,-
0.16423628916053437,10.0,2.878355238026701,7.664498368604649,2.205672490592786,+
3.477649999748907,9.437703009943858,7.550139426632239,2.0099104188959704,3.7446208790117064,-
5.5631965930461975,7.661118731599854,4.096284091772036,0.8224599622644025,0.4525086362031148,+
5.2544636548380605,7.021700052434316,3.363269249280739,9.377977036548874,8.255303734258597,+
4.557157376173595,1.2169574736014912,0.9460219887469891,3.9034861124150297,2.516778276564292,-
5.9882232685545755,4.908858100893467,3.6218093736092594,5.679060154913164,2.8760420180984925,+
6.149992139383502,6.788451459311698,6.056728785515482,9.06405320906579,1.0181412121026987,-
6.359436399860212,0.9046594184910706,5.822491568665268,4.828095534822249,2.1803282697393653,+
0.6010550619504064,0.7156406733786868,5.0463659483621965,0.7529632019709834,0.8100766094059308,-
4.7277199237087455,4.582339516619559,7.334417706766639,7.4597321465001345,5.9627197655691795,-
6.540431491258696,9.060372465540514,9.275172157862734,7.553258846639059,9.994322076999387,+
5.546124088564025,0.9691788948910418,7.835710755991762,9.261928855385978,1.6391276754225126,-
5.853854590884606,1.7622773293528535,7.891389277042962,10.0,2.128794088839591,+
6.1338125580278815,5.172259267779472,6.626652594327628,3.696867554117045,6.507280842387534,+
10.0,6.091326310862947,10.0,5.66170920069252,4.81458225227609,-
9.229697269024179,6.2089345475241995,4.141723218817852,3.3292253580845754,1.8331495586783197,-
9.578211769891825,6.119339091726341,5.262216429887708,1.5332268587006745,2.44665614821901,+
0.14880990979885933,6.705821387193744,9.855963488326154,2.2226873752626775,5.5610681235010055,+
0.19553437937158238,7.027727623433803,7.950199584978666,2.4995945611140606,8.233670678562017,-
9.350881942780687,0.28022119353867336,7.537514831243065,8.156810819526466,2.7783337164923427,-
7.427378772647793,0.10829886601263022,5.099498082984905,4.543145933049933,3.935904886706077,+
1.7780097647551985,4.065693685737224,6.961230500804914,7.391123710059128,3.6926750625125937,-
3.292596727601645,6.113571638801001,10.0,10.0,5.6875374825942435,+
6.719192622670327,6.299141365386242,5.256000442992423,3.313453424712552,2.384993470922876,-
9.357667176216033,10.0,10.0,1.3093381627157175,1.5246485693579908,+
6.2116722962805735,8.942904613561439,1.242380208113757,5.5243762524454985,3.0465662342701947,-
9.44217095886201,4.120716998796658,1.7363423482225822,8.931990149466507,2.1955815304557045,+
9.791976577270937,2.329395154378684,4.070066475955682,4.369581005551742,2.715518711588433,+
9.666841079353038,1.6819998632914048,3.55511243373566,1.8064094862868887,1.505973955058274,-
9.943033356512275,8.942331251997492,9.760340121672572,1.5163637229775873,4.029280781523504,+
10.0,9.65538309058108,3.1623917134612345,2.57665941707322,5.684826196046574,-
0.047629960580475306,7.886822427223466,3.169503124098314,1.0137566341266901,2.8301414580320063,+
0.06339286537364405,10.0,5.165072806390754,1.5584851899817005,0.36888788353762764,-
1.973249781059575,6.362128697427067,7.391847608840655,9.04354901754119,5.093354255954392,+
0.17785299126427068,3.408196485591866,3.20889074294338,2.4846703689909946,1.155876230526367,-
2.2533353088182206,6.996618029641544,0.8821667369209407,0.7142201620318622,9.155978649416024,+
4.071865183074108,10.0,1.1923753527634935,0.20756057672693817,10.0,-
1.6957472105309601,1.2135509888349116,9.52026832291245,6.234339392410125,8.128073083735107,-
3.1983161107104743,0.3899020196890694,4.282637917206958,0.22509736387389062,2.776360975370193,+
2.2131073707854867,6.533439770299189,1.6287396150593447,4.068175601809604,9.070609269109305,-
3.591801401646123,8.65406513195978,2.4583837877889687,6.610460642968774,10.0,+
4.626340352347627,5.8212344782753656,2.5611557099633853,3.4672384771775064,5.989741639456283,+
4.3421372497624935,7.959946476938645,4.570385787195325,4.41554116658259,8.648122242329647,-
7.5343569824850976,0.3354043945120122,8.187433940047182,9.995641814196501,3.479909085059223,-
3.224271208273448,0.537836712428864,10.0,10.0,3.016908743953345,+
3.8322685237161433,2.5412280523258515,7.850556249503503,8.80040334215222,9.5631117318906,+
6.814496810683959,4.084841933960969,6.467171325013932,10.0,10.0,-
8.470766775481323,5.366253020793817,5.372063851512307,1.9186460847512776,7.960208542958371,+
1.76934262616682,4.170092238416756,8.274350743295168,2.125322622092579,5.779055448469937,-
6.142259231630063,6.015390951143708,9.791161981427338,0.9759256175557152,5.270977089954925,+
5.213657577084159,5.587275739187338,5.911468890293467,1.281123348104404,8.178077017865531,-
9.23244189299104,4.056201359214877,2.52852804968919,1.4129730475356328,6.727596935874968,-
9.963860087151494,1.3859265112401198,0.787871541515796,1.4830282427727928,8.2797401764338,+
6.578287990622105,0.5007709770610647,1.7943449197916217,7.083487390286695,5.72702521959251,-
1.6257438914535198,0.11150229933944557,0.9394615507012578,2.41531482807155,10.0,+
6.926802476882474,7.298183139187657,8.415838657249212,2.834689651635036,6.391525534644079,+
7.510482046672764,0.9073569415037989,10.0,0.6629695928636958,1.656904412231395,-
3.3499955341396284,1.537413745906786,3.6350989306770787,5.667879453573315,4.288844838513728,+
3.096409779116093,2.623849325045787,0.08873373075230295,0.9731431029454646,5.914791353071497,-
7.660498597234655,1.720732033682637,9.33777467687619,0.4711162991727258,2.1809589714842303,+
9.785898837110668,1.158746788409579,0.3438846723528804,0.2239223968398356,3.4398109106158197,-
6.427127712475348,1.4743127923797117,1.401058286944331,7.671780906200775,3.36774022047143,-
2.4982004592395612,0.0026133447859736612,0.7616017331314227,10.0,2.248563694250735,+
7.598573286732705,3.395429107338972,4.711201039613105,7.399118518160107,0.6575484759334715,+
10.0,3.6701658557162644,5.594573485199151,5.610594327663528,0.9429538629351968,-
5.675058275551404,4.389900701159347,3.9304824407260264,7.147976872191563,1.165717973349506,-
4.270985601248978,1.505842170575603,1.15048146070757,0.4808931282983081,1.5710873221864692,+
4.262462310505953,4.8616396558800945,4.382673540686137,3.703785835697986,0.32559212041189944,+
6.901809541362942,0.12732973874405398,6.252182763314169,2.721272635046832,0.22255214345412214,-
0.5829103112617828,6.070833690569518,6.055749784277822,6.820030895574033,6.776587255030149,+
0.31655063198063754,10.0,7.450263817423785,10.0,7.25505358703878,-
4.756774913540021,8.140098821499091,1.7230702567428469,7.154745446365169,0.7314316445095925,-
5.010253671205081,10.0,2.8166493561475936,6.1607377856378545,0.30079546120775763,+
6.0290182875473155,2.6010983611054805,1.8028863457252142,1.284512086931252,7.734645343356805,-
10.0,3.7326862066237663,3.083415859897267,2.1651550962722155,8.098402737125165,+
5.368732812697111,9.807868720383777,2.694868844291096,1.5770694193425727,6.206576259212749,+
3.7800376866447425,4.03509858593515,1.9372359598463527,2.0716829029082753,10.0,-
5.34408178190594,3.1845829623426813,4.507485449563399,4.6627445155583045,3.2339273504319124,+
0.9229097083278143,1.7180799141353515,3.0420926934066475,4.0741472132700105,0.281253233948802,-
5.77832733558912,2.4597611921769422,6.53214950400063,0.06959112646972021,8.422521522162112,+
6.087711557061524,4.2848395480145465,10.0,0.11887967990974654,0.9537633325368962,-
8.7649529197266,1.0939898202174536,8.755610368218182,1.3050137922775673,3.083603991981394,-
5.367290033265087,0.06783929559479983,2.9478200248857718,1.7710547932940952,1.4716346591295928,+
7.439318842858001,8.185329798562025,0.23228747317744713,5.795759763239785,7.9784941233757785,-
6.186118801606159,10.0,0.3424176061199172,6.024394595068684,7.247336710736256,+
0.8052005843204124,4.009562171122556,0.9056675034135309,8.923030341102315,1.3622221435912452,+
0.5791883226506929,1.4013728482591414,1.4727451403664455,6.41929404497583,1.4733204966867088,-
7.010723632604679,9.659308995076719,2.877197678684267,6.492249004037889,8.880942755442572,-
4.417926076251407,0.5355833666410639,5.339620233771447,0.20971230374921623,1.511408119168035,+
9.907665045581991,9.26065677222981,3.9931004404046657,7.777952009597259,7.450428903612964,+
10.0,10.0,7.335423183574584,2.9868621822723336,10.0,-
3.336559784517635,8.604966983096642,9.983372430864678,7.501903405577998,0.8701137221157762,-
2.529614038591806,4.0373168242856,10.0,3.7150566589836913,0.33729960464343506,+
5.657707701199227,0.4555767246776399,9.432517655028297,7.6812855362442365,6.935936901562998,+
10.0,0.5569957976836653,10.0,10.0,9.901514949522621,-
8.77722297061537,4.92662769778069,5.658159140080173,6.787686906542946,8.62983100997285,+
3.0064810155377124,2.2929347215275273,0.15147547444621257,0.8062346772759398,0.16526947140434922,-
0.8467766737639459,1.8624816659396815,8.160821652120253,5.2047090239667115,2.180317508111438,-
1.5731989334177905,1.9104078457442941,10.0,6.784948780660894,2.4551869523855214,+
2.881163182006871,5.536035123760473,7.796567673365763,7.369521183205893,5.2290360988589955,-
2.99883748073463,9.920089007108935,10.0,10.0,5.661554687862566,+
4.588649414384967,9.922750466806061,6.745737920956097,6.6008188376636525,8.698525446411473,+
2.085741865744338,1.5745189843024656,0.5356943633934568,1.8646239152987456,5.349680102433017,-
6.827089602556916,7.665968684078593,1.13570185259237,6.4301830737844154,4.636890308315854,-
5.920807917612244,2.8625529603568767,0.9568704670898118,8.449957575715109,2.0162850164275756,+
7.843011827298362,6.679934686811321,3.197483360416925,1.989631427577545,7.667723085170339,+
1.739927115339437,4.596881380700364,1.768059880090292,0.09058612668762181,1.24039261166924,-
7.675909543364429,9.495854211956306,8.882781254784986,9.42161586786345,5.8660640326686515,-
6.657260917570615,8.549325498274673,10.0,7.658486062076991,1.3328462049348064,+
9.073044590263981,1.5605401894302873,6.170434122848553,2.476097782202765,1.749780668358164,+
10.0,2.012492068357243,5.369789757238969,4.937348212301615,2.533082446967785,-
7.389828780117872,6.691733318063362,7.7033549880401475,2.8052576754236966,3.258527490190585,+
10.0,4.460997695422221,1.7288712943692008,4.492042770314507,0.3351759786588411,-
8.075200340038366,5.301101135610812,6.285857958710846,2.6260478825850972,7.390602759457155,-
10.0,7.8610339408193255,10.0,3.6180324584752,10.0,+
7.91765537201654,5.945101944887629,6.157175927414058,4.930800429495453,6.636992844650425,+
8.602463812604226,3.0744136375973206,0.3898590398006789,1.0283275747614047,10.0,-
2.0708903113067323,0.5582088005709718,1.6348677757841867,9.566477269176715,5.296850888304892,+
0.5841608751262239,0.21230461069696677,0.747155808598406,8.411013244816113,2.584473974932585,-
3.708464321205601,3.196029469670668,4.648331743577439,0.43969508812630176,3.9829092146802267,+
3.806914885860797,4.951695191051397,5.962293274551477,0.8545598777442714,2.0091054571628093,-
1.074733355117602,9.778786727831452,0.6066359348374772,5.873236414033335,2.147518825906637,+
1.2933955976046962,9.817684632341685,0.3672361115346184,6.34109462107109,2.6339343168776197,-
5.7878026742863184,9.099715782260168,9.382951622098673,0.9147878008641319,6.353275588797827,-
5.378090446387122,7.233907438532042,6.140245357665259,1.0835666947850127,3.8921732483218596,+
2.644373761172706,9.855967067140645,7.567208407945303,0.8803413932520476,2.1924851074273755,+
2.49797028364765,8.042943614419501,2.0528356900624245,0.7706309139114768,1.0552687976677115,-
8.542477783340015,9.134265666325568,7.440887917322799,4.9426512625581775,4.412703204662965,-
9.76906469995834,10.0,9.140412313073833,8.853221246404175,5.549374449831617,+
3.0962073183470276,0.04280055387428705,4.810483679976344,0.6036350262853529,0.4793961256190571,-
5.085573153814564,0.035327967690600995,0.8803591496125948,0.2602897545789926,0.3144096168176547,+
0.9543549056136769,5.992114957774839,1.1695511403789882,4.916541268547418,1.5303075186770532,+
1.5715235096514484,5.938585823954989,1.1795426597833099,8.897869547720084,2.56513461837251,-
3.3579951309398846,8.384649847080016,2.793517311643817,8.187447861783461,8.801004493702148,-
0.9700926850475876,10.0,1.8465546655597453,4.301398248700332,4.349186987094256,+
9.259399236173751,8.182621714041181,2.0189981990937755,2.0177867313044895,8.42119734891989,+
6.921179168094894,10.0,0.5074520768964402,3.8651523370629683,0.41947179145618857,-
4.111962210482353,6.371676174791951,3.290410786738638,4.764063249851973,1.3439872578337697,-
3.835531617942296,5.595516681963593,6.526730459457492,7.391162135361822,2.4088153621916715,+
0.8407104102805885,2.938605147591651,0.862412781464772,9.936284851291738,6.051688673197186,+
1.0608883294386369,5.746693612277461,0.8240923245334647,4.162818406178486,0.8681166963931425,-
4.914653611951536,7.802112263555092,9.430868889228213,0.13230147166617634,7.167883039831986,+
8.648661620960908,10.0,10.0,0.23707630691605874,9.951496065732606,-
1.5066700059991722,1.7545541287464694,7.213894915004272,6.4816128021419335,2.246124449001826,+
1.6879891965717773,1.2302859208319548,3.0171438201439367,4.897363198611682,3.146161741687361,-
7.773218175449582,2.6761678631243626,4.103143534677227,9.726369737479288,5.517312217444582,-
10.0,2.6491542313494127,8.097776937152789,10.0,4.479465584055913,+
1.2449604793625668,2.9023343150471934,8.815982652349692,2.2038037533067434,5.87108137521808,+
0.688260181953522,1.5016798246922105,7.080059767127997,0.4809838780388364,1.3293989557514827,-
1.7767799764001957,2.3794813140606252,7.715345350555136,3.6003988610917737,0.8096204362213044,-
0.6788273407412835,0.17047068093061662,4.1694242613166645,2.036341525198513,1.3239815740658853,+
6.323185348753652,0.79326936377067,6.440241588282448,5.342778530282368,8.516841728594168,-
9.840608706874201,1.3262898898729951,6.21197096051334,1.1100675420097348,10.0,+
5.930496169025835,1.196091231252775,4.147010565588283,7.262507123418509,0.399472627448062,-
7.049531804058529,2.300946018758869,6.703027154872776,8.465085912696894,0.529225065493557,+
6.716889231220067,9.657483623478786,9.569721302287613,9.132892383480414,7.841663427848969,+
10.0,10.0,10.0,9.945805484598946,0.32943252140726687,-
8.921132203476416,9.433816257868832,9.838866191851857,8.439376229355734,2.615721247214644,+
10.0,2.577112626305085,1.583713486369693,10.0,0.23433934023357098,-
3.6723349678330255,9.629869153426297,1.9144172317321617,5.755247953039642,0.9369555977339106,+
4.941024511835496,10.0,6.629932479523386E-4,0.3386298187164566,0.1545496118017096,-
2.5288745921795606,7.7119805655084,8.422789803238338,3.850727021383056,7.593556422226179,-
4.790895662473047,10.0,10.0,7.002744051460857,10.0,+
3.9477214471506796,6.167337677661646,3.3237537323226407,7.708492851091963,2.541248535222439,+
5.493682968530688,7.366295217991549,3.4682640892276044,8.09597851400132,0.8947314250766668,-
7.534961809539001,9.844472261922508,8.550958297459344,1.1253568506287903,2.0780936029742914,+
10.0,10.0,2.684775876842249,1.080405178355454,0.755936158817564,-
0.3554728768022841,6.936185531373008,8.688450765961495,3.7212697396690553,7.09214507893352,-
0.5570906728296996,5.17791649274405,7.472617024889912,6.896936835065131,8.38040395194224,+
5.792914409812633,1.0969194896114476,3.649386574743506,9.256171017502014,1.0257135122225347,-
10.0,1.0613896840727297,0.1685309776634559,10.0,1.360481205928064,+
7.02450541942702,3.21425901919423,4.148805186200217,9.325113337139841,1.476558419206887,-
1.6017405630117396,2.0260169676553113,5.727066125669209,4.548561389105275,1.239158367775092,+
8.171976879377441,5.1774072943208,9.947185946200193,2.6866965523092112,5.359916764146492,+
9.409603797604055,8.78277661983411,1.5547649327669812,4.828763674128573,9.524231144244554,-
8.579628015180848,1.710365187487558,1.6315880357311707,4.34240238830253,1.797557701998772,-
9.429205663058065,0.744990176380231,1.655205431292418,6.83153305833642,0.4745298864473078,+
3.8204250745567347,6.46754295387262,7.824914523677069,3.0022665888960187,9.731413580355664,+
6.753697176076863,8.29419102978212,10.0,4.336929143282198,1.9818676039080678,-
4.55676891215779,5.485529862819262,5.724514150869323,2.1135672151934513,1.4932162066595,-
2.85825972608914,3.9036292131239323,0.7478052609026706,3.694719274423893,1.2542553701355792,+
1.0080283988526606,4.5072704554615655,4.395553824359549,4.55764288370156,7.721207266582066,-
1.267022389977553,5.505329948084583,5.450938944592398,4.774405390499873,10.0,+
8.52841411357415,1.7129034544003707,9.84630676115602,6.64796746104536,5.346169307736897,-
6.258584240851953,0.45348956420643877,7.741894724772705,8.645338648519324,2.5308316461989633,+
2.914430014197116,9.582865967995662,2.88344138995146,0.06471242167660152,9.597182519359684,+
1.9869448969443853,9.514974403656636,1.1189892139212643,0.11857925254127945,10.0,-
5.400044819978913,0.4247803166424313,8.635145237362703,5.461376514839872,4.421764701389835,-
2.781595325806325,0.4214612292229156,3.656096485112602,7.21411356089312,3.4061446731673155,+
4.177643238904895,4.690556894805741,1.660603162788098,9.857270909891755,5.442650468247997,+
1.7884570342525812,1.6994670244147014,1.4934996059109473,2.2460495202327913,2.289139609196847,-
4.067070285395785,0.878677123736491,6.744921090851723,2.3848770155141716,5.265206962175996,-
3.386568852446015,0.43386726472880943,10.0,0.9541533550021786,2.5554450701595415,+
9.129716778852368,7.892494664034112,9.233643147143187,1.3704415279152127,4.862905666299767,-
4.854153256964775,8.322225317021575,4.7116916766894965,0.9434704375885419,4.312459754924998,+
9.124772890799845,5.720844278620014,4.265940278862725,6.05724818207245,6.7618616137111385,-
10.0,8.740057020023919,7.11339645448428,10.0,9.231734509993021,+
6.0480504547377025,3.90097961396029,4.931306899048456,2.7213629540368656,9.863787014414367,-
10.0,6.675905131385303,9.104830591481885,0.9206526945834811,8.710854602507892,+
6.553152983638379,3.367352756724178,1.2698760918770813,3.9773449834024346,1.7917424707779162,-
7.607693697264633,4.048789630555909,2.140411817143095,4.69196633342911,3.0807569394378223,+
2.9560529346793674,8.123849167986698,3.448614380583054,4.1895786731897235,7.27455576391975,-
1.1116500176817805,9.019317534093132,0.9267256794951525,7.60606701722049,9.42328022101389,+
8.274817242804408,5.5558131483658455,5.213209281001491,4.988741802295112,0.3491752389475056,+
10.0,5.27060428830981,5.381295259175789,9.846380119617832,0.44846650906533514,-
4.03582196611969,7.982345391777127,8.026418197818753,2.1806273287954694,0.5182679576368532,+
3.307181387999849,6.01014577406744,0.29917639703358995,1.3947555339011257,0.01769608297933273,-
4.1876502312108155,1.8690660257954894,0.342470348862125,0.36271590649084917,3.3806269969781457,+
8.222337291565252,0.6656085571620644,0.6022960382027731,0.7015886224757584,5.569433017867753,-
9.411904875016067,7.212246260029294,1.70562863926484,5.863633452787007,4.3072333363930415,+
9.052156825570437,2.084447662118425,0.8610129874167567,4.373327930535286,1.6555060750394968,-
0.7360037613902792,3.8970289734042654,6.271069183928506,5.904561603869151,0.23856147536602923,+
0.28030368319149845,5.454892655566161,4.619705068070074,5.7319952877291644,0.30275293803038605,-
2.022497174847395,4.897195307120109,6.031503282463938,6.637873431363651,9.039131400529598,+
2.4704729757703867,2.843904024970093,10.0,10.0,10.0,-
6.403700248082524,1.8577461377183868,7.364115647944027,7.943580267254559,1.547374897350181,+
10.0,0.8124610533670826,1.5805504268022528,10.0,0.8878456876598806,-
1.6616357294076856,8.060294332442323,5.897811364382282,9.983592393769792,1.3208143437697295,+
1.7223678829962943,10.0,4.5575440442392825,4.902149075792087,1.695724084341116,-
0.08850536119504482,6.710941815618311,7.969279307198663,7.866748843794612,1.2286186435181967,-
0.12188313131412751,3.5562771141339447,2.778256381958768,2.299802903280559,0.07472122071446521,+
3.661247687973791,2.022289161105867,8.70932198812997,0.4559407117949621,7.085937313778441,+
3.9203975662269164,0.7863522881391358,10.0,0.001972892231661449,4.457574812223135,-
2.8976408268991993,7.178678917944872,6.929937799347279,3.4012222575659514,6.6100400814862486,+
3.202751324957635,10.0,10.0,1.582953003866731,8.278456659110269,-
0.25966654118456,5.594103994858308,0.7314775492744685,4.22702221089196,3.64837669900394,-
0.30513411009920166,10.0,0.9025294292762185,5.017795099853365,5.597064139527222,+
1.1524756493128452,1.7536289756104728,1.5754460972296658,7.923595686569744,8.76444654450648,-
0.3218771568495728,2.076374900880095,0.34808006727016666,5.157240886037509,7.102478995035708,+
5.990579151797175,6.381466016243315,6.467864845198542,5.131356663775452,4.1471939743618425,-
10.0,2.5441023978402697,2.990471971149951,9.944035022601838,5.420796210379182,+
6.614282815692497,3.3506534600447213,1.172662361456669,9.441550340147103,2.2637242752315934,+
10.0,5.86915270279444,1.7086209835565018,10.0,2.6634559605838253,-
4.459998409741043,2.5749726931998884,8.595106991507746,0.336237200766103,2.934562711402795,-
5.418247915774101,0.04234883701884044,3.375270466701949,0.033512337600815234,2.1837817917139364,+
0.9453367604733287,8.091201463244444,2.806839293586376,0.9844531723868666,8.221873642477732,-
1.5774407284840775,10.0,5.116211781108991,1.5996671167509857,10.0,+
6.869726661053667,2.856452696296138,0.6290199937511276,7.874973185743013,4.431293212890934,+
10.0,2.751187797412393,1.0953611982276308,0.245379950544363,3.8599457447489063,-
9.687287036133451,9.182988914672531,8.956876309152458,7.435124655733968,3.387270253084772,-
10.0,10.0,0.5083261755362564,10.0,0.05544535422953082,+
9.163356751240507,5.909148550478676,9.524669598622628,7.536685104993581,4.527845271926139,+
10.0,0.6550701702269174,10.0,10.0,8.884491940391474,-
9.844636422794883,5.868687746708229,4.431335722076959,5.5252851647445205,8.046993086873469,+
4.165342054122623,0.12867970024245162,4.014869901785515,4.81345261370036,4.7089555231892914,-
7.105852459015494,0.5467329882884409,8.540870982530635,0.9650934492713459,5.071467343267281,-
3.243461229586661,0.34951083890023704,4.410722315447667,1.8335300059139807,3.364832095473279,+
5.119247483878001,5.150575288789224,6.511353464622966,1.9103207921889698,9.899983644774087,+
1.780964369134898,3.199470375060883,3.3542582309706797,1.1148391199664711,8.209773222399393,-
5.0032823084865266,2.7631143070416186,1.8826129920353551,8.372027386126033,3.850372091411657,-
7.79202026498509,3.5451303108259316,2.4548235250466117,8.625249521871563,3.9646879246149305,+
9.214470639473927,7.643101920767097,2.7656563181712457,3.518827795266941,4.9692930947227225,+
2.3912946570911475,4.480053213942315,0.08673144951819,4.9615667081513015,9.839838730792602,-
6.645611755533471,2.70720636486839,5.56445624330176,4.105305673895323,5.579766103393887,+
10.0,3.752258025205725,1.2264116835580985,7.3294005949529595,8.106447474049961,-
2.504951358311127,8.596823527556491,7.411380727793939,3.708650267262813,4.860763719304692,+
0.7018106089769662,10.0,2.980518010515489,5.999639595852073,4.171955492710464,-
0.7388769646637949,1.660974968133886,0.8127833827388409,2.778507685499463,7.22156219774921,+
1.3309884065090312,1.6476529148155157,0.9632305320263144,5.166568892994075,9.871504770836196,-
4.8416123760686585,8.059332070468963,3.081909695368028,3.7461570299732747,3.7908291333102873,-
3.725263013013836,5.292085298842583,0.6910618209690371,5.993345831306884,2.3921837950308227,+
8.620336935152487,4.436223006830091,7.212798391036246,2.4598715049118605,4.763283895850474,-
4.127851660658948,7.461256783262525,9.585246075960304,4.228188857539186,2.8918912181306915,+
5.824087148490674,9.737463717353574,6.686915191541564,1.9168353747704037,6.321204378875214,-
6.1473135546222295,10.0,10.0,2.8116754883855797,7.730401994273691,+
2.19316927372882,8.217042334093502,0.9992246211038847,1.469383588701455,6.133198381780504,-
0.7886272030915921,4.210051283573458,0.8213463781854299,2.409258262704198,3.8123601576374524,+
9.673065451413107,7.256013039170637,7.874894393376363,7.393834306772858,9.353067832742306,-
8.27734318947419,2.2712187218864597,0.899887558088957,6.714881210609021,10.0,+
8.062881585282609,9.907896137463124,9.439146608732445,6.232577582363087,0.8958742132688691,+
10.0,5.093378118261716,5.2949338230867005,1.7927597632518517,0.4447595842444414,-
3.24022385461304,6.965445474079363,6.876086030654297,4.511005167516454,0.13318941881326873,+
0.2558071166735405,10.0,6.78840673890388,5.068934275703545,0.11360711436880314,-
9.910769373230089,0.5583392800108689,6.532026386195487,8.718497077383862,8.04669884134118,-
10.0,0.8107046322378937,9.416277295223853,10.0,9.275542714432051,+
5.7017475770997175,2.829373200329731,5.2931355650610366,2.373945017054985,1.1808463553222748,-
0.21735249266983417,4.769908259384134,3.742092899985478,1.6208754835822918,0.807398535524758,+
2.995326940231525,4.046919318758489,9.909502487513658,3.0131615818457114,4.963836134316157,+
4.36924902443874,2.2169040546993655,10.0,4.526823689764899,5.755327049300472,-
0.3531531179606273,7.758449699544986,0.13636848004083713,3.460658347570199,7.375059461825732,+
0.5772743373890216,8.209470963323392,0.014913483209328022,0.5270142054926251,1.0941895083705109,-
1.4537056023034667,3.789839401801135,1.1645844388297455,3.555336562359538,4.935317698466912,+
2.474281663806478,1.652940260482426,1.6011033700616057,6.428901155958492,9.28232307808556,-
7.913544323783873,0.3726327947721031,8.306726605833784,7.216069744612669,0.9797432860256117,+
7.519281060823919,0.034771589701030024,8.142316811428136,5.039955215154266,0.9013968487538482,-
7.946473419666242,7.14066909705812,3.9782548500060964,0.20893462301776244,4.941369957677067,-
10.0,8.754009684976785,5.861856085847406,0.2549467419994467,8.306582087971174,+
4.175541104471165,8.170991642277809,2.9822387310518117,8.276477496883293,3.5348852646579045,-
0.19684314584124885,2.015765920879756,0.917444297686855,3.6903699892554758,5.832614870188634,+
7.263777998752207,7.604623889159395,0.9248078204933863,1.2039745901444376,9.899785294133743,+
7.884192086824829,3.7789579297956197,1.1617047124624835,0.5161714566878539,4.019597757876926,-
5.077949838139249,6.197192186356165,7.444493616247056,3.119310737040494,8.652121446899075,+
5.091846097947706,3.327502730478967,8.461199141931958,0.6025613815725868,10.0,-
7.107004489533378,8.875642601010187,0.424073460480322,2.405975445133526,7.284937715167796,+
8.654755886533211,0.1558608802422917,0.7827194483162441,2.703875180815361,10.0,-
2.2215508114620572,8.95011185227447,6.508320391006008,7.6133120257518545,0.5134140002699994,-
3.293688032174053,9.46206215439266,9.95706587062304,10.0,0.6867619907930831,+
2.376766778863648,5.459201631128087,4.9073798194771125,8.10911435752591,5.412955335867449,+
3.575302157176869,7.350418049005822,6.541037256397755,9.695826701110732,5.232379260688726,-
9.864441751182918,4.801343945859405,5.589598853915648,2.0685821059326903,8.64852518794257,+
6.785873210641109,4.48161399741783,3.1140268496676944,1.154810054501039,7.143546761894325,-
2.2683626269375012,3.4779057362027577,4.277026578130146,0.7366613080236051,5.781669953676025,+
1.3252372610674277,0.3427061378280464,8.180077733130926,1.4101984120900597,3.088574953841542,-
4.579268126790077,7.049664831326293,0.8382023669976235,7.616317172466468,5.228072800256608,+
0.9020398985823884,0.5089508928792685,0.7358648834671793,3.2871583350190643,1.9008261039780683,-
2.365625705064126,2.272555418076311,0.10076506224318549,8.22045279919952,4.268422376297508,-
3.3531745075262,1.5625118955174773,0.06558774638957703,5.079596403891412,3.7727896266404537,+
0.871922314079302,2.023820778120272,5.80469294434791,7.618721248278032,3.0579497934144095,+
0.04920953418577324,0.7871062355886008,9.218746488873208,0.7573051682006678,4.696934148905573,-
8.602351749728461,0.5186728760405312,3.682744022282148,7.768230461982796,7.026521407778179,+
4.929772163210751,0.031123261579049384,1.2865428314909064,6.442159377869703,1.6500441398587178,-
8.612400495014409,4.714326700852772,8.542485033776224,2.624951753781357,1.7101844497487095,+
4.80237719365743,3.648680141646913,2.325879470362618,2.487401300408623,0.27850523478523137,-
5.365151501968017,4.433083660187823,2.0712652663234756,2.038857077171964,3.1698549512655383,+
8.325986969495508,1.3175875254656235,2.9610350922360866,0.6928974087025401,1.4637668067556682,-
0.9838021433453037,1.6235122034861682,0.8430725642842307,3.2598898155512557,4.421531028978639,+
0.8105740634995848,2.008539295654268,1.195086920978029,4.422140789740751,7.41170583185836,-
3.1902023526017267,5.415684092493654,6.556876799773043,9.894568951725859,8.365065383361125,+
1.2329638406302763,4.011161693505084,3.555931706038361,5.547224267114974,1.3959564473496677,-
4.68870463114921,7.05922491856909,7.095283301617362,5.120405351507187,0.9082495719724382,-
7.1098942939655485,10.0,0.9297143883717169,5.4645515096209945,0.5005566569157511,+
7.959664520736521,4.523462927022177,7.7503342201406955,5.510334985814915,4.145919445007973,+
0.2036284200906382,6.063024227364347,4.527643852278709,10.0,0.41149358039859796,-
3.4529290701500495,0.09292023660020354,5.97554479399645,9.890747519037049,2.6590329906833077,+
0.5853879985569905,0.1597171010862852,5.37695069489517,9.320920102794409,3.7092782985691564,-
7.474399899804945,0.13902706221056826,0.4650070997959088,0.7296166551495598,0.45886474140761746,-
10.0,0.20074421436087558,0.26010901384596946,1.124136606142027,0.337088026452569,+
2.530874595343943,4.9382428468449655,1.9315589949608847,1.6517900126441543,9.601854194952221,-
2.6207934356864437,7.47130792857046,2.836519224571645,0.0051352634495632305,8.765543694841579,+
2.7378967809376653,6.558215197121935,0.4563706357483821,4.597607885429258,2.4116659290729894,+
5.405492414701361,2.1160367549527117,0.07946205689334328,5.773249960258952,1.6856099514359415,-
9.089715796556915,7.971836591394695,7.9176603066445,4.10028198118019,2.511721676580011,-
0.04547975274503652,1.0795983644716385,0.7422572572229141,3.1301018215524907,4.252037643610352,+
1.2823351383573345,8.449395939021661,9.678792899399097,3.892862469639252,2.1060192788487395,+
0.8049550150389119,10.0,10.0,7.476573799087126,3.6616933875445294,-
7.301901967665325,0.5494807699806825,4.69774757231508,2.5025698856005874,1.1651886760667285,+
10.0,0.10101972610648985,5.556059230708333,2.51577460772589,2.164572038035724,-
7.042064260796246,0.9727795308437404,6.740071219220973,5.194838792875722,8.443077865212596,+
6.01035988109075,0.11183858336900242,2.213012325445116,3.2178598348627596,0.730665407059613,-
2.4769920220566686,5.710321374990927,5.587648136004687,8.728449650714712,9.145048158040085,-
0.39716977019893346,10.0,6.51934393836983,8.294856466183022,9.831718445259812,+
9.812299617752693,7.601307134446027,1.3214960388386987,8.539441013169506,3.430473389997016,-
5.520173017545847,10.0,0.3870410110192585,1.0251265144194677,1.2593527090286518,+
6.198641760333916,4.217529106292206,1.6602689596118192,0.15445307403749386,8.796898951515145,+
10.0,4.268940920773274,2.0303236983669035,0.30486497328899664,4.3208442277820405,-
3.173927126506765,2.6650443357772033,6.647598666425169,1.2007833072768836,5.573509826590785,-
1.2170618719403419,1.138295177088283,2.8676218381064316,1.7670985395337997,2.118036558422284,+
0.37530758901542893,4.092195014524461,9.678137755928764,3.3570618385955986,6.904114872386923,+
0.26984537560053673,2.8202203641021626,7.79715331958599,2.9672380080819245,0.673059656934322,-
3.883210190876234,9.794957984148754,4.039932492969246,6.971106206444217,6.678051396705876,-
4.829676529215463,10.0,4.9394232977608965,10.0,10.0,+
1.8102083501869315,9.356953556526717,2.4181528583066045,8.33283462825333,4.822506854699025,-
1.940893329570038,10.0,4.5132227492621935,10.0,7.676201135062172,+
2.196438813696359,7.849037587436666,6.6787983632454555,4.694420704098505,6.839562739028779,+
1.7865155415680667,3.701705637226991,10.0,8.182380593321263,4.096145835868988,-
4.865490533944091,0.47351003535202496,6.601826530071905,0.6634269788532565,3.1679084913710778,+
4.186118645169601,0.29915887866701346,5.588938411768185,0.15748880061432283,0.6648161765847065,-
1.0592726548496356,4.197340707139906,9.49931592484987,4.830529783418374,4.260541757576983,+
0.47083244141317315,1.4974870361441237,3.7263859942919537,1.9279904097013474,0.447906728206773,-
2.4338518559685838,6.926087412933461,7.061818233476952,1.5462964415098024,8.63813783222445,-
0.9643299282587591,3.4084344011336687,3.1786015070002853,2.6800202193985854,0.11097383683564087,+
9.870723208532885,3.612572468483396,7.435453790559975,7.413519324512492,5.9713389494011295,-
4.642982617637666,4.679871821449742,10.0,4.097333612999812,6.1447751029921776,+
1.333396067788002,6.605747181816943,3.8490599191249073,6.481752358832221,9.197753180148899,+
1.2273793697843014,1.686907393299741,2.7722462261900884,2.4921158204251643,0.7312299764950388,-
5.526414583930876,7.9344291176925985,4.4034616903461865,0.8586832464745364,3.2600465267717507,-
7.478151081483479,10.0,2.5638796728704354,1.2385508029803585,0.2369424767448867,+
3.790241583853139,4.554762533672829,4.308874827889422,9.482826225672772,6.296809272950972,+
0.07639666456253501,4.489964018322537,2.9517328141519643,3.17347048571382,1.8269909168373286,-
4.543592808168625,9.937727307455935,4.690570252245628,1.0785204313188945,5.174540607741594,+
3.4855501513000724,1.2259743085905115,4.329265909174154,0.3524810233452449,1.4639695740772067,-
6.653633274845853,2.4822627052636506,9.775991165237139,7.050733055602624,5.529057140776729,-
7.72339408771621,2.664095323389589,10.0,10.0,9.222313674221953,+
6.832951158277373,7.423033403833511,7.444405825632241,1.9922434100775632,4.623824092549047,+
1.9863778194953887,1.4160565380986412,0.02977277245716768,3.550194118807984,5.464240301219793,-
1.2793179639338026,9.07135139734591,7.196647649673844,5.735858130150232,5.42444652381997,-
0.296045834991472,6.508565724050234,3.1780112437479273,0.45262772248872035,6.674763338506404,+
8.623274366916599,5.660575409135347,1.651818795210338,1.061947324613145,4.4689102582224605,-
5.0963798948330075,8.65689305946521,0.9434678079057152,0.6535023214562561,3.471674600084515,+
0.8217338989569822,8.359028483763206,2.4243001185313906,7.453165568894489,8.876405523152552,-
1.5506821793532228,10.0,3.2231191210119308,5.328780458179879,1.237091487301597,+
1.3351310752814805,2.1949516383825616,0.17771476201548952,3.5257484936313324,5.036866068790542,-
1.8020208251916767,3.113772144817092,0.2211372821009374,5.753412662739956,5.484571004451773,+
3.861496897376364,8.450905610575605,5.289759057221398,5.832327539348096,9.788260492547298,-
6.009899184041019,9.115659135184494,2.7054726074797952,1.208430212035769,10.0,+
9.734285018610798,4.61634566771414,1.9809415914565731,4.175595031496805,0.6714194827978281,-
10.0,8.299419811799199,2.2166682822055206,5.251013058376157,0.8978285979108327,+
1.6484121852333744,7.387775720845484,7.634103957853332,9.34354935723126,6.967561799514138,+
2.8220565732124414,10.0,10.0,10.0,3.822304071439643,-
7.923281878840993,4.184411106858975,2.9116692767730976,7.294962092733219,1.777749395546705,-
10.0,0.6612972396289847,2.272991736671711,10.0,2.1002152767714244,+
7.795642007641428,4.135880180317361,6.25254246422064,2.5659266546968897,6.271825501400679,+
1.5873812176572193,3.808124033067362,1.4801640069542747,5.126557564468683,10.0,-
2.700409845617168,5.6116937608349495,0.28463636184265395,3.5436305568394544,2.2966981455977242,-
2.8995093835812464,1.5590170228557962,0.13661614374090078,5.654458679810993,3.7518799526850826,+
1.2151826332704152,2.7746222072941515,1.9771457150129423,4.628026298992774,4.078481455536908,-
1.771624384440083,4.85532238875901,2.1942218715621844,6.504474264744608,5.102302599280676,+
1.7586057178669157,3.16949003134557,8.290995883778988,2.8641881005205283,1.9264201910919698,+
0.6174324649600097,2.523833802082463,10.0,5.1903989843922655,0.3282038300325063,-
1.9088814891944828,8.078844122296626,8.397729893076564,2.491076935010399,4.548131562828216,-
3.145327659038096,10.0,8.551138179224777,0.3573869037377674,3.2525296971596713,+
0.10850563353966836,9.843297901067897,3.1617977997868865,7.1995551397151925,5.196341715554684,+
0.08521817738206408,10.0,3.5802105684512964,5.741232251296108,1.816105580601456,-
7.7108644973540805,4.21699150416188,2.8923516988558595,4.044422072471665,8.786249973889067,+
4.395882519797179,5.185963975623682,4.564754379941634,4.488425782165969,10.0,-
9.720775131835358,8.362851575237666,4.386603431005107,6.802878606443482,8.324023107538391,+
0.2869433035527739,4.889736582688048,3.0858362624575526,5.777717607102838,7.350953046173061,-
3.833080278305437,7.572594801315073,3.7788457609494,9.441345535889896,3.7150391800195512,-
0.1585960786512278,4.080692474685368,2.6904662304065883,3.7838219419608947,6.178707086026083,+
7.51313377063625,5.066782065709862,8.856865097291418,1.2459104293030543,3.666553430543702,-
10.0,9.536319047304243,10.0,2.1037256592336115,6.2849783048999495,+
1.6468667600828746,9.62212975947568,4.309932509677825,5.092277926921121,8.986480575140494,+
0.924873521254478,10.0,4.047073569476292,2.1745759480679285,10.0,-
4.503445833615024,6.197713923829847,1.343533854026825,4.103841913517123,8.435442990794783,+
8.743590402834313,5.396808904481249,0.005066077209742926,4.67773147683998,0.32549564511530454,-
7.627163760806405,5.615542962139678,2.04194067656982,7.966004765255345,3.655561463351591,-
10.0,7.394766555176822,2.539221816429277,8.114362801498487,5.019859705173694,+
2.7880565693987522,6.309873150472107,4.139924924175747,4.832483471758843,1.9124167017076943,+
5.239958179076259,5.298142749556525,2.368808984308392,7.638591761046278,1.3829420608549672,-
1.3300764193560521,9.610614246747687,8.223899607038483,1.84762784810244,6.793126205593618,+
2.3905869387063796,2.0925573202225447,10.0,2.5268571389375167,8.48643749737494,-
6.060664435572596,9.526173437678098,9.027110731859763,3.951686956894064,9.44634151580933,-
0.004355566667958217,10.0,7.82549079681037,3.7941530958577703,6.602380839375321,+
6.819915570066644,6.566679176341246,2.690895875861771,1.691498111501114,4.293102016183434,-
7.526459601357542,10.0,3.0718964974941314,2.171186410987626,8.003169009352614,+
3.968388849881317,4.666859139090036,7.584787882605823,6.055192473178784,7.624222583385208,+
3.9077963406751284,4.663573239655498,9.263195493605423,10.0,1.1742082406201801,-
4.867154621550939,6.875917010628988,3.5021899819297166,5.588211587807966,2.219365917582128,-
1.346393731976775,4.743867412582409,6.366461443321602,7.935148480230229,3.589561784521157,+
0.9485940389223391,7.72595322448012,2.470448967258977,0.22130920580735625,9.288667649895373,-
0.5686953819515531,10.0,4.858691114207172,0.03561316831294574,10.0,+
5.392253127468754,0.7519301052361294,3.110061528696584,7.710908729675541,1.9178352962349965,+
5.004910013542151,0.08362143912759577,4.626675418232151,2.7786046638522484,2.1891227722129236,-
2.039597019091961,0.7859849776141803,5.763264470042753,3.911556365108165,1.2623562467994465,-
2.3874577444338323,0.8981884273160236,10.0,4.49381236000323,1.3166372880294557,+
5.001965730926223,6.2216965470359,5.620716578153201,6.448641208911314,2.9393737756490177,-
3.67570603279868,2.003120089790644,2.536955122115695,7.295473965899316,1.2760046493605322,+
6.423429849916808,3.6996205395015513,6.525674339334653,8.950866918555253,5.422355827316404,-
9.331418106472338,6.510596243102076,10.0,9.845012499577235,8.489945834872449,+
4.613687885230695,2.9112210486755674,8.648247697292858,9.419411750935604,6.39105295765113,+
5.704865011108263,3.296182066207212,8.114286989869772,10.0,7.792213661961483,-
4.602826057473324,3.340370736399806,8.120640648591218,7.3995348894901545,5.35001359082099,+
2.187964334768759,2.864591167763491,6.077433707440547,2.6186001333058218,2.529350377407807,-
5.371447725607441,9.872064971703445,0.2353027366385374,6.705123283856081,6.13784656912661,+
9.608118020013203,10.0,0.14461399931144522,7.802842544777947,7.92919375169843,-
6.583113650201908,7.936062462551656,3.976759159226342,5.885272662087255,6.091094437540509,+
4.899811105483479,0.26987379343050205,3.8356573114431742,2.7748634172352635,5.003650262081226,-
3.187555958723649,4.401304829121195,9.158576173085791,1.3625497223769345,1.6946994864483245,-
3.042928442093028,3.095476906829949,5.964754465590455,1.0261748861052837,2.1197879439390865,+
6.537619467215498,3.91531339182969,7.6092732728709835,5.576531962309479,3.7258031719307794,-
8.540276438304371,7.296891717660689,10.0,10.0,6.547260656410793,+
7.770149109752039,6.073870370948006,9.438363227053115,0.320926189015146,3.536455362948736,+
10.0,7.246711948163472,10.0,0.006951989758846075,4.196013333312683,-
2.4253542759652333,2.9198482182401198,6.604636155899158,8.151061654854313,7.579032756191708,+
4.363003029382395,3.1922319467807836,10.0,10.0,1.6192160102347444,-
4.365723108674091,3.6145198497048936,7.362599045006349,7.236647645894468,8.426634149154951,+
0.7471248422876733,0.06875088214624932,2.510065998386353,4.624257641739136,7.998806129436079,-
8.389452254507416,1.1565417511794784,9.385028345975591,9.86529716777821,1.6022635346855663,+
8.250806783587576,0.9609532509342531,10.0,10.0,1.0574011011185098,-
8.985093328097353,6.732600504184476,0.8849308891941854,9.547893581338663,9.031848243185937,+
10.0,2.5684969203179975,0.9525556221037862,10.0,10.0,-
1.7149126889665034,5.65888068521194,9.650272286170448,3.4004888525910126,2.995960999499696,-
1.8806475294507468,1.772762917702469,10.0,5.931965099455884,1.7757487107488006,+
4.233737817965054,3.440767444041659,7.488443148109104,5.497402608260141,6.662200936496758,+
2.4797659436779647,1.2605184325784253,3.952765999388572,10.0,10.0,-
3.8112348605853272,2.828350716599256,2.271154118098085,1.1858726753214233,5.93328800975347,+
3.1003155445407256,4.8130026778168284,2.44473620365217,1.2526731895954848,3.445023304427414,-
4.9353799713121695,9.068555382950697,0.6621526315645188,0.4308506547238522,0.7373566189272229,-
4.891856181085612,10.0,0.14660930018261428,0.7760534515598011,0.7687585931277208,+
7.350758122719361,1.849995736923894,8.805242956691481,8.67436782394066,1.6411758048556158,+
5.375452786225492,1.4259164101117532,10.0,6.201952912608006,2.451329768777337,-
6.565431277198808,7.801001148316624,7.771643384966346,6.287154257752085,3.151740994756419,-
10.0,1.4403353924464364,5.569867313503849,0.5631169124701125,2.946786966352557,+
8.076169895259472,9.91345295416377,0.6994794334952359,2.1417071598213333,4.123261516276539,+
7.067791305019921,10.0,0.6577752565822528,2.1651689809428905,3.738320060860896,-
5.941270687894631,9.747987888690407,8.140639774668122,0.44964486404933557,6.7108955486433235,+
1.4056506357335539,6.952897142257982,6.374862101705585,0.3223162950763429,4.080652254195054,-
3.1680573125638025,3.404274367230901,6.726867828625961,3.105470455335918,0.057202525812311,+
5.5545239601553416,6.669462649571372,9.63487197133498,5.668149131366247,0.020499258612944854,-
4.1750841784264345,8.898087129246722,4.993772646920263,6.978306214564384,5.765255799666678,-
2.5010896135389404,3.154170125159188,2.610868365277803,4.175233629846842,9.030357411628815,+
2.7605310470902023,1.4639939365618937,8.412787974810247,8.107278975278557,6.131057637161134,+
4.391126768546339,0.7710366659327669,6.790121420366802,10.0,5.942426539733486,-
1.945406177962723,7.605225384579177,8.66919045155408,7.293800457597647,4.871526473377328,+
3.131270081086583,0.5055392869992932,1.6951853424708172,4.786475588695202,5.097627421491191,-
