1.3053541340927832,3.1517535871246882,7.312570180785778,0.31856253990853567,2.20287530745634,+
1.6425002264591968,2.7401413614900765,3.7172405656664305,0.5955164623584184,0.029272564538100263,-
0.5654293561070356,6.403821402618707,5.867983018594787,6.717380199651833,2.466908815137904,-
0.43485930740715284,10.0,3.9579345750823536,1.8417320095769838,0.14330887152971591,+
8.387658836380997,1.6493538568853416,0.9257225701752403,2.9817029756540347,3.2968010036192896,-
0.04596284938828364,3.055140896342441,1.5618781663841599,2.0290016165726064,3.612896552851679,+
7.941099004114978,2.98803475987241,8.98932296704458,0.692272569284873,3.472432450728724,-
10.0,5.509087648053509,10.0,0.9916000984299512,5.402305304155695,+
8.303208962988558,8.704760186425913,4.053959678555296,0.6349550248405544,4.5506949404351005,+
9.492361758266506,5.16400886943692,7.912945703641923,1.1535899523522242,8.624743633181465,-
1.3341741230970883,3.7783006681052553,8.697575141030352,0.43171766073110907,6.773856401585215,-
1.4162859372587806,6.206663144095325,10.0,0.5585883069664189,7.973555990331255,+
6.9335177038073645,3.5149572223577783,4.176132683849953,5.167168085559856,2.0182845153426063,+
10.0,4.775922578093261,8.063104213720289,5.201398821259331,1.995245208224436,-
1.7488559159822004,8.72332245222695,4.514432895493038,6.406931154042457,0.3405125193957159,+
2.965732428044138,10.0,7.074686353313288,4.017448456487388,0.3639823032099832,-
8.205719447253765,0.7159234272787185,5.515961236989343,4.643052377768257,8.501792079958246,+
6.991130128716884,1.0947358607155542,1.0865109409688878,1.8264885172821985,10.0,-
1.8525394298020548,2.964266589041038,0.2221297800668698,2.582575508853785,1.8399682472058099,-
0.1993086758801613,4.5310357346213275,0.05852262702788633,1.7090082579907242,0.3370431497902762,+
1.60807513533882,2.7586484815726453,9.840288777071484,7.1521312027259505,6.4706715134831905,-
2.857294651174142,3.576663493780078,10.0,8.474259455836513,7.448398989561969,+
5.2928389967459335,9.890280122521473,4.80656889546267,1.0837849162283975,5.831397619404944,+
3.6496239810309783,8.283915174907458,4.46387128736339,0.08173587086590313,0.9606673108688443,-
1.504563453134442,3.226497915946378,3.2216923573109524,2.8616790058365247,0.3626638310225083,-
1.3183291868723255,2.2026658052478942,0.058499509331112844,2.7650505028950314,0.6430553885904343,+
7.652006732938926,2.2774426027127515,8.897541667589973,3.9264164115177023,5.1931009681252736,+
10.0,2.5700898465469892,0.6420085046839583,6.420799148466704,8.387674239326184,-
8.586281163368557,3.8393378592065117,6.6042883240626775,1.3366158427942998,5.810569252397353,-
10.0,2.116949797510119,2.6151138297749834,0.8775819140200226,2.639999204158381,+
3.380380554149822,4.681681828525505,4.811005273321076,5.431768591346411,3.293141188826063,+
2.416253435904135,6.6932292458247895,4.81115615745419,9.676847076539682,3.3006193052712156,-
2.6330089022636227,1.0861090187005429,6.569418379289377,8.100055723908937,9.172975842509352,-
1.7677797263146313,0.5588726725017844,10.0,8.560027057276116,10.0,+
0.7548011369907581,4.17058806251334,4.72451826055903,4.361813458088642,5.16583547323709,-
0.6860060945933047,8.226244553353348,8.257046819566368,1.415754521282163,8.012450454069828,+
0.046467564508672066,0.17150709506596362,8.708851740972296,9.481051667881408,9.131119404122876,+
0.017408526011790118,0.14372748135668284,8.50265285387544,1.2084766973880459,6.16796771937652,-
8.518009359831035,2.4548463771001607,6.858474503754813,8.052750190324309,0.22091602062108695,+
10.0,3.577736740683753,3.080827111811949,10.0,0.3402512978331194,-
6.8153401364907715,5.100739523030451,5.9424416845317465,4.712206344824351,1.0132251136496506,+
3.919264491628357,9.177722781362174,1.5089620443192728,4.053619996475687,1.2988251172502578,-
5.456439857200456,0.10134591767527956,4.955128379503631,0.06297962692396131,3.349454422905497,-
3.5315178904463966,0.12724125236259382,9.78133538268581,0.12055323400035708,0.33321318278250533,+
0.4114889887356654,5.21540575205255,4.485162356923087,4.485102566453113,5.386911771077976,-
0.7794179946565212,8.028094270814325,6.522483867882862,8.429515673725396,8.816147460209152,+
4.756970067295279,6.144686132510554,6.772353529308756,3.459380230363902,4.450355177883497,+
5.171110738964986,2.872939297748252,4.404394959453476,2.7855252711404246,8.37844951810828,-
4.363406071962038,7.755793196246663,7.254065622140992,4.0128663636631,1.8373382167418562,+
7.656490429833487,8.112199658492138,10.0,6.45615138582427,1.5950105961313579,-
3.950220579295295,7.238602756535764,9.844109458828514,1.1313400959391429,2.69093823098137,+
5.712234613456025,5.822722126747217,10.0,1.519280190379586,3.9333916362712893,-
3.1754454338794877,1.1797396884702815,7.601796012246313,9.630435786413658,6.951650373857627,+
5.143512042519504,2.2478725213515616,1.9714907965659398,10.0,10.0,-
2.4987257477173963,7.1219188575545775,0.9221303093172084,4.777689968671873,8.784358574363653,+
1.1034321139202845,4.473627556185313,0.1569791110944852,0.6369523854797797,3.8006365060379044,-
3.9543302897647834,3.777872886563375,6.663313011749618,4.025021987414082,5.0759549587759025,-
1.4101911594501355,6.426525315985577,4.5559555320770615,6.52108045054775,8.538883372987675,+
3.964117537283005,5.926231542146956,7.20778120586842,8.828883482727703,0.6969491159714691,+
2.4024168328325994,0.9440150332964118,6.622846919584861,0.4937356870425792,0.5746928627929814,-
0.4167126279365352,7.789743285384895,5.496748308174437,3.6096171220729625,0.4610888916258171,-
0.6285226486529144,5.568332258529848,2.508383615757326,1.1789631997637966,0.24549214107615083,+
5.227293403710104,2.475690219728268,0.09409549859466959,4.157146082148997,5.436735503720941,-
6.724048669865219,4.319855278299458,0.18531568750330352,6.032659405609017,9.700232352089674,+
1.1309346596783565,3.5088100268213704,8.432257672373003,6.3623026275614505,1.4395164081495682,+
0.9335003180288673,2.155297245822818,4.8547787616795715,0.23601085701436736,0.048361697807495614,-
7.581719447168297,2.0986685678186467,8.54539254739717,2.339758949040043,7.189115165337123,-
6.212286108647982,0.3548077523447773,10.0,0.6560111439524323,5.982601447535043,+
6.426734089663641,1.1968384822424416,8.164106857438112,8.204758683637106,6.747658546095331,-
8.907592443236341,1.3429250434070696,9.070896855013906,9.034188807489905,9.432811369345616,+
2.443377288253179,7.25395023833847,4.746988846523759,4.486253848974174,0.43054738256848135,-
1.3778290469254126,2.1805115935695323,5.481994178260148,6.608811313044257,0.8155658788584417,+
8.470417773724362,5.466266836204329,2.139468062393466,8.702300522626524,2.020221784424374,-
4.405808053252957,2.9382487278183262,3.7080967426113873,5.254374529850339,1.7625109238922767,+
4.189274873338236,9.752175494225103,7.753663638778759,4.601293915518683,6.282189241729349,-
8.146154759774364,7.334645200409521,0.23956819805669205,3.7013252543747956,4.719229057061711,+
6.599098662624227,5.252766615448651,0.11271143715523402,5.694007631299184,0.5780872809034887,-
7.9622653229874425,8.147178202629327,0.18722216184479146,3.6324001069787677,0.4538179993720417,+
5.876843972640295,7.8657659146901775,7.549676978399617,3.5827218583535405,3.5749186293792254,+
2.203861319123535,4.6852973595765866,10.0,4.545216719254329,0.9977026051618871,-
8.65476335899214,3.0283945117270017,5.144996522115228,1.4986687854373915,5.993699838903554,+
9.529989387319992,1.8123581019614545,7.800706918169844,2.660392854347995,9.762484606929258,-
7.4351249809966244,0.5179386947202835,2.750968645942873,9.546539334496348,7.194081359331554,-
10.0,0.9545338384392738,3.431243480062925,10.0,8.73983474012285,+
7.330466423644218,3.2086626724587166,4.693975968650875,2.0522949924895606,6.651157060542053,-
5.897751010750445,3.2716428608501293,1.5222677778356035,3.4954649178925346,9.284446818576717,+
3.0275005100323558,6.743925258622311,5.980492579486288,4.573010469476796,0.12628167582071415,-
1.4575600240113873,7.507951856044702,1.731050459845575,8.749950913121992,0.13744474580431945,+
5.3903817868454205,5.283916326442265,5.84883113500564,0.3465243597443468,8.280639125467374,-
1.7144649226873951,6.040999421066885,6.088654296053193,0.215735374235007,10.0,+
2.4082840414990594,0.32167819731286906,3.0082954841692136,7.221456414771232,0.3573490051558348,+
1.6392833275676613,0.19268044321603206,0.41898425092411373,2.278629333303191,0.2759079134493791,-
2.212206299435638,6.254697696185408,9.223959341971984,8.756197678746046,0.6592846828021282,-
4.279469506937086,6.291595548938452,10.0,10.0,1.1241952402856275,+
3.2000760914626802,8.251298715866813,7.243563982261793,7.690439610423373,2.774475631480078,-
3.6934792027333683,10.0,10.0,10.0,3.5761841756024464,+
3.7653767212300684,5.478620587994746,5.408285212001941,3.2402661985604575,5.029145498691903,-
5.600604615209806,7.5502354924980475,2.4955214003666697,5.940777254876235,0.7086053260047609,+
0.49663434607637,7.740067472400569,6.814751299672892,5.856787561796421,5.060839604555559,-
0.5737381451030807,10.0,10.0,8.374427932547622,7.296254322884205,+
1.7397461680673343,2.309460412665998,0.6321652597955352,2.8501841730577,4.257483368871174,+
0.4570661419947196,1.2551858906990359,0.17913489700429,2.729167963500384,2.540429711769201,-
2.7258144651371308,3.44029566008047,2.0957869916751504,1.1852965496660706,1.5135304910345582,+
0.8782696099634617,3.214068352928532,1.0107717667940348,0.23047856025308067,0.843309021112441,-
5.575165972258351,7.70670723679388,3.9348077358621936,2.851193340319708,9.386733787888144,-
9.608488362334093,10.0,4.19911067799132,4.267856079207649,10.0,+
9.422555896930463,0.8910733613392197,5.807290208238701,8.212015790342269,3.489911986454034,-
10.0,1.1139490164998869,4.694508302123864,6.105981671436199,4.753924298972154,+
3.3386220593687135,9.209253558449511,4.4163636597367395,6.421856914810926,8.779002908691451,+
5.867538505966801,10.0,1.256154447949019,10.0,10.0,-
0.12310290251609013,5.855060227069097,6.3686224512649225,3.8455523887365093,9.366210558079244,+
0.07760545343762495,3.0961053026145904,5.630841112480783,1.1598124822155251,4.045963363174723,-
4.293167884102114,9.360903040035382,4.681799369165345,7.259318589425874,7.364587491211542,-
5.522593286923467,9.565511868102865,3.849854378532207,7.20386925109445,7.715946137107377,+
5.745572948099992,5.668321183937783,6.000448736360216,2.706272925621672,7.414429219453705,+
3.723414861354088,1.8740129282084819,2.7881552548310715,2.5196590714085056,4.209500430339645,-
1.8982831099999065,6.652449650961653,1.9120222131884257,7.589058118869757,9.812746763879044,-
1.250139550969062,4.983204683387476,0.9863461507468279,10.0,4.577210780620575,+
1.506440528559444,4.911887733490248,0.6820844975309504,6.449049585689659,3.4493763003297184,+
0.20636364249822195,5.552066395206598,0.7468098506787483,8.471157595829842,5.952861489640431,-
9.410441944761072,6.763985202806065,4.7320633337501725,3.1565574862000134,6.360147857293589,+
2.0253374157170585,10.0,8.737170391630144,5.895360453711799,6.754947961967649,-
1.871141577741673,2.6596122349384554,0.5820452062229076,5.967725594812174,0.8129984152114633,+
1.7912306444482204,1.6344578950097757,0.007924444418277981,3.7110078830525244,0.5309903545889043,-
0.9736991699488229,7.15429841881862,8.92240088103753,5.512035396158128,9.557665029407222,-
0.4630088100703335,10.0,7.763212943900613,8.765388265482024,10.0,+
9.930510722271345,5.6305483599902875,0.6416724549493069,6.093130034028027,4.351083712935159,+
8.283534720408532,10.0,0.43363851099810696,1.6320377057137438,5.958248457821529,-
3.5792585696213006,8.024645548427952,0.9602484507887132,0.17880781945726065,0.9462631564695534,+
2.5041983787287014,10.0,1.1922854321851781,0.3496360078595171,1.7532008114650235,-
9.134935375809638,3.7982496917873454,7.10151894176314,2.373694934141599,3.3910364811312386,-
10.0,4.85015917208211,10.0,2.549315233715668,4.017908742240259,+
3.5519135422608317,8.646676736125052,6.554195834553413,1.9875593677166714,9.158869914271483,-
5.8472210516528325,10.0,10.0,3.0221073087389287,10.0,+
6.815659024652625,1.1750315020613145,0.6439925478731701,9.976979155019054,9.149785691189381,-
10.0,0.09734140300096848,0.0025312124418282135,0.7924418714275534,2.9973077370776524,+
8.819258383561545,4.642380575426724,6.752955369802103,3.1650614537806887,7.252979064685849,-
10.0,5.638071144337262,6.080523854744377,5.191764405951761,5.881103787900567,+
0.5216359344903931,8.705340424366316,2.7109736908645132,0.7609847585191865,2.37045257923882,+
0.45903592662332615,10.0,2.2055957595115654,0.20110749853428614,3.8067687435715927,-
7.7851356213158995,3.0646939420993977,2.0498828736657435,6.979550836577438,1.915541812274254,+
2.352558298902457,1.23231991723726,1.9791707481991765,1.934407816969461,0.4042183643882768,-
9.670345591038553,5.845963493580118,4.316138251404858,9.705570966074703,7.017015065633859,-
10.0,5.74550353206839,2.7803416701252983,10.0,10.0,+
1.883281585124884,7.263359985985156,8.44360412786637,4.4070702522801,5.222964316409481,-
2.4602169458141185,9.24319078231899,9.164689192209977,5.198245603729085,7.39375700206922,+
3.9201371605085678,2.900439848419669,5.402725669524095,4.047581197561105,5.99257557873946,+
3.4983945777252834,2.7326047574453596,5.121931037293606,1.4454122703072891,4.750646948946393,-
2.305170075391475,1.7994664543086403,6.963280181639969,6.750037139241635,9.592545928091573,-
1.851754009027061,2.3163455109043936,5.6360702479992675,2.1352651449202127,3.360758834117988,+
2.0634106131815133,5.400341954838641,7.269362679950633,6.566619491167963,6.053108260482551,+
1.8171695851469896,9.8551361399504,10.0,10.0,7.901306839084165,-
7.2567169402565685,7.683039848230435,7.005679233238313,0.9561795958500796,9.678215017942717,-
10.0,4.117804419662522,2.8611528676232667,0.41693807039267156,7.411106563936763,+
4.984928440479256,0.707176523404659,4.577493583083258,8.418533721041303,1.3178394601304422,+
1.3480302485863749,0.7075019604596994,3.80332974507399,2.1152290638950286,1.8457862445709439,-
3.3397918054995133,1.5235480865433315,0.9747083739764195,5.705781126013809,6.405041197542108,-
0.2863330822469249,1.501589880163512,0.7119444259778794,2.9023675127486697,9.584761436937374,+
9.908143470377057,1.2216163693548743,0.4690530198332854,3.5872495586355537,9.274595474073632,+
3.5876990528675594,0.6735149285318578,0.7965094679452286,6.349798124850341,3.98224264564744,-
8.703793072433845,3.517383665256979,0.2376975403906334,3.6792402110854927,6.569873014074746,-
7.956542512870527,0.46757571491837335,0.16817041723828882,2.7981483022647713,7.302813334631329,+
2.663729156817741,1.9523951344956558,8.628688332220563,1.8107008834627891,2.545633281071633,-
3.2887738100552104,3.744934847365949,5.370878733277804,0.8373357740152879,4.007505022756799,+
5.194232379963063,0.12831522070805956,1.6182404407304973,4.220035393290916,4.305169837710236,-
4.141770577845942,0.041710471487768803,3.2129573965343026,3.378390627187429,0.023665826900269426,+
1.2559289395208129,9.325476169260144,5.883170322791162,5.56086298693417,1.4841935661050465,-
1.251200861112508,7.509144065119321,1.109416102617713,6.543068477584848,1.2339276783711324,+
7.419570609908249,7.7209534140454394,8.767426402803734,0.6951254701785881,3.5050516532328837,-
10.0,0.7502505168371583,10.0,1.2963003070878791,2.8808632910658467,+
3.57994525844491,8.785639617123923,5.18995243008958,9.886923682026246,7.353538429605008,-
0.6859760782748352,10.0,2.1147083481562574,6.603952720174771,6.64761469577726,+
1.3599186397650032,6.479314719889312,2.2379298705711346,8.582496129373286,7.5837074515620015,+
0.5619287153140161,1.6780392250139764,1.8646145273911752,6.781521453867278,1.2745156103641728,-
6.7011635125124105,6.5157052672794125,4.692541215190459,9.727113984355938,9.621674912550933,-
10.0,10.0,8.232526179670076,10.0,10.0,+
7.047060289370572,8.760214514642188,3.9574842834834154,1.6150685629501493,4.150697676954321,+
7.167721809937694,10.0,5.057061183900811,0.6637059537618968,8.224560828588249,-
1.7831447749619334,7.728314341590323,1.2468980321702172,2.4782485810827817,1.3222668016267336,+
2.7590921600637612,2.8065019082926,2.3777649013579794,4.254057790218124,2.4561717141722545,-
3.9499259641077042,2.7807797411829105,4.732628963428656,1.3381013817207754,4.017677665754666,-
6.55859891719274,1.9310392662579419,5.434140301698481,0.18526336530395843,7.14360427968027,+
6.7421575188738565,6.248705721726098,7.9617168667687075,8.275366304828342,9.52982608793564,+
1.4491344511888993,1.6346486045710475,10.0,10.0,5.26817453161748,-
1.075405311873553,6.04874851747558,9.91859233873196,5.514872415717461,1.7158354996763259,-
1.705604149461103,10.0,10.0,8.100279084069397,2.694198946441348,+
7.416969911584495,1.6954831036296536,9.68177357912221,4.566199373663892,5.7367134885648525,+
3.833902283466365,0.7656187724349743,5.795852920452171,7.91543382826446,10.0,-
3.681688668457702,7.531746400137611,7.242326486226146,7.200120399835937,0.24140005232735962,-
4.561174910214519,5.927093750463009,10.0,1.4015815765042732,0.30438916328683624,+
0.39029234809622837,2.3718917946075067,0.7840481019800938,2.1202736751532028,4.423968536753256,-
0.16304522839600705,2.3040736543731737,1.3068126523229722,1.144757296003762,1.3343533363943352,+
9.345924618190848,9.588533496578862,4.655249896118319,3.019226766101848,8.66445080916979,+
10.0,10.0,8.697448175318328,3.664760652607856,3.989154121288477,-
8.646204195401378,5.43681983767773,9.096397803179876,9.602165832422024,4.824689861078916,-
9.506431736685617,6.123244092177667,10.0,10.0,8.9095804439749,+
5.595818854752517,4.832042866800208,6.198622734321568,4.334293216322923,9.250265807298923,-
10.0,9.296548551907536,10.0,6.877287459591325,10.0,+
5.870524725923952,6.4216588701240145,6.832672136427793,7.992765180312515,1.1302462171145955,-
4.557922282596189,10.0,4.590080499423503,10.0,2.0182099645476934,+
6.858580267697661,7.461310335967419,1.9748378799882182,4.8312318793348865,0.383132991322106,+
9.072463885455141,3.9634957941060027,2.4546126252980014,2.626496731706048,0.03635106716078805,-
8.814539234218689,3.61231852874351,9.594261420371708,7.944123189479245,7.671129000766936,+
1.5374450888844124,1.9114013493936217,5.70016862088114,0.11340672421108783,6.5749103934818764,-
0.2646094077623673,7.100589916207076,1.9447377114887177,7.897085120452053,0.42159375089858897,-
0.07087318701542929,10.0,0.6958043183315415,4.367583107908853,0.22692835671661904,+
9.235605260663405,3.041837166093929,7.944559709290274,3.8278411473518483,0.9106628676467399,+
10.0,4.559177067835576,10.0,4.257797535226951,0.7923144874331084,-
7.602228700414805,7.872756797938319,6.071986496250643,4.358336869581167,0.30846317331182815,-
10.0,10.0,8.705249756450167,5.884972325486999,0.6160427385433674,+
2.188994177359328,0.6613204027878716,2.6418636985641397,6.456741656523897,2.5259825897925534,-
0.05091304499612101,0.8761413003922163,1.21812870521117,10.0,4.021375117000987,+
7.0111997650802405,4.493132883515319,8.05895792845971,0.6080110247983161,9.552061233802466,-
0.06592809645363473,8.76010007621898,6.904823328655963,0.24971390206310887,2.65965814711937,+
9.771946488325202,5.756818851696267,5.213787336648816,1.5777579665359698,7.799745293298962,+
6.018399263478052,2.7474656969676166,4.92899468221458,1.6792190282226096,10.0,-
9.992283619919732,4.904614478623426,5.456273890593214,3.459313792088634,4.019882540079317,-
10.0,8.737227272096899,9.632515036040795,6.707569009765026,4.3340198803405015,+
5.927946785531393,9.684135785849543,8.136065579956046,8.757446279361453,0.03316744218330281,-
10.0,10.0,10.0,4.118577887571841,0.017201990743006487,+
8.076145919049177,9.900212460257894,6.557529142031423,2.2009114564495116,4.672517302586675,-
8.518808070118618,10.0,1.7720300253266845,0.3599514457250466,8.831900941733378,+
3.0264489679405138,8.298302723992949,3.2275309140096873,0.03668263969057506,7.6829526936690495,+
2.08711671102421,3.4717799569406758,4.775303698901999,0.058020256385646216,2.227359763802768,-
0.2106586443676417,8.27681684210302,9.720119015129974,6.739070518155192,1.3861406045268199,-
0.1397487796178433,0.9934945346789023,7.8212307165258785,9.218606277712814,0.08940381567048383,+
3.672829040009903,7.596352215535087,1.432743654913664,2.919554445485666,6.9974877672063105,-
2.651896809661609,10.0,0.23702272724420714,5.656830533086294,10.0,+
7.71841634272535,1.4903978743748325,1.4174166211067063,3.764350996514012,3.013423227074592,-
0.977031607859512,2.940436676200938,0.32723023776347976,3.2645115782764442,0.9756691405355304,+
6.033902130498797,6.09325674849911,5.130364165014568,9.619921561673147,8.097413483321946,-
1.8248464039897603,10.0,0.4292720804284496,4.782867275352631,0.5346737137851261,+
7.509559194293259,7.334002524926263,7.02925983126598,9.882899460776308,8.352760560921478,+
4.785169454793957,5.286607321830035,3.2519299423123282,8.678405838136971,6.547701572185131,-
1.9314375650652038,2.3623071699089615,6.11739816309229,1.3016516008928025,0.9507528767560647,+
2.4942371800758703,2.4221545007175296,8.658154828286786,1.3892395815786627,0.6537605733685357,-
0.537434133316137,4.351628012735047,9.588043135076997,3.5158736100411536,6.236842198185572,-
0.5772644381657015,5.423623524078348,10.0,1.1976030170093246,5.637514490529481,+
7.644003989951181,1.3118108316731325,4.106415200399113,6.419153042566671,5.548949992124061,+
4.0101360384058795,1.6526536030005397,0.5858151541454909,3.1386468696011955,8.639632638439041,-
5.140177492550281,6.314614202022995,4.985429517726876,4.260607577558919,5.3990107780152785,-
1.1068201076406075,9.38711479664543,8.082546274588104,7.387847510536734,5.153980088152078,+
5.376406796396901,5.507444507227794,8.75301136258573,2.747354120862483,1.601552819502574,-
6.306975660132643,8.065845155799064,10.0,4.221509963917712,1.994399773994778,+
1.6584296236705642,4.391956801915873,1.563782928908466,4.549100029784205,3.3481247378371695,-
0.7110662504065668,4.660154926440054,0.9587783443658926,4.373921218438039,0.3078272521439017,+
2.65311103715249,6.694845982924472,1.2408062421058175,0.018032655782019846,8.62930279379752,+
1.346931802809643,6.300647100233868,0.5786389442479648,0.010784290478307746,6.965945732772344,-
3.572923582950993,3.8828581078217828,1.3037928134136267,1.2590508604384576,4.939850534675291,+
3.5520661547150927,2.1522438286757835,0.6665922053590316,1.1571630708500753,1.4291684127193105,-
3.7836095228259268,4.349162403977119,7.877202996659371,8.352714933447805,8.10839324630892,+
0.09159943727909876,2.7601932348147273,7.391156124230758,8.580529372286062,9.32150374648809,-
3.4820378753980097,1.903395927889332,3.995153275811721,0.0397996066788564,1.857995999456683,-
5.205094795588446,2.905312608033686,4.0697501500358495,0.04815350228522626,2.8023126206928928,+
1.5662720058638602,3.159572323583393,1.386233383204729,7.270158728753477,3.9601520073561423,+
0.1741039576163712,0.21128950110136782,0.8345117580175043,0.21033833094866772,0.9855127320853161,-
7.061589626303947,5.250266896178834,7.174888692263152,6.6952435977365585,5.502552448898199,-
2.6910574150989452,4.850328752919726,1.1224287581814805,9.257413432031257,5.166950641342546,+
2.0865657270563496,8.543154326324876,6.666214792890556,2.6449296792285026,6.902230894788869,+
3.3325980537429056,10.0,10.0,1.8698441522273417,8.374646739196539,-
3.1731650063619963,2.165281497467838,8.58867975231147,1.9704218886726599,2.1002970393803566,+
3.4835353677357124,3.431269711776159,6.806031426913713,1.60199009382676,1.762614021931595,-
5.078034829713628,6.109748840870049,3.9237561048561176,2.8302882049529163,4.110027218206574,-
8.557068136680414,10.0,1.7611326911544942,5.0300555191101,0.004437921831288024,+
7.1224051783904985,8.727657431747247,0.9390148241672192,1.140996285960374,9.870330297938407,+
10.0,8.319650853371966,1.0502117991191364,2.1114954975568994,10.0,-
0.9771731140200723,0.5102186775872264,4.211444834156559,6.56719385197767,4.870430849586746,-
1.2965109876785545,0.7086341796170907,5.097949006958958,10.0,7.19235817902167,+
4.652886826271358,1.9845843882448733,5.942137516350458,0.5024689771202218,8.890783735561051,+
1.0872919313936686,3.5466961552101646,8.388415845236162,0.8811873757242888,10.0,-
6.856094313586194,6.142016566062617,8.786793893335792,0.181740734307555,7.644001974094748,-
9.188752469421484,5.867282150537316,10.0,0.04456060720362995,10.0,+
7.81604044472036,1.7964743086697588,4.65881204098705,8.290331757364127,2.7331498388745534,+
4.325188165235381,0.8995504693170047,2.1679798483445922,0.7201899300113904,0.7907754830617004,-
1.539783897266812,4.273395093905621,3.9349927021455455,6.914594557146759,5.013509119676733,-
1.8364331937828162,8.15053639048984,7.7575509657032224,10.0,5.1816756406036575,+
3.5501458304459357,6.227805121195495,8.069010911387318,0.062378387109374156,4.394759869596445,+
0.15158077047157023,1.1397889213939794,7.726223637543592,0.007334846030686636,2.8372124084425594,-
7.477764938043921,2.7386931762989275,8.71180875511779,1.2057436246385833,0.2461042943765157,+
2.680675976798293,1.4932946603933426,6.976920847329566,1.2841713651225484,0.3417197181607911,-
6.802776036999027,8.49063710568627,4.797770722621207,9.551938878406345,6.260669878793424,-
7.757258388013136,10.0,5.133756777985241,10.0,7.961963847816998,+
1.6467250697694968,0.19673828924282377,4.750798291436079,9.656814380426468,7.292128600552765,+
0.6530496509221337,0.14799131557514708,4.442275058942174,3.0094005812951257,0.5561978397754436,-
8.64210367949565,4.617733001875262,8.523506631012637,6.060445739498277,7.305131481053037,+
1.532492049260377,1.217628627331118,6.3262564868168845,1.4803962652921014,2.517336118092339,-
5.001868464733404,6.944382889147759,2.2134235920701952,1.3369840414575862,2.7676029645199876,+
3.891402520167381,1.9219004534632806,2.7948992800756427,0.18792210566942083,3.947473189522044,-
7.022274389303972,6.848667235901652,2.286961461264485,8.295315077384291,6.641590355974648,+
10.0,10.0,1.333123188414358,10.0,9.81511810412998,-
2.1564718528331883,6.182619046729557,8.001910352794603,3.8423701513955457,7.7389523793421775,-
2.077818393435691,9.222402921864127,1.0111266334078273,6.161327817998433,9.103613475499712,+
9.414886144875519,9.670497783364368,3.209419630394843,1.5719041835532677,8.731766635249055,+
10.0,10.0,4.6324347231432395,2.859474171743676,7.848908219552333,-
3.3916828402324417,8.717601918656783,3.4523519917011902,1.5770216949348181,6.2506610663103155,+
1.1652103076910922,10.0,1.0243523030958277,1.949882619529345,3.040049198787106,-
7.724469470662804,9.152804970716865,9.59487811781489,2.7855564114831877,6.389602073542248,-
4.745535983460417,1.4106679689487713,10.0,2.1672222619707893,2.8921594017348284,+
9.720766593165976,8.937207364815324,5.430140689390669,8.17784814983667,3.778951159065901,-
10.0,10.0,6.975597569311305,10.0,4.565809555681816,+
0.5376568259929659,7.659827020908347,8.464375202251187,2.077785052226071,4.978630119171841,-
1.022964043558435,9.847042619821103,7.221750131940649,1.406920529155527,6.206308933140049,+
9.742455707496369,9.450768281251811,1.2904517022194872,7.453162300213441,6.957598409684835,+
10.0,10.0,1.6074543056959658,2.596086313056245,8.117736904608812,-
3.5665513060091634,4.852929783955709,2.972906565748392,9.083230542855553,3.2549003256253197,-
0.7863635248690436,1.5620321757272795,1.4543689815890837,10.0,2.980338876397518,+
4.775476365751656,2.107890993011603,7.462368092189465,4.687508094725149,1.2476897838707934,+
4.369479361725186,1.9524431301030607,4.640713541880799,0.8453750264487415,0.9158913918461723,-
3.16729479876554,3.6487764306740167,2.9554739930138476,0.06317314560460363,2.905045393934066,+
5.829951037707884,2.870516930184541,5.432676810328081,0.11272678116743369,3.5127771583336105,-
1.0384894725809857,1.843743724324064,1.2542708385965928,8.19326841939571,3.1827783022172405,-
1.2916602122071108,3.274251673192351,0.826593391927367,2.358968400436109,5.325000613245782,+
1.7670272547302546,9.42962415963408,2.9674503051346077,1.7866990637671987,3.09444615262898,+
2.71208661825899,10.0,1.9183656758447203,3.233056377224134,5.230858547315973,-
4.4765681930256465,3.698035029268266,8.935410802386748,0.030984919118500764,5.806614547352927,-
4.941506019209816,2.5710307315030416,8.857683394569621,0.04128816492364354,8.412117657388706,+
2.0399057847130333,8.200886119534571,9.766752362064734,6.251315056919054,0.9877894980259994,-
2.5540260861215884,10.0,10.0,8.050679954250906,1.8867590725360495,+
0.4303629016372301,5.690031854568208,7.468424099281352,0.8638173577403374,8.200712909580343,-
0.3101254669380064,4.471414023886686,8.424011873762073,1.2184197125526584,10.0,+
3.6557893966438226,6.402328935427187,7.613555315466389,2.5176625503340655,8.95362114067778,+
6.250709930033093,9.876688122653166,10.0,0.25931040762237634,10.0,-
1.9003940160477928,3.9236269463099394,4.133583713800641,4.264202853984655,8.64605854330443,+
0.8242587837477031,6.212003611620906,0.23743983846081743,1.386963263636578,10.0,-
3.205359410734548,3.746577665426274,4.725836212830002,3.6972502696040843,0.08796341962268972,+
1.0056352289679384,4.779805899734683,4.95153312130169,3.2798132567692626,0.009170205956075091,-
7.390085830481606,7.821149003257755,6.955788620765675,7.24235830416145,7.37886874936091,-
8.432095366426516,8.413800867171386,10.0,9.070619197961715,9.351573945589546,+
6.471157054253398,3.8907935074456135,2.6063301694989383,2.6228842151974527,5.510888567903427,+
1.280304335147457,0.3729360180280759,1.0679238974958765,0.3784087652915541,3.544399572605494,-
9.584974574148784,3.068817509065883,6.0892650959892825,2.985191493948558,2.858524472369117,+
10.0,3.364495016935034,7.985450082556688,3.354449949676103,2.675883717483086,-
8.024400989769546,8.583032479741288,0.8561236489348811,9.531173064897363,9.54875555537344,+
10.0,8.190301291500813,0.13513801798016067,10.0,3.50142128102677,-
9.7345400727483,8.815554071155189,1.8878343278890364,0.31978290864269177,9.081360311279399,+
8.13331913018468,0.978274015896876,2.2607082857452463,0.4174449338625275,9.007577332663224,-
2.3837127430717144,7.254920868264203,6.237748054964809,4.181336614499013,2.6083364864815373,+
2.02579900001402,5.791343297807908,3.214734753188774,1.8267311966898645,0.5930153780362469,-
5.965081009111978,4.909729910382168,1.7611916599759914,0.23564112889511768,7.932007490319284,+
3.651023275450852,5.216496277769615,1.79021269379341,0.41630040107276234,10.0,-
8.718584287168405,9.480083618542151,8.540333624016279,8.542932585229256,0.573443774577207,-
10.0,3.741802048877748,8.604904898493679,1.5220353102183464,0.9779010126079235,+
6.237554657619452,5.222284574865009,5.118125009704056,6.984609822409871,0.23827672820015078,-
10.0,9.402389965474638,8.643300317892349,8.319505121940816,0.4572260204895258,+
0.6487272101353159,2.8279754241317345,9.816271260675208,0.5781662087904338,3.3805881720952726,-
0.4656828205078097,1.8466311235155333,0.059428712502123573,0.7894516908002256,1.5407512371715846,+
3.877182726472296,6.0271822078101405,7.08003635576572,3.801825994808672,7.987702246623721,+
0.8908786175126477,7.902421318911064,7.475965934560954,3.7266546268720666,3.9011832170275365,-
6.379032609896957,3.9954283067306973,0.030642817643392606,8.632174092750736,5.884489746635612,+
7.450603285830168,5.028431861074856,0.018208982880111454,10.0,6.835894266825683,-
8.717075924415907,5.575010678198801,1.7216446850639655,6.483428214687917,8.06579308191795,-
10.0,7.541860696612017,2.7812662396477017,6.498828274462939,10.0,+
5.993636263635746,2.87698459871238,4.740330686235321,3.6190792632489566,2.6941529921308405,+
2.955566078180707,1.4491089689350558,1.1549971219319213,3.186898236804989,2.314148927083417,-
5.863549443779266,8.336729451347635,4.0957546231492135,5.217859669296993,9.00218336313539,+
3.254607514389726,0.18272551078986932,1.9468719706596809,3.1151598962476794,8.605758240637527,-
1.0500872156322216,9.243110784837377,0.5392485502114985,4.959342186034888,5.42090184351919,-
0.3836630186754214,6.350180722842125,0.3394820825480353,7.260013463486651,1.4358571520078751,+
4.833070259624045,9.649777163325872,3.9416368066852336,4.386905472018016,1.5086751899433892,-
8.554974271242614,10.0,4.440163227943396,6.068516175248868,2.7273643913565633,+
8.284036213888024,4.098070126439941,3.895951011327825,9.780744468816627,6.335959977090805,+
1.3002017807977875,4.453974027106524,5.884437495283728,10.0,9.206257447528664,-
1.4896410460741816,3.5536775921343313,5.622258876977291,8.963150900127836,1.9433627831217914,+
1.2997670029124313,5.631860702926512,0.5065205301242537,3.206849081072959,2.306077643234496,-
8.38328147984945,2.5698646467296826,7.863007113863343,8.190932242709609,2.9463422914949646,-
10.0,3.1985436521101236,8.526249402769626,2.1261025338991986,1.9282411071505017,+
9.78955897155743,4.146653528780909,8.954968357193668,7.903815608831362,1.3719364459256156,-
10.0,1.782473255644192,10.0,5.990101977316572,2.4761378409839185,+
3.9231675917148,6.871363175330218,1.366075537113971,1.4428224749576013,1.5681888236908914,-
7.104497836675969,2.8303520573046215,1.988795255996185,2.652727852521631,0.06718239947678267,+
9.130048549674223,0.9244436995606564,8.007964390442035,4.299903057004633,7.557051168167987,-
10.0,0.4780823424632565,4.815580287637354,1.4942052686237568,0.8809006390533858,+
9.851919573563636,4.782845668069738,7.953604243349206,2.4545293134524004,9.51954975852111,+
10.0,0.5034517531659698,3.6935392717133557,2.5035192390564607,4.702054178452876,-
0.057379658129183,3.229481385726354,1.0575221167020066,2.888173677303781,2.732002844169382,-
0.06228068259937888,6.399099288111889,1.2785264816627677,5.64727396826714,4.716516573372873,+
5.191321836582867,7.634855848417496,3.7270834589216237,8.381220757792535,4.556639901514282,-
6.184326324522603,3.0226973506483206,5.3481364468111305,10.0,0.3100269418726765,+
3.851105429345376,0.7186072169664415,6.549918782847336,7.098802720145448,8.753239610252383,-
7.572573688890586,0.35151893656370503,3.5694617964680773,5.867004336563999,7.582425648109112,+
6.061308394311519,6.498992289834677,3.963116126811946,3.818477635002282,4.986883331398584,+
0.5816245525071903,2.671459742165744,7.438219939685965,1.4924043108480198,7.219132871725028,-
3.5876360579115185,9.86792882753607,0.12974139023906983,8.346275820192337,2.3268984182557553,+
3.2386563012994505,10.0,0.19608505905391205,4.833415821170369,1.0563715428410203,-
7.6147276455996495,7.162824584714215,0.7966135716649503,2.74091854097931,5.572806837513498,-
10.0,10.0,1.2197787358564,5.339224898452216,7.858846169873295,+
5.3029578558753965,1.9983409173480304,6.7395462405319755,3.281183460514473,0.7040804811479384,-
3.2138158732879343,3.1987051167137004,10.0,0.6727569774735404,0.8650241103802208,+
1.88933624630778,8.094325838325295,6.446884794020576,4.841972353676036,6.708679153992076,+
3.5902986686076437,4.0387903055613235,10.0,2.916521427161022,2.7348515433574905,-
5.4226019011760185,7.837573006932299,0.8689044950689029,3.7593060800321956,5.843073715124093,+
6.6878279026891345,10.0,1.6127334086599199,5.379661452013788,5.5116466692308155,-
5.2928747783568255,6.196858510645638,0.9529724521716221,4.87261444236292,2.4898806219754643,-
10.0,9.167676174961475,0.08844174273906552,5.488777361603453,0.8872081854944148,+
6.362544959773667,2.1495530457927603,4.973731935638304,1.6119928798302507,7.559038143996466,+
10.0,3.3355484135518765,3.578427557156349,0.8722584805849553,5.40288557382196,-
1.2516910156069405,2.583181596572203,6.42250158921054,3.6801894890813305,9.932945419556633,-
0.3979289398734778,3.3978855742474914,10.0,1.9550204020556488,10.0,+
1.7572008411269324,2.0234642322395144,9.72974636829458,4.130470965818057,0.44858655193573016,+
2.2059976181121908,3.3578932989258212,9.284021470063722,3.70641220681158,0.4189710909127329,-
9.87390236510594,7.235907040677112,3.335632274266358,3.002641579398585,2.225248275442473,-
10.0,10.0,4.886875771155379,3.3641357381673527,3.162778174378687,+
7.041466911507332,8.368036427748947,0.08168274808401876,0.23007193267431503,5.164626760616626,-
1.7352989419827005,10.0,0.027952565553227938,0.01353702980126293,2.7161047638734472,+
6.382179571818096,4.2870311390253955,8.609288471965256,9.818776322277833,2.9027703360090538,-
1.5901755963701618,0.10273196572448852,2.187535184015242,4.314842499830817,5.233227260128446,+
9.290335595561828,3.835457936888893,5.576957921960874,5.5974376855645485,0.9314704968309429,+
6.408953597527727,1.3306872890524712,3.4716034206966344,2.3973570280016254,0.7844610189087331,-
3.261793567162563,2.575181725060205,1.1497646750279833,2.6443396136329267,8.840893560013134,+
6.41154035693446,1.8947818500007365,0.24825597151925782,4.892101201935144,4.705736146662612,-
0.6620505028770818,2.8973147493028395,6.350802844377858,0.056324636692710595,2.217272280235796,-
0.27691423049728253,4.575438551585175,1.8187953158704684,0.07482548030040177,3.131535369241847,+
3.391148918245024,8.007261812623092,4.398761740423057,2.964481021946045,2.5259048754473223,-
4.31024226132728,1.1216375513342156,1.1135124663170564,1.328035379639119,1.627864270861441,+
7.022171749330934,9.258217037228743,5.036518779076755,0.6926768940401673,5.489984298956739,-
8.459976149266694,9.38783254894953,8.169693605097569,0.03755991256263947,0.7218589669194533,+
9.380447611577061,9.591044092187024,1.3989725406652187,3.7084332607684765,2.8780281500156857,-
9.527326598689136,10.0,1.9479433055326187,6.772566473244112,4.274386027222517,+
6.136640062314644,3.066235829357592,7.928211064268405,4.805835223267781,4.223572915799418,-
0.8218998495392779,2.7765112861214374,3.170376710544443,1.3961850096716273,8.231471168652336,+
3.0585394576662015,2.287825910693615,7.068877327128659,7.322623012795518,6.145838615206671,-
0.9862725774733855,1.1764725517537922,5.746181915407998,5.031508874876103,8.789636827924273,+
7.2876995586738404,7.728328833927113,2.3369337573386684,4.543744807256686,7.812223471296651,-
10.0,4.532803822027326,2.3931562944703084,1.4792326415078378,8.744114084713415,+
5.324431501655564,2.3013370890062435,6.9949256515328795,8.996343775567032,4.579212987631679,-
3.663206401960998,2.9401381858730273,1.2499317152317748,10.0,7.952237279419952,+
5.084373715690028,4.126731442341946,7.009693162305571,0.9480654025201696,8.776935648607743,+
8.021306423962157,5.260155573850478,4.238843356695282,0.012550614768507096,6.74132529505519,-
9.834797763390045,5.85563529851195,8.780776453659458,4.361398059637867,4.680928389152826,-
8.914728472842654,3.226250675128114,0.5171567397492308,1.1424754679373283,8.27517012085694,+
3.751442144868183,1.1970206604499423,7.522929609450575,7.552736885415827,4.136313234536241,+
2.0737263079777595,1.0549385104593485,1.1277994444325579,6.97713608852804,3.082080688554293,-
9.92669702025724,2.4019616764254383,2.0447515941487895,0.6467295945970164,8.122742639330564,+
3.038153496034996,0.7421589010305392,1.9124626236458868,0.5452912173195449,5.737748517327246,-
9.88350059405443,9.757446624304594,7.070427538092298,3.2086761377052064,0.8290435059738344,+
10.0,10.0,10.0,5.276266619235619,0.6837658016386571,-
1.0073480952838032,8.216962093762577,1.127492258089774,4.772863866304535,9.441635853037225,+
1.9724242192129344,8.60664522637357,1.0011168011529414,5.966092398601771,10.0,-
6.249180316689049,5.733885193816352,8.038196324121522,3.7529481306777,7.394681985985979,+
5.263698686366228,8.504315065663304,8.7824021281439,0.5963913047536774,2.7426777714915005,-
7.989214084301302,1.839668077242017,7.497204674723669,9.023067979167308,3.927276275827042,-
1.0775819169504217,2.5242401871158067,10.0,5.391613993967856,5.045016691083431,+
7.007339169371032,9.477781509977422,7.106136659462393,1.394756166671669,1.7340747406022217,+
3.824368732349522,2.4574878875991852,0.5725588182566483,0.03159854070916135,0.8406928846389486,-
3.939710104661299,1.654487164865408,8.975453356283948,2.41682689894988,2.474559175141524,+
4.154545516651786,1.162816909183807,4.859063418599706,3.3799262353339694,1.440929177509092,-
9.398982541196986,0.6233202543893346,3.3646604158071804,8.601185084725511,5.9333488130299585,-
10.0,1.0937598780125455,1.0449026656091485,2.677538624507884,8.611780640956866,+
2.865301371967867,8.103984670082905,3.372342580033938,8.846662403355447,1.9482983934133946,+
3.497652293621044,2.2266515309255186,0.26882624322995863,10.0,1.0223516302320856,-
6.48805196638075,8.184245456550132,6.754778528014781,8.111026050091203,9.768244945394224,+
7.539955145306561,10.0,9.558664968091168,10.0,8.969939608242864,-
8.942374322286371,2.3082615787926164,4.061917287570567,2.545428104698982,6.328017629796605,+
9.960380014080968,2.361065420789191,3.7495217719800915,0.8219728223575942,0.6241079653151483,-
2.1699993984671275,6.329451457481258,4.216718759708995,8.301550255198578,3.0446395600171874,+
2.4698339386633283,7.971861104277246,7.802295023505654,10.0,2.3772861475844445,-
8.414622167670691,6.648616254572094,3.682533776056147,9.14384922216637,5.2771587877750505,-
9.470208061467938,4.189826446270342,1.2307549575034393,5.259793837662625,0.1942747541868331,+
3.1515214509234,5.974605809893994,5.5977346273773545,3.631648820547273,9.247077227489152,+
2.982823592622196,8.865510181463796,3.668917277242783,2.1867738292442263,10.0,-
2.221132339456735,3.2488479167036486,4.665734837425094,7.476412525424774,9.205689811315821,+
2.864017467776924,6.250350757053917,7.934509665031731,10.0,5.963736279736873,-
0.8726088593133019,2.083909455111974,3.238159795502714,6.9579178322103195,9.531283367951994,-
0.48183242572064,1.9272728007683704,1.073312359417816,5.3674171534722595,9.588582822807268,+
6.035467716084396,6.020663385481242,0.47998024531751393,9.611251879767975,0.14174733080620228,-
7.573063032975685,9.112715559043105,0.6613652481445108,10.0,0.17975655521750697,+
6.95526624803037,0.1968864935449266,4.719930686358214,8.484356209115543,8.18516339998456,-
7.629852384869413,0.3119568168096328,9.199484570030622,10.0,10.0,+
5.536284973105383,4.946843956536692,7.3395937802636135,3.7040223998187614,3.136071044896336,-
7.792102377801497,8.074792051885431,6.068738273846619,1.5982909948352455,3.196207107247694,+
6.4393919108767195,0.5524304026042415,6.740368691842564,5.482432089391157,1.5383976918447395,+
5.215112809792141,0.22342811539811958,0.451580512841015,1.0848969471168572,0.8246525084262076,-
7.140286379805504,5.071973778577289,1.0753220492280413,1.944156224228436,2.472984445961731,-
10.0,10.0,2.075958026099079,2.668578886041323,3.400475826353448,+
5.054865449959344,6.7685825135262405,1.5531615216769656,9.465728964294037,1.982426800580197,+
1.1776393417440214,5.8765689260624,0.6129028770490911,5.09639873318051,0.8272905584891401,-
4.698463783511087,3.320975075275795,6.862720115973572,3.425053111356282,5.948775111407438,+
0.7381257591331458,1.1442495155071508,1.6358202504485206,0.5640544476403213,2.681324060109227,-
4.033748370350972,6.235379748853886,3.5953931441618914,9.284794469071931,9.888334394358347,+
3.6712346642022573,0.6623603445186876,2.3250854998100796,5.12716984391059,5.051747966327857,-
4.785977726402787,5.938994273841306,5.998386951019697,3.2920210387739592,1.744638472184462,-
7.623352040978072,7.426033901972842,10.0,5.759590593682474,3.240149030912234,+
8.373306950012152,9.555611251764612,3.533027659577831,6.467058553810082,3.732980536554752,+
3.8465492060034663,3.9701433649504754,4.0680992819023265,4.409071888708265,6.118768410097486,-
7.971306219690383,6.370749665432798,1.6957183980092638,4.793080916464482,5.607035740077567,+
10.0,3.542636668843746,1.451320254451522,9.110345243041023,1.976994742692186,-
6.546177211621124,3.5096108431234874,5.145249732522984,6.691231526763762,5.513879535054194,-
9.849447698304289,6.624307396027496,3.2009954934255807,3.1980158185903624,6.41174916392446,+
1.1987017004705447,0.42984835422422596,8.656747905021376,2.5036466026233803,6.358930600201898,+
1.4383392550195109,0.7874524599383985,10.0,0.5754916153894988,6.585185621382844,-
4.2763776469096,0.7095298225214508,5.032173910151165,7.1858994517910535,7.65732742264519,-
3.9492196038670127,1.26233425043408,3.251772196674697,0.8034355803963276,2.517557072870447,+
5.693108671413709,5.746875315985217,3.7622275976540176,4.958568095251752,1.8274671338995307,+
1.8041482553663735,6.236182602888771,6.461532750123984,8.326263810780564,2.5947631391435575,-
7.391035980522367,7.8970349302015475,0.9480306085735268,1.932077631710677,7.200748905337443,-
4.205284654954758,7.54291135407078,1.3651700380679317,1.1306024752145492,0.6395807061622407,+
8.605236870427067,4.859894979954438,7.031100024340148,8.666591069210355,3.1212451572068876,-
3.941977276744773,0.5510274542167066,4.653201871965513,0.3431419458978667,4.846641729363392,+
2.0037691724728566,3.678445580378513,9.874090949880948,9.755854814763731,9.105371968376868,+
0.8434375211843416,1.5197364385328924,0.613560505253193,1.0395550865918481,6.4270601438835575,-
1.7683563435805139,9.773914613709506,1.4601221090161742,0.15600044276576575,3.8508718088350022,+
0.932332173566489,9.231833636799243,0.43905090985243733,0.23719903226838276,4.546783420753298,-
2.4780268233658207,2.416854801949447,3.2932986534515827,9.97423681786305,9.953420629256458,-
1.9509630312474646,3.1397549198948833,3.843830485783663,10.0,6.357644718753798,+
8.320615686382991,5.329686376834653,4.092865413253386,9.356480714268967,8.96766023172459,+
5.599481827331851,2.244194755423419,3.4109339651180255,5.324433158948099,7.714435281607092,-
1.3663705163404005,8.554759920397562,3.080417836756877,4.97291321408772,1.7087668921889954,-
1.7175880776328116,1.5518621871690728,4.343354811724646,4.105437423152338,3.3992050479905704,+
1.226289221097444,4.426879409828772,2.5038739875379603,5.337921909570408,2.029806227845147,-
0.18959347160961876,1.3250675758696253,3.0906641965802635,3.3921398432392613,0.8312035693595048,+
6.275737210588214,5.8002907316053856,8.093001158704539,2.9989821369211644,7.521474681898905,-
0.06362443037106372,2.2975390716009043,10.0,4.692156019041303,9.587924939912977,+
9.582463743775511,9.502426086798643,2.2492696350285204,4.037598036700919,8.967355099428444,-
10.0,7.458602108938632,4.014215086033211,1.2654155604104758,9.008465258500541,+
4.598145374539354,5.81652168278848,9.18998707082531,9.524736092128988,0.4155539052905688,-
3.181354467880714,10.0,5.582480372576665,5.167877809760648,0.027433772899440403,+
1.9094225437986279,9.061173954565403,1.0154542462079075,9.810647096726036,0.9333705435745854,+
1.4324191519192218,0.1451493033222112,1.1226056841433085,9.251134653789471,1.7395692025176452,-
3.5480041912718696,7.508861264520027,7.466815966730347,2.4514114652755903,5.830207818183686,-
3.5150003288259164,9.426371272613073,10.0,3.5546467896640794,0.9196691218935154,+
5.190646290346031,2.0569550743034535,9.474741348645344,3.912092710032989,1.882493736360723,-
1.9167337706277316,0.11498397040784841,8.307548162730402,3.5719045801180256,2.05180902766939,+
9.283405485308773,6.657937625209637,8.01766682594135,1.110709115891786,0.6884416679718353,+
10.0,2.0175386555614634,8.3198842965934,0.6252172378897956,0.1465157147989358,-
4.205374368977408,7.5989818098337905,5.202931637605609,8.270493108372658,8.986917077507085,+
3.8222198209417066,10.0,3.5004323774200388,3.0021437255075405,10.0,-
2.0627379250594204,3.370454395651672,9.031492445926448,0.25767371581974174,3.758579702514689,-
3.1171445047556507,3.9289295467408913,10.0,0.28206491744840195,6.059943830727212,+
7.673764050664154,8.136051524369535,9.510622215843146,2.696306704045365,5.3895457187086055,-
10.0,10.0,6.191637807699177,4.362736144583295,3.2875839366837343,+
3.5814856696133934,9.019601687109716,2.54856952445331,0.8849738375847804,7.529971072129377,+
3.9438054907486184,10.0,4.45389792501921,0.5730942007738595,10.0,-
0.8862287269107705,5.1604498862899515,5.432484441888993,3.116594980599816,3.2418377355617722,+
1.5626550961426353,7.313247263628986,0.2938559161064479,6.069028571905421,3.999813616053409,-
7.58118521321138,0.06249620394715438,0.3322650508642888,5.525736634491417,5.052446240738257,-
2.658350097044459,0.059318617646462866,0.6386261797185239,0.056632630286186876,4.168169963212966,+
1.86330603010192,1.3726064207241406,7.9432218088672455,8.500275183094772,6.550404199503783,+
1.4442611710416964,1.279800664311889,5.165765349941904,6.383291265883726,3.7329732066703647,-
8.816669375965944,9.984194095383959,2.280729420591263,2.9216499399988303,7.40119738169162,+
9.754643111889017,10.0,4.221070226664655,4.933087674872375,1.417351314064283,-
4.907770308045938,5.135481197679269,5.197201996781385,2.854880629142725,9.528381386738168,+
6.74531463433091,8.944575448574286,8.263966236853957,3.596513247945677,4.112845970709916,-
2.2803401577482685,6.980608285025339,4.25748815964149,1.4797903087201747,1.2524588233364353,+
3.534313933739122,9.766439514370488,4.242280122431103,2.453809713368243,1.9946700590908018,-
1.5025936645835436,0.22283169337723896,0.5390794608782457,9.89258777810319,7.94504864362551,+
0.36096312795333785,0.21299432462632337,0.4407339921296468,8.652029161353317,7.896576718142792,-
9.669342811291855,3.0247391058831097,6.885589005224854,4.95651487555628,7.699359501599807,+
10.0,1.2831098462376753,9.398706478709018,2.1366082877637154,4.608648695672577,-
8.38692073345478,6.738779996992048,0.4180420390363737,7.3478065931824155,5.633471751768329,-
6.053943039075603,10.0,0.13929259940351404,7.24563339520499,1.4626136085752461,+
3.458432760746708,2.761563763996171,4.773011705810875,7.5616032800370645,0.5762317353932134,+
2.9541558456121937,3.9501356741855673,2.483416200321297,8.942680305587777,0.3917257132575663,-
8.727194896368921,6.492584499612222,9.666261188406008,6.589545830922122,9.920140781339542,-
6.643370984960274,8.94962727132158,10.0,10.0,9.70840573363562,+
2.518913016758506,7.332380342119912,6.070684584542554,1.5132595106656277,4.290659252018645,-
4.487811620980856,7.647316896644683,10.0,2.937648280659978,6.911142520091489,+
3.226351886045389,6.825831090601127,4.146030291040733,3.5402105099003487,1.059394766018592,+
2.9680777612509828,0.10112997572754005,1.6486562206532118,0.20571000486493052,0.029826550570724877,-
7.929426756500549,5.087620023458067,4.59894148511962,3.979300324208963,8.351763913107318,-
10.0,2.7799031450333467,9.153463047386944,1.5775303192297327,10.0,+
1.2016025591440593,2.45688846658863,8.320875107961744,2.560886552307582,7.9382803128141,-
1.22610045325882,2.0410418775841714,0.37672385837666544,2.06934800960804,6.332320516363165,+
4.4741240615808495,5.439289543449498,3.803741415221469,7.864054728971267,9.558561579115203,+
6.684186707054939,6.128724041428575,3.171813551410187,9.818660286703452,10.0,-
3.6467255201953828,8.93701413832196,8.302731043450587,3.2616461609306633,3.429211884125558,-
4.896910048489807,6.33526817367446,2.1249954170301852,0.14231599237387782,1.7361436603432134,+
1.1093142141100953,4.284143752830723,4.588657454946724,6.428500438009031,4.007402135257024,+
0.22129413608403548,4.9717920869041015,0.7191609161369481,0.9217136404720608,6.128023808052123,-
3.9025050688905916,4.876997300113002,6.025579984895616,4.173949601872863,4.833301781559442,-
2.998414982146681,9.532523630693483,1.5230721307132928,5.5779601863603885,7.97424741821732,+
8.028171521825273,2.9102173585394753,3.995473192597304,6.730492049952559,4.048269117821814,+
5.181761478033467,2.104899387849217,3.047264500269839,1.594956493794601,1.0777971412513585,-
7.626404181700405,1.8814638307920195,5.1136008862397215,8.933119366827553,9.73802660775898,+
7.320991040140911,0.5211709134993251,1.4517760572057998,8.599449909552447,8.465462799643435,-
6.785375766891988,0.4882741445021521,1.283550979459761,0.5362917036943238,1.6501279853390216,+
2.214436291518931,0.22539761075686468,0.39640769375999085,0.23810550900841537,0.06085896886273416,-
6.044611863143264,0.15663885854014792,5.245288148920412,9.322572214124305,4.461023934602077,-
6.535658413217411,0.2649506394736207,8.773197492256724,10.0,8.553524631985448,+
2.6227476692247476,9.338497684851966,0.594330431473673,6.015619115399696,4.072861323926016,+
4.486255761771659,10.0,0.03522388732280215,7.993556493899137,6.205396683825034,-
3.3792612981922723,8.094782427082656,1.9054085812666421,0.11597320580644888,3.7942386181356893,-
4.376859588914529,10.0,2.3306005177930027,0.14340127114757847,7.4721401671364625,+
3.3877445801590857,9.508166506672502,0.631348892239858,9.497819513806053,7.394662298902233,+
0.4876164823998034,10.0,0.6616385351505002,9.534559035170753,8.242298681334926,-
3.5460656067752003,4.862156746911061,9.190281668533865,6.476163594126464,9.871162613609679,+
1.9573738546519686,5.668312148039936,10.0,3.5417493305847767,5.634782814640414,-
3.1858337751426857,7.755962000600514,1.1537626687268931,2.7199071296071144,2.3991782555694927,+
0.8187514820429023,9.486764770430629,1.7008511188036108,2.6910209078434577,1.832814121358564,-
4.67587407164006,7.025933797322805,2.131052036549276,8.983798278339632,3.6991097102476225,-
8.295733885288012,9.69933607701961,4.080732414616464,10.0,5.457218765039803,+
3.3966619649254906,4.009459580335055,1.1393084282545618,3.2793070042075523,6.238144957263448,+
6.141824194842063,5.545502152820552,0.16801096819138106,0.46867370446159073,3.4220711432572717,-
3.4458641844678572,0.661057050104944,6.443420978319393,3.179004269890877,5.51115941461884,-
2.711023456943749,0.32317966845044405,6.693097221600908,3.350408604706691,5.585020344787604,+
9.807571553815514,5.2515364551787025,4.221917119422018,6.942177026824288,1.9175079132235517,+
10.0,9.699170135130126,0.3082108627883325,6.98791718556162,2.5730061437519947,-
6.175945057250646,4.854360897584783,5.871440984994231,8.297766813688256,3.461107165532822,-
6.83195384526691,0.5155433731031298,0.3009386650609007,0.6389463011345387,2.7240451735204556,+
6.764452403216148,2.2298301879779903,0.2676221575364157,1.1741095131232038,9.54612335711888,+
3.392711482532184,0.10223170857334618,0.08564770894649427,0.20070529781451688,5.36517726952259,-
7.170388713915392,6.023820735802083,0.8873348077529453,4.810849498065721,5.513438268599129,+
10.0,1.4703790220529938,1.305718438447401,5.310765127703625,6.487588704592898,-
0.7712007896643425,7.5459319876658215,1.2694623011723238,2.8108305585177162,5.282302929759074,+
0.5737937609160898,0.1483640327723065,1.5674217948680935,3.868910236019791,3.8287376513388596,-
0.7333218345543047,6.50891324348652,2.5458928725550987,7.5435355233587025,1.2330510478572843,+
1.4662437775606803,7.61131715772665,3.2456640245424286,10.0,0.5624031028267445,-
2.3167225773241173,5.085013308505023,8.832211286609366,9.091204395130456,1.5662835472652348,-
3.744242014396062,10.0,10.0,10.0,2.373033355838999,+
7.43624688760875,7.361482311221278,5.75718983926809,4.4772185573693974,0.770706162583592,+
10.0,3.9950950571589208,10.0,5.135990443853534,0.9844846420081131,-
2.319673416313812,0.6773149033621195,2.675303096351729,6.373334552460345,9.325075959845812,-
1.7857513735505395,1.3475045459915609,2.4832404720789327,2.117309757481292,4.190889726641441,+
9.536071580340069,1.6909172637782222,8.445325393558976,4.150683449096034,9.187873172392543,+
7.708841979178542,2.7856337881216806,1.7514922870615794,1.121121833980033,10.0,-
1.121370336364368,5.717755005416282,7.39303452960592,8.05599479268232,8.089385488419483,-
1.7254716030056159,10.0,6.14493093741456,9.576512488198976,4.367690240895757,+
3.2972797842221793,6.477355449193945,3.4483796286810042,0.798971074170649,5.734148228413626,+
4.993370925573784,5.27688551358389,5.543626293580543,1.5591928634317112,6.911451751858645,-
7.795719600804665,0.8264213487769745,6.853355359313252,3.0423419568956778,4.184596473465062,-
10.0,0.9303941829868496,10.0,5.347073341579171,5.520467530923003,+
2.102396369247269,0.2807245784529966,4.688960711608963,9.977109465406823,5.958054394314235,-
3.894798369767849,0.39844217250881075,0.7362713823347282,10.0,1.1052179579105286,+
7.918247175276266,8.728799195828177,9.966025776727342,9.079103989081059,6.278989741959522,-
8.710403946620733,6.859921949992095,10.0,10.0,0.47227640255841136,+
1.6315919134426449,7.019131584681536,8.69757582211405,5.848849533233854,0.8236137342125094,+
2.0586966229581796,10.0,10.0,1.9096048953461469,1.5424086812245512,-
8.71412000947315,4.432743921679666,6.517587112296086,5.342696184917063,9.28631235901063,-
9.858339989658921,0.6244822100797089,6.462479715545539,5.03968102364763,8.043425740361098,+
7.91844759375447,3.0218835538992703,2.452864955066997,2.1400843594096273,1.347708555326289,-
10.0,4.826380617126233,3.889074038728375,2.5465714446659606,1.868904218917247,+
9.388989560849051,6.376657260167096,9.118632461376873,1.054818555848701,9.728748635035249,+
2.723016853182378,5.975437825460329,2.115044028748393,0.2642636826245667,3.2810518732480665,-
2.750779633434611,3.1941240523199332,4.747224739102905,6.821263647311003,8.239596103759965,-
2.1017147679256043,3.6851220584838766,5.274555684063452,8.363181326030325,8.108595262728702,+
4.262594186566323,7.358844551063239,0.8872002536797807,1.024771963804687,2.7752784190665802,+
6.220623898113148,10.0,1.0140431902682336,1.2516953536228557,2.0520962082846315,-
2.70690038282277,6.88592228087939,5.441622683347421,4.998641418492074,6.577275666007814,-
2.910033531132629,10.0,9.401794075274323,7.806666616234972,8.659979389562443,+
5.203649058377147,5.744823290536249,3.892026355888889,0.4673029993296429,1.1799359375710683,+
9.615526121402013,10.0,6.727996076405387,0.3774143358326363,2.034688221845605,-
3.5121737725957027,1.1378435910088724,6.484263970376714,2.8171029398023006,5.2759145440093524,+
4.369064332121195,0.3762605899821679,10.0,4.748281798297735,7.363113009848419,-
9.710663428565809,9.796168996745765,8.378095212405311,4.82561517472369,0.45495275672432167,-
10.0,8.577622075731567,10.0,5.171126849503646,0.3802511756902461,+
2.6368514748564262,4.377134935655734,8.45727429895776,8.08340617676379,6.34569402506533,-
4.724140108783505,6.019951762358561,10.0,10.0,10.0,+
9.66714123727339,4.032717894385081,6.038647953457858,9.343126144337209,6.214208271512299,-
4.549447822346062,3.7610402642880105,3.1561020460751594,10.0,1.2509820109552083,+
1.002263953301965,1.3674234529260065,5.408806124583365,9.256075408729787,6.2294671946185565,+
0.2687113092951376,0.22496083303312106,3.1977579483496603,4.975074114945706,3.976379748913144,-
6.256016437618362,4.030570336154536,6.901152972246525,4.953742534557637,9.847620826768118,-
10.0,1.2682396287487494,7.158577851258141,9.772660876375138,1.1971625199322349,+
1.5254463494006165,0.6264620783675678,7.250922923661111,4.375456259706279,2.992311044229697,-
1.689404071022595,0.862903566443649,10.0,8.524553526953428,4.278265636809008,+
7.2882406662649455,7.324367687278911,1.2219421772195893,1.4655155749305304,2.2453255401813585,-
9.766280129230632,10.0,0.0889181278647921,2.01793565287721,1.232627254515513,+
2.143207939334437,0.06466967102852328,3.929445084508165,9.49673946283602,6.144714878845116,-
2.596725430806413,0.05470869793340137,1.407373850831985,10.0,7.596839124292719,+
6.601003658873015,9.902540411756876,4.673306311735343,6.53936744745268,0.7799661342034481,+
10.0,10.0,7.655535069620851,3.1361325846604613,0.7912011771914826,-
5.086556530666385,0.3796928640592645,6.851439362587687,2.2315937763505787,2.560375781690476,+
8.832016871167482,0.6852608263176476,10.0,0.7918941180754844,4.890269163816456,-
0.10577287668938173,1.5384431064755055,9.785103473869125,2.0663866737723957,3.7458291630342577,+
0.08563128860196279,2.9209580818488323,2.916706475788478,2.975352587695031,0.9984863961638398,-
7.609030322248468,1.0566242221858324,2.3067112446505322,0.9417477407249286,9.616699645781274,+
3.180000919967072,2.0421683977333194,1.0610935691710186,1.031973008266457,1.4061834439899132,-
9.815526297174388,1.6024119209328935,6.211792272000125,7.745310615268931,4.405819409988181,+
8.31493898074089,0.3705919783066691,6.159602299007693,5.349672369624663,1.4350314750405124,-
1.6283757543539568,6.553622301942842,1.8488961911149593,6.850006848660291,6.453812699358471,+
2.335588544649321,8.251650590744228,0.8417638334769258,4.894072463712944,5.356164179406267,-
3.4950250023755283,0.599823938164129,9.52981155948256,8.867546652289233,8.559743007197966,-
5.710387533832683,0.9636590155255119,10.0,10.0,10.0,+
0.14200804818161883,9.678422294886321,7.400578769901232,8.143682059498321,0.8292790489006929,+
0.13878072411176273,7.974928749843913,10.0,10.0,0.5259191101331755,-
0.9289771293055393,8.005186710873367,0.3425419784667505,8.657524238299208,7.671497328373808,+
0.08485273313264703,6.972588668350387,0.1847176416551289,4.4110650203705255,1.329900505477299,-
5.3526830263626355,2.1325112858267383,5.774124353424678,8.056163142760282,3.616780024893862,+
7.088803489045329,0.0031574044188141517,1.6526712634666154,10.0,0.27303877535915344,-
8.852310465842482,6.3186037742155845,6.076019168660145,4.748333239546936,1.5545138170157446,-
7.691077218190784,4.095019756961681,2.121365288482357,7.422577075056123,0.3362521795997925,+
6.1876176810516705,2.8029520723766534,5.875185475830504,7.425320272496401,8.295491501043333,-
3.5810740788737565,1.7388563364346457,8.605728911049455,6.606268294565283,1.6377130324945366,+
1.360124332613718,5.722631214388295,9.47030937829974,9.520331858632535,8.930660512511018,-
2.3677391235850065,2.523865350507133,10.0,3.218382758570468,10.0,+
5.1687207022741335,8.81025925355173,4.976482342049907,2.7849465862989806,9.29085957220373,-
9.552991741946851,10.0,9.348195496506635,3.77415264884486,10.0,+
0.48982000639586576,2.731626131706463,7.50104390513786,3.179552772096239,1.19593264326333,+
0.1011622107878933,1.6117501637717253,1.4788932481650736,2.3487851352586318,0.9100307773742595,-
6.012271119563426,4.804954303686068,6.626469376048416,5.38792624487484,2.4751157004864224,-
0.6882750465629628,4.778321747789287,10.0,3.722782033662009,1.2872537583312988,+
4.9764099916277535,8.368016303794938,0.9180032314692876,0.4220731862704108,9.639617530094123,+
3.567516171796052,6.566560918754009,0.46772247712418696,0.791750941842083,10.0,-
5.229351003087242,2.5335017237627353,6.0341474125651695,7.735804941428021,8.351302162813536,+
4.588072185064557,1.9470938864016643,4.255620517881554,0.5549959829807374,2.790629075225847,-
6.445799393749224,4.757423306034982,1.7923211152968932,7.743775870619531,3.3120421917183,+
1.7134364040175296,6.058352653661734,1.1696310788343856,9.974578143168687,2.75828292110834,-
5.031600971666588,7.626876777813551,4.727361790069756,5.706192506730802,6.0625508026077455,+
3.4158225461553693,10.0,4.749134879026538,6.044967532380495,7.4288320717421,-
8.23169444946198,2.5867543850221852,6.249415818239925,4.596915127602181,1.2622219290496328,-
3.0924318827494353,2.1904727317110018,5.621211196349125,4.6131025197053495,0.6714819869393873,+
8.070722877074171,6.832572968382547,4.548687616400721,1.8960778857197458,9.37912015812167,-
10.0,7.464089724821272,8.081251845616388,2.592984598142732,10.0,+
7.074727767712067,4.868172372064079,2.6826759635814934,5.931729421923949,2.7803963016830355,-
10.0,7.950006221442418,4.012351190210338,10.0,5.36858099759612,+
9.16347847552858,4.822977518641446,8.627857346385927,8.636695700701429,7.3244038370130475,+
8.624045275897668,1.4010300629241885,4.838770666598496,6.3447565704519455,4.7339818020271744,-
0.22728692992693977,6.214009546401243,9.725608647988896,8.100723444952706,6.893067414182071,-
0.1733937164683588,7.3852038165577065,0.36143778817272193,2.629786755666842,1.3766858124991976,+
5.545574544677403,2.5835361238790955,0.06582808909002758,7.2337000650830285,4.196256630492179,+
3.8707699679718277,0.6026688875421414,0.0027935370423688333,5.734788012642647,2.442086081939075,-
1.7578865498574114,1.5659422467553208,9.63010145002627,0.5476442460818931,9.887216426903796,+
2.922686049416446,3.096322021518863,1.8220154702217917,0.8648608113583466,10.0,-
3.43673593086095,2.2810869636498357,4.485978641577763,4.252996222681413,6.413514144304363,+
1.5958920225812376,2.0520936354139514,3.7034556364646765,2.3135908557757054,0.23825186461473372,-
6.295911619581894,8.836490599306615,6.2931479132435255,9.861250568493443,9.180137852722641,-
8.890896699522468,2.602116418398442,2.825719623126959,10.0,10.0,+
4.189768896165996,7.617195831109928,6.648719011460681,9.328616464770978,0.5266485952009436,-
6.344558863151755,10.0,10.0,6.068936969002973,0.5190299052716455,+
8.587265353795255,4.051593789803217,4.284799020225604,4.170743245418645,4.806622838436577,-
10.0,5.940239359648653,5.1241733979243245,7.195305141290478,5.326143785929425,+
2.1469698477476573,7.2437012766095235,3.2285276498420368,4.833389218046595,1.6246663589130117,-
4.024605598673371,4.325404984149449,1.6184264216051272,1.7435931734931815,1.4186299110709804,+
5.386895269798353,1.0010658583269172,2.7626492117939163,9.498718659973793,5.048467656175547,+
9.579428578254959,0.6937081141072383,1.8378285617669168,6.382625899560471,9.103137888671222,-
1.3465527624655171,1.5215958521275874,7.66193557340153,0.39616723540663923,6.224950578962487,+
0.4126312463173648,0.2805933593136441,10.0,0.5592264739672956,3.8593336653491264,-
3.545983376402173,9.55160849711014,5.671889246402521,3.0834482036809985,8.044252441574372,+
2.874252063141649,8.236713005530815,1.2695512831700455,0.8332650126559432,0.14762102664504173,-
1.4323445131895718,0.6297421543487813,7.981493825464567,8.03715306032648,5.964520163216006,+
0.2466260638875806,0.28297227537177666,6.09271319703356,0.22631305155894402,3.3202182067213726,-
3.6727759291990933,5.798701514813677,6.943646848277231,9.73979440605192,2.3292121477446837,-
4.7005906280942815,8.797812800446238,10.0,10.0,4.2409109346643845,+
5.474014220231068,8.803458220045881,5.592142128178038,6.79871315428532,5.972503188385789,+
5.0060781918496735,2.682280400938064,4.944085260344691,6.364517482294051,3.813475822570041,-
3.283848631721752,4.967161169220656,6.246468400729221,8.073854527410639,9.883910008190417,-
5.699284001411072,6.467252881873719,8.969143647464234,10.0,10.0,+
5.109527283455257,9.503054776716699,7.700589648245675,3.032767067575022,8.072080169717328,-
2.6183744350240983,0.17688131387109451,7.318167705864026,5.553413113573573,3.0758139107949667,+
8.074064265422429,1.7489292439643145,6.443593433490022,7.262591435925998,1.2509524074167355,-
10.0,0.2526168065525597,10.0,10.0,0.5146650054601044,+
6.28592504094284,3.232875526312352,2.0872118773032353,6.841727256681031,2.4094968142026953,-
4.776586549343727,1.1936156208568067,3.5342480786286696,4.722128158323193,1.5494544818249285,+
3.9913142889603384,8.13982121108918,2.4108115863641064,6.341171348301612,9.567628143902127,+
4.8218882072765314,5.069173887560283,3.1114351035416035,6.170944172062983,4.422345178074263,-
6.942825002240548,7.612690731209288,7.178858244389178,0.24826142377821214,5.009545584759402,-
10.0,4.982972218487953,4.337638822268878,0.39748917767881564,7.898633775212343,+
0.4094455947144504,0.3162223856573676,6.64658321548743,6.580126728160364,2.8544308264746023,-
0.5367555434383742,0.4427838313290515,6.76908941108682,2.1057096079087247,0.16867282481534204,+
9.37227840097308,7.439854511697586,2.3019644342201415,3.879957776127659,3.6422663801272437,-
10.0,3.9835825323851313,3.5429843232384153,4.7309087992135055,2.026761256895888,+
5.873065030391794,7.735696207362379,8.560956840508696,5.543031153134552,3.898836920708084,+
1.6255300943909847,5.2358621792083335,6.923115723894629,10.0,7.504335081338496,-
1.0311245034292582,3.957404503047975,3.261711867216315,5.609550585375459,9.329740161462043,-
0.06430498053861622,2.3614970128494943,0.7763624295131589,1.0080882720198892,10.0,+
2.423284475149623,6.012685564454124,7.627602274347013,5.7321762043700595,1.1529564567555683,-
3.4602075438047764,8.306294741467086,10.0,7.2568742559666415,2.0837194491042403,+
1.1208931486023421,2.5918296655791973,1.177425167152757,3.6655627225341103,7.075716162107719,-
1.7445626552598605,3.851884291745726,0.3744616966470153,5.204269806187928,4.471634700876182,+
2.826671959461702,8.681459474474217,4.606248664677878,4.691712330407823,0.9721569724534929,-
3.7961532217582414,10.0,3.354659335081043,9.254215333135917,0.05695483558325333,+
4.984555628111859,1.0120638919921543,9.365818631349983,9.930369487631594,7.5588015050598,-
8.173518221289678,0.41458890431052603,10.0,10.0,0.3417121481177638,+
4.602078353413665,9.01181210779145,2.6462957488090066,0.9331633548939677,8.943345062107626,+
5.253589952845655,10.0,4.7479834862649035,0.7325605365539741,10.0,-
8.485216745127302,8.515991626211243,2.8084814668233102,5.537440297398275,9.191539800363138,-
5.985909877648654,3.82771015730514,1.3684849255531486,2.2673499977393807,10.0,+
8.73680593094183,7.872398673955821,9.1818929704178,2.2970415185155413,6.333363742295045,+
10.0,7.8053399069823,7.514465139959638,4.4839543426996,2.7736518848293237,-
4.989415958532754,1.7253840030567436,6.796729610390109,8.1580593210352,4.650523118465281,-
7.76020697688386,1.880900564350633,10.0,10.0,6.910592340386398,+
8.20705666839245,9.016555573328151,0.6381322913108489,8.391212807703841,0.9571164900710494,-
7.602174377477715,1.7366240691379946,0.5369426043453023,2.075354188302309,1.70881641422892,+
1.6753014059940063,9.444079045990586,9.012194340339025,2.4972083330836634,1.447475325102231,+
0.4791923831386124,5.20240105262695,8.81786483998134,1.3454220280718725,0.5636510193780052,-
6.968739400375928,5.861497433203208,1.0029722925619267,8.644021215630033,9.805285437921983,+
2.5518456475454143,0.6246092647391174,0.08094197693062129,5.401606300751045,0.5092844989511555,-
4.452960072933903,0.8007793546709763,2.987860341235171,2.0120609840475345,5.633945672169193,+
1.390736575872766,0.06813638858769525,0.6897412239486959,0.7908861337689436,1.1137972287575466,-
4.252005960701465,9.329948480019803,9.57709624070835,8.240468113298263,4.474462963545536,+
4.875638290000403,1.5709199442893544,3.607047247675492,10.0,4.295448299102687,-
2.063050414859088,3.7990495024242135,0.3491530237359941,6.594055450514984,7.664898968254084,-
1.9582246538681096,4.3832176405207495,0.29105263427110173,3.964169481427324,5.690973352080565,+
7.216767239414795,4.169164022406896,6.7989452475132675,7.374216356322903,8.959958303032156,+
9.953975834181602,6.5901372838195025,0.7509452529477392,10.0,10.0,-
7.234230686443,4.375073145544502,0.6780644860736273,2.0076394636602024,4.326154340202304,-
1.561631783953459,3.9249626258936687,0.36681035252184085,3.433341058121741,1.1130863315726556,+
4.26358849069509,4.45375347456881,7.060600218924961,0.22451113648734644,3.600677438178046,+
1.0124114460664264,1.3985734979616047,10.0,0.3001067258533478,3.3207296614894837,-
3.35399807377595,4.057111302609996,6.752105017839982,1.6179802302511748,3.4009023894378263,+
5.682614661498407,5.254426323090518,2.842428687869009,1.4862885201621083,2.779802717032545,-
8.923937039918975,1.1236665659479528,5.6905435898863015,0.5072419316856214,7.863524984778307,-
10.0,1.9357308169465997,7.00861821182466,0.6332886124736747,10.0,+
1.7098342721960746,2.1696942926438014,5.811010304455272,9.398728587464895,0.6453461424582829,+
0.32643540434138296,0.8418934084720663,5.339929798450499,1.1056807341561739,0.05975631140291307,-
8.284754102946529,7.753581163665075,4.24068445682599,0.106457795318331,5.02936024434948,+
10.0,10.0,7.27619511560868,0.11993500033732789,0.8162539567714495,-
5.21707597375501,3.7540642042352457,9.191644164649727,1.2886448275039353,9.178287635777142,-
7.79752300045469,6.566667770494401,6.983838161512142,2.109687038547926,2.4384189588382883,+
7.666468991012865,2.1558947527657466,1.2105907823631545,4.552069237788354,7.1780024261987165,-
3.1229792582497473,2.059785779568461,0.6804110438459766,4.991436281878804,5.381115703477246,+
8.968912861507368,9.05466041947334,6.975480441842949,9.91591883744754,1.0884771726778242,+
0.5336090408793936,6.515125203760618,4.456010386056817,8.473025528833364,0.3033137489305699,-
7.403639514153808,9.74059223098409,0.3347767778588462,1.843497195362408,6.606062794717678,-
5.956949354156346,4.245398911096638,0.4497973088310955,1.9185587605677303,10.0,+
4.455546881261658,1.4031823048527403,3.7008345321627645,5.044216002329012,5.911799270672437,-
2.0184155053474773,2.171737097324974,3.3788520752128153,3.8838212356151574,4.440794012579488,+
3.878657490633237,2.834478468153576,4.9339516911298595,8.328450702643767,4.039997548395148,-
1.988414926843084,4.928842937595189,2.2690736245735343,10.0,7.924352128340183,+
1.1296225781994773,6.452001803120529,7.533242831395702,4.215590832834161,3.4491584457462308,-
0.6961572544114448,10.0,3.844279131563208,1.0200166355118856,1.0474088502643417,+
0.5213118360339253,1.0674634690647522,7.118491531707698,0.874692590909486,8.321876194942615,-
0.9921530998056332,1.566240047474461,9.82507589649516,1.5000288366104522,8.446902750703572,+
6.683439106906435,2.80074426983536,0.8931053552641677,0.5526526202264836,5.523578643334297,-
9.454346961668815,5.420471348284169,1.516882226120772,0.15574374812482622,3.5888707706726377,+
9.099740973220221,5.566144035728091,6.377443094812448,0.9435892858324646,7.7629716386993985,-
10.0,2.5799677791518834,5.1499309761835255,0.7019872700591209,0.2128377711122963,+
3.6390368327949387,8.76837461695101,1.2418136961310788,4.731063234920995,0.5290604284524358,+
0.2935293762528344,4.989576359031967,0.14447102873202586,0.048203291794140006,0.1610234317955986,-
2.490905062786839,7.578747885384511,5.414377347191782,1.1919410637576222,1.7229341989191949,+
0.23748507937986468,8.490042782427759,1.821794102003235,0.8899100002339853,2.7231327319127834,-
2.6637948545562837,1.517606123631452,2.343367987984226,4.020141213159371,6.1880174951117395,+
1.509120820657969,1.7315892590538673,4.10940005537281,7.974438962272867,9.22803792839508,-
6.539032924286694,9.230643292141309,3.4446952632327132,5.769543123433824,6.681040578619336,+
8.39177440606904,10.0,6.453308367770582,10.0,2.313422795063302,-
3.7299371646067936,4.2523093615817755,7.3241076410554475,8.787224795636554,6.551854941525094,+
3.108797990741384,2.6717528067150704,7.988274302072811,8.427946496635435,7.927242728493835,-
4.728361698120334,0.10499342007480372,9.707918308470472,6.32338641247313,7.598962493228388,+
6.277311076902221,0.19084415465582644,7.5007139882582265,10.0,9.27770689253515,-
1.6215560799588735,5.906016975991379,9.81904092252756,8.524087386449168,3.7453588031580587,+
1.3614288718589926,1.8332153369640691,10.0,10.0,1.6322338376892191,-
0.8793341045034087,7.482442150170765,8.198341848082801,8.306795866692934,5.534686748591894,-
0.5760333743237822,10.0,0.40912580014950756,1.7473248135916202,4.286282331477112,+
9.435594818159016,2.4544057698503217,2.3822565490470637,3.497190785098905,6.266964005074364,+
0.949512719637618,2.692802389076545,2.886997234448625,3.653761752352182,10.0,-
2.276894816083871,4.185926868498476,0.6075324171756136,3.7078616882578066,4.528454422631426,+
2.262783520872775,6.513297012431309,0.6426559100779172,2.2102316238829376,0.3593660675646319,-
7.959487017893738,1.6639704594397298,2.5499061045406437,7.807501911281031,4.901049172100861,+
5.244865351376397,1.1913447992288124,1.5304381366279154,2.4246881114293193,2.342635617642647,-
9.577263284424099,5.81586552370955,3.391696507121855,9.445148245973899,0.8802268740093455,+
10.0,5.382695111539691,6.034973421056127,7.170969034538699,0.22730057341079365,-
9.54780026186825,8.636152344291858,6.513686267252736,5.19797216622811,3.2428385508986457,+
10.0,4.913816637528982,4.70921924540589,5.395129340650299,1.9912460798975484,-
6.718378445067067,9.069457305295565,2.9400081352231497,4.082084582089735,4.096485943815833,+
3.0179455306286984,2.5658510319734136,1.3821873464572323,3.4970167130361705,0.6375818987636065,-
5.854811948584857,2.2136770904090017,7.540840949020621,9.758650170056368,2.0617098474109206,-
7.6153194951442575,0.11123343830102654,9.326219409410102,2.677362715677922,4.094919097794747,+
1.7097731601264987,9.20167834485553,7.304102506432483,0.6710398101992665,2.0657515436537324,+
2.879852740196599,10.0,7.622062082242016,0.4303382394429018,3.4562866859457246,-
0.7197220477649613,6.481434597437291,4.2985314562744446,1.3080710071102297,7.154177086374016,+
1.1698440574702476,9.396695747233947,4.927386920406273,2.0139818603391655,5.55769253637396,-
3.760611056930557,0.05056074183251602,2.4035661538236877,2.722505283756381,6.654244829715566,-
6.5530604032348725,0.018918301327042333,1.0509086368205047,1.8863991964070075,3.3090976810171644,+
3.3175425461478936,1.6045262753916678,0.742007254992123,1.4166167926492468,4.733979281486558,-
6.017375671599703,2.6505215044956887,1.1398508890943413,2.5997755357196053,8.57273495661505,+
4.62094293445265,3.52276334112163,7.309057985390345,7.032772763714993,6.733083379328003,+
4.801991029920579,5.676526186143841,4.6650689937820475,8.398321771012492,10.0,-
1.9898664738033234,9.331717213101587,7.937179764890203,1.8481402061961472,4.565005275632573,+
2.7052540797867803,10.0,0.21696956389286667,3.116915352723653,8.232969041156707,-
0.37982920672587017,5.262986237518512,2.3767763000521036,9.675770496786951,8.14865415393617,-
0.3485487403040011,3.5339554239465194,1.3195232191402684,9.486131909044516,10.0,+
4.206800274625898,0.5188809847540465,1.1847863507545064,3.4224762408670086,5.290621281397269,-
3.70629903358713,0.7423688906708327,1.627429929874796,2.565125238019058,10.0,+
7.116073053888731,4.07074496940797,8.66806940240684,0.7642157888085865,2.565394011247857,+
1.3058540874518343,1.7615609498620355,2.055783960391949,0.1385297469280843,0.8145272183769113,-
6.007347074603393,2.0030846170273318,6.381462915602308,6.391174023747755,6.15398723869478,-
9.697925321038966,0.8639670144073738,1.9951835281925892,6.453720822885516,10.0,+
3.6957690043872526,6.323353291882114,7.649773710610344,0.642328571274684,8.17879111193957,-
3.955120690642446,1.9975946400832796,4.1829226533814685,0.7501862285679797,10.0,+
3.4559747987666336,1.45289609477675,1.2769460101948915,5.112971757194282,5.8749365267402975,-
4.960346894264198,2.3072766133491567,1.5271460702892576,9.011984619147764,10.0,+
0.3479994769129324,1.291374995139497,5.76485914202475,1.9918090228821128,8.92711409069831,-
0.3770263560646313,2.4590647323853108,9.174790169407931,2.0123811364503394,10.0,+
9.138087106054023,5.062656791397224,0.4141551607756355,5.117838108548566,6.555891654265492,-
7.6073106502688015,9.039377679988089,0.37933500587689173,2.918789215784079,3.929891652758198,+
5.570376951369357,0.6274576700732637,4.301927794441229,0.8025175849033861,6.795145769429318,-
4.004769110046965,0.36697713802958976,3.325534421120521,1.198417546131748,5.058876185599508,+
2.310985298237993,5.604717679056744,6.413453245700753,3.90067773695679,7.506677329825866,+
0.7882144720713606,1.5007423994445865,5.127091260822655,2.294879705295863,6.708666762235562,-
4.137168470066426,5.506575778146097,9.893236357900367,2.709171688435208,7.797596280262563,-
6.995598213887549,10.0,10.0,3.124567799173742,10.0,+
0.691133166813378,7.2276402919604354,2.528918487167986,8.18752797361258,3.3930102755544675,+
0.20586853089967977,1.9713114925614674,2.0381842417566793,4.895789646885578,1.6069140554158232,-
9.616479599875206,1.083785342700302,9.280199932730193,8.641997611538269,5.40341583626959,-
10.0,1.9173353554433679,10.0,9.76001043620864,10.0,+
8.889877285324829,8.919176899544999,8.319882397472348,6.15568429120501,3.018879048731012,-
3.488933683776953,1.2875914511138227,0.8016361025080054,10.0,2.3894724131693486,+
4.195018536436433,3.2973935132714285,5.799768899420918,7.3871888934486,6.142581824040889,-
4.732277529138527,5.1283271130463755,5.905834980828178,8.136440554749543,7.047674415787806,+
8.310007270647118,7.841454071476522,8.588036819966955,6.889304131265113,7.043740953420803,+
6.528878139658633,4.388352319116347,3.310247020604354,1.660796029176368,6.448015625531186,-
8.674886336468568,9.503275710304498,9.914336426270571,1.2460839858728379,9.027769794078957,-
3.47721033024053,10.0,10.0,1.5918749488284125,7.55781529662793,+
0.7203500081517022,9.355294130177072,8.85128657883982,7.067332979568337,1.6914329161814745,+
1.1682380995366253,10.0,6.021373610735882,10.0,2.239633034225289,-
2.1793898541880283,4.786237868601231,9.1744673382197,2.27223014475208,6.530240329102842,+
1.248210221492003,3.888579840968322,7.974894551600519,1.3197049903792561,2.776072597307893,-
9.650493034655089,3.113663058613959,0.4818874110902982,0.1374862622704387,8.5751383198652,-
10.0,3.884957843367656,0.817066211851421,0.2141272458619361,10.0,+
1.569008299134852,7.703847329898398,7.436647108290792,2.6304312926407714,1.235476321866853,-
0.9901476316458977,3.584540309621252,10.0,0.7899573189117347,0.3226866469932364,+
4.62416651270655,8.764401436242231,0.9728416477198276,8.32706838062881,2.8231921913953775,-
0.44103083930912806,7.799126316488325,1.7203180863313299,5.56256786148744,0.31425428344678213,+
4.7131169044327645,1.8455622866856158,1.9218352378027892,6.669624366931158,0.5550839815630515,+
7.323107591179057,3.0537733111723457,1.6681640189162903,10.0,0.8846223220143833,-
9.343332064127862,7.995618435526067,3.0289688179276486,1.9106338429113334,3.2856590347102954,-
10.0,10.0,3.504650553006097,1.983164879815323,6.317375384393468,+
5.72841693225156,5.9962115479293185,1.2627910849808266,6.1866584605328265,6.661096341063577,-
2.9303416178840167,10.0,1.6719266158197839,9.192529402832172,4.786196360288565,+
6.641797684364649,3.2678114083992438,4.0909764024327515,3.45022957956329,3.3824027952992495,+
7.5601108219318744,3.500190104548807,2.7555994425105887,5.214656297718382,5.894474540336362,-
9.195409366926139,9.618265013136517,7.421036176595534,7.482641674566982,7.393421959556074,+
1.0101625994165184,6.36714853865932,0.86214762494822,6.337338077375525,4.150155890343577,-
3.1405642040821413,4.089895569981669,7.207013627546852,6.078438265998411,2.2397154675050412,-
0.929661064702707,4.67762289886156,6.602206922175298,10.0,2.8581350395731526,+
5.20640718986118,6.416069785501158,0.7976663067570278,9.252453515455043,7.36524153096938,-
9.970148849902587,10.0,0.03822248296493583,6.467341486322488,7.766377952840564,+
5.243382021315575,8.047134253670777,6.686377834252134,7.21596616819267,7.758548122075807,-
8.95396822781948,9.375169972907358,10.0,10.0,10.0,+
2.90437302967002,2.7978863404971266,4.9846911586373475,0.4824134811794878,5.772945417980488,+
4.754215309139341,1.1975299046300567,1.3567303254059038,0.7546813204462997,4.889981010568693,-
5.224261918814079,5.1703176428226385,1.997366811109843,1.4129000014753201,2.9633595808788304,-
7.739731269738744,8.487735468656041,3.555733808087514,2.5686063243057267,3.746757837904458,+
4.316930488639877,3.4082404656782184,9.580578163199457,3.9515087217017477,9.740831118901742,+
5.159708122376899,2.345073136210046,10.0,4.277289359368951,10.0,-
5.082812532463836,7.759668711965317,3.577688505604245,5.086375354446471,3.7720583852292,+
1.4834252781602566,7.061321448294221,2.403792720864992,2.0641603182111923,2.946592506975359,-
6.776710484148585,8.79218166892963,6.924368167026467,0.7013074796985996,8.973120636749297,-
7.665009058331978,10.0,3.172170489358908,0.9897569523979508,2.200071556059027,+
6.000393960599486,7.279839049985299,2.489930476751913,9.981994606534334,2.958911888860202,-
10.0,10.0,4.499302703909868,10.0,3.927317192450214,+
3.047225261611054,2.8396310416049664,7.236828302889023,0.508142058046066,6.411923630478516,-
5.737555621129201,1.301732252437907,9.735868360135346,0.7703018354877642,3.223410987694344,+
9.583521211010765,0.6980042627104577,7.418927391545469,6.9346983973408225,8.84682362888332,+
5.315326099698663,1.2019837101603386,10.0,10.0,10.0,-
0.7838491078567023,2.2346430139006435,3.7965220625289584,9.635353675044188,7.9599308039643,+
0.24831440935260582,4.091524676087537,4.61843599365808,10.0,10.0,-
4.243660971487046,5.216351638129765,8.303740387322232,5.435629941286171,2.517340041404481,-
5.506261789654038,7.043206658333301,6.769566839967915,0.5918244614928115,3.296649909526819,+
7.975959425275474,6.199119808259117,3.9076234982978963,1.4712435267029655,7.6222288387302495,+
6.840932231424249,5.698372912348645,0.7350461926032078,1.1660181892064363,3.398509398439757,-
3.9590594598012863,9.808221651584457,9.144858800945473,1.4921595991539982,0.17846747828125897,-
5.1913323788469805,10.0,6.671010882766754,0.7230897367412156,0.27394487882672786,+
7.2691524584337595,0.21556361349676312,8.792599725661734,2.796979919641893,2.0511434311006562,+
4.654945467700087,0.05803270458482316,6.784842221519531,1.0267768730948423,0.5699261798914261,-
0.8339634811538743,7.254696979213799,8.115821085879706,5.161296215398142,8.020821177947143,-
1.1661064734244564,1.8236580172953647,6.648052782963388,4.729567607176063,1.4763299566255497,+
0.48631495847748174,1.9903682214948293,6.383487113152803,0.08260974409639688,8.143554388572875,-
0.11450247261495773,3.3781937475564825,10.0,0.03677114535795405,10.0,+
1.5447524355317366,5.194188354572193,5.131585048901583,4.5330931116077045,5.88976171571961,+
1.761217560394017,1.769735823774625,6.210526744467079,5.8693552569305725,10.0,-
9.740924682706295,4.670122725355325,1.2060072607894945,9.761783705810082,3.614546998855551,-
10.0,7.3177008762627835,1.6172738020934623,10.0,6.37506238964856,+
6.965693965089769,9.917714863817038,1.3210625326735848,7.641935557020294,4.026688660116289,-
10.0,10.0,2.5124629697253305,10.0,7.532593397299377,+
0.15889647748651314,9.211560594806908,4.43940519453888,0.4079401372070546,3.0004228919742646,+
0.08917191958754492,5.493612627968385,0.8526137712269118,0.21432460275632417,2.9132357951863175,-
5.87319424126707,0.1745822819200682,0.33637560119593735,5.950474325510434,2.8052291233428663,-
10.0,0.22320725960110696,0.3374984396138186,9.534095887020348,2.8373104919486165,+
8.730116597376426,8.415898518673156,4.109783589695705,5.226249042499978,8.395400067718201,-
1.765970685206414,10.0,3.477415822328406,2.416577325102358,2.4846158030857106,+
3.0198582438115205,5.796231685718755,6.715262020346015,8.515878364821386,6.038255341221558,-
4.791727390814718,4.844276107194532,2.326136414364932,0.8540905837899212,0.04514484954352489,+
4.302916504043422,6.366351473706114,2.9475698926269986,1.0485537473888773,1.2475576562343405,+
5.2223621246873915,10.0,3.025614762837893,1.686235743478542,0.13394015972377138,-
0.15722750613650915,5.83963109468732,6.944406015314225,4.883382637547987,5.262369196332342,+
0.059810233700162585,9.636575556458716,3.4863728326212655,3.493939854210378,7.745565984208012,-
4.054451592692491,1.4385529029826816,0.35500777199564904,3.090423697648892,3.7918160668110845,-
6.515843654170399,2.6543746769769077,0.33708423690253586,4.372620610356873,0.2997184297150256,+
6.500860197404515,8.94326985237493,8.097273500344338,3.2383227876460396,4.37599584679435,-
5.0960920506200145,10.0,10.0,3.578343621638271,3.6528988839756087,+
8.386160418016159,9.619698907042558,5.10311063626521,7.53559874923066,0.9203026884926002,+
1.8623523243203293,7.189361031543796,0.45626783491400447,2.440537692064284,0.2355829424312804,-
1.1003381728683415,6.663056263371136,9.493085325809062,3.784984365676427,5.0576063311070705,+
0.29633849112608057,5.794721237070797,1.9455913136503977,3.196161462374021,2.3317610958969928,-
8.408356426889418,7.447365508329732,1.1265204656700845,3.564522008186154,8.376553937381427,+
9.367393599595264,8.953202756745409,1.8846014011735783,5.881938748293944,4.2076303788292755,-
7.178573197006429,1.452751170745179,4.872745752929772,5.193113651163408,8.705967220739728,+
7.723465985720933,2.724928439674496,7.962886615107691,1.747472013924505,9.37753469093492,-
9.375565461819914,2.6860028833136784,2.5130681898907214,8.415396654921173,5.227524769175917,+
1.2304508554317262,2.7958321007277323,0.29412713280520575,10.0,1.9980919543052276,-
7.171517513151149,4.525851678423972,4.448839251973458,3.070262684616596,3.421134129625054,+
10.0,4.60887146568181,7.407362320973121,1.2613683577728718,6.497323108912409,-
2.6279234193595324,2.576057634379202,5.35483708939277,0.14218838005313983,3.3306192520769287,-
4.670624392602588,2.8861266543584594,10.0,0.22816597638517258,4.463419772109461,+
8.142811479473947,2.6928436464729186,5.367478317358769,2.995298210443206,9.500603129213996,+
7.714245842251746,0.32907615460677736,5.26260975952428,1.153274232742456,6.925586497418451,-
5.584284751425534,6.480583299155155,3.3330618933884626,1.6609863108897815,1.2235346473328246,-
7.829696359255663,10.0,4.729853980095603,0.9752657933873173,0.8853091093983834,+
1.6715244206514135,1.2943985894099108,8.02233603741864,8.70944389995026,6.453103437314973,+
2.8591308082789246,1.2464638635994496,1.3024823980463875,10.0,3.5522163765109025,-
1.3451269868871807,6.7242423078631655,3.740433086185506,2.3282962704452945,7.939018004288803,+
2.162108518459645,10.0,1.438415857748525,0.45980072929630084,0.8885817798124929,-
9.674993325007724,3.485073172815767,8.306590096927556,6.6343895812835605,9.049522689878719,-
10.0,0.09447848730144377,10.0,6.72488953302673,0.899768369644409,+
4.04673021605801,6.791386978749026,8.601001154976666,3.265681892132253,5.26391885904428,+
1.825120546945848,7.192034453269831,10.0,1.539958161129021,2.828078034013731,-
8.135134369623767,0.2950499554908881,8.025578890482208,9.560722928653476,4.892845366322215,+
1.9762250744128054,0.041959728151767614,7.975906746034786,6.681379449774162,3.3605459281212697,-
8.313769131287616,4.3694074557759155,1.471864663914284,9.808644502899789,5.821981696325059,+
8.186420832855756,5.365837187217538,2.079580245527399,6.835879824007215,2.0120009088902466,-
