5.377156149288877,1.3706878075309992,5.242841796800816,8.437941185138353,8.085673521352085,-
9.830936713883037,1.615551443982666,6.301269508217009,9.552360312582694,8.84037647299596,+
9.684867494817777,2.103462581646017,2.721656962732287,1.0644310533305745,8.840592232045413,-
5.5503774576554745,1.5397728251449379,0.9706107145036665,0.29029347156616564,10.0,+
7.343769084211667,8.193447323509787,4.565603870327266,1.2317300848302382,8.803835787007872,+
10.0,0.4394941395669886,3.836686570778483,1.151837818231459,10.0,-
2.287932342699369,9.896697530646152,9.819614638697043,8.119009058312614,3.4857217899281023,+
1.8051425470902862,10.0,1.5890043319817364,0.1624114102743214,4.050853440774481,-
8.179553008753183,2.071174763318341,5.569708798506169,1.5902586036090127,6.599103388967306,+
10.0,3.6835783681147247,4.545573672964576,3.0920553494347947,10.0,-
7.141986848507327,7.340915219424913,7.050575401836726,7.672675100066304,2.0290824312970135,+
2.862344235227415,8.951352051666714,6.637412383515176,0.3435915476541556,3.027701512357896,-
8.361722995542198,5.924152466228689,7.0845963841117685,4.050113710766273,8.67059500175421,-
10.0,10.0,10.0,5.092682528278641,10.0,+
0.5250365351521058,6.960357461788595,6.012598938746808,4.0916558169345425,8.135491683252804,+
0.12420508228124402,5.081350994749001,10.0,6.525174709212322,0.2506306716175901,-
4.438523059736504,2.798485252611198,9.049063749001704,3.008150781990191,9.560765724406975,+
6.802733776142147,3.2544498528073897,10.0,1.9283521679622826,10.0,-
9.546785607509847,3.2594381670432924,4.29863319531604,7.335939870449273,7.643332195127794,+
4.974731759736907,2.05443790592336,3.1376277387602394,7.8253126387315755,10.0,-
6.6703558128692855,9.575850798195564,5.93899906331046,6.703901224013245,3.262640598843073,+
2.6144649259250343,7.583000569374111,1.1960153945398193,0.7484928346047931,2.626970680247202,-
9.41267555952464,7.91893293317584,2.645202080626584,5.7877877088983976,6.271769314654629,-
10.0,10.0,1.0379619217590443,2.8211312891992777,10.0,+
6.849260114051653,3.7438891549810203,3.6571142045085248,8.456270920557099,8.22292253930427,+
6.196709521259127,4.618016321121704,3.0284634683838365,10.0,0.9715977697270304,-
1.2814210713479923,6.685567530470155,0.13268400862023744,8.414827970213654,7.964112272448053,+
2.0690083708620586,0.2617994622860097,0.16752753804962026,10.0,10.0,-
0.3527831574352447,3.4967676835093355,1.806613313384361,0.3922578397890464,5.154214997409462,+
0.5589177270676291,3.1871598723594317,2.223787613749328,0.34111190123978774,7.691756155696656,-
2.9081451521062585,9.817192645247935,0.4454808549603473,9.98900914381183,0.8208356841672648,+
4.689393170613519,7.355938951727526,0.868913691759033,8.394067929288612,0.779036254784173,-
8.211533447162177,0.7676784316234186,2.694504642076331,6.095049013773922,1.1369448818226457,+
10.0,1.2341204875927492,0.8427492487192069,3.4213190728130463,1.124215140916777,-
1.1411614951424842,5.988907398646179,0.6647601959457183,9.7056982376497,9.220161432645483,+
2.1923136428766052,10.0,1.2409408453431163,10.0,3.976408397720497,-
7.485931749970288,7.023421548679948,6.995079888627467,3.0583977517668517,1.0841586537950987,-
7.926363505178371,6.393110448242001,0.6187291762979129,0.059629798065827515,0.30041395699528617,+
3.091946184180313,2.4450236161497294,9.242162581346639,3.8907162955862375,9.908317455181319,+
0.033575904746634404,2.2307712604253376,2.534062639916976,0.9533966925330177,9.840251153416059,-
3.7909166018310323,0.7339475352509017,3.4326826055245805,0.1809228747928704,1.1383078744972153,+
3.8610492052568546,0.14561064440044935,4.513354660385068,0.24920811056573455,0.750500750779534,-
9.725521719738076,3.348524143642001,8.806841548755267,7.502178605205891,1.204163373583138,+
3.5865556426670824,2.564120455433408,1.0856322639143832,6.4447590894083095,1.0264424094434386,-
0.04894307776237006,2.87852286752893,2.9826835560811906,8.991528250880304,0.11180647790881015,+
0.00745772525607414,0.18436462537002077,0.868578759071581,1.931573873037659,0.09272013010583108,-
4.819812992655155,0.41720567231574357,8.780064122129296,4.927172431832549,1.5523848791248862,-
1.9990064321697927,0.14231096056051357,5.8299386764598315,0.2318222235310941,1.7867261516858581,+
7.913217758735688,8.347106578601522,7.727345548367777,1.3343412159999501,5.812128136431568,+
10.0,10.0,10.0,2.6544532693844296,9.383461522478429,-
2.6273238246552824,0.8419450734812839,0.23774442879142543,2.2636258040656654,1.4980866837768958,-
4.3059626342372175,0.5905164164333101,0.0650949227593712,1.1472055555389717,0.005804974286309579,+
1.9547081717408588,2.0740703889356116,0.5531876756609277,1.5405541146765422,4.727756504102504,+
0.9088631367384251,1.2461290035378685,0.16523721811266026,0.9263138502316949,2.226788079200056,-
1.1736859068263772,5.21493680252103,9.795286477329498,2.712005172938418,0.7156725163652666,+
0.8556031738456067,0.22894470452471913,7.181879410880537,1.6507087650930379,0.48343873608898696,-
8.060364258321812,2.358009905672054,1.940654950966575,5.819135820163202,7.766827593799693,+
9.11457111953884,1.2789832843806541,3.6310210534434533,3.6309721618807567,2.1406042887957697,-
1.9301918889029934,7.4648028444354155,6.0867412466293045,2.2741470634782446,0.10107856558605244,-
2.172468959960818,7.574150894132268,6.944132394091468,2.3962713295303923,0.18197776432924953,+
9.30927591860081,6.784080114951686,5.950422591832119,6.787707790456114,1.8197315774043454,-
10.0,10.0,3.286718680769995,5.46652247069063,2.096714349321983,+
2.1971203590071964,3.0316428130099005,1.8099106796484754,7.118957149529029,5.734754425887908,-
4.350711349596855,5.093497694578749,2.4714031027546843,10.0,7.430326501591798,+
6.1169168083213865,4.60735707601733,1.6186102649468537,8.144191151905277,1.2096659202144067,-
0.26035094156692523,2.6255812606182225,0.6486905523310137,5.579453202596126,1.9618399846238412,+
0.4956171347080707,2.9898666733975308,5.1739915509536765,7.256553122410876,7.968267254045514,+
0.8594090417508772,4.292437014067421,5.082387818381495,6.737434928854948,4.98334274229135,-
5.1205032522681835,1.938170831871694,5.815382261497483,7.6854928053219105,5.964408749488338,+
3.7241889879947196,0.46768058254197253,8.31135482046739,3.782844892781764,9.646107313286684,-
3.6310071358002425,6.772243790860135,5.988005617771048,1.2336127949733744,9.79788129900305,-
7.1321128262956455,3.95890291693492,2.651606254001966,0.5672708779628338,3.0333281799838683,+
0.4557171993493858,2.988727328126064,8.924162732133023,1.333818334761795,9.867681744068209,+
0.11178585489354217,1.2396345412789525,1.4699007134720647,2.3401926346214097,10.0,-
4.0222347633253435,2.1269635136038945,1.4561143218240236,1.9269971952252363,7.996308356405572,-
6.2558925407255455,2.1288864633067988,0.46927352939805883,3.4222146790098056,5.959674747021366,+
9.272437679326174,9.308115614907015,8.105234371191598,2.5439016775547927,8.853794289600982,-
3.187852243204123,1.6743116393453514,10.0,1.2851947462883728,4.924122157589766,+
8.073022189601232,1.2571781317542574,2.4683041964199868,2.8605950584440154,4.176680736785664,+
0.6632138147424835,1.1255489659310594,1.6671000505936706,0.1873061688321964,3.9252986344046845,-
4.737105476602219,1.6454362486122687,8.981937608856214,1.2764307516798856,0.3710247532227995,+
1.5091611542450576,0.3853471466560564,8.933441958083566,0.003590314019768269,0.08060252575951692,-
5.0022759508072205,9.690495122039106,9.149944376782228,3.4778086030865563,4.843437204820051,+
7.500464277725146,3.034494447528598,10.0,5.339777464739941,5.290489283024592,-
5.933823580428838,4.40032942044251,6.0520974521228545,7.222765292696697,2.213175510196894,+
4.8022048637390995,2.5704133872577235,1.8089621349737817,10.0,4.376195280500314,-
2.0382653963256123,9.535142497964364,1.6168291528634204,3.5289131426865064,7.881102785943181,+
0.5566603501726164,0.6080379275748214,0.20826599601612975,2.635125581733815,7.435272092475968,-
9.481180945716577,4.707524896061761,4.545121102502002,1.8312151326303305,7.550256080880347,+
10.0,5.2866649260504275,6.503211662094713,3.542937820641354,1.606061190019005,-
5.500358104435942,0.11542439106450697,2.8047058970860017,3.1475742453862363,0.6917275579394977,+
2.868815054180116,0.0721523753073426,0.3153895039427425,5.246708082810064,0.9551304145901838,-
8.014253345547282,9.907931238493543,5.694581021373704,6.252233790851239,2.9558594432203056,-
10.0,10.0,5.204578037975987,4.974885269890502,5.6896921662533675,+
9.747183049766337,7.015550953111863,5.028325414717435,2.6185879148320526,9.408664219673378,-
10.0,7.352182018066532,5.9620810023474755,3.280763017842397,10.0,+
5.8053307146933575,5.553814512235555,1.0760152716642735,4.572256493414479,7.8250676285039855,+
10.0,9.624352061612157,1.9566481178310904,7.230400482962623,8.736873007793356,-
8.751333410223015,6.428444580595971,4.2437253217943915,4.780193427235907,8.600982460886627,+
4.465401020604291,1.5961355097956567,0.6951945645206387,1.6505353703565606,8.988187045460888,-
9.742136072866103,7.32042018862403,9.138196514522859,4.197693239745618,4.478779839920096,+
4.237585147281108,5.946112645407807,0.9570853879481805,2.9254810847396824,7.478067832733083,-
0.2484286518176948,3.8554617077421316,1.2572661249787787,2.387907523647701,1.7109609021661731,-
0.37674157714140744,5.761383506243781,1.5475842710765215,2.4477581052065425,2.9889655781009754,+
0.49511545183569816,6.397431195660536,3.4762866843672002,0.0963251744601934,4.856027977177286,-
0.9860872507955285,4.880491591435951,3.419647924213038,0.004791384645651496,3.9566173508013294,+
9.542339970494996,5.175465327014876,2.1645079258459345,1.8267489519344737,7.468411863118254,-
10.0,8.255194312989147,3.992428123857774,1.904076178466017,9.539724167730048,+
7.056965907183361,6.750829671110138,5.355559682959611,8.515409730207859,9.249769612473187,+
10.0,10.0,3.2194670000054204,10.0,10.0,-
6.064966794964716,1.96682867516619,7.769617559162761,8.755692124115,8.228259622262703,-
9.92806821520914,3.1445181139424614,5.612835560883896,10.0,0.4405357293554405,+
5.0224839230618965,7.081058168841522,1.5795183376668254,4.203537472539077,3.106036055116632,+
6.074326278109563,6.911650519837648,1.8250859187761692,5.015477262649981,1.820062030683025,-
4.359208770210107,7.15318598320517,3.1379318219954113,4.425477357247204,3.5328408366116735,-
7.088414519516626,10.0,5.653568453042875,0.5155228794192649,2.7627930792287443,+
3.869575078645404,1.2080382209863072,9.291978755160274,0.3118876902769885,3.026490959323509,+
3.212938065617445,0.4401137514762237,10.0,0.09168428496238813,4.904277221841758,-
6.892983674180781,8.140646478468556,3.291995275482286,3.1674962020480746,6.322051307756221,-
10.0,10.0,5.9579441867325045,5.91010504152942,8.106890208707588,+
6.665343224506396,1.6660565682345296,6.641236088175618,0.25998854851621456,4.007445972637953,-
6.894274835589905,1.7976376426680767,10.0,0.36212105759339736,6.1757535575745415,+
4.066090575334034,9.242397354043524,7.225816690112724,1.2820658948597996,0.838777045539254,+
7.705651688037475,10.0,8.789019636027982,1.3283620805193368,1.4649378381625544,-
8.978935450721469,8.550443373729717,9.68941632691286,3.7879329707569296,1.246557785493324,-
10.0,10.0,10.0,5.227935496741089,2.224136724798696,+
4.990346508879852,0.46974853957897245,2.001834364472849,3.0288910344497877,7.213855593005408,+
3.5099251214283917,0.8963294710941682,2.198656539219354,4.783092963627237,10.0,-
1.9983633935390621,4.053503992010393,4.994875103005282,1.654227836583947,2.5895894756853712,-
0.7863577044155976,4.80494547791596,4.046985065523425,0.25970976822936137,0.015698234889303785,+
1.7293258363958963,3.849171989451643,7.114085366880075,6.443213038346977,3.0029150432338936,+
3.3510997584102933,4.978432788282524,10.0,10.0,4.573400554684005,-
7.861911916454698,8.867509069363438,2.293125528664508,0.9132934827890271,6.9554321490331885,+
1.7484284434330726,9.93988211239467,3.225808884933712,1.0339662375351686,10.0,-
5.853973975068473,2.2424306535239245,0.5449773798947299,6.180862577499181,4.0853035476178325,+
8.447737544862921,3.2184775613262047,0.40008440568660586,9.19674658905191,5.516851675114165,-
2.0560080091856445,1.932573039280443,8.645041388672906,1.528148756933837,6.983160774530516,+
1.384996341264916,0.38907763248660276,7.594784579756329,1.3511071323457875,1.1093737774471417,-
9.886674045421708,1.5046084655416458,5.161198335752255,0.12852113733776038,6.16128773810324,-
1.6818761947586922,0.6728971646557856,8.771450500257638,0.19640227358375836,10.0,+
3.681306827299895,6.383037054620734,7.962653505314453,4.243860797618119,4.436881776153027,+
2.0677166845406796,7.4378112500065,7.773213260824627,2.3721141781096233,8.184882632154121,-
0.7877242558380648,4.330160079743472,3.504059050027819,6.608925534039088,3.0804372456230853,+
1.2794738401606822,7.167433805571365,2.229885565371672,1.1005341195278606,3.767804493138497,-
2.8023864086213224,0.11471697338727327,3.9942071029990247,0.11127779643134827,8.545370953816935,+
5.246837677305798,0.12681678305289373,3.417056215532773,0.05649233490785369,7.465009698222102,-
7.164198103097638,4.169529351118859,7.5651957208168294,9.065166403806163,2.053109488779582,+
2.928566960959058,0.6917946213396966,1.6016615021345746,5.488681444914997,0.5154435651748355,-
0.11612230864490702,0.05447163360327023,1.7601129552927952,0.7289108169148761,0.4518561759191009,+
0.1679765118239213,0.06684937751744971,3.1539865186975775,1.0199301368758038,0.6813889788756331,-
1.0527646317770534,7.140297965537985,0.6881743730612766,9.928204574842383,8.639627627330512,-
0.44683808686526283,10.0,0.2693878761022474,0.4484466253196389,5.916151564012448,+
7.63872915554817,0.9696145477476215,3.485141894867719,8.952887209743514,8.166854254268706,-
10.0,1.438320832626125,6.5058479773057964,10.0,10.0,+
7.895921980525519,4.004347176590267,9.476361536598723,0.31158444085563675,8.781282239482367,-
10.0,4.955396896152553,10.0,0.3177037001135136,8.965605223588236,+
4.184368315077052,7.0056745809633565,3.4908380910895334,0.7836879384021045,0.17550293464059785,+
0.27359701077825066,2.0505664469603424,2.3685371709012624,0.4552649575147564,0.13000569833932843,-
3.596240601375724,9.049650627533921,6.798201085866325,9.008420655538242,5.27785796629548,-
0.4020756114976864,10.0,7.771021919257642,4.229278731281657,9.028636342520759,+
0.5716808781499083,6.971667911921227,9.281182099237181,7.4711834469554494,2.534433872811154,+
0.12117613311614335,1.631166835666483,5.819323645136944,2.3872780961708897,1.81565682157925,-
2.6741769878236807,3.0267976056079746,4.8302069992942,0.8630846444004814,0.4168854178034098,+
2.745707649888325,5.128120809135777,8.578199253068227,1.4255306809497295,0.8199484479013417,-
3.043814722467256,8.949594104991846,4.726413517344082,2.078686558155567,4.568253659252698,+
1.6131515566676795,10.0,3.073122549109504,0.15346775301019544,1.4058458592397458,-
3.6790474490777116,5.410702112702696,4.8560006916391245,1.4095031258153956,6.622792973828638,+
0.5681532602993702,4.165836026329716,1.5052000225814008,0.2417943140645423,9.06683613362842,-
6.546506633821415,8.280203711878638,3.5131004897758755,3.0423816085432676,5.239000754076775,+
10.0,10.0,2.546526792119138,3.1805338422235274,5.848623705923824,-
3.0562796283102855,7.344457581815992,9.684293665137506,4.8783958616381735,3.3786264080993442,+
4.725134351200375,10.0,10.0,9.295860217088423,1.5051046458518962,-
8.730408385552291,4.131266470193786,7.917853094191381,6.065120191477323,4.399160473174254,-
10.0,5.382762068870317,2.143026791726624,9.772820135253484,2.747941962362081,+
5.773182245366899,7.9491544053878,8.277905286200033,7.621694269850199,8.367060900367209,+
1.304686413862595,8.398242345518424,2.5221392132250093,10.0,4.417999639845562,-
3.461344658587352,0.6251496883831387,1.3911804196249555,7.076113189993524,7.597504730999182,+
0.9651142785661595,0.021876465114637166,0.6481276615919727,6.7807378111227,1.2327846458173257,-
8.93066790317669,3.634141101275169,9.364566664925917,7.829498738438088,2.145520078480182,+
10.0,4.094592306781144,8.120607061004666,0.7210489112362646,3.52856585902481,-
5.016343171914101,1.6029808976063498,4.174588159010057,2.708369380786224,7.686047459380948,+
3.3251113375393038,0.6604773321265799,2.1982262794464167,1.2680338675787954,4.363453630564726,-
5.768592163776817,1.0190472565600128,0.5698641020118522,5.609219790951184,1.258474098074489,-
7.400001991497511,1.0604372564143525,1.049743961102057,8.928633801788036,2.2552096207815087,+
0.2898332014887217,9.823623561184293,2.7602745700369824,2.416609659422171,2.5426647178824355,-
0.23531154260430226,10.0,2.5860638400773968,2.3585402811649794,2.5039036654054776,+
7.657938906961049,1.3508636992846534,4.026767853368614,0.5186808942153343,8.390199300734785,-
10.0,2.286690236760841,6.20914455965563,0.6166025109973716,10.0,+
4.1379686995723866,1.2004526124164416,5.018133574128731,1.604697030524087,5.582859173144536,-
6.756648056527036,2.0360730291016615,7.117979951281398,2.768963110613674,6.90938366069379,+
0.5472014290774418,2.8601091536445744,0.8272401505377902,5.898339750504139,3.117031885638013,+
1.0754469639657152,1.3479183837345425,1.2916297201772944,10.0,4.8428923462146996,-
0.12195767493749621,4.852940895489474,4.171013094749859,2.0386601917719283,4.963463474193674,+
0.10142819141500525,0.312320491292579,3.9889465391355614,0.465659442859844,0.591364807725865,-
2.581140573664704,7.326331067495509,0.46874505329325244,7.395468074599255,5.450245198181185,+
4.9355773516347226,10.0,0.47019494302356707,7.953079485412747,10.0,-
0.6871126344749712,5.7458829715928585,3.521807312681956,5.095714327203989,9.42941874330134,-
0.8883441113308423,9.482724004177518,5.32708959841232,3.683756340435679,5.672686094465001,+
2.8728926590584933,9.68500651651475,9.57709894927319,5.2527516281930655,3.4909121035473656,+
2.510781476725445,4.21024208936953,1.7413042165831794,2.6903058060452656,3.3714053662187187,-
1.3145612231607862,1.2172447231608974,5.47252868721746,1.8208879603822026,5.649522610922954,+
2.5003112410823847,1.393419112934282,7.305947670962198,3.503458981617366,9.971517727114247,-
5.726585819523265,0.6813978247665742,0.6956580700267978,4.575531649129543,6.080867717257366,+
10.0,0.3232146171486177,0.5675202065393509,4.226524904135037,6.021014280083845,-
4.1087928534482305,0.06692433274103404,0.5704641937541066,1.3883843833248388,0.7561271276262194,-
7.649140781557868,0.08986922527705749,0.8629031706717747,2.4240220678291684,1.4172753717466748,+
7.649555075913294,7.004337227396649,6.658654465047623,6.924327944013241,7.57125972727129,-
1.2206621726003772,0.47893540198798595,10.0,10.0,10.0,+
6.476906955750346,1.9531960300331719,3.675816429224458,5.255225168755906,8.204626265788859,+
6.214715346619782,1.582266615272194,2.435835760686242,7.624266259254928,5.01120206923382,-
0.856103063283451,4.248635191873679,6.199966218227653,1.878391426024506,8.113465956831883,-
0.3321831369324542,3.3888934439745584,10.0,0.5015942718267503,6.352384626740543,+
5.1880524902970055,7.348719282669495,4.2963046138788705,5.27269420239009,9.673690994604756,+
2.93448771399982,6.865781889628226,0.7218039262442322,10.0,10.0,-
4.639960127874911,0.04313941958148937,0.6205646793338004,7.20137710245671,5.5631420895873145,-
4.102231391272161,0.082734617105965,1.095846290913393,10.0,5.352632896054599,+
7.871912187192688,0.3568275380078245,4.854704105674857,7.2388311718946134,0.6303970526154312,+
10.0,0.3698196818038441,7.711351190862681,7.008121540566025,1.0349338991169283,-
8.666433713193856,9.916887659124189,3.84685676920408,4.391785600188358,2.6060423963038417,+
10.0,10.0,6.5489519645855765,8.464698800491917,3.8010534805298697,-
1.5798639622911481,9.389137471913772,8.926608427653747,0.32384781123544815,3.2388350208633456,+
1.8168961044075387,7.405102471643452,0.7967884480486653,0.6380129248113796,2.0470130136802718,-
8.524526027813666,3.9046309895481244,6.957578187807797,6.355384470864847,3.860118242329722,-
4.160143452434485,4.572152334394024,3.132857364230167,0.6375801154279059,0.7166247718352795,+
8.234034123094865,4.759874523311144,7.356013371655511,4.331061265202917,8.727905182967843,+
10.0,1.6954236326418117,10.0,4.5333990786456155,10.0,-
4.132934678495759,0.36322091749898977,7.386017541589746,4.430250365053285,6.077516911519561,+
8.030372178453023,0.02665697850977358,8.974387148528637,2.395284926287262,0.12817321889008962,-
0.19834488916768533,0.19271635931490505,6.046175264220629,6.189589304605404,1.6123061861647747,+
0.12794672663143725,0.36516982825865274,4.725343948823718,1.1706669686052682,0.47234434370198825,-
4.728282927421995,1.8150384836471933,6.508419176864127,1.5840773232437066,3.7099243315579833,+
8.305134220975345,0.434983524995663,10.0,1.9918865111414579,4.840491583019316,-
7.533835671532083,4.858921195187356,7.5582793801281305,1.6663920542157695,0.4067254894325967,+
8.29873509980324,8.744682780305617,10.0,2.089186703596081,0.5980763937408727,-
5.61805958771831,7.129602243427337,0.20067619478202237,6.267788960528614,0.35705738927568786,+
2.5605170234148247,1.1596644963266742,0.3764485782942492,10.0,0.6954260083483622,-
9.92615181176003,6.42136155284449,3.5344110914137294,4.314345720685521,4.162068308050245,-
10.0,10.0,6.20617344835196,0.870067023415558,1.6624818488842998,+
2.385606336867354,1.4703000439078928,0.41825024411686007,7.817556611739822,1.1794311777194688,+
0.6379729507393861,1.3136882353773183,0.20009764749985157,3.9321735874261186,0.29546342696179434,-
5.991763753014347,1.3298018046020321,4.606810987540889,5.405750900420645,1.653345408269753,+
10.0,0.34102329350619925,8.677941097916456,1.746404504429354,2.454410118541273,-
1.1746573546139738,5.103382473510527,2.909687429249658,9.014490851359797,9.332105126263725,-
1.0656762281430927,6.418520901058744,3.213250120150652,1.6686704448768943,10.0,+
5.403036806016747,2.9952260693889765,5.801470251356023,6.829604348174902,1.6267379990448205,-
3.8109756191454407,0.6804638481071156,0.7720520541410326,10.0,1.2919265555364847,+
7.778479848503272,3.7518280543629245,7.544952327809401,0.07657618828352475,7.881137234180782,+
10.0,2.9837598716847253,4.817426655614239,0.07458832660908418,3.998800842322283,-
8.763366317563314,2.37130963771941,0.8957433274484505,6.200371424877739,1.891324669413148,-
10.0,3.819439237313885,1.580463776955271,9.95251485308453,3.2531916067902307,+
8.229451944281854,9.469634195356914,3.442005502671277,0.7359626188635571,0.5702752259690202,-
10.0,5.168170916820618,6.353081428678663,1.3188498218246123,0.31760322342505265,+
8.138379085065143,1.0927715569581442,9.847432411894006,0.902888460511656,5.67252198301624,+
4.335333671003624,0.3347921483602177,0.2772061724132144,0.5904345141193398,1.3783661385396453,-
9.859915587260762,1.062569175773701,2.8991011047753643,8.04595719676975,6.50440840981015,+
10.0,1.6584630324984047,3.94975027576538,10.0,6.709515697119394,-
2.092082777760101,1.755639599818103,7.8399135691796875,9.995050473548627,0.2551423404023234,+
3.2579338140245424,0.04105928575036377,10.0,1.7058186601824963,0.3304618777338289,-
6.727996561153135,2.3354411950470277,4.679230619451651,8.03490406548082,9.313219676630084,+
1.5360546635346428,2.0397729147549475,4.835838622587307,10.0,8.390009878633668,-
3.427697132941272,3.4380865860023624,0.2222465097545545,6.476974489039856,4.477573222538908,+
1.5539659462861164,3.970900460716425,0.06292451305162747,4.608965085399187,4.971315494393207,-
0.5931194920795302,8.1687409094655,2.229084281210618,7.369041816877587,4.853099869130433,+
1.1245300915966765,10.0,1.4680086288284426,9.087584549839367,6.890225377422429,-
6.565214957553156,1.4568180840106637,3.3719243151802125,9.024923579904193,2.2501320976385575,+
7.378122599316692,2.672397512139702,0.9322159049473754,0.5150235830913735,0.3559716846557606,-
7.660678789833691,7.6798525411851575,3.2378612168221474,9.99173721249571,6.38203762005528,+
10.0,10.0,6.289350069787999,10.0,4.827231718458899,-
7.526501859940917,5.8066267853,7.952010198067349,2.3131449129257966,7.647505998720895,-
10.0,5.511266631057869,8.731091018962811,1.1500807233661865,10.0,+
6.984894130994296,3.2619423548044866,5.130544654367131,0.6111016581545547,7.7725510519243,+
3.0222858054015074,2.6516560431760223,4.976418132774419,0.5281049068389928,1.9623321588148592,-
9.836359453933678,5.943944059989531,5.298146927055196,5.106879072429534,6.541238506629599,+
9.451544086458439,9.716179407652321,0.09999391841625481,0.8112708697774758,10.0,-
5.895430776847777,7.168248699681023,8.117923102972549,9.229579783482802,4.5150894594948054,+
0.06463717485226604,6.767380546301606,10.0,2.3915587650461867,7.971661531113544,-
3.37170741298098,1.532825556014279,7.963574112679316,9.337514905035857,8.132008862854915,+
3.1721560659617567,2.9773742490234145,10.0,10.0,3.9382545894987335,-
0.7977618894418737,2.101198884044021,4.343023460451593,0.8075869944179626,2.8966872849515504,+
0.8507733837946218,0.6952108290359305,5.480498418495273,1.2568651797894903,2.5115551734193393,-
4.722372711044316,6.354126429098787,6.644737288113333,2.5932232285733003,9.4378821804133,+
6.026753792808648,10.0,9.610035485736155,4.2949040082967445,1.2625769610601698,-
6.3822089264652195,3.0398484366638003,9.271307776979045,4.538788039442986,4.672938775284282,+
5.577429039272959,2.3276940523853837,10.0,5.558655426968346,1.6472645108511732,-
7.984392517753794,6.919558736389374,4.644844462109096,2.3066726946993943,7.547220455868193,-
10.0,10.0,8.423558605403521,3.6514313058316423,9.17860866529932,+
9.841931277648564,9.40693947623709,5.5250653358168025,5.966191541566731,4.908765936151983,+
2.360109158766414,7.607411425400995,2.1310331807511567,4.536058150334771,2.2076276592500212,-
1.6145264271102966,7.278299631819049,0.3082548490624515,8.173264596570181,1.34581977525424,-
2.636868055949307,4.161715459059267,0.021757659669946444,5.984325529061462,0.03508332551412424,+
6.564328068216547,6.226240537849952,0.004201989833895192,9.640174846674352,9.865357480643002,+
5.0220379140170746,8.407087704922372,0.0034059179927344945,8.445612342648591,10.0,-
5.057543353032652,8.97851942127688,7.023948416483847,5.102475745567928,4.779332672679483,+
0.5477417566523395,4.335229806416072,3.171386188622809,8.246176009683339,8.013193958724921,-
9.238484599953011,5.903450191454461,7.067751369471771,4.039639909240868,2.215204473997092,+
5.068117474603618,5.355921400042207,6.362372420565889,2.4294494498414374,2.005346749773998,-
3.2633427241828983,5.86275452120883,5.933799536610643,6.4433042009495,0.4444439483846818,+
2.0059008545072046,0.021319975713274653,0.8354917064327984,4.076026735308541,0.16682157500235043,-
3.1923691540056556,5.019610564848823,3.9009030743651696,1.8050103590721422,5.189381529397781,-
3.24034445281917,5.725123021284837,2.850412756786991,3.204110498054167,0.5537566946307836,+
2.303794282295218,3.1966865929238333,4.72399280987768,1.0730453719568744,9.466208384075689,+
4.041054038155887,3.6563790883648295,6.979448996454836,1.1417586971070877,1.9707485587368914,-
4.670036535108042,8.274731088933779,3.1843308908297607,3.2126893491893727,3.7920141039978352,+
5.36799479666165,10.0,4.900092875920987,5.937271260085748,4.61135108842402,-
5.042880637083246,6.756932184034692,0.9763895142381429,2.6014439417857527,8.512560408596997,+
0.6257920494354184,6.656975652297716,1.4946670364520556,4.152439373437139,1.363382235978972,-
1.209394653985404,5.965961638786962,4.894063306326996,8.529726712950355,0.1364284745031763,+
1.6368887405895811,3.0218327143615458,8.576069366092012,10.0,0.1781695883832173,-
1.1326562399988749,6.92070337493989,0.2453505990938809,0.41794473827550305,8.331088991604359,+
1.9129498567061858,10.0,0.42857663962608317,0.5328534228929734,10.0,-
6.20330640289534,4.690533427903149,0.25671530489283834,7.710131667721693,7.221024804156366,-
10.0,7.007143858620197,0.3900549672607481,10.0,9.177494693792909,+
7.5639623485713345,2.3855015166332527,5.218770105323958,5.122240047721375,7.656498994340174,-
10.0,2.3936462311950466,8.210612573065406,7.095078275960063,8.625770327437628,+
0.39164173466825325,7.37508442644045,7.120307196690953,2.3674195961760525,2.0236944253586397,-
0.028188244667975697,9.64372945154187,1.5786408776969503,0.8345309686045903,1.7471381075113508,+
1.1399497070738052,6.5719287023556126,3.9396936127464532,0.47464912381004476,6.614199160495334,-
1.3404530678975832,10.0,5.919512479263739,0.7316348623904557,10.0,+
6.826832519803126,5.466971632470463,7.116976595658703,3.512255061471623,0.48494196054227223,+
6.021916892220355,4.8784726130566005,2.19179421313651,3.3599377611386356,0.431054828362201,-
1.4367024875895584,8.440531156162127,7.467387200014164,6.2241438389484,3.5100188253677422,-
1.6065053784983498,9.219073091432012,7.9781857443297515,7.9944875045637485,4.086794636388326,+
3.9918494366893285,3.468066761372335,2.4577773399576897,9.994132811667324,9.338561289620369,-
1.635116011684702,3.058233126807206,4.6177832365060425,3.6044652771073045,2.2957030406293253,+
4.694013752464629,2.8440419255487437,0.6521244272221149,9.674331085762907,0.6705509613254135,+
8.551287303149786,5.381955267244803,0.9642733738432687,4.481767759737469,1.1612300495539807,-
5.789522982792985,5.2976554489008745,8.121947407747822,9.892627790741093,1.7552170438488612,+
6.082487079420574,8.416180006345472,10.0,10.0,0.8315040641736051,-
7.168195141418641,4.461419179509269,3.9740202445172113,1.8166672865476885,4.496944056327536,-
2.3630575821808826,1.668367939420621,3.332089460365611,3.428259572937991,4.229725668881769,+
9.555656290639435,3.776706450168689,9.371477250836096,3.2882651220393333,4.821665660760239,+
1.0354160222462094,0.10669040411854419,4.817149187386425,1.2985736941625081,4.62843150335646,-
3.0935767813166883,0.47512965938171225,8.720339547376964,7.703202166708673,7.853912939455753,+
3.4180108271017815,0.8647702717704021,5.889960663358261,7.235526685392256,10.0,-
6.953512706800913,7.717213379029514,6.090001497982341,8.520124027370683,5.704547924967716,+
7.397616105678923,10.0,10.0,1.9891256574065213,6.006154265949691,-
4.171593205689144,6.483753372376929,1.3664752292729287,6.912824013220915,1.1214990745983933,-
4.386958976995644,6.878889105299001,1.4117069202716066,10.0,1.5144030726908484,+
0.647372247805994,3.3569945535706047,5.096855814776352,6.145176959557615,8.70119435336824,-
0.9830625068733851,0.9636400275141622,2.167123689453906,10.0,10.0,+
9.232204480902697,9.755940196574311,9.290113584899208,1.470429951139346,6.491000737297191,+
10.0,10.0,8.963998279839556,1.958277381974932,6.728968357933087,-
7.551644810030121,8.601884281883308,0.06668063518495582,5.078578127993851,5.540440885220345,+
10.0,9.815458729552056,0.10374845105020765,10.0,8.55954461596105,-
9.814734007661652,5.91827717705587,0.6741440164273693,9.906644757588918,1.2424973583299637,+
10.0,3.5150649085815635,0.943818300609934,6.959265880479995,0.8335195791863591,-
2.815257135201441,7.328040436929858,8.768455788739445,3.989982813193469,8.730102330875308,+
1.8612367952737965,10.0,7.505146486537735,6.995501364599571,10.0,-
9.490629388454009,4.4703638457639885,1.990843761443044,4.170537718113563,0.7060072607870715,-
10.0,6.834670386361469,2.07925335574282,5.178938004990067,1.0725691369555552,+
5.337339782859644,3.6065542308081735,7.824896211079762,2.284211451228609,6.756807317053402,+
6.9563124317938945,6.911557377865025,10.0,0.5984535583308516,5.417446904258842,-
4.722051806301213,2.1232484690614917,1.2805769121728217,3.7783663369113487,2.6020692794240396,+
8.133089696380383,0.9712984684649701,0.9859357198107082,2.728218259193983,0.977533982801623,-
6.754532675175867,3.357992566068939,0.5232039386517096,3.9822611771214964,6.755188729676785,+
8.658413116831264,3.8349306624836803,0.7424539970905168,5.305867109567525,10.0,-
2.130412977171441,0.9181671054164509,9.82541434820847,6.6670656230662235,7.932634589007888,+
4.186131595615724,1.4360660292375713,9.936610200428852,5.989562701266244,9.40047314344533,-
2.638329918685555,2.7900209987234015,0.7071866149141004,6.828473022449257,6.480239530076951,+
3.93348889416711,2.6328872124312346,0.9726836008454006,7.7436461027919385,6.413315654831884,-
4.359260929052616,2.9073432293418024,9.264899439627388,2.5870318125285428,7.601660910861053,-
8.550816322979669,4.6783440535264,10.0,3.158727481942033,10.0,+
2.024513326454346,5.2449355489502665,9.35141176130745,7.643445997576192,0.3899804555533559,+
1.8614558709309394,5.011831797821696,2.358895492594488,1.268566745005219,0.0917600013717664,-
3.5463207814132494,0.6458673095138168,1.972863255899514,4.888910311966769,2.8719973079350067,+
6.475025368870501,0.3777410879057719,3.410259080225684,8.885264529910206,5.16385372168634,-
5.173011149327386,5.7520306512794726,4.370989579597099,5.4302975880378455,1.3240622631896437,+
3.230994987894114,3.1431824264447306,1.7887630456809727,3.2604148031128304,0.26659449614885267,-
8.929044743947273,7.528719587700038,1.4737668025883133,7.492152663531235,9.522362626490185,-
10.0,1.4839228187391835,1.321759303292272,10.0,9.801607393619348,+
6.461748803622546,9.34763278424709,4.586847771301982,1.8772169014893592,1.1730629893356659,+
10.0,10.0,1.1326257396235648,1.7978080276753188,0.1268579628450895,-
2.3097673220157002,4.86835772978858,7.208996311263395,1.7486529814672702,8.333795139118504,+
2.8270041453966446,0.011866007148650956,6.092397386639467,1.2971433429822474,10.0,-
1.5684862546913059,6.0860672999860626,5.188427121413074,3.0402264959697964,5.335385966584333,+
1.0935940624934704,3.5903493107208484,1.2742016583417153,0.4117432166135568,0.7371316818942445,-
1.3404653176617776,1.7963692733140424,9.626823467575132,3.484224091660957,0.9589712778347204,+
2.3310573423555287,2.024729146037742,10.0,3.8016304279194806,1.8596078694313936,-
4.9621414239492365,4.156119503486159,7.716509559594576,3.8997474322583647,8.985059625971987,+
9.894439077099133,7.142775070294018,3.9628161975881713,5.775257225601394,3.7800780311752593,-
5.1713243663490225,7.180291143644152,0.4070929408060264,4.344655159721146,5.334494262117739,+
4.448763715372835,10.0,0.22980043287410842,3.4233389996178576,3.472889666949367,-
8.830463692819322,5.149663068818006,8.348935922819175,9.824459588883428,8.676522403163442,-
7.110430028455931,3.4574281154157362,10.0,10.0,10.0,+
8.47531082674437,7.100348794302058,3.722870603043819,6.040490209677821,2.321716704131862,+
9.115612118501145,10.0,1.7488848390111214,8.800825759484033,4.407425320336438,-
5.547393608642849,0.2174812117056779,6.566614374134623,6.295011324532337,2.357924957025157,+
7.544226290217273,0.2699632756479484,7.957763309641309,7.320097207200217,0.600798054626492,-
9.733651004377263,3.8203694855580936,2.9928876657603185,0.9984549041529123,6.970662666350346,+
10.0,6.253086781821968,5.518215129110169,1.3841843077898064,1.453147984371651,-
5.438360189765201,8.51862461567176,3.4231710656504752,1.0197717830132247,6.857708703572143,+
1.9406872446541625,10.0,1.1279985373911172,0.5320507417486835,7.7003543439847,-
2.2767822442650267,5.715479578771551,1.8300393193846431,8.625133661220797,9.152114330936968,-
0.3930345595585088,2.548120045133784,2.146097717346966,3.070924539418672,6.540016185066461,+
4.78693974471971,1.995470285805001,0.19024221899098026,2.0266877895078816,4.2231779921464465,-
8.468039470384378,0.8405887375237905,0.13791694254844325,1.7957366676447941,1.599605498738123,+
5.957142573246959,7.602347198966063,8.254959395452408,0.4249074091470284,7.003927849311861,+
6.014845127267199,0.3122708041403453,8.376049942381606,0.15930637933227199,10.0,-
0.7004196472427493,3.7644405799739777,7.655673132520667,1.8330482602795317,2.016095808147924,+
1.281007189486431,1.0197438055347934,10.0,2.5226805277032156,2.078731776363555,-
2.8962245770977244,1.0017398844438807,9.84318667663217,0.18903746176850977,3.2169538771447193,+
2.031840907196451,0.9027374055968864,3.83973395606899,0.015168780544393115,2.998600049173209,-
3.0952838096171953,5.13074373836699,8.278127391667391,0.40228676641095085,4.438850134296058,+
1.2549909634460985,4.820749095634067,5.8398120038064985,0.08951994008863723,2.0282018478808244,-
2.8974348083244026,6.5114661811223415,6.1688922430496,3.4301915716694307,0.4574138816119977,+
4.818654281973416,1.1111163565301814,1.6826349907453542,1.9697350135030391,0.7574353476971433,-
7.497344622950504,3.821555392781871,4.130316080631333,8.975904958002488,0.6922228900884841,+
2.8094618912540152,4.536493646903408,2.8228079436246425,1.5162114444232655,0.6787042288452876,-
2.9811087767996645,6.632151374603019,0.06388602185507186,7.506999728525092,5.946971880411354,+
5.637675329427584,5.422857767848026,0.034272469140598984,6.904512590388017,5.168461696239936,-
7.8521252342851735,6.496168187443717,2.1812052998381937,2.1991043719292658,4.5845946772069714,+
2.0826554999436495,10.0,3.3140462569294695,3.866809909076285,0.4562504406069388,-
4.6295979969276315,1.4845356158902734,1.4552052352344846,1.0523541662588265,4.635268988820643,+
1.0695052584499636,2.1928632627969993,1.7294919058682279,0.338250040264126,3.2152729060058327,-
8.126859034394196,5.497083943502849,0.454100768018737,2.0551905493285028,8.740628031041322,-
3.0340772764138015,5.1210622288149485,0.4382525600617082,1.0086117099410672,10.0,+
4.404186646153892,8.829381081844547,4.069683148017939,2.896265640002391,9.683843851706225,+
7.917315906287862,5.326265035575771,2.0983022710417485,5.419092466136794,10.0,-
8.617128377254081,1.153279303654442,1.8618754659891568,5.946241614594172,0.9689348164469058,+
10.0,2.29193787721735,2.381776748848255,8.980006124433942,1.6257623659909342,-
6.616851074945696,4.257667323168429,5.59179033355266,1.6875834999478578,8.311977007612645,+
4.0776526953686245,0.21525385353062987,0.36450337312840103,1.463521042598141,4.18421168889699,-
7.388583190628828,5.630892552142486,4.021674464905294,7.39837967329945,3.029534622019654,-
3.3379227410959467,5.269129386583786,2.884144964942494,8.144821419517507,1.1255800965289073,+
8.536667164171627,5.949091042105437,0.5624908441245391,9.110097034674103,0.23344744589408606,+
10.0,4.8033687589957275,1.0354300362559732,10.0,0.28357789901856373,-
2.6999618366791953,6.419690504138352,7.076521124158836,9.824494700349288,3.3721861103007678,-
3.3806280127300354,10.0,10.0,10.0,4.197741229791995,+
9.998705004207775,5.658231539144346,8.366569199900788,2.911121843814014,9.362130819087438,+
10.0,8.083584868088899,10.0,5.721236658791856,10.0,-
7.627471396828796,9.45280860132831,1.7115365512263747,1.1640301547577536,3.282529101070102,+
10.0,5.194501062884544,1.532121927948678,0.47024109368847244,5.5207909376743,-
3.9381148653710296,2.0925202681127155,4.935655844305993,1.972718360703687,9.208831593567153,+
0.06110450960343231,0.04726696960832051,2.7733395224324533,0.6216506699241984,10.0,-
8.654013062076539,0.058919441859972554,6.225012234133746,5.152697872584785,9.577257304160087,+
8.624769202959271,0.06436879496124172,10.0,8.820520896634587,10.0,-
1.5746530927571478,5.806574696318904,0.9473585458482281,2.667710820818413,2.547321608057569,-
2.0820256641157604,5.915575713918001,1.858672398712025,4.647036612355108,4.043285857254783,+
4.888375836440687,3.5594609100699737,8.3151202246052,4.132434981864935,3.4550873188262363,+
3.831542327006612,1.05211634793207,4.95019898739866,2.0104772576682044,0.7049555092678571,-
2.035938388149482,1.570957128527538,7.895788825657642,4.894241149351961,2.3373535168498627,+
2.086442003546604,0.7459362246761088,10.0,7.791038418128978,4.050191000181437,-
4.488878396629823,2.180164060252218,8.980107937282177,3.7215235882399558,1.0431255696329567,+
3.0583917676045576,0.9078588444072877,4.708965685321042,1.698047726122735,0.1871345091275456,-
2.126105234726361,9.172677429926132,3.0187767427105126,5.200947633787817,1.540494514471139,+
1.7645516672172685,4.584355652771887,1.6170970189939486,6.001057345892248,1.120027536481891,-
1.2508522423479862,7.896054869141209,0.8335112799274003,7.5733595011849,1.8394046981657897,-
1.8550339105282756,10.0,1.0485573686344352,9.03840717144593,3.414915806328786,+
4.140357011303054,2.8065982621199104,7.219856549752426,9.902787447442254,5.313369127086874,+
4.613478197170075,4.551511409266472,10.0,6.386388711566405,8.89351586878744,-
6.2939965688814965,2.7313263801571863,8.273798845607425,5.302615465399673,6.643603486668201,+
0.9094402666925167,1.6339884763308543,0.5775991522425262,5.743997744080676,10.0,-
5.861953361060408,7.374161625373792,6.215979946668343,0.6268575829142131,9.929362300313302,+
5.542389242984212,6.71680532370572,3.96143218314221,0.8478602765719446,10.0,-
6.501007858447828,2.5039521235316164,5.865913686766885,2.369361987102093,1.6162123269189477,-
5.827896448432249,2.1857091167780647,9.523060014413335,1.742951748070647,1.1889993178446407,+
6.426880779560214,3.30522388496022,4.2292827088633755,9.985817623019486,9.409507800393275,-
6.759287987885355,1.5267190280641858,1.8865041463620889,4.611034148158411,2.8993870353221616,+
8.61901341315084,7.879367888525101,1.6789248534209456,5.090464180649348,8.498770028066852,+
5.2572493571285905,5.119695260917971,0.11203756471755379,0.6067326953970852,7.415688740832291,-
0.9278389551852695,3.746992866666238,6.047228519224447,0.46029234907247973,9.990453066889911,+
0.47743179840720695,1.3517838889165974,4.672482669372099,0.034467370018171906,1.158409853209083,-
5.491099794644946,0.38426997475313085,7.105818075137819,0.17399969855655506,4.048040143721457,-
2.2181141791319043,0.6600832171870241,10.0,0.2675819954575611,3.6723935031370085,+
4.807044058903543,2.5353019584548644,2.3892184267051864,1.2780843508494832,2.265748088833146,+
8.151310869233743,1.10113204075926,0.7722404238240309,1.9972283174540066,2.056262689890143,-
1.7595727440484654,8.066193167985794,7.063008127712922,9.20801871954482,4.72908628494822,+
0.9913413889464281,1.8818146636095303,3.208220657871628,0.8357604862143828,3.7777080674489114,-
3.1122147956798307,1.8033805749947907,1.9150963122331088,9.079287605691817,6.704974431108056,+
0.6072413900489712,0.851124547734035,1.4021233562654367,0.8421139841924814,5.618050059297371,-
3.85998833578714,9.334753569429031,0.5997657693425817,9.440977200556546,4.836970721466946,+
2.035363426327371,9.136061458137265,0.1233366225214561,1.8264338055527807,4.7059688270968545,-
5.813566763454876,3.2700598131532796,4.498171476350716,6.594890003805918,8.613875557776709,+
10.0,1.7886007625264337,2.688104555791562,2.765305593244554,2.145290455583822,-
1.0241431885812557,5.461138537592637,4.983932834242796,7.5836263851284205,2.6116006371416143,+
1.829280808414394,8.737097883887413,3.858459350691784,9.370419682790496,4.878012989521725,-
6.887791519736918,5.072844861896316,9.28542463560062,7.3286405382325075,9.23214831939463,+
4.902337467487543,8.609880950329625,10.0,6.029662690156374,10.0,-
0.006249732632864768,2.7573325216532063,0.4847920511617476,3.362831706024483,8.375194165031107,+
6.036022456522451E-5,3.1363207829148605,0.6385228725405695,1.945690251406806,7.160162989830956,-
6.829665396013315,2.9383338690888126,4.929495978649879,4.479434557572761,9.012650405530382,+
7.254086767096971,5.288800261090071,1.4709317531356292,7.273481567490711,10.0,-
8.88860858197988,2.107222440313332,1.630001435806664,2.468808068462921,2.123727820005248,+
2.459318756270935,0.3040819504221766,0.6294176553160411,0.2429606758442797,1.8160329350529398,-
2.2179856007355636,4.203165217680686,2.618197274236167,5.630961231030706,3.5863662562643963,-
1.4393790614721265,6.188565516964585,2.2529085137237126,3.1320832136778742,2.9029101173870657,+
5.793801667081693,2.1806512013013215,2.7840991839248197,6.865841398959898,0.8393019765128729,+
9.084287980803934,3.7967385575239243,3.9783219445870217,9.736538110398486,1.236007024207488,-
0.03498650411923876,8.321892057244808,1.0354184022964885,9.666846016867964,8.906158229864934,-
0.008816913904298484,10.0,0.43273687211228523,3.6640382432139327,2.6396640686690884,+
6.580048605208671,7.677495112433971,6.840622277623413,2.818773687410636,4.590897225072634,+
3.760350640791574,10.0,7.3572470056507,5.3128483681600684,5.232831301375071,-
6.958502124395515,1.892111119368528,1.150508048442681,9.994061968300546,5.456258697530545,-
7.470931294637,0.46645145271875166,0.8615641598115552,10.0,5.837979781894344,+
9.479848298166683,4.550037713503868,9.148581425313868,4.4107525002898775,1.177670046601239,-
10.0,5.659641429164512,10.0,6.417250858101148,1.4262526796118868,+
2.036621950816663,8.178059537525385,5.7034667405341,9.305575182870745,1.7769918231057968,-
2.1598567543198945,10.0,10.0,10.0,3.523854898358256,+
8.444069738485599,8.0616483513781,5.266836366977783,1.1071926918369168,6.384974232525237,-
5.508583760527535,4.272205902526594,6.633685796188004,1.7894235545455386,7.411161450241193,+
3.598774929752331,2.2735632792400584,3.113218314756294,6.14724119066042,4.483088858081374,+
0.9557512714341391,1.6099748634228288,1.942747019867668,4.954596091722107,1.465517861421969,-
4.372676836036032,0.9330115010405515,9.760285729209018,4.2750776457543,3.764225598465779,+
7.962952817612471,1.201592996690749,10.0,6.998081153667484,3.7635765911436883,-
6.272833640458122,0.06088984400266284,8.699105778292694,0.3615232651363809,9.605436895532023,+
9.064658680478942,0.09983700940750982,8.7711519149504,0.2093516946990375,9.961419288577968,-
4.159008307277308,0.8076542222566374,7.960509144061676,9.743232535361425,4.79849508738403,-
4.271880383395114,0.23301538144763553,7.6122468798511544,1.5795913171818028,1.0164724825600469,+
0.9450966517843051,2.106463525098601,7.665217123688272,4.85509293060964,4.36782444438074,+
1.1512997160890182,2.531780744992757,5.749651512104716,9.709946686079844,5.313130312852166,-
2.9855388070297337,5.083302115534012,8.2625539852599,5.713247532056608,1.3983807776398127,-
2.8953827459294406,1.1924485197654047,10.0,6.949056710476156,1.703008583002675,+
2.016499754234513,3.716158988223568,7.662131008090637,6.485196211314589,9.941405087007507,-
0.876566866683317,5.748808122098621,3.0959081999251947,2.257568671600288,5.1309612308025985,+
9.309255361729257,8.51444990374515,2.1217311125591953,8.973052420655558,7.247297607814895,+
10.0,7.183482532802677,1.4257880367524056,10.0,1.0609806755124982,-
5.236427057958679,3.679100134176579,2.8116008559889414,8.287714998810339,6.575806179046181,-
5.454727489104774,4.502983993239599,1.0740475365356952,5.169947694652631,8.245350588251437,+
9.195805787604662,2.3146721156954575,5.24765779673913,3.0897581575969033,2.694942469229474,-
10.0,2.8800516018906506,6.532982878859251,0.16034090744264767,0.5579059252698056,+
8.52376576353888,7.998078316660901,6.987805212713683,3.219830852189871,4.634387570991532,+
9.94021418202969,9.873832267473501,10.0,3.160157096535388,5.649738431101642,-
9.643638495732604,3.903318000672762,2.2088770359384435,5.07234876550255,6.965302624874404,+
7.2195470183346515,7.567378912692944,0.9936142056302065,2.929724827499082,6.612151451366863,-
1.6394843942433135,8.025120242308969,7.417289676985117,1.8446232642181848,0.1794606105463581,+
1.4025758588123363,10.0,3.1599535331943955,1.4568429348682181,0.3574057511418821,-
6.787310811856919,8.195251188237183,1.9182365289254455,0.6833516112582749,6.066254295131577,+
10.0,10.0,2.1776609635286275,0.5027819148826354,8.758813332749813,-
9.151680692869729,7.989829358625135,0.5302734191373748,4.370968376691346,5.860673479420223,+
10.0,8.2539202568751,0.6350616971698719,5.484069755443479,8.232339475977938,-
8.780851431832184,5.207485179188973,9.278405478990532,2.516572301340456,4.820170919216053,-
3.3945261590468783,8.48267066824855,3.9397433057462687,2.336398645338381,2.7608822988391113,+
1.6737308424355501,0.4355616852992028,9.612097022292229,6.948891807526632,5.135505347506211,-
1.1271629010928803,0.5808398580875435,9.68837703204843,6.02242430486445,8.67576764899043,+
5.901499220524411,0.11899859968724003,7.947102718276203,3.248919543126184,2.9456721391637366,+
10.0,0.12296489672090403,10.0,4.569477396402884,5.594805238625826,-
8.17108112143124,6.434249729202816,6.486942345857285,3.674145836238103,7.785286594295801,+
2.897271851644538,7.731329674230038,0.08556496540719935,0.5018355865785122,6.6438876820875175,-
1.9373748907138422,9.755193634683518,3.3310937097829663,2.403272226714491,3.2333836750381293,+
1.9226978721128705,10.0,5.603546297992689,4.077276186044263,6.121758822255913,-
8.369097699403355,5.251923880784145,6.388643907346852,5.7448329599956285,6.669516509125504,+
6.014304087921794,0.07530698350658718,2.7100878302973754,5.5128714428368655,3.2845496051178085,-
7.629733346446041,3.101632635297321,0.37616726749876817,4.601998179115386,1.7502676264521977,-
6.502487589091801,1.856530224076824,0.3136097948529767,4.761711970492463,0.9673957506363143,+
4.495122022346962,5.667579293542744,9.069455794266602,6.249108044188488,6.777411394628081,+
5.823429920964838,9.039277036836932,10.0,0.7114031921464279,8.406335373071968,-
3.813526954423735,2.6811913587945058,6.260293926998562,0.06867081181909707,9.557342654444723,-
4.973115968671751,3.55333317931766,5.317593450704789,0.01416025803479933,10.0,+
2.2153474685157826,6.536424724973068,1.6451617554443854,4.7934168652582425,3.212110248656521,+
0.3145189278008401,0.82723702111909,0.07532479941145792,4.555714446111346,1.1257004554121708,-
5.19954895807968,0.7991789528379312,9.371048927906893,4.150449547056078,6.237828123849905,+
5.740365989587384,1.2912420841725307,10.0,4.644719605870786,10.0,-
3.357345150176574,3.521974796350084,2.636427854040284,0.12051754577588891,7.760060217678476,+
1.4844380741296441,0.7641694032219009,0.3680499858039197,0.01819272282106685,2.0451429691989564,-
2.472717079103628,6.108268052739461,8.408503386197083,9.346488662660768,8.040058113830947,-
3.6374296627541307,4.918500160516494,5.450100709836125,10.0,8.46010786415705,+
6.907152065261789,6.964398676190156,1.862087560999225,6.202110816126769,0.2893313434998479,-
7.489075622920608,7.691754774851539,3.146281010768437,10.0,0.4803783849421743,+
3.631040539284851,1.6280890464091613,8.793361132600614,7.537333484518642,3.7195208219073708,+
5.202630399509524,0.09355746454112039,6.159111669242311,1.8493184898239137,6.963708652613714,-
8.602460963541871,1.9111760851906234,3.6655967362479425,2.0128649690373757,1.1912313216182058,+
10.0,2.025039005093854,3.3008823426549605,2.2960418501508184,0.11992036726153618,-
7.16037922729978,8.265418623433042,2.4174894132698324,4.685017880884414,8.982202918923852,-
1.4150569724624784,4.828907698435689,0.15000176145256128,6.352485875352701,0.927020520356443,+
0.5621357412761963,7.449023992688203,3.5116251031594405,9.025148156015817,9.508419256046851,-
0.47463652688658714,10.0,1.7228847469937565,9.417411750454919,10.0,+
9.190479864810126,7.890123898537997,5.710192291831252,7.566849152906748,3.3687947831560363,+
0.4193056767605698,2.398228144262864,3.2314303396192403,3.9092945354654276,2.621804456595724,-
0.093549725777482,4.343149410905298,1.379126343315391,9.94692876395617,8.238332062966256,-
0.0034600858265785473,8.600784279171641,0.22776335730969618,10.0,10.0,+
1.336334778028333,7.620309730598223,6.391031908158044,8.18114384152498,5.239220940700023,+
0.930115310702895,10.0,6.981346487537733,10.0,0.26134181892324043,-
3.7366301895729026,4.648944924878217,2.3095624917550572,3.927347158520776,9.150918752598141,+
4.065600357430586,6.151242206793898,1.4460298989562166,6.817468793093497,10.0,-
7.840324977100811,7.108479628199022,2.5606584527756695,6.967011930409769,2.764990060249961,-
10.0,10.0,4.287836368932166,10.0,4.965062058819839,+
4.551422409499822,3.3874218608028905,1.632685068288976,4.96945430940252,4.717227216029362,-
0.3357644921391653,5.973363277732533,0.7798100163010221,6.992976437802947,9.221750609469833,+
4.997670718649748,3.095869612421268,9.096011526177923,7.832563766470799,0.14954548415705093,+
0.7146633458256674,3.18623216416781,6.687538262781866,1.420160561300078,0.27495799495411194,-
8.939799801858648,5.635008941324086,4.92111415699355,7.689552418760998,2.822699174596889,+
7.0132316558968615,2.7010684519552752,6.435433161676675,10.0,3.355290794195907,-
3.760123149983624,1.703773772343029,1.4498564980160134,7.487596624754874,0.3354068424938217,+
1.9231569215375526,3.3045357867804146,1.2214717953166299,0.9288250764751337,0.5267016498385592,-
8.54251570945794,2.1263974700099233,9.660305526365288,6.810348603526316,3.062118854752053,+
0.9298431383820973,0.18607774626790405,4.48284501060453,10.0,4.13154284694487,-
0.6961212982734843,8.839429935042745,2.690914763562814,3.1435931749335024,3.6446284717829656,+
0.6587917677991699,10.0,1.2097930035470552,2.0980232280572775,4.0638296149376005,-
2.1493956026546144,3.2903125108052422,3.0487961441852605,9.603784727105909,1.6197234911969038,+
1.4675101715008687,4.214642026052566,4.896735043558963,7.530576577493898,1.5229381008948248,-
0.09526034044557985,2.501983055941266,7.2252767766639145,0.32900362996368004,6.994880572356782,+
0.10395144997051581,0.8461541975752305,4.115141031922966,0.5757918833451794,1.2082951205966648,-
6.31391810611489,9.438172373933606,3.76383091197889,9.628430712784942,6.826938352037599,+
10.0,8.887315906737951,7.525379287841605,10.0,7.050530953837045,-
2.6284796930586793,0.4390112154071757,1.8358252371558892,7.577136067747434,6.683585477450108,+
2.1526345728554137,0.2838481725544207,2.4365655808379367,4.175895846177292,7.240415989476057,-
7.493403818697287,4.726951950995879,5.324075481908769,7.056178379648358,1.9876590117744741,+
10.0,2.02459421524642,2.025594124263757,6.027698959245167,0.39923075947260905,-
9.438021222779314,3.185354411412206,7.789891438431508,8.325647746042742,8.787956788771687,+
8.510263528087266,0.8236639254834592,2.151554236901802,4.792028987546132,3.2290866352719996,-
9.063649167445503,2.3101490130972655,2.763626744116533,9.936174040781147,1.064260489735217,-
3.631567699100228,2.149852030183637,0.40977935063224963,2.831152048181382,2.0771355634472264,+
8.940268993273948,4.150416293671576,5.928921381228529,7.6167432297036255,8.050517124854988,+
6.869378055989123,4.889895019837631,9.525210559266187,9.785955539719332,10.0,-
9.944346911546232,0.5056695062518635,3.2278040884119443,7.6040297541689785,2.336554214066624,+
10.0,0.9992200471669884,3.0104616404095106,10.0,4.25438537559599,-
9.056182884673662,7.747870115836655,6.984673619730234,1.8813049923422898,4.235765619862284,+
2.4226354126859064,3.22994191711038,7.9482134045631785,3.4601671317561244,0.4717125028472177,-
8.04533309360849,2.856312935874893,6.296776109072421,6.492311562421901,5.63632936330241,-
9.951974947161025,3.125638201204916,10.0,8.494622754907082,8.056384562208384,+
1.4587172301115237,2.779965437292715,5.520480122546214,9.5287235044956,9.311190961768972,+
2.7412906084990305,4.059278810185091,3.5407109948418682,9.779877382323797,10.0,-
6.571484648511367,4.51487475473019,5.599517840108437,7.058478641713334,9.191177222296226,-
5.488809193700613,4.392638488065016,7.221271589868586,9.85006998413953,10.0,+
1.6356993319628799,9.868289730220734,0.11649284876996013,8.515420244110553,7.590758938983157,+
2.2541091460136164,8.433321884421435,0.10339362517425714,9.321109161562871,0.17699689145606276,-
5.269163439600483,8.965087447705066,1.1506308436450285,0.3320825374932801,7.933836566296638,-
6.791507921599977,5.200209405468165,2.169655122719751,0.06614017089325633,10.0,+
5.150193756995497,3.3177605871689506,4.233775616388051,9.462955341022745,0.8539117537090035,+
9.054156548947692,0.298961358603291,2.954073600015102,9.456200922978867,0.17380910670280164,-
5.7890418067751925,7.395756228422803,8.313575329471506,3.0369247227647636,3.6877616802227564,+
8.669520927632366,10.0,10.0,5.123058954691469,6.835123445895049,-
1.0523946168317322,4.996305124531261,1.3127482665139412,5.718058259463657,2.8454392472988377,+
1.2887989277252079,3.2607947739247543,1.7220523635655485,7.480190039622021,3.1110681788753936,-
8.909845563320093,9.523138422139114,1.0851590106756337,5.66017767086696,4.822548856986942,+
10.0,1.2449238324317247,1.8787864671135408,4.325513650209955,1.503156151007723,-
3.935034067189153,3.829611084149649,3.3564150900705467,8.235588754694694,1.0039364730993416,-
4.298744765311051,7.218630632629304,6.055197011047611,10.0,1.3358438424240673,+
6.096023443112984,1.5512454978476997,6.462729138927667,9.51403359180466,0.5830830908070506,+
1.9343123548810588,0.9559680257989369,2.999810000214702,4.614168886738639,0.09043606636087478,-
2.2873340656932886,9.049162374870045,0.07664944751225922,6.411846752654505,2.472666825475587,+
3.6749799433410226,10.0,0.13702233210561257,10.0,1.912076727269574,-
8.635376825243,6.276001201624394,3.373308777246896,7.311593044328072,1.1887150860038054,+
3.2399160237308253,4.694497106942418,2.130420386790079,6.37375209899899,0.448169023979145,-
0.8518747941398874,6.084512769284246,8.805367661013527,2.2318810773114928,7.305960264383375,-
0.46993757116122487,4.072898752918613,10.0,0.38177255012690187,5.094436419275898,+
9.12719932504133,4.732478761234148,3.671722549413603,4.846352459930322,0.5788883812165191,-
10.0,8.919083500259063,4.458426771366365,8.262897449697748,0.8518937764449382,+
4.5257532865743135,3.284967105032457,7.549421872502852,0.9480620836276543,4.994895695311788,+
8.566835113800396,3.7729017025699343,10.0,0.28000553959043967,5.68515360222519,-
4.617974697518408,9.774978972453162,3.734268994012384,5.412374667565669,5.929381935453709,-
9.08268578472652,10.0,5.509199148130938,8.300682737612547,6.687406287228033,+
2.3236277078844516,9.63929194873312,8.178414537552047,1.4270102865650025,7.080487324927459,-
0.3242969734968391,10.0,10.0,0.24824938253762513,9.127792952866047,+
2.082042814498423,2.23566789791813,4.447360374799082,2.321336320991485,8.036820068370503,+
1.1206646446056536,1.2848003774147756,4.237087189321372,0.7114705000358635,4.593167601061945,-
5.231036917897828,3.0121380283546073,1.7826837757558778,5.449425149193249,7.813054563323133,+
5.409370778217937,5.165563583301133,1.4402498839580016,10.0,10.0,-
4.58269997711996,3.5500314632793417,6.098730943330514,0.7877674517221589,8.089417056204521,+
5.311395895246543,5.8240420133656725,10.0,1.1321756333573074,10.0,-
6.773890968806667,6.186851811561128,0.8377065489254876,9.249172242798005,0.39396937656658304,-
0.8569997982386026,1.5315994659721197,0.5208450571114153,10.0,0.08762427614512996,+
4.322864586431977,8.403658002678625,3.2227438608182766,3.905189047658425,3.5306722642255695,-
5.230458706305393,9.10622201672355,4.414968400978047,6.68565732733901,5.975767875382336,+
5.584599831163488,6.146301974677854,2.6942249973462253,4.717554407961529,5.084949383815039,+
7.391459748574746,7.169429581399284,3.685128316982197,6.624954021845234,8.38282344917082,-
3.774172868038159,0.3463910418757854,9.17326680655425,9.445825317907559,3.418485110646653,+
0.537573473297262,0.09696675812355816,1.612974826947752,10.0,4.7386008565863404,-
0.15750701624998142,8.327064419718203,5.721316836025297,1.022665812349003,8.270844248174722,+
0.2764074298191233,4.149353402603531,9.070041590692943,0.898215875499193,9.298552726004477,-
9.274181926985966,4.0646160719453,8.589678597997905,6.287995865386664,7.7356444633673735,-
5.634374757756789,0.6022823269721687,6.912593268966289,2.0297213580539224,9.171684719567036,+
5.388792654157236,7.369487229406138,9.517154363744618,6.894529068038721,3.861321194318802,+
5.292594149152078,3.334502423356077,8.611406118945249,1.6609117518408214,2.370626881514014,-
1.847570686894211,4.0213926090544385,0.965493702747322,3.923265498449444,7.305085427270527,+
3.5056182216287612,6.858794354748253,1.4779774203906448,5.941341566275689,10.0,-
2.6408253427782533,0.254364487603711,5.467430609988067,3.0543840505517306,3.072461734989349,+
4.820061213720705,0.04370387529743698,6.949173459038596,3.9558833348720293,3.91110529095405,-
7.578968148426383,1.6551019080215235,9.929542418261185,3.809025195807767,1.788911635616517,+
10.0,1.6639628984378707,10.0,4.805299892273092,2.511472335275596,-
7.511974219366611,5.17496673773743,4.336477396295963,5.941450084545611,9.290068506821083,-
10.0,9.12126895924217,5.569460959650015,6.73335549677705,10.0,+
1.0410602544708292,4.327338708652091,2.5114232164239536,9.743064037218502,0.2705958942305242,-
1.1641010723195657,4.561763973710906,2.738252289308705,0.47453540381725495,0.060050814903912945,+
9.838124607014594,4.782508683532406,9.717452476804258,7.890870299805231,8.564760204284891,+
9.562137396439637,2.8172622083861287,10.0,10.0,3.0552872078138273,-
3.947029381874879,5.487588063184669,9.913802483084078,6.7137841728093886,0.9470153669135228,-
7.858039583619604,5.327947747652374,10.0,10.0,0.7221292686085155,+
3.9405582082136736,6.133204773009153,2.4232793721686408,7.806400427711243,3.568853656942992,-
6.287939573701389,9.85280107854137,2.5438594864449997,10.0,6.230537880776073,+
1.7921640404508155,2.532684097220186,5.651634179368977,9.544196217223607,5.232754683059032,-
0.5342312982378182,0.30985102853107255,10.0,10.0,9.124426527328426,+
9.449025458931533,1.2618025084852746,4.309049235851587,7.124872319574566,8.469240255740582,+
10.0,1.4998867037313228,4.805669087715372,10.0,9.474233715166461,-
6.25922790905824,9.710849962660772,0.47483397456578147,5.562237465451418,7.343270704616155,-
2.2742871083352187,10.0,0.03849137448788108,8.30263887115989,9.406993037138752,+
3.33120759900532,1.612523956640185,8.55245023240901,0.2412522940685724,3.841676529440231,+
3.244669592246688,1.2829097226643313,10.0,0.1401993246080174,7.532598681416925,-
7.27680199420293,8.098714581452581,8.798121254182604,5.548633256617482,0.5819151031284975,-
6.421657032759735,10.0,10.0,3.577105855467333,1.0729051363069761,+
2.513528335496167,0.20693843429046344,7.20020794447723,3.719578654886735,6.9687763339496325,+
0.050061313938168046,0.09652292884446013,3.624740179895563,0.6330760898934084,3.653113107813205,-
0.41220372960651286,8.093313583173742,9.288850817066727,2.731275406172895,5.753834709837719,+
0.1933010736785821,4.010527572961434,10.0,2.502156232276768,2.1010621116082193,-
4.073807070435006,6.090893141176706,8.228234317955694,1.4605283952641468,0.21760825849527543,+
7.698642360243078,3.960358420238938,10.0,0.10830680502510753,0.1823859048177319,-
6.675171978749793,5.4747117482348004,9.569421445681293,7.7877442559062295,8.270274265635749,-
1.814382948411685,6.887865421559772,10.0,8.112509712880357,8.030363881053429,+
7.004098721929928,8.659830683292038,0.9312987936135797,7.4392716970763395,9.149524991247691,+
0.43469117898904236,8.236424074030955,0.560774601113242,6.119893316794542,7.481170336431359,-
0.1765270041454825,5.5879664551952715,6.951829863776013,1.0014645047120063,6.968942182681607,-
0.00444924979888999,6.263470006058188,0.7098334665999977,0.6266184699681311,4.264594847951288,+
4.993213718351347,4.913884200966563,6.500440421165285,2.2451338021729903,6.080535938280047,-
0.5664233854429117,7.997280828562959,5.61582042322056,0.01202019789128413,0.5590895788261175,+
5.309065521743616,8.327675492716228,0.404576105566955,2.0841559877106386,1.9401867775278037,-
4.533818182646143,6.657558312477613,0.4723318086153115,2.147087387351374,3.1012495113125507,+
8.850757629526736,9.36691073251814,5.810875588279618,1.2994850859908014,6.275782927736643,+
5.34522579776736,10.0,4.761131259590581,2.5291481468772807,0.9866691571922499,-
0.05357313087959836,1.9214515265619625,2.4146794625436985,3.5305125634451153,9.498550003406404,-
0.0801465787789023,2.753917213360319,0.7274306329438536,1.356928842068989,10.0,+
2.5101458712385547,7.825736540656565,8.430289690699642,0.8950732940648265,7.041492785327099,+
2.335838311717527,10.0,10.0,1.475555692638697,10.0,-
6.1449292240571065,9.20742066488557,5.219216383028949,0.37408023600811857,2.8990576427049164,-
6.323559557528483,10.0,6.437868338755446,0.4767648879763147,3.360026926742841,+
3.5534748316099254,5.102736213315008,8.239799708880806,7.84495580931095,0.622299630359261,-
3.3707976210412696,1.0754015526175151,9.216647493999949,5.681009193194485,0.02907000919809451,+
7.5604210412805255,0.31983113463189716,5.674492567132789,8.915158992380876,7.574799450281563,+
8.031859100566496,0.283230535140912,8.380683720319876,2.854013455850601,0.25143823253386904,-
2.0508644628103214,3.5300556586249443,4.233768939152628,0.3362513870833628,5.374099955038691,+
1.054165832099619,3.938357393537048,1.5332965525646758,0.28303544548078424,7.678891633389725,-
5.171606910793743,3.976731973667321,8.63041922865477,6.471531025407602,5.228536448913524,+
7.512343023008768,3.320906156269333,6.500435618023715,6.7827495611654784,5.460151707108683,-
3.6223753542947588,9.75812108931535,1.6463720085568845E-4,1.9860903299785804,7.005048860812693,+
6.423827255948267,8.025302401017044,1.7423221703341692E-4,3.442590687222855,0.788136897068673,-
6.607408277289783,3.0348535405019685,0.21457047051536948,3.371290243175503,3.6929482899650825,+
10.0,4.599675159760703,0.26899017769530187,0.49876759226562256,4.496086352233985,-
0.35814819289320843,4.880375174535311,5.121032678790001,0.9874201975055075,0.35950461506517595,-
0.33126454201713695,7.53403791730102,3.0222977386555083,0.6022981638306671,0.1658517451780924,+
0.0647687229547167,2.7623430519227576,1.6609938544608704,6.012003556716188,8.51662254173925,+
0.010957529792422267,4.937670851479316,1.1397825248709974,10.0,0.659289172541106,-
6.56041980812693,3.9603313486006755,5.904945086472492,7.2392686727038615,6.732989705895908,-
0.9904227673841723,2.956120190891931,1.5021770867975108,5.901744829939705,10.0,+
1.818360513046503,0.9403948766392989,2.0673110246056337,2.1910455392428627,6.6351515517223945,+
3.2695646096770394,1.358810060341111,3.128982870310518,3.4748177812568786,4.001057015215027,-
5.5595307187308745,0.7431396840591042,8.225168368670971,4.7547016235691615,2.5273107062273645,+
10.0,0.42344825259383223,10.0,4.821779074979978,2.690914890604069,-
6.690966871872181,3.2230601928447724,0.6907909754762531,7.699242781256583,6.15807281301152,+
10.0,0.3623134505231301,1.2659278105487426,1.88388518212734,9.08195011388717,-
0.6303138951155773,5.1988958349106715,5.312205177620331,7.329071088579672,9.858602910653907,+
0.09824419752869891,4.344550447665909,4.43086789008917,5.215839850177821,5.105942291338743,-
8.0292926790894,4.743977375891958,5.093715490418878,0.5596933822909833,2.836514206102303,+
2.737835753399704,0.5716327653563489,3.3693340875848046,0.632555696108804,3.98849199430432,-
8.311014519643678,4.938643426239051,1.6927861412957534,7.601873763688606,2.032912822230432,+
3.5884324896577984,6.0200807546844946,2.3329841310929664,1.8042664127347965,1.4988356233296563,-
5.538321550290708,3.46058927947801,6.433032006053647,8.483556600376803,8.840057065989873,+
7.648861585580501,0.34293899109792925,0.07251860338660546,10.0,9.17796611729878,-
5.49672007137044,0.5831696984464896,2.9636570365144332,6.918679432523036,1.6078074376888296,+
3.0563723169101285,0.45961697765817683,4.84561652826551,10.0,0.521139942535209,-
3.716670766355482,7.240287179556698,9.502428152646791,1.5748372796513332,9.169458855318416,+
5.820842829965688,1.2788866687919045,10.0,2.5054631989926146,10.0,-
4.570213606111384,3.979616999427147,7.663678351196093,8.001683729349175,4.0934363604922055,+
4.869069042646508,3.1989954918145336,3.1844735254330416,10.0,5.831934725818471,-
1.8183547785847765,5.78834519303058,9.237721509697005,9.526597489990444,5.51487265314613,+
0.5049079542655702,4.517558380696772,10.0,7.90376614480222,1.3253131242658154,-
1.4727140726383547,6.346899920626589,5.7844108423864595,4.604793923426666,3.3949914896466824,-
1.0759099896613984,10.0,4.936914355268683,8.46557377908691,3.762677735751247,+
3.8666984884179625,9.19614052900184,9.803750511592034,0.7540179919965606,3.6660625712717443,-
4.071342763038304,10.0,10.0,0.9420113551764498,6.389134844260194,+
4.499423513372902,2.8388885851937395,2.4153859096161545,6.045677384109668,1.9057047543925676,+
2.716180298920814,3.081514764932875,0.8397960346653216,10.0,3.0305790212930366,-
5.911613356885673,7.256079117116851,9.960679625035548,1.6531311440830243,6.777560252979353,+
7.511715137007754,10.0,10.0,2.7901586195922374,7.247671025799062,-
1.6812548004391203,8.902777166627498,5.020695991670242,8.050268996997836,9.084041488117448,+
1.9084601537653185,10.0,9.008838912635905,10.0,9.199875355194658,-
2.7155577171217304,7.564476369923689,5.326323281185212,4.380737393242919,6.014111495651889,+
3.823302049340076,4.863486419607781,8.785110096351342,7.0315211878097745,8.333537045782903,-
1.8458750256130574,0.4410990160549122,8.020022220159012,9.74480280914191,5.254392411334914,+
3.4935644473053955,0.4757393454209563,10.0,10.0,5.362611147818165,-
7.188091200362701,8.310735307496259,1.1873406129074604,7.459901323124845,5.48826281502163,-
7.705752752712338,7.294389038932152,0.0673044110344672,6.682124259267334,1.44877092168658,+
9.474421260281073,5.73140214259202,0.6166548175504794,8.743803057489252,7.937136180346055,+
0.0890523644651726,2.436276585688982,0.3890982902287801,7.71180955662683,1.6850900534829145,-
9.862954104817671,7.827926794930189,0.06429557627154803,0.5378823761470541,0.7975942796721724,+
8.168999725350183,2.594114653111054,0.05250922319047242,0.17849676240718337,0.3904119272033384,-
7.176171517942638,3.4162928129833614,0.6800136614272922,0.5848276461395729,2.1888982098780607,+
9.089480621367061,0.5334135532142987,0.13743677063772639,0.5030960476846358,1.3410892657907434,-
4.364175428207196,9.922900979155143,8.932688742432756,8.425471003631758,2.150044101013312,+
7.6981803945777045,10.0,3.3400991551026165,10.0,3.7336687465799305,-
4.114697149777226,4.1105532060657275,8.082578036493615,8.305003528844614,8.994348708960981,+
6.825919404927489,0.2086868973188405,1.6818949665277891,10.0,5.67171645888661,-
1.1135889017888279,9.978324644625863,1.3073917940158941,0.6926803937534087,9.122797063724496,+
0.597865361185324,6.175309076327281,0.11745931139016104,0.4900326942492582,6.335241187366794,-
6.438121708898584,0.499576352629324,3.959412613490505,6.602478519139691,4.593470699034069,+
1.7771722169736193,0.41574925322305983,1.3331558133920831,1.0757128818565642,4.390990414341464,-
1.014154372540259,1.0405647417717712,5.309602722919071,4.935006893940602,5.036351608411101,+
0.5742521101392366,0.9812085327737692,2.3373112260493785,2.8415696227536498,1.237293815276071,-
7.409651207079886,2.4308146399106834,7.679987300648311,4.175808325801561,6.390198340454056,+
0.6320843581220514,1.9656931021298159,4.453428228122038,5.741927251476623,7.761195804278928,-
4.011012718931149,7.353805328881876,2.333854268877266,6.788977175357434,0.7722374771497942,-
7.037225569230256,8.239621273776683,3.153073867679746,7.104032585869799,1.2944927364231393,+
9.228180310999255,5.611353079665486,7.519640408551364,5.343328014665662,2.104586646435985,+
4.560593770910368,9.608747793204172,8.501769887848452,4.01782762412705,0.17008257291086923,-
4.225418362799212,2.5743679565391906,9.238266877324303,9.692981476477012,3.4132404013119864,+
0.258592447626101,2.3433527042521614,10.0,10.0,5.028436176679374,-
3.588967640866735,5.94934912868443,0.5996208186557328,3.781084714800019,7.601945340445965,+
0.862794458034129,6.722777806091199,0.10508417844155747,2.5973890412926375,1.6122662214330588,-
7.715861129400076,9.501378096987782,1.9451961581152266,5.032081057936933,6.170032532201373,+
0.9160356767871761,4.6647726517672226,0.3937752647766215,3.483635819312359,10.0,-
7.864483635904856,2.950718194737467,9.63995862864625,2.5972343844011068,3.9983943803974578,-
8.858827450966709,4.365100354730584,10.0,2.9489441217645513,7.827040743776023,+
4.390231504660996,5.674203774615511,7.130210031682706,7.441435441796072,2.53410611954913,+
0.9468087367897705,1.387832632950488,0.2290778359956143,4.838830331887554,1.0288479562039796,-
9.564996065072457,2.104179390029075,2.5761152128138787,2.545885872371371,1.9769857853294337,-
10.0,2.503756424467686,4.2685327256601555,4.390397673644605,3.3250239443339726,+
5.4238954768721115,2.612349214739176,8.50549853804747,1.2723767397595642,1.2200963767754613,+
4.7240015141669724,4.813077395659015,8.972947144636622,0.34886420038704546,0.528098150877435,-
0.7378047662923848,1.6288358461707442,3.289755768837166,0.21833050655526098,4.84592950521468,+
0.06261983430536258,1.4709133191195003,0.6286289330348417,0.13830017706603026,6.6057964729434575,-
5.108908029113566,2.4755261506273927,3.1794459215762427,6.061349092957958,8.244236044177423,+
5.733624447676558,3.3129699168151636,5.3339069790109175,6.904995618618225,10.0,-
2.2479951946432166,6.441697457085496,0.5710661279329199,9.042818722117232,0.341461588322195,+
2.006804120164439,7.974211102449456,0.22846643204638029,10.0,0.20412229641188248,-
2.241778755089986,7.238094304019093,1.7334741909395701,8.610184380829654,2.97654819348336,+
3.8534314414559376,9.294845341764876,1.4573026588378515,10.0,5.6846596625298,-
6.98188635596841,5.829909775191132,8.605296812464378,5.614103701237083,7.581478290110582,+
3.624172629697546,0.12661850084305604,10.0,3.0926669241179106,3.7295524659455492,-
0.03272333923222681,9.451925565885087,2.125164911963272,2.3382770684281895,1.2484523369322476,-
0.06502256334283414,10.0,2.2761022567128526,2.3564043381000714,2.158178262416972,+
1.9022855020937268,0.8922759129005031,3.9582384680140192,6.856482119601248,2.0859514256794998,+
0.3278188893072927,0.8633840067818545,1.9164818142047833,3.1491547792394017,0.5585060942402875,-
6.064494509075432,2.075045734040162,2.4163463988443112,1.80356787748422,0.6593295326432491,-
10.0,0.13480527801297135,2.427654079774975,3.386387428574014,0.3461399330334263,+
8.072453832583337,3.720301746492126,7.204192968599181,0.9428638453251115,9.980832475476273,+
0.47759861192091085,7.119826489951894,9.412056335788513,1.2770504670652145,3.613586981417546,-
1.6726809261818854,7.0162822414560235,3.4650551740993607,6.28681261495553,4.676110010469351,-
0.06283246554338093,0.2663669518995114,6.634058720328579,7.443175830005035,7.877525153495375,+
9.40875867299264,3.4266920291642156,4.080725654702187,0.8371674863448553,8.104448622198134,+
4.04031365250043,0.8455040320677779,0.5207962190502388,0.6932316838647504,1.3227403606713437,-
7.083961482573571,2.576848136153531,2.061969977074556,2.0576118792585074,5.269611112763397,+
0.6092111721086474,0.18587323911409195,0.7275843586807653,1.5827758398958665,3.7426511564291003,-
8.131146138773623,3.9692149444759597,8.364732180949657,3.5814687891032646,4.971811838552314,+
5.252862599553711,0.7409707434855828,6.835378404036416,0.640393445641786,4.829606476896197,-
9.737419720192422,2.950210196241372,8.861547763518763,0.984376543583324,3.038494318441818,+
8.485754785142047,2.493319468010812,6.228771638759585,1.5557570564877712,0.4371769772765017,-
8.556047617905929,9.404562058824466,5.516080780043989,6.8867855253873635,3.6921010065264093,+
10.0,10.0,9.648580226829273,9.170567379251876,2.5812057001209587,-
5.930272869222461,0.24097136917754725,8.151522201179763,1.1158678808883404,7.389701747918319,+
10.0,0.408370044159277,10.0,1.612082581558407,2.02406066512663,-
7.160384206704022,0.5332784012530534,7.496369302163814,3.1115188843847994,9.583840715639008,+
10.0,0.3298049739436971,10.0,6.017650536195803,10.0,-
5.495182254153402,9.992005655517604,1.9277106475655514,5.169521370975038,9.921847681334352,+
0.9109790784254439,2.801107729078399,0.48362267271757403,3.960469175045654,4.467996575122559,-
1.7604405887696695,6.543744109683666,3.5259736879346804,5.1515427407674235,8.665059070161277,+
0.36469413173442333,7.703110508463814,1.1204175148154814,9.831112121690907,10.0,-
9.046243887679044,1.8628606745296672,6.351393103484408,5.31952703966606,3.4961850464982436,+
2.789702460452071,2.7206653718038867,2.285732259546667,9.522634949721368,4.004105656984929,-
9.70772195839612,6.828626397616107,9.910121157774668,0.8978629164315932,1.0474939606864009,+
7.682250627608028,2.9090985527612165,4.424925590394265,0.16840452420923066,0.0025201872256155645,-
6.426960713240978,1.5929514966440206,1.4652570015736943,0.2263661883550383,3.0933627955105294,+
10.0,0.14815146758454914,1.3034136871485509,0.357739783088889,0.8122548079144141,-
9.07577237149717,8.07723357934435,2.7211468355827915,0.41185194796241165,2.436492785657778,+
10.0,2.0468709404754883,4.793479284075678,0.4578886883772287,4.802259273842204,-
1.4782103715611816,1.7656387945315433,9.286468777142801,5.849311435204654,1.2373996230131645,-
2.11497786736362,1.9605820441840394,0.662655732425859,8.338805680469394,0.9387550061786536,+
2.3623506933037195,5.15743819638964,1.619774076896724,6.814674113437568,3.0955634788072253,-
1.6854070633823104,8.703859852997786,2.916590809718802,1.7527600615272547,4.436441595385096,+
4.770189391819831,7.120291778128113,2.5663321298022943,5.505001698917016,8.472305991229286,+
6.197934436367401,10.0,4.073883316190399,5.947626043697565,10.0,-
0.6755705758717645,9.761777622969639,8.782411860250454,0.803959494091786,0.8853629046303246,+
0.2878334758207717,10.0,5.296980732857835,1.4288275476915133,0.2110684419556285,-
6.432707420363507,7.531472440295845,2.741299881742524,9.037174888014519,3.535715868466581,+
1.3875605730344935,9.936271240749404,1.1796602977325177,10.0,0.6175416342143693,-
9.50021814637301,9.89022686621434,5.0342064818143575,1.455925024673741,0.39172898876815854,+
10.0,7.383861093251349,7.579799624515769,1.7926150337346503,0.10178734112961375,-
7.523075335878721,0.21812025699600612,9.075689383143114,7.0113838256018335,5.143195745753539,-
0.41675199139342467,0.26916488714357006,10.0,4.533965897224961,6.837440623209545,+
8.101897351885425,8.461813838712642,3.422332352669434,0.727549474509056,4.327999029302888,+
4.3966506787283235,4.1992491999124395,2.451188033086434,0.37365755033122117,2.8922003091316153,-
2.044232010404583,5.075172741602016,1.979248869468242,8.76691566360299,4.418523690866213,+
0.8501788525576948,4.561968341335197,1.7394077516133994,0.40493346339226105,4.205780390924513,-
1.1243932501845488,9.65441213537651,5.207721022143522,6.694635747646727,9.087869901509453,-
1.0697777732268554,3.1687332538719954,3.4195138344830056,10.0,5.053537690295083,+
9.714867919255967,2.853826733855435,4.998347971647108,4.2135977290623785,6.036173630987455,+
4.760812203236321,2.2533044952468337,4.38419948747164,4.173477118987081,4.7573679291416,-
8.347551839219065,9.342983765092736,4.4294126836706145,2.504326164041312,0.9652108944935645,-
10.0,10.0,8.590891240927057,3.486945277008886,1.2186071445805442,+
7.566319222593205,9.747243185946244,8.033563642504221,6.929144025269802,9.795616368638601,+
4.3327609240660205,3.3568262921570486,10.0,8.500542597738688,9.519946230380373,-
3.6415377323952915,7.009968714585043,2.075935427578938,0.394075382481317,3.2608124739436093,+
3.369605996092354,10.0,3.0959538697333726,0.4435777091289311,4.368354085717903,-
6.232704556248347,3.6386346777855905,1.9911512048374869,0.01585143945372458,2.856651357046017,-
4.578315362200211,4.0421926338366285,3.3059001034391704,0.002819678520431433,3.3864816409939853,+
0.7302396267202094,6.724363094252461,2.6594956611445597,6.616687124955229,0.5886780158103566,-
0.8896248042925929,10.0,3.2870035887765536,7.416381922341939,0.8424272958518877,+
2.603026462344009,3.347307176114608,5.7620932849324635,8.08514662347506,5.317849556613755,+
0.08465491146382739,3.082472537178804,4.928612757321289,3.518526713724107,3.961341348065099,-
9.77711608803832,0.5455991962026197,1.0358191083413792,7.156851823239775,9.78866905460617,+
10.0,0.7083591381723087,0.04458811130168674,8.28072980176189,10.0,-
6.665589357759566,6.84073033314614,9.197175778641506,7.569428708055385,2.6536577622468203,+
6.689606063250735,9.39467938614954,9.954485692421569,10.0,1.3076978659822374,-
6.550877990133559,9.344214444079427,0.23641836601029698,8.260758136415607,8.400605547853274,-
9.495181552067587,0.904277116937802,0.08319387057076393,4.684834657780748,8.073333884907214,+
2.311423779934568,8.68919133671863,1.0507041913347326,4.929758266018398,1.1400720072671433,+
2.425674318229094,2.79487127298179,1.07208320024867,6.746457365796569,1.7236080499251827,-
2.7955193440598123,5.673346822270603,2.3829481447792213,5.809273245166498,0.2591592557806899,-
1.6500640012173635,9.895541157609658,1.5032491302827575,4.676990653855821,0.17367000629517357,+
6.678177255849873,4.778669462787733,0.3284749815812871,0.07960262538993734,1.1908634512110738,+
8.140791891399349,6.9584126513621785,0.36012085275187994,0.02568475612704349,1.6028212637263262,-
4.836117870189218,8.214500473144417,0.5138957321648241,5.532853749671331,2.810461730193471,+
7.504294644188524,10.0,0.9041570957484327,3.9718215657663465,4.557698186564515,-
3.34847855311489,8.340016194764324,1.2085169116598116,6.593142146758688,8.517942564883354,-
3.4822499194988685,9.964428347717309,1.9906636869056944,9.053545951994987,10.0,+
0.5456575562733268,2.9607122023414534,5.940857489643998,1.1734371446308622,0.19018087528174354,-
0.022221734863273383,4.132550084936938,1.3675149284981587,0.48798510294525177,0.09408935197435632,+
4.4031699177705175,5.525671655179134,8.947464563398063,1.7681387577600105,9.834014385674186,+
7.290202185310628,4.492570830815813,10.0,1.681422196951309,0.3736524623249308,-
4.044466010517548,3.8707422516151526,4.131855860163864,5.70016896143802,7.337660828895485,+
0.44438499927585356,0.4269516136277412,2.7221676244734434,2.5185777625808674,1.6653578139496212,-
9.111100235882345,7.796015959916146,5.916409300305219,1.097956272234386,1.076957078876829,+
10.0,10.0,9.758215337209807,2.094963415793819,0.43241408972042683,-
3.8685981633894286,2.981792054274206,8.656803041776408,8.412951016479337,2.9439711600079175,-
0.8776736587625894,3.2958658429452896,3.871352739546624,4.1984808928372646,2.300683835129808,+
2.0482114070969404,7.678230747272469,3.9404333909481846,6.324507531782385,6.517334197965766,+
1.1343071317428488,4.747774951990913,3.8377763981789825,2.3712298862376326,2.770069951947399,-
9.134707017127866,8.062900658701572,0.4022974704673077,5.295666405532744,3.0938480595730224,+
8.510664950603841,10.0,0.46537637662950687,5.464141128313213,5.674101254652507,-
6.550321541603775,4.484455296852045,4.876347400726326,6.9511037170537096,6.107737222225672,-
10.0,8.688197931712745,8.036382814964265,10.0,6.844720078226142,+
7.267834004139674,9.808773236214613,8.912077143892322,9.955515956153985,9.018010305263841,+
8.213237934052245,10.0,10.0,10.0,10.0,-
5.410922487561462,3.480068057197653,8.528400761845193,2.2628900633597127,9.890198890586449,+
8.390128733292979,5.408632749713256,10.0,2.3632054915996745,10.0,-
1.7505476727926028,0.4504589480723231,7.599591870189054,2.495341373769435,2.8852298737013804,+
1.37026406136431,0.14393363085103844,4.324403037829646,0.7386117448902312,1.585111453484493,-
7.688649916884534,9.508979977197955,5.3167699327899545,5.119540524733185,4.88263822263217,-
1.8697546443125608,7.527704984418839,6.985878021171812,2.9014696354199296,1.6986952233337107,+
8.1805289986318,0.12080291344560457,4.207646892052211,1.817414038969818,4.252146230852709,-
10.0,0.20747627134907973,7.201538648220477,3.349382370585427,4.343185680654654,+
2.4909286050867396,7.593909683335607,5.4640907980872875,9.661614830992507,4.098055100299009,+
1.9159093811132328,2.142527564002848,3.9030825345202764,10.0,7.407052589763378,-
7.213249087173265,0.4253110706606755,1.2694663981093202,4.989617264066096,5.1588326463916605,+
3.7361271117413186,0.40516682975474905,0.5048895435414248,2.0745704284533732,2.5424118033286778,-
9.897067746134931,0.6379110755232797,3.4763460000883892,1.3060547530317956,3.940371022474026,-
10.0,1.2636992096670907,3.8156825734465265,1.64044094543506,7.846588723757879,+
3.623582674059622,8.263560097735825,9.36016355262944,3.1102983089316547,5.076456543677777,-
5.847593824189656,6.731255997363326,10.0,3.4782754783324905,0.3081098926422221,+
8.662318756515559,8.229847066346311,0.586112704359073,5.951795701352548,4.58434142878115,-
9.60337771756502,8.195147340363793,1.063566631218121,1.1202246713403683,7.848963874290413,+
5.641928166574416,5.022897509636851,6.233417538961682,0.5240751291118773,9.395486825953972,-
10.0,5.219607246559362,8.479008194332255,0.6142420597480331,10.0,+
1.8753013026289922,1.7408090677360721,7.141494453306336,7.2153942212276165,3.0101861930778604,-
2.187971999504152,1.8261515554923977,3.1868989252408797,5.044724159360088,3.023840347260716,+
1.6259222482517277,3.7464755450738876,1.085498086150084,1.5974740250937691,9.009865174949743,-
2.319150051034905,5.8816433459344735,1.8593326122223084,2.29398891521558,10.0,+
8.383773114480341,4.737018823417097,9.29395011218173,7.213292926609281,5.106711659923466,+
6.279931954254183,0.37644316248217075,10.0,10.0,3.225327819702815,-
0.3262017206265222,9.550664493370354,9.637981558502503,3.561359038708618,8.12276187893101,+
0.33938904547525606,10.0,10.0,0.9492551849242602,10.0,-
6.304647125641795,1.6233740461473223,8.94783815199834,1.440934680324848,2.3918982635297557,-
1.2208337777409244,1.971374636418608,10.0,1.8442259277808217,2.1062184038875675,+
8.005609822994003,7.4504189588645096,0.9905222355849286,6.10527829007335,3.7740086254801,-
4.391142543878525,10.0,0.11969456151353033,3.8096194732370012,3.4178024478166775,+
3.094084458134423,7.734156055854956,3.9112755593936246,2.276887205418662,6.80250865813478,+
2.4431410193262666,10.0,0.4675898725712835,3.204521892097301,5.4903841014853105,-
9.43507524222444,3.0334156302868442,7.542777885702589,0.9022127501386235,2.328518956290556,+
5.0861665884564236,1.0916416596202845,6.704404592386569,0.7213561684607233,2.1562781232164334,-
3.6053301512440794,6.0845679010539815,3.1233388295175346,4.881505579733245,1.2604813408101057,-
6.949732660394116,6.610448624051677,5.784007518901515,9.086523444871649,2.4343565469587483,+
0.7849998239155842,8.673199809834705,0.7726448198957936,9.252746779743806,1.2300511034877304,+
0.3904200572133503,10.0,0.15175172882677845,10.0,0.793591787422599,-
8.569332194915289,9.74606417317895,3.1618728250766024,8.070412438945048,9.75046146700506,+
2.5656394195082184,5.294916053978999,1.815692913011772,10.0,5.225502655976105,-
6.246709575070639,7.215672088285817,9.648189919696268,4.8630196209934775,2.1452240947922006,-
6.355362727035396,8.364756944378192,10.0,9.266561906946126,2.9765974241914885,+
8.499199985799994,0.5462657415014127,4.245665915775626,5.263070269312302,2.7316350874488515,+
8.179544517445724,0.41836300958995154,6.24330101837036,1.2772603071854853,4.399687742559069,-
6.940025738348097,2.6829564560299843,7.497117248092364,3.3206188011477633,3.231545315457204,+
0.3915415590830534,1.5982912328468144,0.2743774391500697,6.564066755182241,0.36915397099304265,-
6.30173411186464,1.3430594395303208,3.101360822446708,6.972917719353278,5.446548321340401,-
0.49711298307455043,0.3743850054982301,2.509192134054621,1.8473533040227965,10.0,+
7.840681570600562,1.6223943572491584,6.893737486223397,0.5778798096420679,2.5381227042566956,+
1.1008416196140427,0.8575586348035105,3.926465372893871,0.4283699714512251,1.3783679260153745,-
3.151415769433302,2.3314755936639764,8.809323868900048,1.574839433974622,7.508849280756205,+
2.2107724509152358,1.20979693139097,10.0,2.8424931498900055,6.505241086070338,-
9.76247907664092,8.67156681249534,7.5038597969991905,7.692446164002639,8.253939500678456,+
10.0,6.107750902324953,10.0,7.202688149037396,10.0,-
2.5076348829072015,1.6581233709531418,5.984902916484291,7.282142529505893,8.891199904376235,+
2.3105848852929087,0.2013357864439595,7.325538235503125,8.990568884835229,3.9110586214511502,-
3.9395102269564166,9.546647499956562,1.7733938681924677,3.0342070854021275,5.029457780684659,-
5.434330457034276,3.062065332802676,0.3474534712103561,1.201742412201146,1.1179162343132367,+
0.29956718885283506,1.4107648941602846,3.4147553096069325,1.0370292456766095,1.5742983969748714,+
0.28547912293858163,2.2011317982807084,6.446617713158478,1.8125502622275076,2.5990891520743022,-
6.893431275702602,9.946500364738148,2.154212519747092,4.507169192316111,2.1129723562936498,+
0.005578841162742722,10.0,4.2105092271355185,7.581122084167195,3.5839211050180952,-
8.765904548501188,9.399256272427678,4.79721618132006,1.8879307211909535,3.419326268440346,+
9.719434167710016,9.819246114955373,6.437566181676564,2.1995295208922943,5.325820838901106,-
0.037054956961178886,4.718168332883903,7.54579942416969,0.4950574610633518,6.006836721767225,+
1.7607576091766762E-4,3.450870293199969,5.063482770554903,0.34927277262799516,4.5555257135087,-
1.5719933906144856,2.321394685943133,1.949761575727873,4.566540852317585,0.22633538577407686,+
0.009742368321779358,0.9584855852327983,0.4610891159799416,0.8857496489255554,0.08179790711935989,-
7.355256910861161,4.5955627154145,1.8630571460410639,0.38817843152086806,6.937633929164081,+
2.740079634182737,4.289255769791249,0.8573938278650579,0.09653938771452601,2.892997931466503,-
6.129926243490738,0.0010085766283118858,2.0706344781743145,4.929846906813527,4.490613027074305,+
10.0,0.00172345470542879,1.6231855446315562,8.449943995271308,5.432724313980662,-
5.397944593124374,3.854979185745794,2.1764464901107585,1.7067107951420324,3.4698907706617743,+
1.9651574034251258,4.307383133999467,0.4362665278984209,2.5332307586377927,0.7875495188903884,-
3.0842403585571265,7.307768714075146,9.395504350813694,1.8598515792678472,4.755431429606326,+
3.411479668077108,2.0553502856504813,2.197916215439433,0.03472373574143647,8.309120121072493,-
2.521164015749704,3.076664849537911,4.0412419246107785,6.369705691290778,9.653465457910066,-
2.517428422651216,1.6286410028488394,1.364859176812323,5.716335270203205,10.0,+
