8.31987582453972,8.44463328333245,7.439675257523869,7.067865583445507,8.406007325380369,-
3.738575243792882,3.385943211526937,3.6154784594081932,5.399628612307626,9.20455766099991,+
5.894175824518793,1.153836158148659,3.707927685157457,2.378592175765666,5.168697772329843,-
0.5907009950422761,1.8263109993549813,1.8670436187266641,4.023909678850621,8.297522199517443,+
4.951294510124727,7.850789135146118,1.674360512072346,1.952912728986398,1.8449983930486324,-
7.67758039117629,6.620666802879916,0.6540690294318808,1.7601997544099248,1.6027239063895493,+
4.974994024627799,8.099990552145673,1.499067213889006,3.7125235562877315,6.555496881890578,-
6.865533390370498,6.556734278608437,2.1956405443757894,2.5694407937662223,7.552638465790231,+
8.00540025046655,6.900661252992294,6.747154113323742,3.649286966336306,6.112871416614104,+
10.0,8.432996976012136,3.0773423524810855,4.921121133907086,7.8956255716264545,-
5.304677626181369,4.763934955163434,3.0583369367870827,7.273945697628511,5.158027721383853,+
6.011228967568424,5.051932531784502,5.888978581552124,6.489406607442333,7.428134038979008,-
4.990626361369719,9.201948184881832,6.0092085205675865,7.60019319460169,3.5499876383660602,+
0.9803562212495827,1.9906618320718388,3.385647388060515,2.1699135359980066,4.992447765854771,-
6.578238719996081,6.470429262094388,9.421842655302909,0.7277833849299009,9.699675708478534,+
6.548674749964555,5.943147370698934,1.4605395874785323,0.5362199906141033,9.249145153307696,-
1.4438651407736158,9.403284460216728,6.241097942449435,6.087356504252634,8.52414354879835,+
0.16330318165929988,3.961438299140286,3.278538576711292,2.079165843671547,0.0010688062082321078,-
7.337727807785731,6.928885575586355,6.945838587732313,3.2830571372063155,3.561786055004551,-
3.666398104709311,2.8355528557506737,10.0,0.405377750430351,3.3482384508697454,+
6.752683069713243,2.214591381914671,0.39815679269495474,2.935590166225648,2.2633614393697563,-
8.0059033130641,3.9275579253068185,0.47968726106074155,4.645693362577366,2.7654378365641987,+
3.6352889356427442,0.17613680769429152,2.8736884534140392,4.681011143654877,8.457949341675125,+
6.912681077482704,0.30535974469751226,4.820427805594063,2.7298788379911367,10.0,-
2.2333097977724736,7.531020672712071,7.448255327892536,7.085785702510186,1.4528189109218903,+
0.5340482505854399,6.936386107201772,7.20492165670812,6.441828261178234,0.9360947640221502,-
4.662053753517564,7.461574421247486,9.68684801691068,7.234544676594545,3.007460904379861,+
8.861908795631772,4.529509291089397,5.574753435119518,10.0,3.1035000195894233,-
3.48190730462693,1.2263118602148426,5.424832070848944,5.545401486604828,2.8980486161201546,+
3.911711056012849,1.6707702582641544,9.204014822584412,9.38831154267071,5.672074045680566,-
6.433747875812868,7.025071506119919,9.608627794055662,9.132520766677581,0.4052766868149926,-
10.0,10.0,10.0,10.0,0.5713682678294315,+
1.3700689685083989,7.14907529065761,6.900964226530528,9.746533132603822,8.275823089014686,+
0.7646844502270361,2.959463357265101,5.802713625102407,5.987333995394908,3.987431823206645,-
6.279779094038242,0.9770277977460906,9.71895216651599,8.760859895051167,7.221555122775889,-
2.7374100715085903,1.8056212111451617,9.201157558327258,6.142058481145038,6.595081153303495,+
8.010421011885466,8.424299996064486,3.633888793009877,3.9576694174503233,9.040928035957547,+
3.6311899739457636,4.018493497991487,1.2791027867403508,3.2815741720573284,2.3113888161092393,-
7.620042697554862,3.015802472296171,7.7278973387809575,2.254652721937042,0.8438432564822385,-
9.349253126827247,0.64928810451125,1.92680690074831,2.211904062020006,0.4315705071749107,+
3.1541870111385184,0.9907043481488698,9.704707160231727,5.876910873990782,0.4425576105749873,+
1.881412309153655,1.6457158846551834,4.442281735680508,4.2541014125443395,0.5314634114108714,-
9.141170402737178,2.2751693208059667,3.2849626496704234,4.677790651393206,4.389835429519119,-
10.0,3.885574691965578,5.367562972583458,5.328555017451698,8.425105041805107,+
7.578300000734801,5.344968154790392,4.640071673903419,8.639930122967897,6.985338304998367,+
10.0,4.037039489492406,0.4937809167116015,10.0,5.495033767606167,-
4.223935522289176,7.315424243091578,9.483406684067287,0.7984051998432973,2.9710891765554095,+
7.687482787883266,8.700591455960408,10.0,1.1349121033738037,5.714767494798756,-
0.4025049965671468,3.9406032638708757,7.5149369453552435,5.941802048680675,4.445160456292523,-
0.6809359388720818,7.290304438603266,10.0,6.330845038080473,8.51038675200581,+
6.610349677026552,3.0293054691561605,9.215052424163675,4.761134952507064,4.185590376163402,-
1.2937436550474082,2.681021460168986,2.6697693194562535,8.080256088723695,2.026210261536475,+
1.0858638258297026,8.743340967356,7.765736105246561,7.137194542091771,9.638614530852953,+
0.3625274939678594,8.966343562731463,9.53074158827144,10.0,10.0,-
9.664044838415027,8.068256436075695,5.075918871513585,4.695051396386747,8.828008860119224,+
10.0,10.0,2.200390157976281,8.683650797706196,10.0,-
3.182675052345659,4.018208124435097,8.323246570049243,0.368530876874007,3.6915861925144244,+
1.1959200932826943,3.8748906284463462,5.122489714768987,0.085821143445035,5.67421435924391,-
3.6719613157883737,5.668199692164021,3.854694421030186,5.8440643073913545,6.816215754411634,+
4.628934952514766,8.261053021492216,6.400511916935738,6.777798360149976,0.35974002632929036,-
6.513353484331349,6.908115869482162,5.95621968718337,9.38785210231255,6.394112112445981,+
10.0,8.185401643114295,3.7667095333135854,10.0,10.0,-
9.977999627354567,8.993042078148298,6.11114026407558,7.067797697637696,6.675133936398982,+
7.379625727771341,10.0,10.0,10.0,8.46048305093514,-
7.014665888000273,3.8759506542321285,2.2539125979564103,3.746493447157413,9.310262877403998,+
0.26965875879613005,3.6648885651045577,1.2011536325311492,0.6727719089068113,7.1446167052059115,-
6.090262020407769,2.4658195098739286,6.545898843846007,6.265569762731376,1.1255303439327091,+
1.9493566725821936,1.435752599711635,3.8996112903327527,5.122143426994154,0.7390030065242785,-
6.8114840851231175,0.901130778785243,2.0858784052530934,2.0971239195714233,4.187019562164014,+
4.947117209457532,0.17304202719678358,2.6366831734965435,2.229479549822717,0.7460877415512918,-
7.929269491422729,0.1436815432364924,6.378369688078159,0.690461268974476,6.99867989013452,-
10.0,0.15677010300341887,10.0,0.7615795774698068,10.0,+
6.727771155247657,8.886894425695163,9.489203273702955,8.184688413484816,2.9348111908575927,+
9.346695853681123,10.0,10.0,9.684905415740177,1.8321491896727948,-
0.9401543649050781,5.134412119451696,4.429984265671878,1.752330368612507,4.924467259183513,-
0.016986697832147117,5.844132393213002,4.078519573757861,1.1925967602417906,2.333826443029471,+
0.6056086626423973,7.137504032068468,6.894288938408195,2.1991136637495536,4.161464282781367,+
0.8154147741791636,10.0,0.9458197584864401,2.6255080622208076,8.255938897996774,-
0.2895373945001678,1.3991476234447686,6.920415153720917,9.548554233203015,2.608041305559375,-
0.353945127795507,2.127722687011731,4.800037283817127,2.6988659124316907,3.859488939683449,+
5.845805778168708,6.337689308960369,9.91907060064794,4.413768228019403,9.747775223405496,+
5.691567489867223,5.27971822964038,9.790294491934285,3.8229363276916204,6.175444703379383,-
5.774123152263798,7.43895552563015,3.1502261070573514,1.223368149292734,0.29171735557275924,-
2.387727476675917,9.921395107568422,1.082751525732574,1.1214948444400386,0.27716212528968776,+
1.4015378622757046,4.572418422713223,0.36013067351199135,2.8662530178205547,7.295212920867288,-
1.9151734059597698,9.049712896281727,0.579022953123855,4.027612576361289,7.4423148009446365,+
1.542453039546563,6.6831255808635195,9.902988611804982,6.869217155794349,6.634254641041492,+
0.06092341855818301,2.552705736011275,6.034034578012073,1.0583017538674608,0.6480409848410478,-
1.4902131489574222,6.006296048682419,1.8829175015569877,7.322093253583493,5.8928543698720635,-
1.3524921121514435,0.8460257844811544,2.8197214929282017,3.5483587972110997,4.592403030993592,+
8.222797599971557,7.286519106538009,3.0704053352730676,2.150137233589696,1.435231135483911,-
10.0,6.044497224577401,1.6265716461062343,0.05331909526867894,0.35557825991685127,+
8.565430981906163,2.648651816629818,0.2579410304756624,2.6554399174383594,5.892422989528915,+
2.136299209346427,0.9341266479851658,0.08494285242337761,1.9345474992605656,1.5430965594205164,-
0.4266265469771269,5.379704261324011,6.149809121683668,8.846782643073064,4.590855982612684,-
0.7430179406524856,8.672548243576767,8.55124593684212,10.0,7.795741526869164,+
1.3381867847835405,0.4077897397903252,2.1417805754147237,5.848734826656337,0.9572151272305529,-
2.033340408758575,0.7507902811025964,2.5020438322092646,10.0,1.2668690682685104,+
6.442818474956411,2.8116510785921367,9.980029314158397,1.6602589793057843,0.7210625660072179,+
6.974931898084345,0.258087091635337,3.6327987334987792,0.13719953163509968,0.6962095793659244,-
5.782204907616758,8.483447279400014,5.609461447517243,3.6888594517734754,4.545881714211244,+
10.0,10.0,8.203046052636205,0.7752841195005936,5.612525729331221,-
1.487126784100653,4.827781951620716,7.571384834627865,9.655353336093937,8.73408408708208,+
1.150565673362268,1.4179977640917147,7.165556021320749,1.4523869791301047,6.6876108981058335,-
6.526896050843202,9.157599799983174,7.324257495939567,7.543218137780002,9.533303242356974,+
6.683424163330654,10.0,9.713328947229442,10.0,10.0,-
2.9023704634690786,6.693441773929382,7.425323339289918,8.552944572692756,6.10837176452897,+
3.1032632844969585,8.264254778684222,4.605957260226928,8.577793228661518,3.4741741452917427,-
3.506961292719245,8.214680661602179,6.9005876189700475,4.081594232015671,8.066075536265982,-
2.7726594084855694,10.0,10.0,8.081600867798342,3.2659621224144098,+
7.753975797570209,9.279126621558982,1.3262823177558314,7.398678909088573,7.7820170979142,+
2.798371418621221,2.6785714644383596,1.6001067112306508,10.0,5.682591750046895,-
4.415618334139719,8.823127289641322,5.918485430336675,3.2950330108891923,3.603492728076032,+
8.525002705266505,10.0,10.0,3.6351717206453693,0.11321728549735342,-
9.552893226568248,7.140675058205067,9.111498759040002,2.971080341138974,7.655622126372509,+
6.596488644722614,9.604946477565187,10.0,3.651114945480445,8.42982622146202,-
2.0871614674458883,9.093681219312424,8.582493799216275,0.4784088565753708,8.675411255063423,-
1.0833419500626493,3.4022797143675203,10.0,0.11906131130647064,6.201026866865632,+
6.809737330683409,2.9422735918197107,4.5938235480830345,5.927489449280568,0.8471675559664416,-
10.0,2.7131309485227284,3.550347001469622,4.72885973833481,0.6163286398364691,+
3.468177565274695,7.957468375106535,2.0145126990377547,5.316241077044798,9.767074734924147,-
1.9078540160111226,2.7579900552559553,0.3768288228892567,8.504229005017097,6.475063932605184,+
2.5582570510819025,6.839309667940524,3.3335202804730013,6.48962517823257,9.206691156065034,+
5.03761505157253,8.422538263452626,5.814320470279202,7.05006635521305,7.631942191458559,-
4.726659210906056,2.347927969318462,8.857857719815998,2.7407365114941404,5.862624911537654,+
7.899875744922397,2.770143857317666,10.0,4.356591241391334,7.651860600384485,-
6.4206064907331415,2.871768731429661,9.740553084354119,0.5732360016211646,2.413444486068048,+
1.7232302604388863,5.258386215298818,10.0,1.1161445543433,3.1394846743915115,-
7.9436103213444,2.5766329131409527,4.5693106030528865,5.720614321313611,6.826227721144021,-
2.1628927347208085,1.8323515638785157,4.905142576039772,1.4841884250220878,5.78796285889004,+
0.6950177261351442,6.420434517140264,0.2581076521805614,5.324200790684039,6.844011841111232,+
1.0861864328491817,8.939914002700075,0.16805675904812187,7.561329647365922,7.722777173596597,-
1.1460973640849403,6.894882345609838,5.018784813427473,1.833124584606064,0.9705964650514554,+
0.5084569918147734,5.123421441924313,1.9448946194316648,1.139531916523096,0.766528295224183,-
6.510655083095412,9.768887672710305,1.912655497076965,6.737042799060947,3.4246744229339834,+
6.006639729039197,2.7803560843522233,2.2242364717479948,5.466902800201437,5.59511032569675,-
2.625592442642656,2.2869002506283898,9.524872290204133,2.756396077210843,0.21324877751790483,+
2.487126472616648,0.07243429973021516,9.442718436995305,1.8722074773772326,0.10558072379949202,-
3.2667992459979143,1.9065855065374526,4.445149748527139,0.10019270512529599,0.2797927847372439,-
1.7569443096273172,0.8465879859364877,8.002202865229544,0.039051766540705704,0.1803627852390157,+
4.404821645091749,5.81191852933591,7.994714533550523,8.470673212300587,3.0751327545553995,+
3.123354627428814,2.545691335677879,9.294836144412887,8.477220686021113,0.2300293423695094,-
3.8731297200335124,4.863678042856929,1.7679023599061272,1.7083660025666803,0.6813109754525659,+
2.1474562745065398,9.040140237384689,0.20832864988610994,2.0469168613352946,0.34031264341600453,-
9.673393914282881,3.1931593067952435,2.5825614861634003,2.6390320566873315,0.6300587681309489,+
4.7531042330025235,1.7262296258158008,1.6519107732954432,1.8455324982909829,0.37394100500553223,-
8.580559367774498,3.7017123481462777,9.48810972652159,0.9203257266672904,4.683369880375469,-
10.0,7.254571374582057,10.0,1.5079701314429204,6.266515414900982,+
9.735184379064792,4.955989902150597,4.806033923764516,3.5925477373535273,4.518147097701821,+
6.001170795563729,1.2206348788702843,0.2563458723918086,1.8472896103905487,2.2166922725937024,-
7.363801205107951,9.487616857046916,0.17004318716766886,3.0371445761562432,9.349587794774562,-
6.535694908161814,5.085808504749542,0.29063977988966194,2.8705413332889615,1.4723856215688762,+
1.0553373769119734,4.542088921556098,1.751897096288595,8.156009369969508,4.092185056306699,-
0.47343375571233604,1.6743054041869325,0.8221308344536068,10.0,1.0645203438812068,+
3.241138723760683,6.92838118620106,3.1252424256317735,5.176085379482255,2.9146999144098498,+
5.756395164134676,10.0,3.764437139884437,7.434729410158064,4.830437058993383,-
0.4592040288510646,1.596376684418721,3.678084566490157,8.540553868524231,2.3590541326087013,-
0.38349990889763347,0.2701032065593884,4.738832198890482,5.270452860153131,0.9081709968008865,+
9.604803540300427,0.8438384335418059,0.5500552808462167,5.038751785156734,5.19829317370519,+
7.200216417414095,0.7546170319063012,0.202953125702941,1.957310325470449,4.525353810447423,-
5.9944690141392645,0.9245941723385398,3.897190432905954,5.13859927421349,5.961288505989987,+
0.2601224701283661,1.1276274944953506,6.346019356515616,5.61462274200029,9.033935871448849,-
9.988691424029057,8.39808905752675,8.225346996935784,0.7912993148912784,1.4447021482182432,-
5.483831670911792,9.100987557850607,10.0,0.022203647319148853,2.254122149682812,+
9.68471354463431,1.8925584278066576,7.1726143924395735,7.67835344235824,4.799396284012922,-
10.0,2.8979714622183526,10.0,10.0,8.17628688263391,+
8.988355470795069,1.5437323963596417,8.50173758919439,8.086511822104832,4.4035446743519415,+
2.818849908878645,1.4119350494474328,9.233657862998077,9.825528198441146,1.3166202725824978,-
3.365754473237698,2.4771492040156895,8.868895670122342,0.7883879527032511,0.024133595878729208,+
4.238635304665104,0.8115606938525016,10.0,0.920535222291759,0.03116375631445148,-
2.227429813580717,1.4786620073987233,8.079646681158945,4.907828263507717,9.760733027633183,+
0.7830440728142577,1.4497199831588856,7.0579282891020165,2.3425958606416635,10.0,-
0.9238934496705364,3.5975932204028336,9.44861635518413,1.5094224531149325,6.306362110917605,+
0.7240121735921683,1.0823008313843203,5.494973689787729,0.1505131062145547,3.852002856341214,-
1.2549481725029277,5.1263407912607795,2.913972073912059,1.7971928155561767,7.130238557473096,+
1.4024132477257798,8.368115418565077,4.6363306049537725,1.7636401931124712,8.998476842319334,-
7.368795209385275,5.423338714486796,8.282744170635505,0.9326354875544551,6.090913847537346,-
10.0,8.523152250248327,10.0,1.6734519941086503,8.886480295145972,+
6.532212702713839,2.201063310051734,3.401796514843418,3.6232841401343006,6.597716781607158,+
2.7548388720332415,1.8403549757479156,2.0933033136527857,3.101618289251136,6.235066375147926,-
0.2572850970506335,5.236923902949199,9.587079504042089,8.989485064435145,8.771043583725536,+
0.49266593048424157,9.502279564328285,10.0,10.0,7.172174641176162,-
4.040666371143269,4.479565871290391,9.783111395298782,8.983200664023403,6.510526440241012,+
2.4110072346964775,4.370103629302507,5.7349838262671415,8.610882840871886,1.693231109215634,-
9.087688901676612,0.7156386111379809,1.1811375761537168,3.5217939420737965,4.617683657161768,+
10.0,0.7914784934327613,0.2310416168957003,3.2769687266994656,8.978923633909268,-
8.597179115608826,7.237507490890614,8.242799612268971,8.822537326409492,1.027892880165231,+
0.5596447816753475,0.6047790396362349,6.932269850639834,0.40130012175192026,0.9906261848216736,-
7.486955812054703,0.8902759155083795,0.8083735687377913,7.7893009219236,9.727914208004893,+
8.879489070944683,0.20300690437856897,0.48642319217057123,8.427292017145326,5.268915979147424,-
2.2295955799723224,3.213716958398505,4.665056689060158,8.771804313167786,3.513669947717121,+
1.2632443604830077,3.098915373931282,3.501433160824847,2.3294678751892293,3.468929647224052,-
0.227111174573984,7.278424114903819,7.0165468142262535,0.22481451729176705,2.677844884620839,+
0.4102297918034509,10.0,7.403813206769788,0.14404287095472895,3.8433520074867578,-
1.6858256406422767,3.8343892291032047,0.14376354519802903,3.231493599237092,1.9317374761569883,+
2.901753318431945,0.5344210040695241,0.14799901624124936,3.4492384756707497,2.8589104648889996,-
4.293190875082475,9.198269696784502,1.8189711631424499,9.229534625886105,1.947313285806751,+
0.6159179197048623,5.299624736603781,1.6192383878898264,2.502886610124878,0.3620188839032594,-
1.839919584126689,5.5234703995170555,9.040215270279377,4.495109175500557,3.59457142050604,+
0.30739001474922406,0.33811192814082713,4.932122843863409,1.9938039909661476,1.8157856060962534,-
1.787428772544607,8.453035228923305,0.08607069265251566,6.384627818060223,9.874221214841445,-
1.969735919113788,2.750495922782125,0.078870130479198,2.0567647625463987,4.655303857089112,+
3.20008135683574,0.7804685510452714,7.297564834965851,6.0911403484650215,4.145155558167279,+
0.9103099306343041,0.00853031393300248,2.675059365619652,5.758762744391548,0.3050880108742977,-
6.608460172729405,4.995923248089947,1.219199251229528,4.375798453316265,2.0927536839641836,+
5.456817676202311,3.1278272110456515,0.6562240672887029,2.4284165245346343,2.0321547935043522,-
5.8582605407954,4.253620701894205,6.19392807024707,6.97821994952316,6.323164798048346,+
4.058334609254006,2.431597198030643,5.041703278919158,3.8168938831255312,0.4849903257486281,-
5.642446049660773,0.9186120939441944,2.671436356625305,7.1059339839122675,2.162043445164069,+
0.03866527519711617,0.2868087874654134,2.0533908196258577,6.720758269190269,0.063131556644016,-
8.137570217962658,9.97570389049008,7.728942624871898,6.812993196319683,6.334573093537596,+
1.1369777186120813,1.7600702726697457,4.726342178968186,9.855702778785146,3.1418843686752385,-
2.6586903198506153,3.1466563690974247,0.38914136154708623,6.860852914138852,8.389769685247536,-
2.701589526659335,5.5925270222698,0.5336266744772743,7.272370132208108,10.0,+
8.077596750008123,6.070232530331337,7.782302572287514,6.413762544139666,6.628193902051813,-
10.0,6.922834916650359,10.0,9.788010303103759,9.406699614508604,+
0.7809982690201167,6.732466056121443,9.612800860141707,9.474632059520982,4.556257921946716,-
0.22182456334365463,0.6118533154138882,3.9078573210514844,10.0,1.871394215531647,+
2.8395815664299384,8.216521521780503,2.063533416056739,7.927053520886409,9.840019560979677,-
2.919691899534448,10.0,3.6297731705020575,8.468027719654355,10.0,+
4.533941365039564,4.233368910926975,5.327670182609649,6.465905393407233,9.07375018464308,-
7.336891219385896,6.300402051748107,10.0,6.950620057287432,9.113989242159672,+
3.3717418709587896,7.340000395960614,6.8212492550615655,6.667868798778548,3.698999219243373,-
3.4292679668371515,4.676921610517957,10.0,10.0,1.5195105026418307,+
8.966511753965849,2.3037634047317246,0.960363600923756,6.18746804332158,8.175211109525565,+
10.0,3.7723478296185067,1.2798290888147281,1.9196354002289313,9.893856335863854,-
2.5903808740836265,3.720708809454046,0.8095045912866949,1.446592031534808,0.31361559706858166,+
1.3491861819660533,1.4110484504681309,0.009550261105265308,0.1693797472542883,0.25783675527039834,-
9.456866779536453,0.2872767995150449,4.26371263124535,3.0371878903305163,4.475745831736001,-
4.331156959727357,0.28372867768346427,0.10140557969314286,1.1720464802831623,4.702626567848155,+
9.491283006393896,3.9093077721204894,6.92379135254077,8.291686822746465,4.476561484208301,-
10.0,4.825955258834856,7.592739723926162,10.0,5.9905775360688365,+
2.064748265901489,9.604081467260693,4.406589064085331,1.647903478139301,9.69013031345683,+
2.013177303490749,10.0,5.7470298046211745,0.7675864902724157,3.7626674743935005,-
4.902180152364974,6.106112211287428,0.08422538611716712,3.1552866911950694,4.798281304806667,+
0.10405325742892474,5.06389316892572,0.020351402252205705,1.2475677558092708,1.4042116266589508,-
1.9248753276572206,0.014342037070096403,2.0246483981844854,0.13764392251096713,5.226060406172484,+
2.313884775501373,0.021922896974431928,2.056708213440171,0.20392512759562398,6.456538188972239,-
1.8539715497889309,4.557715754639258,4.515316301764897,9.920355373972669,7.034856158904478,+
2.3744883407585977,4.080148828351805,8.881450422744088,5.316243920868312,1.433987103599384,-
9.78856068586124,9.261581901677006,6.4592441742405216,1.231440528530029,4.156399884267498,+
7.1460982490948375,7.476025541549826,4.226996638338832,0.2298645329729064,0.45293253874501543,-
4.086240766494974,7.488064047677003,9.788389629650307,4.3383078581537955,2.932354171448819,-
0.6577206507399361,9.55300562381819,10.0,3.333102640874131,3.3062967039822833,+
7.979709334119832,2.069814396726808,3.800798578829261,9.443567697440074,7.2071346904981315,+
5.865135067948987,3.80698721706245,2.2069134325195603,10.0,2.689193921191145,-
5.753267305737209,1.9057824094528897,0.3378088792167988,1.1302880307073127,8.83696981879853,+
4.243285018300285,1.021067047740462,0.058305536266030404,0.12789275550891996,0.9007095447210413,-
7.087326215816478,7.766551795007002,3.8424745917700243,0.8486389848717668,2.3003957499331196,-
10.0,5.383321989591314,6.3107163530916575,1.0516564954057934,1.1721256563909772,+
2.9133421472638457,9.383694711095561,9.549936790404406,6.186895350303861,9.101214106593062,-
4.781049847133268,10.0,10.0,8.35328961569217,10.0,+
3.7349326184456775,7.296676438874204,6.565182430176608,3.963355810622662,0.8783891110377573,-
3.776938811500028,4.6692177457481705,5.34790200037346,2.032231271458858,0.780580377309424,+
3.5578694392642096,6.83719526055293,0.4527349329975494,0.4040285787647291,4.386084831053259,-
1.5180789403355122,7.794581876146429,0.4589849835108915,0.05586862274993856,7.011709110603941,+
5.618404797823533,0.329607719653644,1.5175269539661673,8.523168874422755,6.315887673130281,+
9.386543284169651,0.3669795623458925,1.9243108184012583,10.0,10.0,-
6.07410759087044,9.652242248597581,3.770610648479903,9.873595301736596,2.550020859160973,-
7.4578730461962,10.0,4.7324870421373895,10.0,3.8072286689647283,+
2.306472063094982,0.6531904717768933,9.191625445341812,0.6187746671244154,1.9486572742562036,-
2.5164049111873426,1.0476982381314424,10.0,0.6644469519025072,1.9653064241145743,+
8.655630034887169,3.5996597577724976,4.412777144086448,0.6079943036341873,1.5982491934992127,+
8.910747901214249,3.4485395698876693,0.13310023607758986,0.09862312441721939,0.03034319019122953,-
1.1903578435110562,9.09608847775001,1.128284249329855,1.2025894330249798,4.858438317942526,+
0.5447022314434385,6.290099286659461,0.9362260712006524,0.2975131877626127,2.951151546631015,-
8.07421975241182,7.4703675474960995,6.265375045704332,5.4467035414167455,8.055540177288888,+
8.399809312920123,5.874954916010107,8.434835373544614,7.0446878143568386,6.31579084933418,-
2.9345510021882317,2.01504451446462,5.413814834315545,9.992697679908547,7.42441081039577,+
4.407358981563392,1.830732083970913,9.645690727285228,10.0,10.0,-
2.1572270098092416,2.110824561951624,5.103036412034396,8.758746829038996,8.28837285171775,+
2.8207923040713645,0.05350585820861862,10.0,10.0,10.0,-
1.6036614493336132,8.145222751037977,4.284250823460329,9.716996763105769,2.0971595117810002,+
0.33132960907643927,10.0,3.222602525146477,1.65524339028502,1.9416670350501326,-
6.656568389083995,2.4074853123965854,1.4156677968362952,6.422658986495549,9.09778630016206,-
7.4634920850073625,1.922888827472591,1.4690519813868474,9.483661198708106,3.0849517039379593,+
0.35148917193057017,3.4279993876110906,4.3197082243277505,8.609478906134783,3.6789667094652376,+
0.24608282655883182,0.20994435094465808,2.6137880724746787,2.070831501492621,3.4202106060038373,-
4.012918637009171,3.2787663977257733,2.4851341160627385,0.5560065592211383,2.1966388789749836,+
6.948267328807607,4.87386529995388,3.0708528279080993,0.11036495253846015,4.312253490735799,-
7.746134351472116,1.517000629521239,4.135370439619921,2.9911241832476856,2.5354433206506046,+
0.5259468912474884,0.744062780011839,2.327424850612612,0.7587502968296342,0.07088251131090537,-
4.563339449541744,6.879401362420427,1.6243037271764194,9.002791682660613,7.139149849878691,+
6.170715634768424,0.3467033655964782,2.587660142803987,7.430519392433197,2.8246731862270096,-
5.636863081877776,9.971042341392224,1.3023948431841348,4.176576965110309,7.652837745900998,-
9.464319220046535,10.0,2.2125521249991373,1.9428571913905754,3.5807943893857943,+
8.058834423698926,5.135569001112385,1.1362763449580104,5.363704141645307,3.6182392375297514,-
1.08778326392394,1.824209162204344,1.329689134030784,10.0,5.461162225880704,+
8.113060583335121,2.776287024139309,0.2785818509518567,6.168459732145718,1.2354867200333697,+
10.0,5.177403379630659,0.31157044258040145,6.26282032535352,1.8125503202557753,-
4.771303089409667,4.535016728109329,2.8442725793770887,8.272482599846462,9.841648706138916,+
1.3667339887616263,7.08985640816797,1.5654698062585195,10.0,10.0,-
2.0656836135676224,8.242352176287005,1.8081223106623312,9.661020427354403,6.568989701522625,+
3.545204296282518,6.5496456961927425,2.4813025464570777,0.49751352495615686,3.4771740417575745,-
5.82859224374541,2.7520867789800194,2.100508504543969,0.07831981127412901,6.8239025928055135,-
2.0133527105003566,2.0280639228965813,3.2574903450522483,0.007897488027106976,5.149025517508876,+
7.161668308503435,3.2698712950751574,7.150648866569441,3.9307087536716354,4.349600642484557,+
9.761592364441874,0.7614274380318959,10.0,7.327402394719461,4.562875030363487,-
3.915476314317016,9.909031509201734,1.5644080054819953,3.6607210556830747,9.443296339693367,+
6.46088650296228,4.296390293526052,1.0458098803839082,3.4481730994552207,10.0,-
3.8542401098226184,1.0152162474987625,3.7032797612046062,3.320900162258462,9.472547359564,+
7.437765363748357,1.4500781648900247,3.7843052545315654,3.944985512581864,6.420296095726138,-
3.5374863648353316,0.9409427527523306,1.6058461676163194,4.363376837607048,9.357618602623745,-
3.718089236064173,1.476985721898842,2.4516494352076275,6.936816204889433,10.0,+
3.8895740419706337,0.4452527279627816,7.948551006192962,0.44285367709223533,0.35133153971483866,-
7.169705427263773,0.694664589957418,8.617617024891558,0.6795439559276852,0.4013780746075048,+
0.1452288042250227,2.608455198097901,0.4755834398271108,7.242794744195805,0.5145544408841829,-
0.21050031493772978,3.481632068213837,0.6333551225596149,9.220952756860743,0.902769472776425,+
3.818266444873133,3.203848481643816,3.1651403037953174,4.127732324530346,2.4135881450912864,-
0.7697730933518054,5.784193704104074,4.354574114389648,5.270229141384818,1.7877735747787191,+
8.518581539447286,0.7923511376772641,5.926426688877649,7.488302981536373,0.8672215600363098,-
10.0,0.3836612971776765,6.778436715809241,4.355906947596499,0.8832019638778974,+
7.742473571818973,1.230388226370549,9.813323386644408,9.013113097359437,9.123253855084425,+
1.9661787425987152,2.1883396497964025,6.7146554720848055,1.4917320498158233,9.198580823394593,-
1.9846198411272231,6.278260497154957,0.9903014885982808,7.8379458068226295,4.922479001343204,+
3.5714375687559947,10.0,0.5577979815825739,5.842163627708199,1.346588293661291,-
3.062481026684929,2.0017441113718726,6.023465170615962,2.967827025223755,0.9716703788710079,+
1.475509100789268,2.5613546077924547,6.733267084538533,3.809093905823758,1.3158128827182665,-
0.254870942429708,1.4432586928306212,1.1726769863062625,3.076740375980153,1.3674367571241697,+
0.45924666690584937,1.3977844119562939,1.700666161512133,1.405095839192154,0.598162982979772,-
9.522496535725155,6.501857145288481,1.292190595736118,2.542187116503775,9.23195435551414,-
10.0,10.0,2.1099508709368218,4.440516521189209,10.0,+
3.580428478048799,8.407048089113742,3.580735982525207,4.475893011030422,6.489310170146099,-
3.5095596866243426,4.537548913175856,4.8934163205214976,3.673537341088153,6.473866517379207,+
3.4527458126210133,0.5378439045732819,2.4900619077128083,0.973711900449985,9.572631969450226,-
5.408274519331491,1.0567873368434428,2.865664442581104,1.2172230079074253,10.0,+
6.146256248719254,9.573343595957418,0.03375371969704388,1.9706242405167218,1.2396863792732227,-
8.035206169277625,10.0,0.051710451250725945,3.452091538892822,2.3068522518130217,+
9.503438069863204,3.671329928141706,4.276903696378777,9.130788235864673,1.4878801637527805,+
1.6016438556177113,4.946759380085259,5.301255386285061,10.0,2.776495310089312,-
3.9217932292441837,5.050407154266124,0.178174857121971,5.431232366486547,9.537369289743758,-
5.64073534666961,8.282060443236023,0.2555718346348045,9.215275827847854,10.0,+
2.40627764680049,2.031914745401604,4.333157235639354,0.8507579331421888,7.6004350128150335,-
4.270043111360153,3.2368373311114866,4.343793313280553,0.4008853413318952,3.698509820004558,+
6.915662870046261,3.709659076388273,7.448427021537352,4.346350498440915,6.185489640067433,-
0.5909967185817815,4.364938666079079,4.146913181739477,0.6426033872356578,5.6032294832197,+
3.899125986930504,2.011500970581369,1.3095792173525889,1.5900013655109524,2.0122020725506284,+
5.605455160638694,0.7194268488216318,0.7839498688167991,1.789095653037201,1.9385040760087862,-
2.997963261385369,7.971218206893403,8.59433679943886,7.499655684639615,1.7831810914301238,+
1.4737103722727463,10.0,6.8986042055977395,7.941336514945363,0.3178110477958132,-
4.202961507019461,9.722286771717314,3.8425354941902876,3.68505838708583,9.953926827323237,+
2.7360148882016144,10.0,4.049895718349702,5.328882707382892,10.0,-
3.993004450769978,6.023280361980808,4.859498112368671,6.467243005620105,2.209798161795513,-
2.4958295159674715,3.3087298437499797,0.5188083259803492,6.623169992906687,0.6761521962254269,+
8.19898077832134,5.692606145701722,6.132698954029502,2.845602662836262,5.680328558985811,+
10.0,10.0,1.7177379121175178,5.056176349061106,3.0372953057837915,-
3.480335527479117,5.815285437688606,6.331539416422388,8.1286112774574,1.6983173696310605,+
1.9588213653049877,2.6255394689540337,6.507244915617733,10.0,1.902789426970505,-
8.975441418316603,6.736496287847322,2.329372993561021,2.3431618176086513,3.9276020897220465,+
10.0,3.897690033093504,1.2314930894144671,3.6199194693986425,5.884689872866066,-
7.15129030480627,9.431939232399543,4.777429142894598,2.0899672858962823,4.177579512305156,+
10.0,1.541079612560566,3.9814158220972256,3.2436528201941317,3.594194250939931,-
0.41982593748372654,0.20719217435225978,6.856703785736117,3.286854985976669,7.9563088417754235,+
0.13752043913489315,0.029397120998335118,3.092551641021989,1.8311036783863055,4.680381475784208,-
7.811031941215698,9.128237745117433,0.1478441368711514,8.777235261719651,0.6706156767197446,+
5.675320875068719,7.196022370464362,0.04944843153017273,3.14166673188365,1.0144226285462439,-
9.686288984131686,0.9639590572334,7.221892093429459,1.1308263737997937,5.148313256614074,+
4.80731884685463,1.2495703751502543,10.0,1.9409550945395262,9.410483930422869,-
7.054565816584542,4.772533152831389,7.645401333439956,6.630068413611918,0.061609229667179966,+
6.433446164967319,7.3639960712488195,10.0,10.0,0.10596017623812469,-
9.514880476932731,0.8696816029939558,7.576750457328224,0.7252258747564333,3.0771530623707735,+
1.2391939654853175,0.8879436096710328,7.710774639356899,0.5418325763420416,0.6245486922716325,-
0.15690989807217615,9.111774534766683,8.648220733637029,0.49287219981284824,4.906772430383147,-
0.24696323039816936,10.0,10.0,0.656848225463533,4.984811146496392,+
3.589597494013872,8.195885001980525,2.093324542100551,1.886277302865439,8.99796943839065,-
5.8782531185522195,10.0,3.074240339893214,3.338115344955791,10.0,+
7.204233604952043,6.053935544790354,7.900873771631121,7.433249285811561,7.526755171896328,-
10.0,7.3568009164289965,10.0,8.2937483762265,10.0,+
5.711925010410786,0.3361570623323473,8.671668569433102,3.156203386303249,9.745841385120347,+
10.0,0.34324373883923054,10.0,0.2775914863810309,10.0,-
8.14652814467318,8.514075649022457,9.36808131146728,7.8027636623457575,9.310339471792135,-
10.0,10.0,10.0,10.0,10.0,+
2.661785309349687,5.432905918279544,6.867552056716839,6.708076177892429,2.5997636363387464,+
2.472894971054144,9.834725049657585,10.0,10.0,5.181133917028102,-
2.2536637007221563,1.5397082202904133,2.0561380846216326,9.41824164361876,2.6375519830102823,+
3.1155375196003625,1.9152570343267707,1.3632703497856344,10.0,2.8576817007903195,-
3.261548867172046,6.348237555772721,3.2853719856245664,1.6806976748517521,0.6596619506333534,+
0.2884368455633246,1.882302399517968,4.249141391218581,3.2477684693633218,0.3442980875859079,-
4.189420227183187,8.476119999180474,6.729101546778143,0.18851973730073746,2.7101128087106305,-
7.988718536823352,7.492967520352523,8.666704796810544,0.3713404621370302,1.8365544300397807,+
3.7228894488070585,3.708217160538588,3.192901385442325,5.246130450118775,3.69298278167368,+
6.114444023601287,7.1740738829712125,1.1566914694209547,10.0,6.345692647989502,-
3.7014037805306135,8.940963650776082,9.561034701348499,5.071584613287135,8.608081315634465,+
1.1494562815133305,7.80465414522853,4.469196762347234,1.5053811476113073,1.6853206442915944,-
7.403273140919789,7.134909479221512,7.5632575668527915,9.424066772061149,3.803036612312126,-
4.954326832001914,10.0,4.3672104757251615,10.0,6.094177686493283,+
3.140403099050262,0.07847991474398186,7.621486667398706,3.1863396560078616,9.162404976804151,+
5.37137410173141,0.07859925734412479,9.917454567249406,2.1420342844921274,5.359199721130084,-
3.6834416851403207,3.7323820222065107,9.036186620416219,4.098796090908634,1.9528194594789916,-
6.411784486699795,1.921146340414233,2.0291646409989323,1.6395444486847437,1.8497467872997606,+
5.101843402642813,9.868757576763473,5.602706934464222,0.3265276998704558,3.5790973315060617,+
2.6678656222261616,9.9881822029123,2.6035571119962486,0.005651731799488959,4.3872315946670835,-
8.416379820562025,8.852047904509462,5.479772560618223,3.925814728773566,5.666013666654003,-
9.528036718684072,10.0,3.7891775528228666,0.02645689583312954,6.302571909203567,+
8.618221493601245,2.773486345266737,2.1252596644682145,0.3213191468800547,9.23303140908669,-
3.5370657450345733,1.5360602335098432,0.3664417765737854,0.32409792125310516,8.870966158974811,+
3.739728432204914,1.831596760000912,7.957813599827571,4.38234989460426,7.537495392378605,+
0.5523824715594746,0.8289837130493112,10.0,2.166398793048726,10.0,-
1.4966668585528964,9.67765717471391,2.2726212914217605,4.624156714137059,3.0095139134941187,-
1.9906953172626136,10.0,2.8158669437616797,9.201539520541301,4.438835289417359,+
7.6955071016364425,9.545781947644317,2.633760212258278,7.765805831229159,7.635857671952861,-
10.0,10.0,4.137019560579553,10.0,8.873143378635138,+
3.902402447651534,6.356734502791657,1.1268806128538722,5.610252646760928,4.881207740139015,-
0.9427889435728539,5.243671201136871,1.717991429258514,3.7270086762219408,0.5124912744137325,+
2.089236796287083,4.4788041706651915,9.334463201579148,8.18859891192423,0.8398010571522574,+
3.667556391917482,2.4957503746154477,2.7717334362646344,5.9941418959212935,1.086624791388138,-
8.563223842151313,2.8504402469158663,2.778374587081341,5.683762140724963,8.537491987747828,+
2.1077310215571736,2.0030539117514343,2.136333666148076,2.2509313415718584,7.963234308852824,-
3.002767975724069,5.66570706735038,7.242253150349564,7.609840327554941,0.3354333070136073,+
5.118207939141471,5.842857829506433,2.8410649680747904,4.948278382124598,0.014030389812939312,-
5.4104611983069315,4.005130531816751,1.6123457989440315,7.62923164141438,2.424570995678236,+
6.643412323781932,4.551989430203446,2.54855478924982,2.5583421394975567,2.3950765754500307,-
9.518624769723134,2.7158105862789164,9.333365263186066,1.7166886757280464,4.492207144647811,-
1.7478981644656701,3.258223029015022,10.0,2.3701517825272074,1.1408518335069555,+
4.122636813917916,0.6919600049016128,4.079770957521457,8.09002077617058,4.336167867154279,+
7.1915695449475185,1.1198437200373654,3.8452397481310503,10.0,6.937901552861771,-
5.46203284637968,6.461539330908427,6.72152683270099,6.253772226389862,7.322024737252243,+
1.4731424894703837,8.247650896557897,8.91634756512245,10.0,10.0,-
1.9078905043928884,2.7451688800554033,2.1043775214898486,1.0228111261031458,3.5867492217688426,+
2.639769069018714,4.118743956884602,3.7429532272305006,1.229188053611634,0.1566756247563208,-
1.7445160621356282,7.549447604924298,2.5955585696897376,4.198106500929558,1.0628457950737757,+
3.204636036527497,10.0,0.5859356844689703,5.2196406454130795,1.0161740137926427,-
6.539568113979995,7.552879467494274,2.887763928710304,7.608483589430164,3.285396687997263,+
2.8263796240529824,10.0,1.685909022399801,4.355762582864272,6.103725183268939,-
9.104337221972024,6.505878838069286,2.3899573419955167,6.327994778377082,3.968619384654739,+
8.1016476971328,6.763358823041547,1.615025047095211,1.0048554865243422,1.6770772930548825,-
1.9344233673000388,1.1566033312938295,2.558115891092012,7.437335276141122,8.887558410613268,+
0.9038168472888294,1.771987964566215,1.1248588199952774,10.0,2.355872451056111,-
8.305144014810615,8.672166406760851,1.2491570263425344,0.06836182025446225,2.5995951678202567,+
10.0,10.0,0.2790776347324183,0.13259294852671719,5.02078675883082,-
8.451080874662322,0.03329916702975777,9.054264729678751,2.356190634967874,5.970610797994516,+
10.0,0.004283823659354983,10.0,1.5686798025025859,10.0,-
3.844862993725966,1.2383354123225154,0.49634546608574803,0.6052557933026514,8.494383803188182,+
2.949751802121591,1.128227682269226,0.4129107083755691,0.5932284796352568,4.261497607178085,-
4.7466875066936005,5.49049333817007,7.718561211732229,7.524170023428383,2.1916838127828764,+
6.059658586096242,10.0,2.8485646266634346,1.4933174937124403,1.4369057091929822,-
4.704392752683989,3.2750775195363824,7.308356285967497,0.5402465834260795,9.442258557649048,+
4.53059833050989,2.1713010286909644,0.36330149588324084,0.5103018767652274,5.617264380515592,-
3.363192586819701,3.579838146883513,8.087355821992258,4.891585512061493,0.6686758702523743,+
2.716944833069742,4.462856073495461,9.913375151175332,6.7462460356917635,1.1083148185409766,-
9.273819619235228,9.855657136980083,0.022961128196861136,1.081993224560296,6.430634478437593,+
10.0,4.281747614263068,0.0451872415361114,2.1158162783154877,10.0,-
7.45752604610008,2.686530590388373,6.163467838451998,6.960143735222035,3.4958269255292973,+
10.0,4.287204189456722,9.85524893707871,2.7118161699968466,5.839660260072589,-
8.103900459713774,4.52986413137575,0.0809986538006402,1.2440550255722649,0.7936122668962908,+
1.080045507118624,6.316303577586795,0.05537940167323524,1.6521844975241098,0.6506016162249263,-
1.4014935596211486,1.5270816517910668,3.822248216859653,3.4908749701174258,0.2515041309149435,+
2.2030923365968373,1.9079645688922742,6.956980356781626,6.015007400559656,0.4011546052923965,-
5.009553519110037,0.514622766376468,3.8994237131569465,9.312056465891287,1.960843556302967,-
1.3102264784176285,0.5849737593174211,6.048779726795136,10.0,0.22925455448789678,+
8.157183357564849,4.337192555532451,9.076255328345407,6.864220104531854,7.736640982708133,+
10.0,1.9544827669859153,9.903494336652074,10.0,9.464593961688834,-
5.590652153049262,0.574198971208083,0.35737997135964705,2.825599182792582,9.235743392068029,-
2.3046886051103956,0.0991246453833151,0.20951608921338358,2.559834193431378,9.706917710115253,+
8.124170987248338,2.4662843183049175,2.334151169115076,0.16931601840055155,4.771488791762936,+
4.7430919646424,1.1427585482264442,1.7390491538030872,0.1063062668841735,0.3869562872304592,-
9.554707145239684,3.1730545152941403,7.116830831885128,8.064292179216851,3.1981147718754164,-
10.0,5.542486738648433,0.3773931389124667,7.61155861081346,3.209790560463658,+
4.233939064621412,9.306008323588006,6.009444803494147,2.2772611279196973,2.807895365377852,-
5.578549641601169,10.0,8.847904142290577,4.234305765501651,5.478336863500006,+
7.695623944208573,3.8406358865932244,8.368044175825482,7.883607800280141,0.6376575436067466,-
10.0,1.7625252541400016,3.417097626130516,3.7264407377893995,0.4846832699553013,+
8.014125223241104,8.129192903714195,5.774786272021071,8.565062090836783,6.603076915465561,-
4.792780172600904,6.781920513714656,2.8177359917264253,10.0,2.9991793494300256,+
9.175892043380665,5.026509388944551,2.098264610321934,6.576853044206819,1.8997658076109525,+
10.0,0.3278055202011821,2.291342602501905,5.863692198501559,2.510191609688563,-
1.4461003879616063,8.38986383822609,2.3260259954582194,7.525612740028221,4.330202801996236,-
2.882591304669559,10.0,3.1353929016840185,10.0,6.231582164253139,+
0.40701597666603195,2.8089565036761712,6.5913332168234255,7.842531169425103,4.553075909231632,+
0.39556605687877516,2.2005588175357476,5.2156290117493,4.445363599198764,2.8937642931982106,-
0.9950345445038467,9.7918056100986,4.035963960814927,4.205196285897809,5.375164524419876,+
1.609291956092788,1.3126444694755672,2.6160248644564934,4.659376533505403,9.865958334377192,-
9.592584855099474,9.194944698749662,3.3506861391712004,2.8124519802089685,3.2685487909128517,+
10.0,1.8826342589121052,6.175407558436699,3.664569691158158,3.6605955256025893,-
2.242562046879446,1.7751841899303133,2.4011664050012205,3.2747124850013885,6.79999961462382,+
2.685576015375882,2.2804713865815556,3.1039600629385298,0.10876828499691685,10.0,-
0.5444230136623474,0.9276602639137232,9.551875784767306,0.16733934428364794,1.5329009760147494,+
0.49679471947105797,0.4533746680898375,10.0,0.21002386762675265,1.278546740515462,-
9.30480311195335,8.512247251617845,1.755045586486721,5.415879453437133,7.115907243560166,+
1.044017320499307,10.0,3.005118759184753,1.551295801738991,0.3073609366208312,-
4.786553676882244,5.887694677566967,1.6241009593808875,6.244276228868365,1.6215852744178727,+
6.37034411213487,8.819938635148471,1.9064033918796268,6.466274788513995,2.9875969547060905,-
7.733505233899307,9.99263960912362,3.4448754326936806,1.367634713311885,6.494495234101945,-
10.0,10.0,3.9000871059101043,2.6184181994534343,9.772345363508915,+
9.43858813797212,7.0151819364916985,4.783027807387773,8.86137763121615,5.670944577653349,+
10.0,10.0,1.012274604188301,10.0,6.778188178523989,-
0.18713224974134413,6.773655191764854,4.491625094969348,7.650607275071424,9.364895533834293,-
0.22408438345151233,7.871482387996141,8.509237892348771,9.631917095611149,10.0,+
2.5699397349601494,5.715874865498591,7.454520165595264,4.932236954544069,5.792291893358933,-
2.9504672098706335,8.161893961709342,7.461361941988478,5.1130241478423875,6.534170374413462,+
3.4580390426356744,9.816009400809362,3.0385199333977972,5.006294704968943,5.561597299537588,+
6.736116923954397,3.7487788350143427,3.146983608877042,1.320297754446982,5.5502928158532,-
9.167013040334089,4.215519653333827,2.135013712988795,6.896068169862013,4.903893342554842,+
8.617608474863488,5.99686172348506,1.8909822867030674,3.6624867334801667,8.793563442590107,-
9.233921359260503,2.088358719830997,0.20199456432279383,6.3048548579477135,7.583478537863338,+
6.770122930841491,1.2650893880295013,0.08999068308496375,2.5051485287530393,1.5916218241963023,-
9.353843058642191,7.108743395685435,7.757168029544098,8.838797907483727,9.51241586218654,-
10.0,7.020960774253791,10.0,10.0,5.223585749009207,+
0.4687544164328439,8.118214989711724,5.772857158678873,0.047272699715915634,8.415487044725804,+
0.6709110547622691,7.127306929732281,6.203242361625783,0.08701142898187916,10.0,-
7.436193448760795,1.2586328370536737,2.825002119260882,1.8170955961799928,8.055337784308056,-
4.321455952583839,1.8758085889786038,2.9994094079415383,1.365215435100406,10.0,+
6.4109163630430155,3.361054484278343,8.11640459036617,3.1145725739703654,4.4715055677008655,-
4.760116759930931,3.067914256395576,10.0,2.2293534006715428,2.5792817150792957,+
3.336815963810423,8.241600843008094,3.810297683572008,1.146989464163768,1.6146899969763728,+
3.475292077735877,10.0,4.189555689240464,0.36857550434499425,1.6759627720323493,-
2.9016390083680186,7.234028449277763,7.852447863461397,7.634814955055629,8.812631735854987,-
2.388349318722169,3.5275190891822428,9.653161481310818,2.0738266581805984,8.399959626915136,+
6.561924775154479,2.5107558272880617,6.680495627358763,8.128049802367197,2.789887879137838,+
10.0,4.506902986897169,10.0,10.0,2.654306683248907,-
9.696669005213183,9.787834416243053,9.559351287860848,9.60898440833903,4.267171152608441,-
10.0,10.0,0.4141338163733065,5.273228576514997,7.966415517529065,+
1.0388908694829757,6.027445130348152,6.183522938326547,6.854649609747815,1.7116062478983562,+
1.1576139986463976,2.647244606025392,3.2485185639158733,3.0614955135089588,0.053448456025219866,-
6.684246526218024,1.7203328126864215,8.074742751753728,0.23430398766173366,7.1717100958111875,+
7.523059386143409,1.403241529919801,7.542950698800734,0.13979657519012528,7.824108307563414,-
7.772846339731625,7.7364274884976005,4.454777835836,6.788956419564602,0.10128262805534805,+
10.0,10.0,6.9483455399433005,10.0,0.028266661207106063,-
5.635033553763887,4.139304766452368,8.858914857123136,5.889889702795116,8.599503265316862,+
6.761428520843153,5.9867781822440795,10.0,9.999396626326686,0.5314155450516818,-
2.0983947879083753,2.11203350575649,4.938084500098052,0.09433795104636711,6.485129558522211,-
0.8051746006432464,2.7972744953298596,5.708719594214198,0.04946947725550675,10.0,+
5.549058501539116,3.1212596895376654,1.1291070866346187,9.734053423837219,7.960601739189865,+
3.8521392145100894,5.803895066439304,0.04049039485514992,10.0,0.025202249173442347,-
4.020836996045106,4.643125983814047,1.2188375551579311,8.871952190622071,6.977700720274696,+
4.080345221880745,1.0311419904703893,0.060713182823511985,10.0,3.3029147457348063,-
2.642647462485627,1.0944915376040276,0.5281276114849442,9.551814008215453,8.770114712664496,-
0.4790656167971991,0.6518635927054638,0.7459011908525461,9.172483658851469,7.692865720522269,+
5.798679386588065,9.248796932426874,9.342116998902268,9.924299945598216,2.9380962517622713,-
8.819155086025663,2.7700017326360054,1.0995985722843158,10.0,5.617106777972834,+
1.952437187921604,3.667047381226116,5.16383969539052,2.6739875540621028,8.59786668624981,+
0.3455083500405397,0.9004134771629253,4.564723146177223,2.6312789786247626,4.075829884555217,-
0.7512736927187613,6.73898546012194,8.3034804163444,9.128643917437945,4.107942726056335,+
0.3028566824916335,5.652790351480044,4.465506406369308,3.4861061832662408,0.5068395134014287,-
4.621502660444751,1.732514336545673,3.00367164569576,2.100216283622557,5.506137176481838,+
0.34460938219420895,0.18073786565802533,3.5111985475456873,2.77567698281566,9.876402030688121,-
5.592007220638172,1.0547868031070706,9.150174612438743,2.655335921115779,3.8016699158971825,+
3.8872113730671622,1.2246345414022812,7.673551891641471,0.5613574522078415,3.8378802397342873,-
2.1292632024470484,5.483308258911085,4.4978198275368255,1.9368704654017233,9.828184162321135,+
3.1790243272569434,8.783498824768337,5.28535624833789,1.6228099306944699,10.0,-
5.589466405592132,2.2817057422693363,5.463407737664773,1.5488583503861875,1.4600193755053037,+
8.563467339491305,3.715989629434713,6.003394919250924,0.6778421301527047,2.462284615288993,-
0.8386437967776528,6.145460055068118,0.14052783884053288,2.243133518829028,2.6012446817697343,+
0.7144008108115291,10.0,0.01870395164313389,3.962701736319358,1.7512903624799099,-
8.2070253616543,6.259885789421963,6.0191246446408195,3.2206772734050784,8.44647239440764,+
10.0,2.517751353647003,4.450449169436045,1.0365820466521756,10.0,-
1.0345157402817051,9.106833651292636,0.963585863276849,0.909998401531138,4.657188320271769,+
0.7499062214954221,7.675038482696266,0.6918307877663593,1.1583885825535716,7.558743817503115,-
1.8489776320847995,0.8417044371866622,7.1986443837603655,6.690827663420174,3.9208949348152267,+
2.6126606885703505,0.9643316569811353,10.0,10.0,5.331465112498137,-
1.9935794365134996,5.945783164942816,0.6640557842223627,9.764422289480889,0.2942891801762082,+
2.839011775803468,3.981837400765726,1.2326950284924982,10.0,0.08467936971661244,-
2.0590246252499744,8.0879233906118,4.630571265530811,6.828517884252561,1.4436198589319127,-
3.5372174298995684,10.0,1.709663465998609,8.375605191698067,0.4655813343261286,+
3.9171617712987103,9.222561236397816,3.3143249823377863,6.755990851875431,3.590696583238718,+
3.7592178945058965,10.0,0.16496780581299475,10.0,4.52049099100339,-
3.9484797836632515,1.1468830939497932,2.701038302836727,5.72277680297367,8.712510191841991,+
7.114470071031788,0.5103950450096637,0.3688191223062123,1.3226275279280442,10.0,-
4.290734596236348,0.5298846953507585,7.4041356306812265,0.4291321403879389,8.992079401365586,+
6.301704260759405,0.3420528728195948,0.9175925282271519,0.30954607379822097,10.0,-
3.126701709650632,1.7659331994026162,4.028460558919376,0.2984927433540996,4.082946172639447,+
0.07618451544102363,2.034637656623958,5.300495684252154,0.3154131500647283,3.0405022581336554,-
9.364661175395915,4.856021491950628,7.4719710696973065,9.027066353856505,1.5988265927141476,+
4.417591062144912,1.4243087876605203,10.0,1.4692886601010247,1.735846243343664,-
4.344101782376114,4.359093635835788,4.499740385868223,2.72586327557136,8.016796893187095,+
6.847911259037966,2.853903046973559,6.280803061559658,3.9570302524357035,10.0,-
2.755253394712147,8.81477100735874,3.879107480161683,3.18119942603413,9.368955412626095,-
2.216067848195691,10.0,1.1333237125576643,3.4826268178264685,10.0,+
1.494578815394867,7.320720286855719,1.7059583445084825,1.1550493099190262,2.9740569442813203,+
0.2778141034347561,10.0,2.7788285079124884,2.1275421904583283,4.703323046420425,-
8.164764295840284,3.4108379559764535,7.656662033877126,0.891628017894438,0.08623331203844731,-
1.9059842401631322,4.838577246716456,6.494952830613031,1.1669748414395988,0.09655544606913996,+
2.2080959669709666,5.788365441351273,4.97605124011845,2.263745919687633,1.0094898578433231,+
1.7398316837233647,4.626738935049312,3.1878269176528566,1.6093760599720002,0.9534285274344043,-
9.260697698403687,4.280746518815507,9.635504097503972,5.830714097030889,6.4116407506387665,+
7.251904184988979,2.20720066772841,6.070794880182289,8.589421821118849,10.0,-
7.457804341420235,7.0275033703898515,4.637459963148377,5.496745943544143,5.384621056102963,+
10.0,7.2415582639547935,2.6617148983592194,10.0,4.93287629929302,-
9.278793227052867,3.268470214699656,5.9239413879830245,6.496483937429105,5.615071783403295,+
10.0,4.754147477849507,2.713983574683874,7.477166944034096,6.6831187235812095,-
4.899435415628563,7.997009730097384,4.341063989313028,3.4898827187521952,2.4480280829782854,-
3.6780123582889725,9.34092629812113,8.591921496381604,6.179950032997793,0.4158140989325131,+
9.642963990495655,4.543810458232368,6.445394975344142,1.1419833966923632,9.343305292378034,-
2.455969062054483,7.238405300406265,4.960688626156838,0.6322885145394692,7.25919593126924,+
5.768232500318948,1.517246558027474,1.9197147426096195,1.1426090345820394,6.8016191943608515,+
0.9004355476990619,0.09616583919076525,1.7371071470259405,7.840933497163716E-4,3.3793603281872495,-
0.10858122562296346,9.553604393285111,0.5450927571746567,5.560196447514274,0.18760399476272838,+
0.1664177860289631,8.170660280236401,0.3802165045258615,6.300781731550328,0.09081506265625565,-
3.479752754717916,8.336067419804383,6.666958949612259,6.551906411101082,8.869207592271534,+
3.607017403986531,10.0,9.057267859118708,10.0,5.3588212722112845,-
8.148145926905011,9.427553509923882,0.866531469096804,4.788325115524751,7.244161204563106,-
10.0,3.6661124221278083,0.44354987042079536,5.68151985803269,10.0,+
8.153171736232425,2.8125640227196036,1.8077079124813067,2.5519993746613356,8.10420220048906,-
7.584435202132745,0.6553944866230669,0.5981408604786603,1.0456788378800645,10.0,+
0.21843335058205238,5.8329194677397656,3.478420343044941,4.912455341433651,9.451279368381499,+
0.09431100330586477,7.368716885560206,1.1958899126411804,8.192185121500343,2.503516985156993,-
2.4214655392534947,0.5011692580293237,1.0723816994434954,3.1074748365361895,3.0467255139459706,+
4.3921762420932176,0.23009631621254412,0.8855451722756584,0.9030861994749573,5.207682914992498,-
1.8998918544975552,3.1330727789846535,6.41636328196102,3.684866767301277,7.07617158773905,+
1.6408614909478254,5.932516214995618,4.512455218913613,0.8077073698617641,10.0,-
7.370615330168922,6.964799650891185,6.841345803441181,7.0792086329930495,4.753109647493484,-
10.0,10.0,9.495475161322119,1.299637417791606,0.4316445185819289,+
3.691080862826872,4.525383542586359,2.5754308615855592,8.063622558022274,4.059752874349566,-
4.257106676631922,6.783740646559943,2.731934667839986,10.0,7.809906500648741,+
3.50136670767095,1.628368445934214,1.828297262511115,2.8390835219375687,1.4625891049832163,+
1.8474222933897237,0.10031559009048749,1.0209517868747886,0.2446782661232386,1.2657475979843305,-
3.727251500527057,6.546855032957033,7.5578504933765,7.969693177202906,2.803696085679852,-
3.6824918056516727,9.899474363962142,10.0,10.0,1.9793671018484758,+
4.064413058183881,3.401450422567167,5.987154923214679,3.535032969225631,5.97896222205939,+
2.28063438026771,2.4837920056552183,10.0,3.5199025740385665,6.954567505496074,-
1.4897342401082692,7.37071775667419,1.9963126064170023,8.938135306563831,3.968719041685161,-
0.6523191106150064,0.5086333865031349,1.429680285092721,9.8145303013238,3.423510615555893,+
2.731584255116204,0.010071132792760507,1.9975009474743544,3.096854322472793,5.550517211401709,+
0.3219840263927705,0.003203401139730728,0.49657628036830476,1.584785364422236,4.031481992819253,-
2.1216080384053235,2.2428102818446236,9.93316692384102,1.0605932896198633,0.7149772629571172,+
1.4863504844163669,2.717359806287865,2.2631915684625756,0.06921601247622482,0.7432773608490805,-
7.706465561946825,0.15629404971804317,1.1715598487615453,1.0196315767005482,1.2318614089119506,-
8.033443484462493,0.24904115616972233,2.250295466393272,1.871139740534102,1.6166832183529012,+
4.605239800960657,9.09012023658033,0.09088561704702403,5.45382941806589,4.875600732063311,+
3.9598575308409982,10.0,0.05240426131717967,9.55554845643155,2.4766317957012336,-
0.5711799994844802,0.34182581103034515,0.3428488411601527,6.963533919494167,6.964248376745369,-
0.33232386703899625,0.5380631536031747,0.12868896474861446,10.0,10.0,+
1.9111492462790003,8.605708021721604,2.224017124117279,9.824683361598881,9.72658904973257,-
3.6770989909639784,10.0,4.254235558930091,10.0,10.0,+
0.7904686994980925,1.0871683003744825,0.06769728307847944,2.7077507491176678,0.39934468019906744,-
0.2988336026025059,1.154924426739236,0.13513311298753083,4.2128513543463395,0.1735453139873085,+
5.964995952669476,2.7407266658251492,5.3674047453010765,7.245630958654955,3.7524069457638323,+
10.0,3.538655350506067,7.406159919151655,10.0,3.5008386631742554,-
8.290276980537746,5.029816563275393,0.5690260377057477,9.109969877060008,8.643023273563134,-
9.220796746001236,5.855001700472836,0.7451001159677764,10.0,10.0,+
2.27468329858614,9.302886060814469,7.42488622181753,8.296580869340225,7.834028627524914,+
3.4235804721753316,10.0,10.0,6.321493170115622,10.0,-
5.979753143488752,9.024587644614666,0.7250408715668688,8.99586586442567,3.9611478370583866,-
10.0,10.0,1.200008857871691,10.0,7.086432716689534,+
4.082388981644715,6.590731535604947,4.216858629023362,5.322668052865746,6.288684845299917,+
1.4139788262174657,1.18237478408192,1.6436615886726331,5.212829821649219,0.28546716200144984,-
0.10125864535587836,8.204892507122794,4.3804387781796255,0.45578697194713413,8.53383136062818,+
0.16282578116433688,10.0,8.547833856203281,0.6304684212945296,10.0,-
9.211824443050983,4.331915995418493,7.415782703750599,4.586866341123392,0.9775816651744573,+
10.0,2.570592874985986,10.0,3.9805137404086453,0.6597966123090796,-
8.024050668390597,7.73158640651307,6.01511172606588,2.9937122182937816,4.880263069959221,+
10.0,10.0,6.516661447508775,5.5229754627696455,6.3880245731538645,-
3.9206864280803755,9.08305689429697,3.513102027101298,2.2515517147788744,0.46176492712357575,+
4.5210610628400545,10.0,5.067154886156079,4.1779485490275725,0.5855858812002676,-
9.79981053289792,9.444331106112164,8.43707418458472,2.954271122749832,2.9422537525751324,-
10.0,10.0,10.0,4.967084115387456,5.4706773322725155,+
8.439603765189322,9.338591503626159,5.317177856308614,4.090312290291691,0.5639663303834164,+
2.2613715759394744,10.0,6.954396392462686,5.73888685855499,0.3899779140772751,-
6.322864928409427,7.6170332448593,6.113948066576139,9.020522076571808,3.7856775882804583,-
10.0,9.766777904526005,1.0676234885286542,4.229844878566383,4.84399920389355,+
1.6992606672106392,2.2884285944174887,8.78000601348884,0.8849683841514255,1.1295492177556088,-
2.586784956901044,1.3306861271971233,0.1410871282908766,1.4136234863690822,1.9088000374084606,+
5.606126820593948,1.5470384662375447,1.0934343088991538,3.3641464927575413,9.615945527945165,+
8.954815723991016,3.0018607369202197,1.4094893005839053,4.327071337883996,3.177530225499863,-
9.909406651983375,6.274273257094718,3.3714503208283855,8.903944079773531,6.823804528016231,+
2.764344000155728,10.0,2.9192040894284195,6.9038629694052185,6.908471844440543,-
6.008082100017215,9.07361007992967,1.4216415443671093,2.0584279030927055,8.13256380788413,+
10.0,7.23847686048845,2.609711632224537,0.2525348069156638,9.826041811519922,-
4.906857623427205,6.5151448612309295,5.492458534548469,4.475616017016528,9.135313288256024,+
8.827945035096056,1.1171940260875066,0.954217564686515,3.3246676711341254,2.8976137444664523,-
9.149641136517657,8.803893541875858,4.042105978469467,7.736751770566924,8.39075124558413,+
9.188211479111597,10.0,4.665275897877801,10.0,10.0,-
3.231321429815057,9.368286779900105,2.556539676051953,4.23088108051439,0.09946898830086148,+
1.6151013104188756,5.346326760352103,0.37775278563055587,0.3647847187150352,0.06411210643234516,-
7.688852343231356,9.067612814865239,9.86039246093503,2.2194804352897144,9.07908212349755,+
0.5357017185117943,3.806964485646749,2.274857018192539,2.075223934527288,2.2453583658910823,-
6.4606928341573155,6.301919443518792,5.559601936224246,7.7052540464248604,3.2522570553008343,+
2.807949878457197,2.131359927797406,1.2577012743173943,4.632595679212295,2.1895523964381027,-
5.416165988642609,6.79536998824739,4.184671005334087,0.9177776775100921,8.425941615623532,+
9.702158299007454,7.2756161013374205,5.24209526812177,0.8168213173118968,7.472620111522931,-
9.293269564459784,2.7349623623046426,3.4099624796634034,2.9340501611875736,2.938317562853948,-
10.0,5.329949675745529,5.926706228895154,4.227705948205979,3.190938988038465,+
1.7256211613834704,2.0149185388848845,7.274228353262302,2.7562981133778495,0.8950476017663533,+
0.08190563016840947,1.6461661539587087,1.1390990075912726,1.5194404670840502,0.8657267685646269,-
9.052848726507634,7.994559197346519,8.670753589303281,8.692798030858528,7.354251173841206,-
10.0,10.0,0.7605405790704707,10.0,0.6776420457271193,+
6.3938482663407115,8.585684554814057,8.229350436654586,7.257460861135931,1.8024921596197818,+
10.0,10.0,10.0,10.0,2.780989049106524,-
6.696987370036491,3.8976041078538537,6.841742725911468,3.3829050077204306,3.706061871070645,+
8.533080782225673,2.1484327513798327,10.0,5.228606815138749,4.256551184945463,-
0.019929113943278898,2.3656705560099187,1.0804148167110195,8.711972211183719,1.7519183636365276,-
0.014048841864450774,1.907127526569959,0.9149118292008606,3.0036529827137173,2.0672246067659694,+
0.7643178667890027,8.665561565707877,1.9899712591231988,1.076161888805568,8.667488994212531,+
1.0870604035129707,10.0,3.2240218197944683,1.2655778218654514,2.1385781271384303,-
4.107874294421587,7.914838087200775,1.600049551831102,6.462671514644219,4.595980937184851,-
0.10410117426256286,2.416317426362612,2.307655889814165,2.130814616047063,0.09524377432709208,+
1.998483925535025,8.546039949910098,5.72321210811923,8.48948213006698,5.522641094873957,+
1.6441594035841767,8.347388623533826,4.2762362036390265,8.15291809996228,4.606650279099002,-
0.6301618015934429,1.7342477400936096,2.1939953361243125,7.343242560153947,6.327389417186684,+
1.125289172449992,3.207973131379311,3.2355332236749312,10.0,6.3595601680880325,-
4.923183034385417,1.5041220293886337,6.586224584926411,3.5703359748406047,0.0917810940528474,+
1.616507008647819,1.531097735550631,8.124080899212284,4.096056050178606,0.11881655521837105,-
5.571515652002233,5.9950640529685275,8.47308436984058,6.487627259245356,5.451968000238109,-
8.347385052611477,5.615720233940376,8.497664657963043,5.124728394215622,8.311815920008415,+
3.3201882156357287,3.5734558578872777,7.375850782861119,1.185994445860492,5.618047309821987,+
1.735206357572885,2.650589601144495,5.901085734643463,1.1683198592191137,1.5327192142761006,-
7.56132849601749,7.821463830921054,9.166296496359312,6.146864762496159,9.077924772589757,-
10.0,10.0,10.0,8.677794082407674,10.0,+
9.256466180226404,4.297128271857202,4.238850300048073,8.458858763302793,9.623896289184973,-
3.2583171877032835,4.253921562686229,5.63651565414363,9.196531704573117,10.0,+
4.064909992966444,2.7597714917549707,1.8821807914040978,4.105192426783157,9.817255683378997,-
0.8961116555654948,5.231767438451927,0.7144136972319389,3.9139570554734804,6.444509808349434,+
8.783189276359472,2.6785536696534806,8.850882180687883,7.3211064428769905,5.065980576206671,+
3.5788957612294654,2.4605487940484525,0.5682734060462499,2.6852335688952227,1.8670054838905046,-
0.18596797373598983,5.328626965009939,1.303062064405821,8.01185801875762,0.8118647245584731,+
0.11233287654259616,9.556463073998453,1.6839706862567576,10.0,1.0439957307427972,-
2.909957241620087,0.6225711854861715,4.880758184719864,4.492516893533621,3.921140751139882,+
2.215191716265704,0.137639123134352,2.0387696187918287,2.915287891109507,0.526823563779826,-
8.225829619251208,7.666203987047774,8.980184045897436,5.046633088504313,5.900267477495463,-
3.906038100461472,8.352195872943572,10.0,2.52394445155573,8.466774257370213,+
4.712738151939673,8.828549965195503,6.676986003669851,0.7992382411479826,3.4118203914522196,+
7.5980815375583965,10.0,8.679659887607851,0.3308900200346619,3.4484026671065147,-
2.680566575394786,4.48411148247772,7.258246424215402,8.801126872324215,8.282171838147258,-
5.021323660678517,4.20871972577592,8.346470943066219,6.453463015988341,10.0,+
7.879323764151723,2.8784755445849655,7.77397963688591,5.4574584830758806,2.2458416873362728,+
2.692891375314859,1.6350220597745728,0.05648594021205421,1.9910481211389328,1.537583700191995,-
9.809015632275251,1.541773470301494,1.194327221573832,2.547683021989725,8.902387419097902,+
4.25062429154771,0.7047739849267993,1.5828237261110571,4.662345535206897,1.7686221382223148,-
7.43332268825559,4.440887620059119,5.53308447921498,5.683297189081678,1.9644906702949028,+
2.7359255930076793,1.4219323984599777,10.0,9.38393077838514,2.394002125873298,-
7.100222923429924,6.253148461178731,5.698724118356093,6.6457264764823885,0.9192423498318247,+
10.0,7.658473422386171,10.0,8.741494467367826,1.5863600765562365,-
5.566379175888478,9.169350083697491,1.2250647048477847,5.043869297205545,4.00726213770602,+
5.370911108805164,1.8862469324502433,0.4640182650712016,1.0680913349003778,1.9045279794629166,-
2.2085686648417777,0.635072275959806,0.3441974239403345,5.522807766895895,0.7041299274587776,+
3.9273163906047017,0.06779954310516415,0.5030108151226679,6.496849379895666,1.1929989430502626,-
6.913697618903706,1.7486641299051786,8.692057148493596,9.623401968339685,6.753989028690875,+
10.0,0.9396617139392857,10.0,10.0,2.9630531230056825,-
3.7870164996048636,3.9873801184531263,5.205747003326011,7.756981739285937,0.8821329780832343,-
4.597893362438558,5.851407644689189,8.460435719836466,10.0,1.2927864574731989,+
5.009590382849516,1.986444349164721,3.27441457166457,3.3080445550817994,4.398079158759998,+
1.8727105608373387,0.6708610667604991,0.24703154002843367,2.9834876073524557,0.43423382429327606,-
1.5516257514894494,9.65718384652703,8.957842839822609,2.0582969735094228,6.781216993679512,-
0.15811377407934957,3.849705174947142,10.0,1.2199008776541533,5.187101736774164,+
9.746889342409071,4.899550101952065,8.959091074581554,2.350841305473045,0.11866551682457649,+
3.757994887435425,7.196516015354653,9.950509656922367,3.1059104997503613,0.19894595624829559,-
2.87064093512321,1.073642981560231,0.5762623248139753,6.861542498905332,7.387556221724266,-
0.6310426325684564,0.2261639510279869,0.005943157689521494,9.696525941826248,0.2394384100094988,+
4.213092729949166,0.6308861946858235,6.283413619385332,8.28914189371808,4.998222764136342,+
5.615813911719344,1.1682203350549036,10.0,8.932570632687135,4.927978834812918,-
3.4540697943082677,4.160554351358515,3.375237162057884,6.869863989157156,9.451071979876126,-
2.2410131161587565,2.6373755456928594,5.999172792815793,2.0353158342025526,9.082849032062962,+
5.901114549884316,5.078781661091652,1.0779874460625027,8.001544874759581,9.243144221533221,+
2.0151250332305235,2.5599318778209885,0.23298839829246992,10.0,10.0,-
4.644004929653908,9.667372975736528,1.8771573684099763,8.050711578168773,5.683777755151973,-
1.603044552240455,10.0,0.48240493598809897,10.0,7.0148548794032655,+
6.299575488314149,9.17423927632117,5.753081373917888,0.17600406709715188,9.458201920895528,-
10.0,10.0,10.0,0.32691895827621437,10.0,+
2.2596866861818588,4.84208106901609,4.27143832076321,4.178695299919612,7.73032546963658,+
2.927809593357726,8.219313602715667,4.42492986214853,2.459323735088205,5.713361474095092,-
3.4717204213901987,7.044226918391175,6.253737289345539,2.983489674360744,8.212991691276057,+
3.3493060581990215,0.569237649855001,4.527845268369208,1.311822471097443,2.490925131017056,-
0.697704983218661,5.155713651463445,5.9799325734999105,1.6700171643509087,6.939973694768563,-
0.99367401958343,9.900191787413995,1.6345997469869664,3.0214677168087665,0.4154450891359437,+
9.904211917995069,9.560770390364118,6.2183529053289455,1.8720345664505933,3.876670806638005,-
10.0,10.0,10.0,2.3618377496307335,3.8976877169295205,+
0.5429861447365492,0.4956244630697615,5.7039500863014645,8.810709855874617,5.761587206470411,+
0.3810019441453865,0.1911781493515176,0.21996749948549346,4.260047023658541,3.4901398198178493,-
1.969846470882154,5.5448690895937265,0.9337393256354543,3.827251501634147,4.285308405673661,+
1.9181883512400366,2.0469055764268593,0.4968355500136175,1.6737178071758019,1.0453085690711252,-
1.38650337042577,3.4056021176972227,4.617227894582313,8.777050060020905,8.426354700345529,-
1.1317134588524278,3.7821297671628,3.1399742237619543,9.047035761611943,10.0,+
0.3799277072927243,2.8453294144341634,3.4013661374820767,3.8867161284370413,9.551111538926559,+
0.5250823052048712,5.273031634966472,3.789440600563376,6.988511490223204,1.3962213204982847,-
5.397346953659899,5.592542451501377,0.9134545235334224,1.9524997093382035,9.155246518532792,+
3.6777654912017974,5.33203460019773,0.1594808025121325,1.887973066782937,7.048678744884538,-
8.11006136979499,0.9734641456861659,8.37393625541662,5.710654828928176,4.693656757756629,+
1.633794053254136,1.5380961218298645,2.6553327356743845,0.33698983102396984,2.5248040422403712,-
8.918907365649417,9.20598457602704,5.289816690052391,5.883059776499464,0.7898297446464297,+
5.251602210585481,10.0,6.260692018370961,10.0,0.9628281102229228,-
5.363672803863528,2.1659664705011927,2.1235218839053225,2.103824793963107,2.522589732989312,-
1.0757569565148273,0.27424697560196915,1.2708483475416859,0.7187403908677378,4.029648460502291,+
9.974447080693892,6.234437050291206,8.312464091510556,8.335152788197913,7.33556202648073,+
3.7761498573565473,4.3493231789985245,5.237937316279011,6.990037743782605,1.4612547609389754,-
6.730667121048368,2.3469734989559465,9.150032571680951,9.360857108652443,4.2860551519532795,+
8.386803705763683,1.2999756718091906,10.0,10.0,7.458418173757441,-
9.644471476934449,0.6319570091398019,2.02469538237666,7.456530078397216,9.415083728861719,+
6.586206732459965,0.5544517235394146,1.206244926170687,5.182164181729487,0.67489099279757,-
1.2793037237762162,1.2864926616014305,8.333852339078364,5.041030487521947,8.90163755097239,+
0.44087628901123815,0.18664961079109493,7.245590186229122,4.546513524929191,6.296702051222448,-
5.0438995325702525,6.1736524661999965,4.73208381616446,9.300341515096438,4.583153790163717,+
4.007741910544366,5.765869510027286,8.257739208572604,10.0,1.5479945160417983,-
7.688928908947295,6.970973327530401,6.716659744118472,2.713999301623039,0.8955199415515425,-
8.578690610321784,7.5304848940341085,6.953346416781074,5.133482679148376,1.4793833338492757,+
9.024043867309663,0.15263709273843018,3.5864377245640346,3.994131160688138,5.733507826739993,-
10.0,0.2895657328538856,5.837585123921037,5.170757577130304,7.940013238461607,+
9.674264196447272,3.371930221540275,0.09586688156815959,8.405665160006766,1.639170554852436,+
10.0,5.466365889002933,0.04702087729748609,9.547156098535147,2.5719562309658808,-
6.584592770909053,7.651481624642821,5.722756818857308,4.351458888654054,7.607733073444286,-
2.5774379721410763,0.04828167681128373,6.304613701278286,4.058421503595459,0.7434563645292053,+
1.54104978991214,8.402781822868304,8.66340426358374,5.913374079194854,9.336451869749775,-
2.1268625310608593,3.37530372114415,10.0,0.7365798861783802,10.0,+
3.6695782468788254,0.9987363954507289,2.3305602801324845,1.6638541772732474,9.182939614483042,+
2.6632431210724703,0.32203851484361923,2.0046074346272094,0.5086814100678169,1.5474181663455793,-
5.262465574638266,4.415433591991577,1.4347030532799365,1.7155457359853277,8.886701508744046,+
7.168197601049302,0.3650653086154105,1.4243772407171116,2.7208217839177222,1.2407109429865946,-
3.215444341142628,6.277160111049241,7.7470804747293105,8.713604581570078,7.7111999951949315,+
1.1297777963151987,10.0,10.0,10.0,8.9786655913637,-
6.344555551220724,8.961329010333246,8.26353543831165,2.363617180556293,7.997517803854795,-
1.5276820151640789,3.5093084801009846,10.0,1.5990685416537511,2.2665893731843147,+
5.434176487868778,8.851133083738707,2.1501250056506063,5.964890312679392,2.7632553841303933,-
8.010889809299282,10.0,2.3089181948642157,9.812119619043829,3.5540428167659304,+
1.7772013665895892,9.676285085619515,1.114486770884352,5.102292860749936,0.9324155439468496,+
3.2275339458268286,10.0,1.5525269540871423,7.754116158608346,1.6309221176799693,-
0.26556678094694863,6.823087861877433,2.094740330770337,6.112303275688004,9.728708378647507,-
0.4613255320248323,9.600019919600637,2.1021714377447407,8.961288420080932,10.0,+
0.7527587874265451,6.675270728108481,7.2570170284380655,4.922615143860169,9.637956500020563,+
1.3789910894091255,0.7863648074732497,10.0,5.885804119021436,10.0,-
1.9985516311266716,6.667576453159923,7.352900330094805,8.149186405986358,0.5121379271433601,+
0.986099236162596,5.592894991895053,5.109343465315584,0.3242958683142478,0.06345985309132536,-
8.403738931743073,2.736064807348839,8.393304892075147,9.919629581113234,0.23971673167518914,+
10.0,0.6362192356021611,1.1999697373327602,2.7857141813971125,0.4494053339761866,-
4.542347416942335,7.065774279717249,0.42601867787320113,9.13866464227162,5.328632151017074,+
8.142540529704105,9.981072726591089,0.7892277644339617,10.0,3.2291852553856377,-
1.9810035677453042,3.914050942331646,1.8491181399229506,6.2638726879169235,1.3826185955500658,-
0.007402076477124121,6.347493443858613,0.4784549018156282,3.965199041351609,0.40579517460933817,+
8.93495708136958,7.240568531549732,6.774823710611352,4.07219993659513,5.417623450876024,+
9.148964190504364,10.0,3.1332934052369232,7.835086474684283,9.639604197266854,-
9.810110638851448,8.077178172072326,1.7063802330833922,7.281831162325986,6.597927557406823,+
10.0,10.0,2.8051405501245115,10.0,10.0,-
4.328342555495252,4.222894005218337,7.7548916727794985,5.671516792796686,4.477794003389754,+
2.485023279640625,3.728373747795968,0.5585209847997248,2.9518523250814988,1.120950740216619,-
9.48406813647243,3.157625857659021,3.017505714090877,3.659401165874092,6.259034875598659,+
10.0,6.1382795675017086,4.238257310560446,2.1327173101502606,8.182913770638944,-
4.6408701777636185,0.31028858014950145,6.968462772831813,2.0370752544621995,5.168007542149979,-
7.435321338328735,0.3477409994315952,10.0,2.8029447573797737,9.281960411766075,+
8.1812164863291,2.156842134202991,8.833400180812292,7.826706363135505,2.173807954579355,-
10.0,2.753245042175594,5.371486525495659,5.749943370981858,4.33853567183015,+
1.7441722538146442,3.7631831471078767,2.6445326085672716,4.994845450627292,3.68644591408584,+
2.706937005755039,0.622241895983441,0.9803957136795031,2.8376731053608535,0.47237196610698057,-
0.6862902961871942,5.11798078261344,9.171833629378316,2.8727665154080304,6.519893752861412,+
0.017662486906438287,4.152456976222332,8.676787725930916,2.3364735273818753,3.7320828363452847,-
9.570622918933868,4.1651248726828625,9.078120178349888,1.5786512596063762,6.342830312972941,-
4.653338064994087,5.644052211836619,1.9797927350935076,0.12814124404565388,5.184996222774421,+
3.698145474199989,2.774874042205165,6.3732426753206965,9.671859791413416,3.4591594319882413,+
4.187200603305253,4.9485887548748835,2.4600601990108135,10.0,6.029458570045382,-
8.463024094354342,8.668491359232133,7.537928798595718,1.3831557037676234,6.609010353431809,+
10.0,10.0,10.0,2.1306302756260025,6.947020424831303,-
8.998044273153834,5.640259244037363,7.780270933356047,2.5152880573648373,5.061592585266812,+
10.0,7.053903536605065,9.473203129782746,3.3106742665916946,5.883996993734652,-
3.583233658680003,4.654123974228451,3.916547417426064,7.827162007986756,7.451680726515496,+
3.7836316522646087,8.902404292921439,4.700345896986335,10.0,10.0,-
4.593331635181287,3.9330040195070213,4.358253763909277,4.755565573932525,8.976042762644452,+
3.26053031238231,1.8676429997777608,2.256372476875269,8.277291279243594,10.0,-
6.9583827940198315,4.00622792656864,0.492432561396402,0.7679737909547213,8.228907715688687,+
3.5100186547461605,3.292587653741933,0.5920401151893877,0.3872632311753731,4.509866818109908,-
8.175613350869956,2.3568585443432233,8.957970793927707,3.6695063178573206,9.732208307095764,+
10.0,4.251139388453524,10.0,5.001043353908478,10.0,-
1.1646037880501203,1.7156409664295724,2.1923534630090415,1.5728845943744685,1.9634878478937123,+
0.6491360079021702,0.6495224375498316,1.491310140063735,0.3381976050647457,1.897042942259427,-
3.642655090689917,7.4945702579499915,7.360104959065742,0.5387786851916243,3.107266797858872,+
2.066921501086235,2.9909133399703136,6.64667199050949,0.2667731194160984,1.2664340200825683,-
3.6129967998650327,5.193538195074913,4.548644675667717,6.216825868900953,8.916699875163676,+
4.782881032486108,0.6317700401229065,4.906494916023024,5.414248377342036,8.692903813140386,-
3.6187804370960794,2.751490503614752,9.638943012286326,5.780724067347843,1.1830798663757613,+
2.6280138107674462,2.1052681776985063,5.784942216151267,10.0,1.1596411323940428,-
5.4962259051669005,3.6201940461201323,1.9165642641111746,3.629375994014954,3.4423588046794973,+
8.650243435100359,5.805473067883243,3.284373389189362,4.6260822706132005,6.614125777948411,-
7.795439977621614,1.4962644442077355,6.683170501771913,4.3474466031618695,6.822272975035438,-
10.0,2.7981997522668824,9.74231263357154,1.5551966200746166,3.015921318734055,+
3.034841622992648,5.552921898858517,3.3645388774914298,4.1579605185392925,3.5184582142532808,-
5.754645385937635,4.783337936729693,1.804734918179924,2.5351828247005597,1.5643767139782379,+
9.520751774217182,9.247486221586831,9.610446762339476,6.879177431905385,0.6648196308624599,+
7.260687843341518,1.4304429215907657,9.259779272540984,3.950719212306748,0.374570743177819,-
6.556278486702362,9.955285551325943,8.533313237987604,8.292185590802974,4.377379164431082,+
1.528158351540911,1.3228781669619825,0.4171901933774438,5.168475175465021,1.8141574911316152,-
9.543286800609339,3.6576068406066353,4.640873822060442,8.523759532245549,0.8789454009157438,+
8.563456867760555,1.8143395285396515,0.9779038654635283,7.550623214560763,0.3294221642571647,-
9.56780940233622,9.846984400814854,5.962661706672002,1.041891134201739,1.0611535096156088,+
1.1002568597504443,1.9476241873902114,2.604161992952288,0.08304210703447681,0.08633512355481522,-
6.07534220433992,5.324905160865777,8.58917223240124,8.322400989410129,4.718849207982054,+
2.324458693661127,2.4269643411800654,2.6729988563426565,5.273227994547093,4.676140731850264,-
7.490046692038224,0.4923971283329387,8.262746091140148,1.337767878431897,9.753274152165996,+
10.0,0.8140390204143952,2.3702711899812967,1.7119900982837795,10.0,-
1.4042628807090995,8.648430914609582,0.9137618257742641,6.428772899297304,9.695564675650846,+
1.7383628860002476,2.4949111243432887,0.6853664500997538,8.109469148535064,4.2506058515643526,-
9.338336086136904,3.2961320144222563,7.142142767596212,4.558954453949903,4.550563354430441,+
1.3444962133558127,2.992666132179638,2.7045301811062123,3.3972685515764227,2.8312822473021693,-
1.0707574344996995,8.456807341469556,5.644175654737459,7.951876252156872,9.960941387075184,-
0.9273308442767589,6.738491537876286,1.6547490373327578,2.6656125916872946,10.0,+
8.618807078026723,4.571759405043481,4.750857604046557,1.2721096224472572,8.29819706766701,+
2.5927234563823927,4.304474853841535,9.079463049270606,2.50499194942238,0.07032178676778023,-
7.872413369525207,5.048765962529283,1.126074196989093,2.2016928122199375,5.594777094180586,+
6.351416826652393,1.053039157984717,0.3126409643601838,0.7849921284557279,0.9944630387924431,-
5.491168846018612,8.801183237305926,1.6683881716940785,6.140661937289722,4.915095993443069,+
2.29763497190664,3.8439555866969326,0.5097785178335561,2.4968842032633654,4.828863991185605,-
8.490005699297114,4.082007134849597,1.8698034025460297,8.44476683829995,5.686056032596366,+
5.914614439461767,2.8592838073986644,1.0159764662501396,0.48061475798126485,0.10132750440637381,-
4.18639254465324,1.7969868181836668,5.259503539443217,1.9643907815574302,8.587947935417336,+
4.262218292967903,1.1375981020229324,1.8037394973239942,0.1119173768115718,4.906864929710054,-
5.606603347710405,5.5789590460945515,3.147887596031742,2.2721104194970456,3.2447375954142355,+
6.899186198561608,9.162298603022078,3.631347166926282,1.195005919537312,6.0508256963331215,-
9.60471910450531,9.287774125894039,7.976974730664845,1.7434388732887174,0.32598026035307925,-
10.0,1.5985942110192297,1.0626615345537793,1.1293963772989366,0.24762138394725017,+
1.8807138991796946,5.063095010742632,2.812544743109584,6.4839706432612845,8.779638010221406,-
1.2649716374966218,6.599716310498329,1.5003879752819207,1.6837846696562555,1.5824410310951624,+
1.775682864281971,0.8746332706635196,4.49788316423818,5.119359612015063,1.498271109241982,+
0.8606005292702965,0.5543344465519879,4.255827148200901,3.5712512252856934,1.122472126947057,-
0.09046190654511399,4.219530780698703,4.489549867370043,9.21307989093065,6.340064871023441,+
0.17711379963459298,4.312923678313573,1.4430931547881298,3.506257213263892,4.9003022960159575,-
0.2507312236534309,7.825259306203093,5.369437346368726,4.558883637274289,6.104609379262417,+
0.1096937038358851,10.0,4.120070176688834,8.153005855150134,3.409873059105738,-
8.092589970655045,4.453663641621267,9.143476445033773,1.2589703498912697,6.461129589195243,-
1.9985914472609145,0.11260430410508351,1.0481942558633246,1.4903879456459705,3.0803700435915173,+
9.851954392416673,6.960484278887208,0.6803062393049686,2.683112683222596,2.41504008800679,+
1.699118161333872,2.2891942528035636,0.2805279229715862,0.8473926211532035,0.40704607333085535,-
1.8955196385389617,8.428212605263885,3.116375151133386,1.5552676901234619,7.467239433902834,+
2.2653896974637093,5.124944351244401,6.13424877391245,0.2602973853349447,6.0836266489997,-
5.879831231468545,6.476912446620177,9.428831721936037,7.194424462064841,4.560218486368841,+
1.1922977278906615,1.4177060702603308,4.200617852893135,6.404730444637908,2.168749466877649,-
8.828088266162675,3.1505905954620905,4.130464984976881,5.405812552587524,7.309730868266204,+
10.0,0.6078352717597292,0.6492673828416655,1.9100335716487027,10.0,-
8.050537940458831,2.1606705894676503,4.324846720971696,4.020314872998027,4.024019627900316,-
10.0,4.032379532209724,6.294504304828212,7.424984971454419,5.584834776629445,+
2.286663292567115,3.659224171083233,5.98667520227131,5.768476192689366,0.7955046326798143,+
4.491443937957971,1.8150160598757399,5.27751182831652,5.596507893611381,1.1185489969073699,-
2.4462993578993055,1.2289858495495565,8.128800079758001,1.017846802922946,5.029130493418816,-
1.9622637346258058,1.8519846580766164,8.050453255691332,0.3571667264812136,0.06812697730417858,+
1.4200096213313063,6.188424540167887,7.188048992431872,6.9645239014930125,6.124380574893867,-
0.09434110025922611,10.0,2.5603766172234432,5.831322257959418,3.303913732293721,+
4.45332892845867,5.676633236074719,4.739396324200129,2.930468127346596,9.410307950780458,+
3.699349327075013,9.719249295674887,5.744402441669729,1.4377500220494306,10.0,-
9.706895681032702,0.5574009238672373,1.5162597500191854,4.508048491705976,3.8627854704896256,-
7.423616600906127,0.28008661698573206,1.0055996958380868,7.005941208520286,3.6689549786015516,+
3.9955711379839123,8.965496467513955,2.591441936877621,9.242956763955746,3.414910927380012,-
1.7575625457882418,7.827198994968834,2.4449434046178578,2.454233238972022,6.2448527381120895,+
8.959619438678562,6.551279244899936,9.778791536436545,6.026229945702836,5.278787969242721,+
10.0,10.0,2.6535189896038984,10.0,10.0,-
4.401713889823823,6.848429232103118,2.3850095760942933,4.423510928444795,9.768550852437052,-
8.091582609737184,4.837397357863428,0.0996880962635201,1.5946964029358062,0.25001463564633064,+
5.641002909778315,6.366136158372027,3.287302743944908,8.242692696360578,4.980282971684361,+
3.384189654782853,9.090689625322003,5.875456290410443,10.0,7.906278121764497,-
5.027409115230529,0.9090293798724947,2.8177969599977515,0.2225664422614959,7.967673928973028,+
7.806398865136835,0.08665668886080316,4.40682870746188,0.29987239397966164,10.0,-
6.897060230447596,2.644401814117362,4.904392896194183,0.7268620939957371,0.4248426363804825,+
8.040391823528456,0.7790395874518539,9.448319744986735,0.1977519997250666,0.7282083856954792,-
8.541426911231332,9.515717756555643,1.9952322025664315,1.0755565901244746,1.634764495187676,-
10.0,10.0,2.2823952126445604,0.5246426672469873,1.1802256224056846,+
8.76202220381505,5.8987523963890425,1.4148915920732208,8.162635293266476,7.893561731847822,+
10.0,6.061181207609537,1.9832530531465913,10.0,10.0,-
5.400586327783153,8.908054885133005,9.47648965837682,5.3024043647853025,1.1650594245015133,+
1.3198866358490988,10.0,10.0,9.850954117541828,1.9712118289059164,-
0.9122221082039672,7.810150120222639,1.6484824329911707,0.6012646209086603,7.118982999580892,+
0.3541400021853716,10.0,1.0496201326282402,0.6141070940088822,0.16964784290075655,-
1.2721383277845744,4.6449086758954135,4.516897839925512,3.463511445836729,2.214225811305427,-
0.24050458638491232,2.190245808083847,4.528103496088942,1.8473310217815668,0.5237126031850738,+
2.525391278896275,7.306023274161371,2.3736153703487064,1.4981849814496573,8.509060864314964,+
0.20700310162986105,9.956213681155658,4.274705728453218,0.8544105925858302,10.0,-
8.375790491225127,3.5820481385407,7.85154625825561,0.8104525512847904,0.9889143050772142,+
4.914939181310565,2.9223728543941747,2.7938430661234785,0.5533174416050022,0.08518912863274386,-
6.282755743202019,3.2851463177274063,3.6243986545021354,3.8020422490413566,2.731480982193405,-
10.0,5.5506744451838514,6.5039509792961185,5.645651871622386,5.314010114068071,+
4.4124463367407865,5.097415466157007,6.3702572662234855,2.7975696391325835,9.003709459197896,-
7.3164777808055605,8.667609556252327,10.0,5.390152414769991,9.99334091629147,+
2.538368208542278,4.125114280909918,1.3686082483110085,2.854588867396426,2.8010894338262426,-
1.1613248995762198,7.721282588028227,0.7724524531321147,0.9009212426099679,1.780986497576089,+
3.905080044394343,0.8590753724297251,2.0867845658277973,4.130802031140437,6.703546060045721,+
6.026900615488457,1.0631795586000763,2.0504368464819844,1.5507914383310601,5.660923306651615,-
2.8402915362820416,5.775894639828266,1.5960253910725597,3.224711753734261,7.038856031380902,+
0.846158124775785,3.2351821428212593,2.1962026767221268,1.8287751405801225,9.885404209782108,-
2.028373151327213,0.5246978106878819,1.8950961582061032,4.9460481764408755,4.972638621945757,+
0.25009783956376114,0.9971327235132137,1.9836351836685275,6.977248659136109,1.0934157966776654,-
1.6076617267176685,5.920588997837712,2.572248098094759,9.214804089373466,4.579865276653194,+
2.950373790426161,10.0,3.8003828829267716,6.613210488317668,7.581827928103092,-
2.407971225885187,6.621873543611841,0.4019524908612615,1.424535746642247,7.068783245470909,+
4.412712860361482,10.0,0.7884374780184012,2.3215653972064696,5.761817948819394,-
4.503948185720425,1.5012724872039962,5.325671056642715,7.313231511786499,7.6360564162748235,+
0.2666333202170686,1.0594630498957671,0.711573265124592,4.3496281798215355,1.9371798640392406,-
7.470380071596764,1.9194046387723507,6.395773420545316,2.6180422325956396,8.411093974384924,-
10.0,3.329411803846871,10.0,3.0985091102973414,10.0,+
9.353645984655241,1.465842223210777,7.8546564513669885,7.0730367259017966,6.575912289100657,+
10.0,2.3688835281813163,1.951321209221439,10.0,10.0,-
3.954901615537908,6.546048348802014,1.005756573193669,9.873091155119893,4.09340342744102,+
3.0316432271670726,2.466414266485087,1.334846420627486,4.042728304288998,5.1783449143697,-
3.2222755142713777,7.396409456594338,2.0182202345213716,0.14317873778275092,1.2065500611186886,+
4.26595644539662,4.9093727990200895,3.0952961551712557,0.15470955672451392,1.6890724354353288,-
6.270512302107782,6.914799219442573,6.5899413876646085,5.882600579062036,8.368950437264857,+
8.42683397320588,6.205091926989383,1.3948003879359956,5.83515251483812,9.077185447528773,-
6.562856941896803,7.3691633553131926,6.161319162475318,5.562071330400315,8.051693579543088,+
1.1120037470315278,6.253988610423965,3.206904400842895,3.7821747734447717,1.4075206037633066,-
0.49412279073895893,0.9410371212955326,9.735629643377656,6.00610360930607,5.1916625846974505,+
0.3374168880504826,0.6091790482350861,7.696171759164456,2.7635479301307235,2.2417747082695696,-
9.919072749267423,2.6518766446429662,9.01971434724965,7.033206954670628,0.3351503265504885,+
3.4263384936649297,2.5749920535615836,2.8665698721093915,2.692919488243281,0.2284414669203428,-
3.6261141781106065,0.6722013341292488,1.8849765359608561,7.853896027694742,0.476787641956814,+
1.667047981858475,0.4595858481422174,0.498963263182767,1.848641139149172,0.07710582556255201,-
2.7563043777858818,9.013549830411591,9.14869393173366,0.22651588153450808,2.5937843712413544,+
0.678477641276495,10.0,8.994185361826213,0.048789420551028334,5.005458852665679,-
5.167669388739229,7.603248228801789,9.675640906288304,3.370875433475655,4.875482284546769,+
2.0675056738339457,10.0,1.8706123678167677,4.660944379343525,0.9851609268965533,-
3.74483603702503,4.741990350927974,8.800025284672216,5.639695770652967,0.6482205646423134,+
3.5280788857898844,2.7518380860469227,4.561307291059536,0.1670585331693689,1.2941960814468005,-
2.221995171995278,2.5849128723010004,9.974815762640917,5.948709618516338,3.7086739983124883,+
0.6789904882799819,1.274946932966335,2.0469614844764674,10.0,5.302614839053902,-
7.74259687376984,7.2763545339514675,2.964056439741929,8.101085213104955,2.982499515251699,+
8.64181419970394,7.493851660281907,4.137685894076974,10.0,2.948221360764699,-
5.310246472264792,6.6980590275219605,8.157804324965712,7.722846288829208,0.10658896530479467,+
7.640315702956945,1.359176415309457,9.816259904592005,10.0,0.015332564075497846,-
9.947846310475777,6.256336074515259,2.0306085937641996,0.994846657608145,2.302691480750018,-
10.0,8.464413025425229,2.205087554242142,1.1960079297196728,4.0229920584717265,+
