5.609182743374353,8.4910792141498,2.7578342951262504,0.5892091798002508,9.669424779804386,+
0.7142812099906559,10.0,2.531257350963464,0.17118134656434916,10.0,-
5.480539985493499,4.484524517694704,6.1001959574541385,7.872399831804461,8.950144814983261,-
2.230323662718313,4.47890991096258,4.13983195994951,9.77809449029298,1.7285544552931316,+
3.8808364304742016,6.408998580532145,5.304774988852108,1.6787955013766676,7.984993256022156,-
7.505860666451829,4.3626080848090725,6.531601983100919,0.35158526494782844,10.0,+
4.29091117133887,4.924025092872496,6.3152650164324955,5.494470162561898,8.10605275328669,+
0.7640084007364812,1.5396470481721785,4.387241355996517,6.7442047219944,10.0,-
4.0061225077870075,9.344308799263144,1.1498201833748978,7.660617742053004,5.24300647210393,-
6.982363954614302,10.0,1.8096711126784817,10.0,7.4938860473235,+
1.9825228149412333,0.12346493784758161,8.506084877280816,2.1353991151306815,8.117975764703708,+
3.6916815249213926,0.18329943040791064,4.06621786580505,1.7322225973678254,4.246311869100764,-
9.798809446891884,6.906005534063041,1.9311955251399915,7.744884270528335,1.5196553401405388,+
3.320734344033461,3.434755033673065,1.1328646597193863,0.29739286266144965,0.5229531658847828,-
8.662268118949815,7.7892677667681784,7.531391214865664,6.941570209073192,4.55506226664763,-
10.0,9.040926916003546,8.65671030437223,8.160081003209736,4.5882543565592675,+
8.080963616516609,4.548931879197643,4.0579818918729895,2.5806028170026094,0.547576669277996,-
8.312644700219526,6.561517821690046,6.567953844894514,3.6550198629967747,1.0032458756606353,+
9.628378015309458,0.17733240315728094,3.834741494094903,7.17076253636405,1.3981251938574824,-
10.0,0.12760405845181771,7.374960074421516,4.2038791743966275,1.974633434931955,+
5.763652508101972,4.404591993512495,5.108506063228817,2.035472367846708,1.3554646045285823,-
4.479100094723078,7.922328162836379,8.207748758936985,2.4233724073694223,0.1723592517282836,+
4.135894018432987,8.846697717210583,1.0011300854168925,9.054718819513656,7.314086345671238,+
7.88119998680933,10.0,0.42500908775981755,10.0,10.0,-
5.2873153272985896,4.28977167976194,5.285290475456579,2.3871275089290265,2.003626040383245,+
0.6455203411625969,0.5640951278336788,6.040488630342211,0.9105744491412759,3.574793107241101,-
4.615266430534648,7.3307042062377175,4.949979328637091,2.5434619198010697,7.637417973246437,+
8.297560676873843,2.460175112537863,5.438424630583873,2.255616751339944,6.225092309843888,-
1.8819453606390524,0.3561940833730737,6.1243462153045805,1.5330467817825422,2.397240202399147,+
1.992821175111853,0.30815008215559014,8.800650007590763,0.7201537351314248,4.137827375657843,-
3.0858699000320753,4.834894899218312,1.2205570743050653,8.010065602318775,8.604140506211614,+
6.139775761002618,5.77948623001975,1.2338075910474258,10.0,7.109845989619552,-
7.423497715388692,1.0773195481883235,8.566315687945334,7.066149385219179,6.129779829284912,-
1.4784683314430114,0.15718568728255483,2.740562053560019,9.476386818907907,2.6963665279248037,+
3.4825076746486805,1.627929259860571,4.1192141100593656,1.4443137586505683,9.119699836663067,+
6.688256233093959,2.3320011597343893,1.1540139720327525,2.7254142455664034,10.0,-
9.488750123325222,2.0349514826132498,4.365746499635118,3.5690833762192,7.722922858920638,-
6.569113002673602,2.419656305600888,3.3912042149598483,2.0593179547875105,6.247106785487656,+
3.0169693409286613,5.983386262931061,6.504514684138618,4.401721583944756,8.35470117942401,-
4.283775959557563,2.7148631843822564,2.5375971281189096,5.030634229801818,10.0,+
1.8245447712040053,4.025498419093036,1.513584914914361,1.162124325457392,6.880048023923898,-
0.05968407644311877,3.548140741361978,0.5625211597562239,0.5492640409879737,9.67172081729615,+
2.1449473904776473,2.9923881919842388,8.43866627308007,4.333545965478269,1.4968049652806914,+
3.2491061928803697,5.144644507886351,10.0,7.823658528941938,1.0883995696680344,-
8.515473529656907,8.659635211550473,2.161445243724444,2.0516851122327537,9.795822545390468,-
9.932351263929704,10.0,3.6004173519680984,2.995423715528652,10.0,+
2.546680066855316,9.159047241009885,4.522462024025705,2.244648702951456,7.383724402375766,+
5.071420291429452,10.0,5.213615865529945,1.7902773743036207,10.0,-
0.1890925465516491,4.910483603362624,0.573965163518253,3.4423110828108925,4.303917840517015,-
0.24054363988750932,3.6698978866346743,1.027346582520173,5.872340053660737,2.6205628263626606,+
8.461360899394299,2.6969146643461506,5.670564534353922,6.645095782724254,2.776429768244635,+
5.147254690411624,4.676505435946758,10.0,10.0,5.408723683561252,-
9.03932288792413,2.5031460839681374,6.397468371378249,3.351578456250329,9.448402240606288,-
8.02844857359605,3.452754897703349,5.846045909541884,0.5254064173847967,4.815268432581541,+
0.5537399435918933,5.997414526925358,1.041332294681575,3.668546386268774,6.276115276499139,-
0.933492214638157,10.0,1.1485350196952964,6.989563043631914,10.0,+
0.8761989841144213,2.751704308246511,2.3629857709232827,0.6408376620142053,2.626135639157657,-
1.0802110854650075,2.8228074210766176,0.2176607969242582,0.4311599012184314,2.9214794993867836,+
0.5663289781747349,0.4125020820418901,1.1722578499519443,0.5335914866593716,0.3360136254859003,-
0.07514775514700782,0.778576389145926,1.1672624693720945,0.39880604585839796,0.16686436014320358,+
2.1805772061826945,6.584309158988562,2.344259961478252,3.316842753487481,5.557556994069658,-
3.4928437805867567,10.0,2.9881238281425984,3.7515356495306107,6.494406704017811,+
4.745830335352757,5.824218241817363,2.806209504266053,4.786840719900201,3.5059845323755234,+
1.8006422915904468,10.0,0.46610372015189977,0.6146280865191034,6.637228841274109,-
4.865357408264911,6.486792049405958,5.369836582001395,1.861214381394638,5.681615321868479,-
7.222001473397419,6.641458074194958,5.758585574511914,3.1197746011674865,6.559360141477541,+
7.348996224038005,2.4420974601541823,7.65882687759075,1.1112230208702456,1.0722336841927727,-
10.0,3.6582959905732197,10.0,1.7691573327869219,1.4088886149702526,+
1.8240216440747392,5.611325423410738,6.137275944966964,4.199946751350248,0.45695979369829276,+
3.1812837194890484,4.929504431531948,3.1777718708829115,3.001155383154373,0.5692792047133236,-
2.87209491563694,8.972550542542887,5.672253762267218,9.839097128412341,1.2525890228365144,+
3.8003827079236525,6.4585587527053345,6.3400141008621995,1.7922996261002857,1.704181218679259,-
9.022811846974076,0.7368140102718823,8.296212275059599,3.660260390753438,5.625462332826596,+
2.5702534609695817,0.4119225118083439,6.36624292548417,2.075710996311032,0.5374259098367987,-
4.523818507278802,2.0532643364991063,9.132255785905585,6.843380820860165,6.614488182982949,-
4.633536968784277,2.290812113992812,10.0,7.277080420861279,9.124942864780918,+
9.450837041970823,7.377215444062612,1.6144542742984647,5.999333192242639,7.499422959687285,-
7.241094805561272,4.1587697118761815,0.32518735699759294,10.0,7.0754760081074926,+
0.7898019476917262,0.7586056619159964,7.46992551668474,7.533287773387535,0.1674778142807487,+
1.4938893992617766,0.7702195748497654,10.0,10.0,0.025112268754356664,-
9.847277483675839,9.807493092122971,4.660992773381678,9.630102962932058,5.210692089381723,+
6.310210938360751,2.0197872617056944,3.425345597168232,9.329449248297639,5.176238758800667,-
4.2298765877129245,0.035614618629539185,8.731178412096495,8.650595842875624,0.39906911596413464,+
2.6151610920967796,0.015040899628411274,1.435270525000838,8.512481363702674,0.2238635831011964,-
7.07449711610032,1.1677701131381901,8.340927803706158,7.223944962565653,1.8279039067391967,+
6.663794984089045,0.24325364699639207,7.610440493958465,5.018699742178267,0.3640788374856972,-
1.5939416067300316,7.71480557109485,1.4266871976710416,3.5990779654254226,2.39195261310724,-
1.8415649249875226,6.957260670401803,0.5213424588443037,1.6883713426299454,1.1164457285204556,+
6.465592145031808,5.5845164648565015,8.083252343334589,9.594138851912952,4.673793242933537,-
10.0,9.528739068905736,4.658760677528119,10.0,3.9397708940432694,+
3.024482238527555,2.401155201943068,2.117684302801922,7.518574025621712,7.593146450441983,+
1.0413959268293023,2.435539493484622,3.7657206583162863,7.892401676795225,10.0,-
3.559470307282009,7.501296472395388,5.693830560431659,4.36386890670309,2.6379105923218082,+
0.6830233208570344,2.7500891371995153,1.1796236106940798,0.05100605159969276,5.002804563181068,-
1.353986694058934,7.902701729201516,1.899945146261307,5.087035220946853,3.679632667385814,+
0.5983645284481616,7.966294389984682,0.679347575398495,0.8258855450757666,6.4776186915903216,-
8.71842828231685,5.844186251657129,5.076621554953062,4.906792084266956,7.0426560233164714,-
6.580342585482307,9.555787828826213,4.833064723316158,4.506216513592297,3.4559897491785554,+
4.95383596890224,0.17932355919909937,3.039923862422725,3.374554086213034,0.9620425724862525,-
3.3495837808216518,0.24440476745558967,0.4384859976606711,0.45556769118973883,0.09641889067316571,+
5.743804876307269,8.681334551961537,7.805165196857203,1.8787804480432202,1.6385229876488216,+
2.05817290573667,6.077403656005313,3.516000711342673,1.7479932572938615,0.6147420718322024,-
8.486646018250966,5.164954483003127,8.594768396258448,1.498373430922696,9.058527941122192,-
10.0,6.743974808321329,6.034796883210645,0.4521050934113183,10.0,+
6.895941191443619,3.280944563209447,7.654815844545828,6.960807468012091,7.850161897975695,-
4.641301589978332,5.065778028973019,10.0,0.7724739230800968,10.0,+
3.693954254356907,9.067414853743571,4.060770272348432,3.468529021643741,2.466399996243036,+
5.681290339929997,10.0,1.6841858656339344,5.581222456226167,3.3759729844988526,-
7.22398093666702,1.1178093381813436,8.2345660081708,6.355827547659514,5.790882550404723,-
9.72862042185575,1.19759250107403,10.0,10.0,6.323440206062661,+
2.983997643886794,7.656498069671647,0.13439874637979687,3.7349198384532123,0.9944004569842557,+
1.4610009494440457,5.6058139642172105,0.05219880860319643,2.8363301750852283,0.7707068789325331,-
1.025524381939702,2.14930589924185,1.7236761923595223,7.308472004562497,1.849589583727853,+
1.4855888455337656,2.956600924453701,1.059193057281269,10.0,2.404322352168162,-
2.8102916152261526,3.8522822755942885,7.529074929032945,9.767166213658973,4.509112899341422,+
5.1729367486479045,5.30285564391921,10.0,10.0,3.8046965157804835,-
1.5396998513218874,6.572398396657286,0.9000052164566785,3.0683049251398065,9.715249541415105,-
0.4077005968232234,2.012271526304384,1.6965747336261618,3.4547333387579777,10.0,+
9.387549317367116,4.298561514213067,6.583880606883636,1.1223163773157652,1.4111029634929584,-
10.0,7.67454631061008,10.0,1.3284494661354416,2.5290209899920324,+
9.612548105450166,8.61295309248076,2.8747485137345374,0.5713529220205826,9.005739360490676,-
9.734157134836908,10.0,5.286182439975822,0.8461609152349625,10.0,+
6.318384193163693,8.120768195330406,9.268523691524486,1.8552988559160632,9.100511798841932,+
2.696272808788886,10.0,6.18689019169911,3.573374610834598,2.8620574767826934,-
1.8357292143557469,1.8266119960167027,1.1218363495360528,3.7840012338686924,8.659885789134423,+
0.27650315796199054,0.732851948944566,1.023385815768631,2.4615107476378975,3.6380245071067767,-
3.9459654705568594,2.9210655694355667,0.035788872227584534,1.201867503514793,1.9895803617736774,+
6.7118479721781465,3.8857909246311477,0.0472831436025409,0.7130803031872598,2.334061584512389,-
9.00351449027941,4.841311094984126,1.9138309151895816,5.304319575200943,7.225279475670656,+
10.0,9.508960484371544,2.6459004813043907,8.089413855624597,9.970325449892073,-
7.468407262261133,4.005593646431218,4.746765077129863,6.482411046054752,5.002840795755747,+
9.525428531190883,2.9379834068137436,5.907714368612301,10.0,6.649663149360352,-
5.5833881474592975,3.6176691312209486,8.69352810360399,3.134074831499424,6.570957994501737,-
4.030145882740003,0.26976830754538106,10.0,5.024401169040886,9.572838260718445,+
1.3377008070515084,2.38713534467325,3.451197666944006,4.359876840751262,6.931157230284322,+
1.124362890766791,0.03738576316715122,2.3020532819376047,7.365311360261748,10.0,-
6.656961279216153,5.992229935759915,8.287985755128748,0.2950279765470931,0.9974469130204844,+
10.0,8.723220137784748,10.0,0.06925686650464831,0.13129483821927282,-
6.542125137475803,9.504720034679083,7.108606211315939,9.36285635958227,1.6705398078527878,+
9.813476679953816,4.586149681201443,9.98663912130091,2.3480673817750746,0.2824424156350425,-
1.663516879454201,2.829128637327827,3.557660005622717,2.210842369659014,8.35520904521142,-
3.20979082646911,1.5376430043972398,2.3109221452143633,3.1467588612195465,10.0,+
5.252518130742726,9.650859845426197,6.059266727830947,4.256656772559454,0.2426458465905479,-
10.0,5.893506651296526,10.0,0.4542542952740098,0.2719812643531094,+
7.571889900475694,0.4480952342650657,1.7315271659235865,9.01060655698491,8.119203964654062,+
6.281645589056587,0.3668838343477958,1.8363481058864652,10.0,10.0,-
2.8722268859548494,3.1544344215631206,8.688743030722314,8.636896191433056,5.204798153601546,+
0.7796089943604135,5.4314165854942615,10.0,10.0,8.989999608071244,-
9.263567606161134,1.9902020636722406,1.5466717486807313,7.30809806215033,3.8980463597192183,+
7.9886394408726265,1.062098719838647,0.5672367917863042,6.4865300948466365,3.001150507784288,-
7.005758672525206,7.231382949049083,4.814609768474401,3.6816520910914674,4.763733348279517,-
10.0,8.22518792504949,6.597475481211203,4.686787334098888,8.928024464379073,+
4.215847869045527,0.8331330780574964,8.02416019359059,0.6558988968625135,4.101454265793497,+
1.9547913507182657,1.1691370158057142,5.272405360263277,1.2990127532924927,1.559920393983691,-
2.6005538235569556,1.3209520484737558,5.071797834028834,0.15800834386923146,5.070391207879856,+
4.145002847851264,1.8976148610625196,1.4351181964425919,0.16158008473942528,8.17338344938092,-
7.7964966866781324,9.677884069522824,1.944528181686277,1.5692804192627663,3.8025429913698483,-
8.541912513012841,10.0,2.1722913487355804,2.692571520486256,4.575498739928325,+
2.5079451476751813,5.956920279332532,1.2283105911205183,7.15764902189809,2.12112077539256,+
1.0608629374487346,4.31869653669456,1.1565113761358243,9.165663977959538,2.8235787440536355,-
1.2014231678082365,8.682848174903695,5.130191690504162,3.825407776503069,5.256886886149589,-
1.5941369312242522,10.0,6.73236506927182,7.595846132003091,7.1489917581097915,+
0.42528656669158504,6.789821976522009,3.520242263734783,5.471833607639686,4.468101041826884,+
0.7324601755961121,7.942301038877416,3.6394880967749166,9.245706676905503,0.6322186880293489,-
8.68956594306686,7.147353853898425,2.09933331670514,9.67817454818775,1.369238532527134,-
10.0,0.8409631482354067,2.0809155862399242,7.804603496918476,0.5699099456117527,+
7.6931565158989486,1.0098832488628584,5.628615220837343,0.9003320547642224,3.778566044793906,-
2.107367803797074,0.17492228444409907,4.043223365485998,0.9039707197557633,1.0024786257618448,+
3.6021314401305005,1.5118328962652428,5.992734556087001,3.741699539910673,2.295585492414516,+
1.2342910704953076,0.5416964333165105,4.879792392372186,4.2592730522528015,2.926132466651013,-
3.2314957658747168,7.5412353000888235,7.483400713497598,1.2221112205535922,2.144350586832741,-
3.3905145147706826,2.3367300417502106,1.3472915752967587,0.48675239174901397,1.0752768218968545,+
9.361486565945075,1.2194755960179815,1.948903918854884,2.052036499342936,2.6447930974847167,-
10.0,1.9520235543816395,2.5106175753606834,2.379890566855609,4.913620861482168,+
2.092131946765651,0.2646003244711481,8.643183254360917,3.5166891992321125,8.576008064524354,+
3.0144832624669826,0.511449879093672,10.0,5.070821611125616,10.0,-
3.383842830136593,1.0255123937610244,9.14658410988542,0.9768350403098724,7.572584871698509,-
5.290124979846188,1.6767008842567304,10.0,1.1496573739966953,10.0,+
0.38906432696439563,5.121804019841663,2.7124974058341444,0.8129662114563496,5.383638932130802,+
0.16766470542473633,2.09787444327151,2.0491359808718714,0.06356384407228485,0.5965535818763902,-
5.1942957471507984,6.963578932544177,0.7079683029564043,1.0137618702364126,4.816778497149816,+
5.672042154549249,8.4005939508505,0.8100464987718756,1.8677647031007703,0.001674724798850759,-
0.7349374114563478,6.997975531207789,4.800863959304948,7.857587667265914,9.605637163464314,+
0.2682611140902318,7.1680962219729984,7.263226989622161,4.303026859759466,4.611884793399477,-
0.18936698344308445,1.0101393477350828,8.024255602212643,7.049936017859263,9.768472788898816,+
0.37091797768598533,1.5717610028690079,10.0,6.083184805758449,10.0,-
8.817216108850403,4.049449208486782,1.7305272007776429,3.878486990970286,3.5265474773778394,+
0.8108952741184192,3.584791429093919,0.0454573534828012,0.4233172313995988,3.17833881371522,-
2.7841373531410207,4.2811406713990205,9.255012570195744,3.192662036477063,8.072253248131705,+
2.0880792993052313,6.472138745576794,4.25632033001531,4.965089893190765,6.692570793486453,-
0.36938616816982184,0.15824184261076235,6.3374412001617415,2.0784902689281983,1.4700535349626165,-
0.16148349924918737,0.09544834787553687,3.8620350267283032,3.408262024820127,0.8978671282593064,+
6.519917274713066,3.927966249236597,2.5157917279792983,8.417780214575053,9.29763069188629,-
10.0,5.224666305354203,2.5733493435188945,8.998804555431597,10.0,+
1.5756306263514375,9.787185356878721,7.108164906931335,4.481147931569089,2.999254132108764,+
0.18754698290356075,4.089706660474821,0.4122447734514709,1.5688956475371838,2.5764725262427017,-
3.615873215428802,2.578037979029272,0.48681219809541654,0.6682752859073815,8.76512051030055,+
4.709810422514702,4.059561918842361,0.8920878561551093,0.3779247443624008,10.0,-
5.138145690847942,3.82527501688094,1.7971595159760867,6.114900176773006,4.831747419174174,+
8.948088991608843,1.4388338004626233,1.9736462657939864,7.151995397358888,6.205122606771808,-
3.5753642484572943,8.649096726988626,1.1591480192480097,6.142669392519111,5.5846078571223625,+
1.6711211271151167,1.4646111410672051,0.98518900975303,2.649684903640855,1.6823118066450888,-
8.464777260577828,6.350508839256365,7.049148605220173,4.223723877850319,1.8371612935625448,+
10.0,2.792171341432387,9.739074321734119,1.5206633497596531,2.519510881303639,-
1.2634474949648544,9.525041278001563,3.456180310365945,8.616080556504595,1.3682876503622077,+
0.13445632177105432,10.0,3.134762970544183,10.0,2.2123566666723686,-
1.8355845566102524,4.179632316582761,9.137658495375902,3.7571418824592193,8.513651553125543,+
0.09285639715245525,0.08430204171527236,10.0,2.3938881176811337,1.1579290664378732,-
1.5735961325951286,3.2042424889561127,7.442483378329055,5.532932920100659,5.692333101254431,-
1.5445557567336456,1.4985300482867057,5.474826398890928,6.332116414395685,4.983778788999453,+
1.3226516950766276,0.5982957843812686,5.434102293920944,9.247761164958959,1.2674206627382723,+
2.3829261790263927,0.24414502450826644,0.4379335865278565,5.918997560101962,1.8537835028244203,-
5.60217111231939,3.6838498314200963,2.5485796446652365,3.4019135044695625,4.788656631511286,-
9.166093153835222,5.158605305411104,4.375133908729528,6.129869358542149,8.785331543114,+
4.407476734945314,7.448954889522046,9.523891724454751,9.102227430789544,8.424764118772938,-
0.6252276615006405,6.300748423306269,9.567125403122539,10.0,10.0,+
4.386001804727697,3.098331626894577,1.692780437040562,2.746463098734874,0.5997095219004833,-
1.8195610684656247,2.386702050360456,1.7371832659384518,0.07835048472300912,0.0167300546625799,+
0.27281578851601984,2.859232495239179,8.060656904349198,3.568687384431345,0.4752654041647242,-
0.2976076325549516,3.748135673424173,10.0,6.94485812731245,0.6532229968062009,+
8.371793709232765,6.187007723490367,5.286659395967855,2.2567737295417514,2.660544001084957,-
10.0,10.0,5.67417382687859,4.15292313358785,4.517937056430255,+
4.2958215042201005,9.071372299806992,4.59187406349293,5.467710707589415,7.332062011924623,+
6.5066926806934955,6.559137482956429,6.593659585324175,6.510861914550122,8.44485667595485,-
6.6603206026503,5.075222795296746,2.0353267885245807,4.403899109940367,4.2985576157352545,+
8.837997515680506,6.139856374848336,2.3511893331389278,4.905183164215728,7.121415863365133,-
2.5462250176669574,0.8151500351864316,0.061423470725032736,5.993002425075651,4.144928832720227,-
0.1200144325529901,0.16191125548901858,0.04726681478936403,5.146403682676276,5.839528424653452,+
5.2497046643971235,1.0213004185400576,2.6168402864124896,7.07838333649161,9.818442948941227,-
4.398600305781252,0.8537022441712101,1.6533303811251154,3.0891457260853667,10.0,+
6.013033710605785,7.853859886655918,7.954943194398978,4.63740373284966,2.9888127484998748,+
5.491095840360531,2.691264597506667,0.14046530920383501,3.3903891162357387,2.747545728137114,-
3.2715325690326127,5.6373011949887815,1.6813654614616302,5.686360720970739,1.5129304490997575,+
0.674197470110236,3.9996413935786044,0.6639434317042048,1.9806442314435124,0.35885252936290757,-
3.8713747915560317,9.992576032654675,6.222305986053673,8.740073880514954,5.31406530042214,+
4.989411726783928,10.0,10.0,10.0,9.131682289669532,-
2.805488305259053,8.281068205532863,9.941350833488855,1.0077251331998316,7.052802713887477,-
2.752151173236325,8.437416188266175,5.583612969284197,1.6656084870327121,7.824166712059565,+
4.504870834496657,6.3249705295112495,2.6036189529698084,4.0337860047149405,4.415055533934257,+
2.529744671989062,4.82319197635664,2.4460732184206813,0.36254986441337017,3.525120571553984,-
7.670020523098509,8.910327418030787,3.2745052787709286,0.04234493080704227,2.3004854396082317,+
10.0,10.0,5.743552481412664,0.07506190851519537,1.705044376394717,-
5.410955332479634,8.576823114361714,0.15958416256035224,6.381219108391873,2.1823838649321727,+
0.3892570105315792,8.292260834184184,0.14993747335113963,8.375643059510576,0.8311789096347991,-
4.920395030603001,9.323228227445258,4.130490769162871,1.3210090714533707,1.4391000681897825,+
0.43768835012568047,0.7941273888190383,6.908521921404986,1.6570159736917502,0.5067467925180061,-
2.153610976884941,4.511806540376101,2.868426805900034,0.9169256087094202,8.119405227668262,+
2.564330363090937,2.073344999735092,3.447735513447494,1.4340348831652066,10.0,-
4.4120829440984775,6.401636387798978,4.713520133191047,7.765700405861759,8.458323252944945,-
0.9910137186857844,5.426280210000535,8.960320595226587,1.254818032765796,0.36371627864408407,+
1.820425895732698,7.925130697835787,4.391386913290734,7.511454496735093,3.869023279938869,-
2.1403388767837277,8.797125385336356,5.525492863900937,10.0,6.745242702818179,+
2.631856121280821,7.121479012552536,4.15343517664847,7.005439515175982,3.611241658249776,-
0.18150719980617985,3.113105938878153E-4,4.039967716112882,8.554528341780257,0.9544582407217066,+
7.005216330968675,1.7466003793148521,2.9149021011417062,7.744891030230653,2.18086753338088,+
2.1330720510066152,0.11223292379056256,4.030466410677779,10.0,1.6283198333174855,-
5.416718530227542,8.890878776259841,5.126914865835303,4.5420177579381615,3.5631719095935366,-
5.945816587118685,3.2944557216112575,4.159218218412341,4.432611109323604,3.0987390251281295,+
7.933710493071196,4.197745100833069,8.936951260383678,0.4326205211150369,5.407095752983013,-
10.0,7.670741836028381,10.0,0.43853111926077465,9.260190137539022,+
4.299887401862673,1.4214644258017672,8.012309441065339,9.41169285452619,0.9542189925819622,+
1.342980267084112,0.8771637617539004,1.414863336301005,2.397122715783837,0.6888088426937269,-
1.1182930896551313,4.063951917103397,2.4333208281910244,6.921400563325823,4.420142696294275,+
0.942127684688882,3.448631669687027,1.5018689866938417,4.260262293251354,2.5748955910409634,-
4.837889572242164,4.843240034431956,9.56898030251811,5.455340200684445,7.651244647274561,+
8.873040902657227,8.29378094776526,10.0,4.703317903339416,8.68801348796597,-
1.980369551105764,6.499547264615186,0.008916417436645174,2.878644763055634,8.909505497464611,-
3.004782826161299,4.943151453158232,0.0011855975948562422,3.697528989508877,10.0,+
2.230929887640399,4.184895591535492,7.201166945313564,5.462698170186332,7.391268854332125,+
1.972013113316962,4.118491366406676,3.1348298647538657,4.800454788021959,0.16090541863776478,-
1.3835620974313656,4.785117310023629,2.1744260024802853,1.9642201521598868,4.236465409662951,+
0.20418607715807627,7.458072586608627,2.393337365430479,0.48147556711272527,4.327094455357933,-
3.354188936191421,4.687656509378195,3.890649066157399,0.43674555277897764,5.92749792038728,+
2.726558733875527,1.8538561003602823,1.0171188884431892,0.3307556495998051,4.004549543902074,-
5.071534108544365,5.888003057721694,1.5441846928357095,6.8781310778324904,5.207713169958611,+
4.663352246654984,10.0,2.2550504891456304,7.317394096429853,6.692722644205982,-
0.07064388780985809,3.842771039893953,3.0413968806070244,5.307134924113711,2.2109084256802003,-
0.03535911322646008,4.842015229817846,1.7763432397887702,4.194427220494174,0.4893233645420834,+
8.553953644905096,4.647308750252029,8.185570062211188,6.798861914801819,7.053199558121178,-
4.260635213136688,3.9469147998891305,6.771913031046294,9.036650908240981,5.555044263059783,+
9.232115867191352,2.772932730873122,3.066458205945657,8.149760651135363,8.873454784761085,+
2.191606602888311,4.952589048122998,4.993046902897271,10.0,9.59822755511873,-
6.188673211771275,9.531779842526472,6.096360262673216,2.694392766876174,5.000168829402153,+
7.314300031197834,10.0,8.073611870177379,3.7349904956704636,5.217405420795328,-
8.421448751264794,9.827237240311145,3.114567703486719,3.101411681689589,5.239157836907612,-
10.0,10.0,3.6746743227121295,5.506828679442381,6.529189029710911,+
4.776549202335616,4.083949036725142,5.6026415236222,5.19667289097432,7.522800150533401,-
8.033165211659025,5.179509809604118,9.61471648326853,7.1788967675431605,8.92162627504781,+
8.753155407081785,3.0819994239850934,6.344541451158966,1.7586585177357494,3.7623026422975423,-
5.6048695920044045,0.3845803109637458,1.6277826773784294,0.8683998130426542,5.427258120693337,+
3.293400176696817,4.7007516895968235,1.1866336886411577,1.5408997174875783,5.478893169053929,+
3.2524218947715164,0.03647651288953743,1.064453806657405,0.637153731362216,1.2804872290718559,-
4.143146286588031,4.038475114348962,4.874238316876932,1.8776540395492114,0.29668166956906106,-
0.7334702424346632,3.1065961261613837,0.7844493278114675,1.8562371323008346,0.34095922167282383,+
3.0615153459536937,7.507687650332954,6.3567033343908435,2.9167459144432986,3.844071235820543,+
5.776427111579974,8.198399802283653,4.675048507592947,0.8695421772708974,0.06600887613118636,-
9.092794136601311,1.5827300609327277,1.9663698454202738,2.754249615412366,7.0932364425990455,+
3.2070942312885036,0.07431247405306411,0.11252525064877092,0.10377128763636058,0.2816242498827504,-
2.3223910558313365,8.335368441490466,4.15738572910551,3.0037101186531414,7.06752567021466,+
3.002824884681897,8.82076471199926,3.489654933973365,1.4793111244913189,6.918809427890349,-
3.8312023568284435,1.608058864218258,5.312076152840726,8.047849348982531,3.5655240681033895,-
6.6824740739632364,2.2355600703610765,8.513492887762116,10.0,4.111260801731544,+
4.256591857612541,4.12235111581312,1.0573743386573375,6.553147072196692,6.580193072323218,+
7.550953796917099,4.8440313958507675,0.5470580637388596,1.5509761179347596,8.191267678983895,-
5.460748205882408,3.5114498305935515,0.28904187127353875,3.2376000522569868,3.5326777915053507,+
0.10413042709423649,6.408718734460573,0.507981239592994,0.7242522036073008,2.155537182281586,-
4.759785971786853,2.5819970516171775,8.123947962846067,1.3208668914204158,1.95874409215688,+
4.021952114324102,2.8321196270778257,10.0,2.3592834747959035,3.7566245028688456,-
8.737209080350858,5.472403848592312,3.5115330498976407,5.842255612611177,5.978534041121659,-
9.098887814748174,1.0569522302025345,6.41251854161018,10.0,2.5496630286403272,+
4.763678137476245,1.1633858653218088,6.439402847360347,7.059306786768479,4.777582601234947,+
3.284379592750203,0.5151644379106898,2.4635149308938984,5.905566184584811,4.637205143121932,-
5.51448581897215,5.238811608046,9.105695177099275,6.649836972525459,8.179617773155227,-
7.897691729668139,9.881637927959392,2.20545453339697,2.594349710176709,10.0,+
4.636537492210124,6.107785657644303,2.4993283936247446,5.961387697653438,6.69939898476542,+
5.799135308659511,7.812294847938287,3.402440011870258,7.729422502275127,10.0,-
0.3484745979640669,3.070736585881728,8.19604623558895,0.7677765136975623,1.00581847648895,-
0.06430130183831734,0.6669851649964337,10.0,0.12431257011205203,0.8198363252553986,+
2.0097763468790397,8.784205759543626,9.40118394815871,6.576801552628046,7.627615011922508,+
0.18761672740846888,10.0,10.0,10.0,6.448334067170385,-
7.290799475365386,0.9008054717051406,4.047143781157708,7.386883694209403,6.571438672563106,-
1.3223553077378676,0.09772442981682809,0.9349061916346676,4.8327649051901505,8.154489946755852,+
0.7448294311988579,7.803757914766795,3.7188682440489,7.561613305643568,5.465630205252195,-
0.9643728577018357,8.966975172271315,4.880137955498046,10.0,9.686152823948564,+
5.83003672369216,6.871286802301225,7.305395822378767,9.249988845624387,4.769431569157529,+
7.584492816906961,9.395473504408844,0.915862883874828,10.0,7.05466665911423,-
7.2911620246047395,2.3705022434936938,8.78889221367565,4.961889483505603,5.602541750643085,-
3.3452262696111155,3.7481209285630843,10.0,6.790854805852694,2.626657041022276,+
1.4338842657428108,5.130599544282194,7.652611963051909,1.1037159212981429,5.418810052358474,-
1.8346715183057163,0.6713384627058716,10.0,1.8545847185892461,4.240571524954571,+
1.6980358488841463,1.533588131492195,2.269937764256742,0.8787040717058237,6.3470013185322625,+
2.9791537493008535,1.6422173191128782,3.9922440085264332,1.2090613678376565,10.0,-
1.2143896444632218,6.6288764409696554,2.6170873332588087,1.6760537653190832,3.7081927988838648,+
1.9239805642761558,7.628488514031291,4.25235338636314,0.8139675021874881,5.060310352686214,-
8.174136848636012,2.140045605237866,4.469749629472761,5.522874930136514,9.637381324328423,+
8.793676277486043,2.5495136818273916,4.616619420451335,3.807246468047014,10.0,-
6.630202913707225,1.7879014464213083,7.71430025902356,0.059742463255068046,8.83436285993216,-
9.1209100690195,2.7933511481211744,10.0,0.08488995857336319,9.58677147316961,+
0.31309552400479945,1.3092275595241176,0.5906809448288397,2.2164682699357208,8.155322343211092,+
0.2498019465721721,1.2784145589727534,0.7331477772900982,2.347282682790795,9.889305611605083,-
0.8588535612852377,1.9919883746973,3.1532315060960645,2.095160443717967,2.2995770170483287,+
0.008389047453245172,2.1939564334652353,3.803482833102784,3.331481821274828,4.041897980801389,-
5.185180205088117,2.991941594027978,5.468724694382763,6.540739734786643,7.6219128925421895,-
9.65577168267398,0.7164146096504936,1.9828818102795782,5.899954926050439,1.2696429941567764,+
1.819275239277972,3.4890151471307727,7.5524602300032235,6.8820554277746595,6.249649971156613,+
0.8618186139553418,2.989494768164405,3.937284773961863,5.31998842679701,2.7239202745818982,-
7.204760721565454,8.210762752269696,7.36983383302845,6.28358793567466,7.910755281216726,-
0.8241479762812477,10.0,10.0,6.7430578467711,4.847735427890955,+
9.244370142073382,1.7749687234898415,2.579503143059801,7.939386597147335,3.9630510155268994,-
10.0,2.529681107949363,2.68930444340559,10.0,6.3261649132226765,+
8.427055027351111,4.9794695104865845,9.584043846317288,2.0532152445039085,6.489034540687472,+
10.0,4.15362639294342,10.0,3.994909362992973,10.0,-
2.045166512210109,0.7080837816686891,1.3210479876606118,0.7486073078718081,5.594464469417618,+
2.1603068368995495,1.301006141922942,1.6490148997959782,1.360529335163521,5.74745771371248,-
1.052954495877737,1.289964202189946,3.6295211227178124,2.2417986647120767,0.30501928528676614,-
1.6160141539505322,1.97463331873486,3.9143833162734953,2.403166239713633,0.562740093678682,+
5.670766774018073,3.242418960148299,3.136719838161186,7.400777272532768,5.852166354157349,-
5.32706066594163,4.964345245017357,1.9321686631502322,10.0,7.866873097257427,+
0.6744006532654068,5.871824885243902,3.1636713876283276,0.8558490192001911,1.1664416704649594,+
0.8852479151378038,9.506736958381088,6.088841504539929,1.0787673192356961,1.3983222794402717,-
6.545580152998314,9.382131841964105,6.084253042633017,5.864039983635962,0.6933549706043174,+
6.821075172204535,10.0,3.0311704002965882,0.6235637203025824,0.6449922811428043,-
5.6086157013729485,4.158254874515366,8.316184055279871,5.635668342409911,7.7104235985125245,+
2.726749718140838,0.5453396967887102,5.9770756339083935,3.780967018364555,1.8508232743981323,-
0.5730711876860373,8.344549185456621,4.688025240298015,2.237010496726315,6.2980265870978505,+
0.05262311436695341,7.96824052776818,0.5936792487445928,2.006322692837863,3.872818696488271,-
9.354733160843425,0.9229415809873531,3.844880302711325,8.66281402232617,1.935230760469352,+
9.10381270325743,0.10703372346168082,5.031066582281727,10.0,0.08595007439782193,-
8.28586216567276,5.949300084165285,0.989463075370477,7.47818862315634,4.7931356922479615,+
1.8111112155516833,2.8231025492267006,0.18780479850297713,10.0,6.799453969011639,-
3.1762885320465903,0.7507595833088909,1.1258113956847582,3.7376135111613165,9.926828873618604,+
5.029215662107587,1.3740786524756354,1.1485397216353204,7.064735710591682,10.0,-
0.10211941801084312,0.3065169385001576,3.4894280785985976,3.1061914379931856,4.534219806442565,+
0.0644030220986958,0.1437315653352996,1.099429815184098,1.5996409717814002,3.650545979216342,-
2.1448928996309444,5.191572505624464,4.683634087751449,3.872517639040527,4.9850195504421455,+
0.7464212746685482,7.742471471895302,7.673946706224651,7.5488105152914775,8.39203994322984,-
0.28625646170314156,6.4426683294820855,8.52600424907065,2.6531106091368506,5.554283726948159,-
0.46541627572133326,0.7200300270055219,2.699849099466026,1.7130750706494229,3.5736888377292897,+
5.78046825695237,4.730281911435413,5.485506500760855,3.8348484530539384,5.4136995983059215,+
3.6730294834840476,5.540377307458239,5.900045238399906,6.315518767931648,5.619744613598327,-
7.132614571038839,5.754854253477321,6.078478502560394,0.743874649605063,5.410572935153116,+
8.512437037776087,9.352636588044202,4.082951929426404,0.40760191424699893,7.003469714750637,-
4.5465942838104665,6.988963558740963,2.6544903930536745,6.22007917304558,5.816040779430322,+
3.1540593290434575,0.7151562460019301,5.057827940022097,4.254257464496469,10.0,-
0.6429816355757623,2.2810676822029596,7.380371761120756,0.2517609736725479,5.326685256031823,+
1.0049180216093567,4.129821087640683,10.0,0.14771686473461537,5.91173637867795,-
4.779502458413649,5.268609950072694,1.837302049388041,2.1862868950012393,0.12819360782041378,-
3.1634858019779077,5.464222252136308,2.595599381698305,0.8641612111272036,0.2292811969697162,+
9.157413807266758,4.413182599050152,4.865187446047799,2.273886948387984,1.0083543859221555,+
10.0,4.773266744824438,8.677887934539262,0.6851462039545025,1.2092885439039145,-
9.55084571203036,6.973378814712346,6.231003112424698,9.961787148137622,6.9781283739255615,+
1.0633877345047216,10.0,5.686246996006272,2.2468746888187816,10.0,-
9.783452466020492,9.327620484784156,3.5101443214694363,0.15815259970346052,2.9037066488182184,+
10.0,10.0,6.750495694117805,0.15620909388057683,5.57882483143218,-
2.0873445272284763,0.31315077271809266,8.37344064378334,3.0870763823051606,7.292771428510083,-
4.0960588922903,0.46073032722796237,10.0,3.65790671596428,9.71954351915319,+
7.683467823778063,3.0593535350043624,0.8235886242187207,0.48658261524838986,6.93040289983119,-
9.521784066540604,4.00644781363846,1.0603250289792208,0.7021987599696162,10.0,+
6.685699377218938,2.466155665713633,0.6404211471531684,2.271781838155793,1.5555230907434303,+
1.6627545517707865,1.3468758496437525,0.6736637317545522,4.097341199662611,0.19813535529916756,-
7.689627651162528,7.947835304990717,2.360969101833078,0.05829715256779111,6.396244718554247,-
10.0,8.067079642806908,1.7120114902919892,0.09730563167564871,1.6810219044303811,+
0.5335030359117809,7.016994128486239,9.755500922238195,8.924207202096104,4.377382188929932,+
0.3073068635891966,4.2957695165366925,3.0583215238129307,4.4314514258450455,2.9170177171106615,-
5.6663970500089045,7.063192696674365,5.731707347487459,1.1379518636105324,7.925059247968274,+
3.7785394606667886,10.0,0.8414795207327173,0.34089463660548847,10.0,-
1.6158190812635753,8.071415316111173,9.917320937391862,0.7174569324900626,1.284609332525174,+
2.7295737629594385,1.8632752795405536,10.0,1.0679112317518766,1.0330381543707314,-
6.018176906617029,5.02707174997024,9.32248133100547,0.20925691152857362,8.425614995350692,+
8.396039691885479,5.982271932177669,10.0,0.24960927318441403,5.521186275124871,-
4.173385550487046,5.093976401213402,2.3298462444115997,2.9615445274805885,4.747054448960698,-
2.1038292779881145,7.306254640096147,0.2784742528054367,1.92915843208652,3.197872852278907,+
4.381443744841684,6.777619542359253,0.42770307006931074,7.87821923546683,8.05411351431951,+
3.4064670084514828,5.141341169499254,0.14695967036866722,8.718872870706173,8.702046633198547,-
9.762362645112093,5.751419201659552,3.44861399448528,9.879503424289087,2.2309439626449947,+
1.334004985216039,5.682512836284797,2.028181563909625,10.0,4.163529750388891,-
2.0426412277138217,5.79335398551068,9.558451609896615,4.767042927836584,6.603859180988935,+
1.4694488485746353,3.2119399315027355,6.921464401664375,1.8268072967662983,5.98898900727819,-
9.536016906102633,2.0733910175885173,1.8951830513513346,5.046538630047355,3.9732611487664227,-
10.0,0.6828157852796434,2.388118988907778,4.497228638814005,7.81431420620613,+
7.167448515792101,1.8752733742303629,0.2061484770611266,8.707120740143674,8.05354057201184,-
10.0,2.6959318673325128,0.34141529096831297,10.0,10.0,+
0.8397151345701415,7.883009085200291,0.12548753490190023,8.353257982250286,3.2003103878935155,+
1.1225551806120417,10.0,0.18081292075515668,5.075201725783145,5.993077124106603,-
8.986826344778002,2.1538966136562196,3.786531129644631,7.092109354925569,1.2938385893015747,+
9.32576484227504,0.9868328457247959,0.2994927041999357,1.7490710696086933,1.2730941813307128,-
8.093161349080619,4.590825461236305,2.868217014488085,4.34138486192492,1.771649102147278,-
3.070678072913466,6.258586317711742,3.0834466495490727,5.729990068068564,0.9260222126615123,+
7.189124492843161,2.207837248704181,6.834106324951426,0.21424815922654328,2.662741942222646,-
10.0,3.090478927584019,10.0,0.26085143907766,4.338632211977422,+
9.796403752018986,3.694622404281435,0.4651549928798182,4.18233207658505,5.331085345656882,-
10.0,5.8620487383300315,0.6399408903342121,6.370499222166545,8.682185933320968,+
0.718599320673079,1.0172655811856457,7.170684143766785,8.508521332953409,3.16436764840067,+
0.42822016883091263,0.017411565269928708,2.628199180905932,2.542438705270085,0.9541584216068277,-
4.069336159508289,3.5369342263670465,1.367384391510913,5.146681555970748,1.3614779309674063,+
6.275708138798203,0.04941436983812815,2.154692937929074,7.2971705078756965,2.306310320398367,-
7.361013033762741,6.421039650038779,1.7232169675539044,0.37842364590740085,9.949121935812286,+
10.0,6.932541062910662,0.7186220029448692,0.27703298201227816,5.622324964713054,-
2.3880277388766413,7.644724010387884,0.30132257708219257,3.0534281605275315,4.3285124713084,-
2.83539837244828,1.8204919920748672,0.5911495357532284,3.135979774145273,1.3185380962145405,+
3.782721784216144,5.351043252462965,2.6460464668440666,4.790911078832809,5.849756377129341,+
4.241225201906173,4.465745614220061,3.1084460782348082,5.626766688180416,6.796977439328876,-
4.993567275273173,5.65049588289146,7.248264980123302,7.40835478332786,1.420520793510257,-
5.5395234407135945,6.1536127916003345,10.0,10.0,2.222385709033325,+
4.220993011788529,8.336417958676833,9.617755503734655,4.6504299744900335,3.12759599219254,+
5.6137587012267,10.0,4.095237821503091,6.667925239065071,4.415624468356404,-
8.870178327018193,8.91208385801873,0.9200800642541929,8.87728333796837,9.384598300656716,-
10.0,10.0,1.4526152556748202,9.445692725688716,10.0,+
9.709490424300068,0.14393870939540143,3.692092395345022,0.8859288486347716,4.12765268639617,+
4.543511518799118,0.23441366217195875,5.081883223394354,0.43568726248764605,0.2723131260976307,-
0.10351249641398663,6.320959814891339,6.630609034456719,4.765169571372882,0.6650188950646974,-
0.12107276097835103,6.449769891711609,10.0,7.828173971569187,1.1324372407279635,+
4.804865983942786,4.448104690817552,4.254307882448883,6.957016747071289,0.7833414943798911,-
2.301371531495575,2.7060206832881875,4.0417295955508665,6.88961192296631,1.1841877791493192,+
1.1276357640902879,6.962359162641044,9.574282849454024,4.762297194979265,8.885449216876365,+
2.1532397726027894,9.08699745095915,10.0,1.523136587724116,10.0,-
5.083056387493249,4.218009297018886,9.266156166301895,8.109177762295968,4.045495841788755,+
3.4221765103189754,3.228602139548218,4.2495954856734315,1.5350852622011,1.123972667063521,-
7.127554263474323,5.856721578659846,8.411154625676884,5.32674946398827,6.171252051205045,-
10.0,7.980570625642651,10.0,7.0326159649445685,10.0,+
5.611944398754403,8.90323983652966,8.312695695008328,7.44072774417511,6.332653699156107,-
7.185964579299589,1.7351969878975002,10.0,10.0,5.472296248925789,+
9.700305577360623,4.687912440328409,6.722307894847207,8.328819300556143,7.56449922558613,-
10.0,0.04514447196565189,2.501897283972867,3.8647237268190966,4.691429575624889,+
0.998467767690171,7.113211843320647,0.49899923391057754,2.4963930435898307,7.377040547196502,+
1.30009875511856,10.0,0.9603986927516568,3.1835140497392698,6.802371211615556,-
6.194960016248095,2.588178352821621,5.110040017756864,3.535486548795755,4.2043547390026115,-
8.659410850138224,4.593388503126389,5.805441640214969,4.724447009512177,7.423305703041009,+
4.787738064281716,4.287313021053768,7.988879649967471,2.5838937032735743,3.2470846041501877,+
5.0226779938954955,3.162287621704445,2.461815784403218,1.6371467339043584,0.21894178239249035,-
7.257294701912701,8.668176980511166,7.0354651484974315,5.860612760433227,3.1020285476146823,-
9.843128649015187,10.0,9.086369561959193,10.0,5.126038862223008,+
3.88288223488928,0.1765404027787243,6.447424296878152,4.848957439957628,8.052101789950942,-
5.128244019113408,0.32266350250336345,7.874594270861947,7.781177959250499,10.0,+
4.670044456316096,3.7002506473322736,2.5493651719523402,0.574922680145169,0.49766726112085435,+
5.58665675745777,4.021443721597649,4.0457322590816345,1.0594341125261495,0.3478000285818747,-
8.76307223701417,7.804486063023864,7.3492623298294095,4.19629660228871,9.558409540456,+
5.109624575384711,10.0,1.7109223508227294,1.377451723432232,10.0,-
5.222421252559698,6.482691961262095,9.027246799664963,0.6060821353827428,1.3618711742930467,-
2.9244934963944025,0.12290150549977494,4.2697458727544575,0.43459594728292417,2.0293997030784867,+
7.321931450254847,3.9450029872236914,7.898147171174136,7.829083240381291,3.10835936277046,-
4.158919672041405,0.09749585871153224,8.513420923871157,10.0,6.109141934905712,+
7.024073766362412,6.485998287991839,7.412338020324381,3.8800041650805306,6.67096888718147,+
9.343665055748529,3.081319524851811,8.473747342297079,5.035095357660681,10.0,-
5.574975408440762,4.568425720443862,5.883629523329695,5.463435107786191,1.9699482207136632,-
2.9769296697579315,5.769759217525416,2.363108583237779,7.484642222827218,2.1422178111890613,+
8.978296297500377,7.307893671001219,5.301289206885864,0.8041840712879156,4.963482455381546,+
8.018554609321694,1.2663860250871253,1.2852836279697877,0.40875010612706836,1.0093486764880997,-
6.3249189707009,1.8570569965511863,3.0274025296205576,5.8844830115995475,0.5446849624794603,+
0.5823459769851712,1.0656547031523562,1.4515697595283874,3.1985581608937914,0.13770158725867157,-
8.267738385297989,9.259932271205468,4.887833256495027,9.402967905985642,3.6061497157002034,-
6.746938902584219,10.0,3.171780875015965,1.2916540251251925,0.6820482469878989,+
4.329661968854266,9.2877520957216,3.2532686960634702,6.017823537020619,7.354949836791076,-
0.9666853305683181,10.0,4.318030644757762,9.758080674417368,6.518116531058115,+
8.513627741641974,2.119623746394881,8.053245052404957,6.956113012241579,0.11016797689272328,+
1.3306725774243868,1.612336575487674,6.918429337283654,0.09109378643542025,0.07812718931990653,-
2.16808150364326,0.39046297997069934,0.11562347523149996,7.958657482476133,3.7646295533996987,+
2.0893418620975766,0.3240302348510884,0.05732640875562573,5.273587634086446,3.279945815033777,-
8.073833992714553,1.7490386843994665,0.016064450067363456,9.519212431036635,5.662124495779689,-
10.0,2.8511254264844004,0.02686152658947939,10.0,10.0,+
8.995553815048186,5.481807088398211,3.99843220424403,7.314743226772151,3.4135127423307967,+
1.6545888755502565,8.19775522705025,0.5279692796720313,3.3371066548197166,3.5143816321125287,-
2.8930436425615094,3.712340390361446,2.7055589546704937,4.856789804817291,2.1760478405203,+
4.117738182750885,0.43333230772798215,0.22553414095597696,5.217180339049773,0.5605504427087358,-
0.1715778939957613,1.3320543504168803,5.6778722301581075,4.172146017891785,7.477589094298024,-
0.270512907024683,1.7366540049369525,6.550532672143947,7.0284413272966315,7.577192148275296,+
1.375427398279051,2.382311881145763,5.545606011131577,8.047849997638442,7.6980451276166315,-
1.1803628816275813,3.430770266081414,10.0,10.0,7.645755553592605,+
2.6538131808253027,1.147512050488897,1.8010164427897801,9.960740151208912,1.0379893185624978,-
3.4513936668506586,0.46940927643111463,0.22815217456216974,10.0,1.3161894181062888,+
1.5389902926009646,5.9641742493987735,9.896219748726176,5.954659428510637,2.6974152823998043,+
2.2167855956617935,5.0660251821308915,4.519450916180055,1.3148908408228481,3.6086922735482827,-
5.165196603614678,9.193595373145634,5.173348855412093,3.037338563842064,5.619598026472252,+
9.97396117222914,0.34424501316580164,0.2478728101855188,3.720989136152711,1.2369067950041095,-
2.9655441503604996,8.530889077934557,5.7912430445724175,9.626173716054117,0.06974313110058916,+
3.4667793710332973,3.293674307054154,1.1064085776571595,3.64964749049167,0.026592566679658095,-
5.717170203063125,6.647977841122792,8.07930641085777,4.540565674723542,7.7260878743578845,+
4.794101038540052,0.4866428395983747,5.799233458344382,3.739513749641419,0.535567988503681,-
6.530825502109851,3.139012702679833,4.261006602216714,3.8905914335500102,9.219222959667094,-
4.2109887606745025,5.083580996165405,4.567232326730721,4.644307565575451,2.6720454357099155,+
6.145707303965398,4.688569179303812,8.878721582957022,5.592757948787827,3.8779029708331345,+
7.02394311100999,1.6931542875943781,1.7484591274337067,5.733278462738929,6.725889583646768,-
8.54597114735692,4.408616523791583,7.749639234192507,5.401521346168801,3.4944535942512402,+
10.0,8.171623201516233,9.65683989927498,4.363998832100127,0.39399432701669446,-
3.3069738462006546,5.27542699126098,9.492854853038532,1.2767774964231204,7.300360777889625,+
5.477802308715865,9.715355514752662,10.0,0.5482087085712714,10.0,-
4.268206490636719,8.600687264014583,8.12586208430453,9.44609105243455,0.2788135969194694,+
8.196677326864792,7.7185111654623135,4.4747696335108875,10.0,0.16190963616993345,-
8.662817471926855,4.039978755650711,4.174080415541821,4.734582189110716,9.855863554779985,+
10.0,4.666284516488039,3.5183960420257065,3.0082950265997273,10.0,-
0.3583284403630749,4.456972060390235,9.064011778309158,9.972052203981992,3.780248310104998,+
0.5732807593795408,5.50161065568838,4.960434328456552,1.9482166542804915,3.5684523154349352,-
2.575014060942793,1.3362790253765766,9.097464404568159,4.182413889737725,5.3838315624811575,-
3.1696387924221336,1.769480143517645,10.0,6.265018334071621,5.567393942383917,+
1.8928740099702723,0.059486317617249984,5.308042732672798,8.868262876388002,9.09788497414687,+
3.050910997192053,0.09087689717886291,0.36669736267202835,10.0,0.15979367089358001,-
1.1004849793942217,6.332715247257184,2.5132144253917446,1.5331657308341828,3.065842875609066,+
0.522812284529117,1.198478964131819,1.0675782348551128,0.42393704960127704,0.767190844907175,-
5.604642315978925,0.2899963264865424,2.6040396677065116,4.629968812008725,5.781500584960272,+
0.2872759529762505,0.26217396863789644,2.529760281531318,2.4682443733565167,1.209082846767686,-
6.386194358664719,6.601201819605025,1.5109788005813107,4.665062248672336,0.6782758912826781,-
2.9394938697128814,7.766310677803569,0.19492363752224803,0.41297485473152185,0.5323276960299304,+
4.087619406890504,0.5313449845528517,6.023214312419993,3.6918993834048286,9.301555593800261,-
6.014699164098718,0.6651620482847709,10.0,5.772175711933088,10.0,+
2.122497148367213,3.5020937010130826,6.40359402757046,2.750889148960207,7.4595560707399216,-
3.6293470208177605,5.483768074405139,10.0,4.7944144030312765,8.341448386363501,+
7.419194298822304,9.319529077373529,1.6009631107523914,3.187840227593041,9.557073822998458,+
5.511253246538024,4.1901511148775,1.5897579200513632,2.78418557704696,9.543636280961866,-
6.671814621992792,6.508425733837132,4.540279395451908,5.742880160265198,5.149332584026532,+
4.8051976688666285,5.909397088059575,5.709554805932812,7.017176360286026,3.917644731192391,-
3.223555450464304,6.613990257135287,4.773646866495192,4.024363842126223,9.093661196749816,+
1.547954569745575,3.619453776304935,7.844253963760639,6.5556182021682785,6.8911116999004856,-
0.8121831572655036,1.823640795670799,4.542278143345547,7.362454800465028,5.713958588844563,-
0.7700947382779071,0.27987764767910783,1.1810412586144703,5.781396028190804,10.0,+
4.075434340205639,1.5195508817026293,8.333191969997662,1.2776002512603257,4.95640691836118,-
4.361634252583891,1.9476433147763756,10.0,1.73234305546261,5.044834734224681,+
2.2469356978610087,6.050286806730578,3.589945246701005,7.665777432035528,5.907353128043342,-
1.0312630125099909,8.469065640925198,0.013827731838983282,5.47214912123066,5.707259545616303,+
1.4866150826071123,7.0556472730514885,5.614293403379663,4.917380930474989,5.129815941168415,+
0.8104534673300031,0.5588017989427998,4.275479309673116,4.473676385158802,2.3857901469482936,-
8.778134515120627,5.654450004289634,6.826702735337202,9.06072161377699,8.17216339785438,+
9.378519178822852,5.2369738907949985,3.972733102817272,10.0,10.0,-
3.863295696986734,5.0791992823382035,5.583088788251606,6.512692221459543,6.161542807791056,+
4.518282265826566,5.725964753618716,1.2375135268098538,1.1703420958906507,5.465213475557909,-
3.51320271832275,4.428037094914986,8.23832784973931,9.065156163647726,8.01997762183496,-
0.05681262845812015,8.015906870717114,0.45651691113937115,3.1274647606051516,1.706798089217486,+
0.4025159904622744,2.6584654249761264,8.632531183762687,6.095375909694165,3.138914179909831,-
0.5283111137458986,3.8070188181825273,10.0,9.607307393085604,5.649521704571233,+
8.617924874729015,9.011461723827322,5.999067786639008,7.9995619902384965,3.802907575032517,-
10.0,10.0,10.0,10.0,4.958352575499514,+
3.2240116003184935,0.9339307766645699,7.363294270038061,5.281101695222925,3.245236881317507,+
3.152672882262753,0.6366653189580449,5.228585941373285,3.9586492779795015,0.03607143926970988,-
1.140275132790315,2.4510851040440915,3.0690061867699105,4.5927406075067765,6.555760244859188,-
0.3567766671223361,4.305004603956481,4.070067769505565,2.8215757092960208,10.0,+
0.8584805346726421,8.212262673230805,8.838002551076515,3.5070924904544776,4.3716723439859075,-
0.9124868881125261,10.0,0.6776104238514175,2.992985853130124,5.051734174853139,+
8.093973926469696,5.025115663966559,8.861170199194813,1.4299313848511752,7.316995851013236,-
10.0,9.32267276091863,10.0,1.6612460355137535,7.869352511732897,+
4.429512489749393,1.7407306442062431,3.637805454313656,4.700820758018551,7.199494852871686,+
2.341688695546791,1.6132641287476195,0.7175858950214989,1.1707503109353485,5.453196975121672,-
4.857373420135146,8.310518313733295,6.310276022709067,9.042351209531267,8.887407045258648,+
0.7056252623635474,10.0,8.500681735685633,10.0,10.0,-
1.8823013082616757,5.2975843586109574,8.569263342561985,9.18316166345229,7.696005395573723,-
1.6498431705943766,3.4022352024668603,10.0,0.6508044777218549,5.84038989634171,+
1.5956550750465215,5.59972447602634,3.2010005297744657,5.043624059310781,6.824278964758987,-
2.0889190004865714,9.149473363067408,3.9191833699218193,9.916294972954248,10.0,+
2.895127217323441,0.46579982244027707,4.522686144613804,3.998494148919262,2.474189708253639,+
2.096435275469926,0.36560538396035774,8.57753390052403,2.875993831873975,4.317290442765803,-
1.7397713840503315,3.4333943545869117,1.4801058400084421,1.078059283193965,1.2343039194402738,+
0.7636105582922491,1.015471530682387,0.2430401437590649,0.10179008282394275,0.9527442374302213,-
0.4941293727677787,6.290800157939759,7.825211901287158,9.43212776911076,2.2847563640658555,+
0.5340498240036768,9.374944528707784,10.0,3.1076649702775447,3.8473470343516274,-
8.25704275624166,0.8890734682801793,5.31561290732864,9.143035203924283,0.6156394120279196,-
9.169078245946633,1.3444888742505001,7.0114362419022935,9.885679041492613,1.0025258008223539,+
0.03315377250952545,1.623080903033568,0.6592295529404923,2.1393890486277787,5.443458769956119,-
0.04052592279054128,1.7106088929747236,0.0926281534471876,0.36268084057597827,10.0,+
6.204996972430829,2.04125997964824,1.176760941047641,6.897898664813338,8.96430625972024,+
0.4920458687012871,2.4867202132642623,0.5341169406152285,10.0,6.354498762086467,-
1.8850712978479311,5.99329898396045,9.686034671082497,6.02887913929178,1.5139444202053942,-
0.05297418876592781,4.8820897025314025,2.516555220383647,2.689832241362363,2.887835431779218,+
3.7060191726731286,4.47772471870268,7.1581118958599514,3.982818217118248,0.5354210735220954,+
5.798666041809826,5.340099718101204,8.15241785019894,3.759126191924156,0.8902795922950114,-
6.552581759869041,2.9157122057692875,3.763413165820011,5.322970294493507,9.536734788456387,-
3.03273362674712,5.197056342536017,4.318480803105342,10.0,3.0158442328945476,+
6.594539287311672,1.2182189627789985,3.9041442325334863,3.238264027199845,6.00414893253774,+
9.981532432425954,2.296843779380895,7.231024749698446,5.201261234504041,10.0,-
7.914039214119589,4.01317674504884,3.5861286975998197,3.2594609699037913,7.355625271784936,+
10.0,4.821750176563219,5.429096583182954,0.5445069168495549,10.0,-
1.3049105848321063,4.675674420627899,5.577622699029844,7.944989674229964,0.23301161205314114,+
1.558453238093942,7.174656256790258,9.70282927711377,10.0,0.151807042573931,-
2.953946618111841,1.7164257368320213,9.647046759399409,0.0901399510617773,4.511546263985676,-
4.912542230257342,3.3235002245280127,10.0,0.15901027915938423,5.221282761726908,+
3.3978331070738497,5.47005631711721,9.338032244614014,9.494027012009264,7.550751599958393,-
3.909780860820265,10.0,10.0,9.802110153788929,9.657705985120632,+
0.8171367958111719,5.050332739818683,6.4368235592831935,3.511552304573601,1.3776391006018784,-
0.21050945322489564,9.114078242450232,7.286482393609634,7.004732120887215,0.7374421760794582,+
3.9838765732929105,7.8160062302509345,6.628090006899101,3.6712246646444924,4.078364648455825,+
5.808191178813028,7.792214503314176,3.4479755040116826,4.259054000919834,2.0704885297018287,-
1.7548183106455928,4.511659767280808,7.7232839508163735,8.487816912985084,2.758855241339334,+
2.1732344628832694,8.608381616595908,10.0,3.9437508660940828,5.078591848556453,-
6.997138865718117,2.9501492932380002,9.984423729142769,1.1897598796059383,7.910276171272756,-
10.0,1.9603559556302117,3.977754505912166,0.7862947389306747,2.489477157940043,+
2.241487911267134,9.711436651593385,2.9465304566093256,5.183638624687737,8.30405281388389,-
3.542037246771928,10.0,4.208364761750123,8.889297692315337,10.0,+
0.42264301453927233,3.5508250897550555,8.173702533667726,7.091893562323543,8.739821014135979,+
0.4428011083686805,1.5191266308322557,10.0,6.15503663897805,3.8082152924351296,-
2.7644629490959414,2.597616327217327,6.577708590622134,7.651236153797852,7.3932021220776,+
2.8816741766972482,5.151944503140236,7.498874581547252,7.93892681953952,1.660400016549498,-
1.9884888780554932,4.496016729035448,4.386885597295187,2.168843023284679,3.51103426293903,+
3.1091941032710206,3.024314807502447,8.0589729058149,2.643777170285152,4.959999860939725,-
9.645644662142821,6.728522619107634,5.61661833468961,4.427619458766605,0.8943931729237953,+
2.585752081705846,8.761591769941756,10.0,8.434864736262297,1.5584221768612965,-
7.632421388252264,9.754174190757677,5.6779304172167135,2.8208874624307025,0.4122558993242076,-
10.0,10.0,7.285598888481841,3.198113839109507,0.4624731830349937,+
4.178744171610042,8.754742609092283,4.935037986486606,4.385979674844195,9.74901450285272,-
2.8970353092124284,0.35728125885601114,0.7518677937759006,2.7377677078091396,10.0,+
1.426693669716953,3.60788588620772,3.9915348723484776,7.541711226646695,9.189149386906145,+
0.14115047584919607,6.033081868232291,5.645911982435726,4.8297992492571575,4.045432563943544,-
7.126796537493435,9.76129737772077,5.125335880461091,1.86743847651208,6.304143131892318,-
4.161091159502878,8.005013067875135,8.90815472249373,1.2945953722853083,2.427172315136614,+
5.401500323107806,0.5328420658305077,7.387382110325062,6.662503356415232,2.1269172132333525,+
0.6527541006049208,0.424155746296169,3.158669707571602,10.0,0.26833132721418923,-
4.24825363252927,9.971059999484059,9.347099438969446,5.410070057541784,1.9989904525609747,+
0.7598490030819905,10.0,10.0,7.9020956610154505,2.585060192627108,-
4.695694193419001,9.355832218381481,4.495232678430334,8.494136231014842,1.881520869799197,-
2.559038657640644,10.0,4.975335505159457,10.0,1.382031536454149,+
1.7853466460909395,5.032120829345957,4.00419964098846,4.362418084839614,3.0598539891124776,+
2.718173946508271,3.5668355448559974,4.0787200602460985,7.705131901125292,4.981536038046801,-
0.4873912964596705,0.6508857444731109,6.683409693183235,8.833404137817594,7.62990724248132,-
0.6917965009459419,0.6985217623883592,0.2838353376269333,10.0,2.325253349641196,+
5.6707480358337286,2.3198478666617692,2.522736208713109,4.861695056661216,8.270252038065335,+
9.14530235544578,1.805134891247953,2.626573303929981,6.430054404679727,8.385873462467918,-
6.806979918685682,3.0700342214937537,7.379756152339491,7.244130259214401,6.2499380412242,-
8.841749649424932,1.1793089790302562,2.7330156955354994,0.855145775537197,5.0602245474844265,+
8.537867240891835,7.126225310373794,1.0785616271539522,2.166593430511109,1.267083809816476,-
10.0,10.0,1.8214091666200238,3.0357219017510624,1.5886032212857777,+
1.8017187850841276,8.763040085147196,1.286379793661666,6.340066896924881,2.3438073764039844,+
0.008381240613502365,6.631740142515943,0.04804765903566794,5.972033744015639,0.5338556898340656,-
5.405318713828073,6.263472340797426,5.211963577412458,1.095538351616745,2.232706473796763,-
10.0,1.7910322421076588,4.024834909138653,0.4967015399786235,0.2689421841557076,+
0.4376943222094354,0.46047547964260915,7.499135253681609,0.6482139242539553,2.5571345125197222,+
0.020317001824421487,0.7583073012834249,0.6885124636614939,1.1792672524784675,2.1269878013598,-
6.266429406725541,2.9947004505317087,3.425463543905013,9.964751284533328,7.603924687230563,-
6.86415864727764,3.8396089368108095,1.0670525497582843,10.0,0.9299617654464357,+
9.367529139385839,2.3435424696025864,6.1105671278738125,9.710594033113535,4.198439286978006,+
5.210693599717119,3.1534837764987147,7.042730757681461,2.129899913431307,0.5596434241196826,-
1.1644647480903747,8.672576179831285,7.852672410650027,7.356771308851605,0.04980829250014751,-
1.7371134361031697,10.0,10.0,10.0,0.0711706161540535,+
0.3928092043253728,9.036934373705867,4.39222122395234,0.43361074163871804,5.366542372064318,-
0.728622881651361,1.9395843868327038,1.035519138816261,0.39479478933850687,0.16456928732365836,+
0.1706011613702918,8.470434412911946,8.458459601480538,3.205446553470578,4.29008925291655,+
0.11219386967464354,3.611247324725607,10.0,1.926706052588576,0.35581907290202186,-
5.4162363609350015,6.823023211828016,1.8980006549780049,0.5744352132526376,3.461717360620372,-
1.1564890441566833,2.398430397808908,3.0761499511303936,0.1352173164129103,1.3421210012418103,+
3.5479544438227997,9.440936707966635,0.4869223638629838,2.3351936397543858,4.234708798942198,+
4.063003154726719,10.0,0.9075052007623466,4.303696135985952,1.4431917822535991,-
9.26330273604392,9.869025399570452,4.2452251584606575,5.127139972676263,1.2305551734325293,+
9.723762830634357,0.7100834315165166,0.14094212121688607,4.536961178251224,1.9605447782027579,-
6.732608909395599,2.5885522055405774,7.111407200001735,9.454603141377802,2.4090292866479257,+
10.0,2.2552756866080403,0.0954761427229648,2.729313118932011,3.8164956052628107,-
9.78789437569112,8.962358044937528,0.7522857211273515,5.593561893334856,9.497988441989149,+
6.094746454437707,8.075035207869165,0.03530905396471627,1.0572473061347003,9.465085101702936,-
3.471118662202243,9.701096556817973,6.678307630151173,7.966353554587422,3.838472806451997,-
1.7073954367557014,2.6782523276522956,8.496187957097687,7.768879807570135,0.9138703487935614,+
8.353400661394865,4.663092976891422,2.9733841028483763,3.1526387732540995,8.901997526315812,-
10.0,1.3934840648705615,1.3707947954659998,1.4902683400211771,1.4785516752176209,+
8.326717550415346,5.438367929314792,7.482660801871993,8.349899393720586,9.29008859362226,+
10.0,8.019621110705483,10.0,10.0,3.6248741575249213,-
7.6696973663816435,1.1887193625383896,2.515147003607543,2.889987682685371,0.6401631346522452,-
10.0,1.7236495451615217,2.776684733120482,4.730467806439764,0.7715739746559013,+
2.015647423405569,2.703628711736472,5.227952506884676,8.958297779249538,1.330878808863345,-
3.015726299355348,2.1291250752837634,9.464978764258285,10.0,0.8086402522984667,+
2.0942931325145286,2.1833403417675656,3.2386780995771645,8.118968716998234,5.935886500302523,-
3.025305533319494,2.9546241926921297,5.424144360175556,10.0,10.0,+
6.6020036351724,8.313933250056744,0.4618611178171339,6.466417512145034,5.655510958477361,+
7.637549725989536,7.192612089382304,0.5222853222149257,10.0,8.830534721861758,-
1.1130692111738516,1.3062310658167053,5.571319257621116,5.842365399746478,4.446830324296512,-
0.07087047554597647,0.005489918224853327,5.957039205090358,2.526554800820569,1.298345063912227,+
1.0782272427778672,9.815826240774907,1.6007774239066175,8.348200739601968,1.3640916151285676,-
2.1444488828726547,8.606311253820778,0.9799702704916372,4.8770169737133084,0.7466182397570387,+
9.56140777527313,7.089450493570625,2.175439498382298,7.485891562120505,0.27902431104310566,+
10.0,0.2867715262571136,2.36365491548104,5.65343356612643,0.4883298107147705,-
3.8483844159696057,4.182138859348099,9.15688613950825,3.9971398309946347,2.4694080767241253,+
3.189319604090413,0.45166693875009256,1.5312923931511322,0.016732893207229295,0.10942141602613915,-
9.574880252473113,1.924273566533462,9.977497610896052,2.617183105481815,8.322980506353508,+
3.1355034018875565,3.5753329772136144,7.17407700017528,2.034953973723312,10.0,-
3.8390239748178723,6.630010906586473,9.32144773585495,1.434324628710364,9.84109287186633,+
3.4395803722819114,4.252200075476592,0.05807714889194864,0.926021441632,2.773794780450995,-
0.9140935363167657,2.9723199450470803,5.89217448518977,5.0155631310536055,8.882915561280248,+
0.8980368012635237,2.1637456197634557,9.532983847849922,7.380943345932662,5.227369032124969,-
6.139414804445594,7.541715520304665,9.311115741936355,1.1161576391795291,7.689996549526334,-
8.249532091023118,10.0,1.1768297135354056,1.5169218742998012,3.3476484865915768,+
3.3835415278865177,7.851780131601302,5.219620722441735,7.2432731921639135,1.723769126633068,-
1.7652467158290355,10.0,6.6927361809518775,3.974537615792754,2.478597192407865,+
3.291069465687013,8.266895018893699,7.222949345282693,1.2386502610291672,4.612325543947183,-
3.500047175095403,10.0,1.8689149620659913,1.6705167010755357,0.47469710941411103,+
1.3162207874304321,1.5183724476952565,1.89816623248507,0.06567276988002635,4.776211737784904,-
1.2854466229811587,0.7139910761396748,1.306875061432854,0.062140242932377555,9.545399350502171,+
3.1091479072163777,8.128709680331097,8.869566085532552,7.0002070750187055,8.067312017216423,+
1.3663422190106393,3.7693677805827632,10.0,5.275608523219061,10.0,-
0.8028150643098564,3.887627659179241,0.20764423497219742,9.359044150748868,4.894542692982307,-
1.4433085234890226,0.8162169557879004,0.31195300978586915,10.0,0.2728495450631661,+
2.812173555012002,9.524868386776326,5.450940630605755,4.093115793247296,3.2972251316134438,+
2.035694319057221,9.323884241126986,5.0069843764618875,0.06466430718010927,6.301060348827569,-
4.169632824117987,6.722189756603393,0.4205678412305003,5.723711976272215,3.8354906628421457,+
0.36767390114598586,3.166954568408908,0.03872096436875126,1.0506282803528204,1.0000874483328748,-
0.005267238227533166,3.3133912643417105,0.2937338282001123,0.2115378273334445,0.9790241460985727,-
0.004247076513733138,1.8195146452131512,0.15557308161844519,0.32736783182499807,0.7706457061364704,+
0.20196547591853076,4.567785602227392,1.1915206364714759,5.6304179780017725,3.249537996929688,+
0.051873929268627675,0.7911402682466269,0.38275814982169293,3.9907108764608035,2.702856571268317,-
1.2854107752259547,5.740928448583667,8.991425099584927,2.377845020510968,0.24565794714978884,+
1.2004167092197757,5.076885158314674,3.090993500842508,2.67625282008426,0.08308837679299319,-
4.474016163423168,4.402790118812009,5.591339549559021,2.153803826962808,7.47806852107371,+
8.841866600056271,3.6746563189998573,8.592273989536704,0.9588352878134864,4.241669111577815,-
7.839981049500521,1.3902581053596663,0.8937269070396658,1.629671118360303,4.764021680907291,+
10.0,2.691645710581242,0.4835668272944535,0.4891224083512548,6.45674288291277,-
1.7990372680534106,8.28272008278743,8.651809770892623,5.152733688237205,4.340497740791371,+
0.021904110308506187,7.7767638771342975,1.0220075676255773,1.196729139751181,2.3057897598257893,-
3.473096769684928,6.773045601615899,1.4947805634210876,4.195476996554316,7.166787317870636,+
3.7295461989156786,6.723881177828636,2.508755301311494,0.2320259724658964,2.277103190181986,-
0.9249223835706355,9.168570735705622,5.72250145362418,9.570305186876915,5.227579954579405,+
0.36648469581216075,9.41581561076337,5.286594054451677,4.345012417922328,7.773822848626145,-
2.1333525241271243,4.348912509424365,0.19789275797338468,3.1107174925037304,1.4614302584175076,+
3.1738636860104763,7.656794065878287,0.08856400481442267,2.3687047762569704,1.3404707079955167,-
6.252850234691124,6.289506535061813,4.836780624833094,2.214437679382535,9.31532681117756,+
7.457904594094919,9.29910873693726,7.160344520538224,2.8354389010490353,4.805661830979828,-
3.4514559046222826,5.820944074646518,3.91752975069265,7.300995137335758,6.1666296433265675,-
4.712991877505356,10.0,6.969428896625059,7.555188141937787,9.168676411215648,+
4.570840435904958,4.043534099721995,7.207527786809921,2.746653176161314,8.643351489373154,-
7.037322933038992,0.6728496189705492,10.0,1.3553860188521991,10.0,+
7.251127672090258,7.195159239889043,7.422876350080649,0.971002312076118,6.899340066118507,+
6.254752319773246,2.8629581462799027,9.038501565232648,1.8925565451472908,3.469185453519381,-
4.845688146259846,1.1694579609310196,7.212355313867324,9.917464132724323,1.0142550238933667,-
2.0271841200196574,1.4214405045593894,6.490005288946892,10.0,1.6942625988243563,+
7.576640908467135,9.660857572875951,9.410126139670636,9.190745920371056,9.249802029536797,+
10.0,10.0,7.946984747314383,0.18718544404458673,7.551580722523629,-
9.589709559725781,6.598773559348659,8.73200650329493,7.147352874377085,3.6335993285962562,+
10.0,2.866452940610252,0.33804279571923174,6.650864873851415,5.219716235370646,-
5.642781376136929,7.710762842483206,7.870696920636333,0.8911049281360794,2.9591539223390164,+
2.187098906345393,7.656622570262032,7.583442791295876,0.6894566558352704,2.6701319606170153,-
6.4702673601003,1.8888825476446014,7.366869075349253,0.03241639664347207,5.953358447598699,-
3.5391072789396856,3.0189932454922284,6.393456949791647,0.0034558628095404816,1.4123315442105815,+
7.5235752345659,6.320552224628823,8.725711723136321,7.929641051443273,7.338254370069529,+
8.197709111997542,10.0,4.3464420112858875,10.0,10.0,-
2.548804920607106,4.282258865184112,5.0111815454333755,9.497995789568769,6.458157299563609,-
3.3601861799513517,6.772709166810964,7.737098731602451,10.0,8.63786601229829,+
1.5285286223071448,2.758533803435764,5.839057470927131,2.8110185327278128,1.7827607436295645,+
0.07251129764826575,4.202932959958957,4.4049657506129165,3.074883241861209,1.5904172462055985,-
6.946280593793437,1.1164034888053453,0.13887623630681856,9.847525500183222,5.593837137689377,-
4.685440580757389,1.3350911328267254,0.06249553640637796,10.0,6.368834941940989,+
5.197750387479188,6.873229830299862,9.69917597699305,9.2954260732748,1.4298013260280773,+
2.3111052281589113,6.499208691548338,9.101702107121122,10.0,2.301531751915717,-
3.4313872402007606,0.47561104532928833,7.192554292463851,9.74117394310975,4.466762149783751,+
4.991619082209474,0.3341400797115103,10.0,10.0,5.729827803311244,-
7.307767129410441,0.5626599765747031,8.283240524542128,7.186358497807995,8.720197461107837,+
3.3701739160374773,0.019386234408325376,2.6888638017351525,3.529455966615846,6.024714262264545,-
6.511584377496927,8.103153132270602,7.74898114168354,7.038113090460671,6.0213023520265585,+
10.0,6.584631446630814,10.0,5.556804989653385,5.58672656703546,-
4.6066724460607675,0.4714616523837001,0.6113695158990973,7.415585367120504,8.284558637730123,+
8.405244152581625,0.6242986403555617,0.6231996200220502,10.0,7.556095813334136,-
4.415947895443005,4.4129432659495125,7.003095115407881,5.7041960195370365,7.2529129051562355,-
3.4228500701382214,0.6768672449533361,10.0,7.870337005125883,10.0,+
2.5496702187116647,0.790188509912011,2.9910169372808584,6.081437358582073,8.843142280264304,+
2.1947180634192858,0.7620969896448302,2.432380736169408,1.861973401176648,6.014812775351365,-
3.4870733779742036,1.6193877763318998,6.770111233341938,2.683680919467577,4.560449795926253,+
3.599999420933445,2.251997313761226,9.151929029677252,3.6920161210762736,4.507050087187789,-
7.927804442828689,6.678833465529335,8.16182370234794,7.183178033917226,5.6560544375258095,+
10.0,7.031874337637838,1.841799936232413,10.0,6.7132137633465145,-
4.205898890052005,9.291389954078484,5.793958682398239,1.3609326688638224,6.699099048640987,-
2.0942905538729457,10.0,8.512983498850565,1.5199916879688282,2.7847841685175356,+
7.490935149253168,5.690659397381072,3.626821266602709,0.556441799371109,0.44380600944141757,-
10.0,10.0,5.6907234758619625,1.0981332054060087,0.553763083886144,+
7.7213726202534225,1.4292260874716323,6.486837403987506,8.880990250070424,1.167731276656413,+
10.0,0.5505062579125961,6.940281711591684,10.0,1.3293476589652657,-
2.2999585278338284,1.6802389615839364,3.8162537063045097,0.9004001679080531,2.201379073139674,+
0.0017583380125420589,1.2367670891884925,5.729533048214624,0.7051446781010295,2.6140769433990116,-
1.945423188518548,0.29450613528122616,8.315396873555875,6.267733482067581,1.632576787166904,+
2.6572629157990106,0.2223980881862102,8.623902124997212,3.2939753326189503,1.171723795488123,-
4.348762102373323,0.28232690631790347,0.7469276647333345,8.441704025631571,2.1845679583874054,+
3.719014277605641,0.10933663231294656,1.1457984389364848,10.0,0.735678227818084,-
2.2805763522453573,6.054768946700673,3.36207082759838,1.4034606750800438,6.326873049399968,+
0.42166177925865095,10.0,5.058902595832027,2.7217887863266386,6.179002949465042,-
2.680089795926468,7.556968737871712,6.850396112586214,2.580347365238972,8.80646721851042,-
5.310425087768143,3.180869153240001,4.075846829195262,0.9947290238045544,1.2788366160906925,+
7.794581518686828,1.3653333173341031,0.3041860693026288,8.165466558882919,3.288027912987795,+
6.150406740903744,0.3058653285983437,0.2543129073320424,3.4621206599698127,0.8122765374683849,-
5.750141500638376,9.288188508419001,0.9924259931191659,1.242923399115401,3.319997189962262,-
0.3580032358250508,10.0,0.6492210727175499,2.3323077128964838,4.34390510416098,+
5.086183734431497,1.8528317862351995,0.547771315095813,3.730739857206137,1.1112678549917543,+
4.423110456006331,0.8164273019407517,0.043108778716817536,2.6566521001648153,0.07632603179128453,-
8.260180489093056,2.005494441941443,3.9415071534778336,8.302927338021066,5.112656490465501,-
10.0,2.169587916793634,7.4785632866183835,7.185771640558731,3.296738923215167,+
5.16203632795198,9.585150660165533,4.7393414482378144,7.18801600428783,2.3723352232606567,+
5.165604603696859,10.0,0.9697221334891993,10.0,4.566323064365689,-
8.32302058624805,3.7269754196865215,7.452487958809845,5.749662834361246,2.8747189641198623,+
6.748890762248373,2.457417971969451,5.093102107844242,1.6730535096451746,2.7328081197445826,-
6.971535984451335,7.77327462145627,5.5564587200434525,4.172991856336115,7.84590669082276,+
8.032430718545022,4.810463948117799,8.247896076727075,5.868597583404851,10.0,-
8.900891652087884,3.560391420344283,3.735950864433435,1.0320432156571502,8.714798607119963,-
8.417591957314128,6.673624403407335,4.949066884601938,1.4952776021757244,5.684090950375183,+
1.5285631220327456,2.016435109966319,1.4968119193360863,7.594463479965249,3.792797475706818,+
0.8587510455081844,2.858244085385574,0.22363140081557625,0.7714269933617716,5.48659146099038,-
7.224403766136332,0.4484917206139416,7.926147801359739,2.7618946285844723,4.384956206011728,+
9.441648315388333,0.42069867799468746,10.0,4.037396045176168,7.7972044530535305,-
1.0640866043824904,5.660924783161363,3.7199544566546305,2.472195232865586,8.58050415804852,-
1.5579045239437719,5.917169143622428,7.085223119358199,4.156270719747186,10.0,+
0.7927115814448249,8.730329748575201,2.080914865541774,2.880599922576985,0.620417463409425,+
1.3443615756800558,10.0,1.2575681373255885,1.074704589682833,0.3615011860629543,-
1.967297755484988,8.704329808938793,3.4084018309329798,8.452116195136982,9.827639315305763,+
0.7987709092126463,1.3294432079043321,0.868664370746052,1.0043377569179437,6.300612303471087,-
4.649774293884088,4.377955451282942,2.405202710219,9.166627026275654,9.921247819709746,+
9.110704372886008,5.505118361039007,4.678326626231614,10.0,1.8631166364741119,-
1.2877851021822961,8.435549107727027,0.07160763530904224,9.877914198657377,1.1997097141167112,+
1.711569931746957,10.0,0.0731763196264144,1.4260338846223715,1.8773333562348506,-
5.013399662999072,5.337855245036377,9.001412757231735,6.086973443460602,6.818692132241674,+
0.6785751798062549,4.425829873643365,8.498457415623923,1.541387258464933,0.5995050565906261,-
5.416123351062004,6.5359491000561745,7.509423242483216,0.6744963437280094,6.288683739198865,-
4.726229432099357,10.0,5.37804345690452,0.764175480195785,10.0,+
4.938760112584893,3.9657679184846284,4.238703090140449,6.315261882068008,3.626510539287018,+
9.077675968149528,5.905729608579807,5.384707154862694,3.4857557247010242,5.3569435639771035,-
7.153755545480617,8.735313736224601,9.876204547211318,3.086468592105047,4.586466502877774,+
10.0,6.2728050399122575,10.0,3.437756977340253,9.042940458254176,-
0.5085265751130108,7.62211713668759,6.503680846962231,4.138275830419959,9.15819328849712,+
0.4967339959970828,1.6294778416318911,4.187653096675799,1.6964161695108806,7.086599781571351,-
8.144579816273955,5.0272738568635775,2.7126080637295003,4.551949027005827,8.112286167512611,+
2.9683089206236044,4.951203071915552,5.32694604480381,2.808469853831367,8.33963171802773,-
6.1869077503785075,0.29266840290320784,1.7325732960453055,2.3765430277298263,3.4028235185176516,-
6.159352013952067,0.1999720168177726,3.421918788651731,3.9091798329792784,6.28126844691505,+
6.682998730240232,2.5611310375350325,3.0405048864269455,5.91388385830985,7.630574687337669,-
10.0,5.095922550131597,6.078800139337105,8.424655183379471,10.0,+
4.367861436812667,8.735600685063114,2.474348250596443,8.919268021762242,8.452279567792647,+
6.118618571908835,0.44825852491558843,2.003652150038562,8.492485389483866,10.0,-
6.294383482643713,8.986597984415742,4.764912070354503,0.5553760660314888,9.267578302721924,+
7.186848995712732,7.647270178532376,1.4479420951899515,0.6703065618400258,2.794264610656679,-
4.619069520299669,2.8745320834214008,9.11087006583527,1.0782468742467899,5.09851861889512,+
3.0878843192911622,5.536422896896843,10.0,0.8795861815794407,7.080388507156515,-
8.864772168172388,4.808637046043479,4.124389727514403,0.8964743070897174,9.939708961442633,-
2.5214244637741348,6.224871266244112,5.210921369776717,0.9699009265388799,7.113765835529902,+
9.417231328355,0.8714571729743414,2.7878053985633455,5.925238003994325,8.696045209904256,+
10.0,0.5474597894234738,4.384444994679084,10.0,10.0,-
7.422535071390742,0.9128549818980303,8.658704007507158,9.569603195805422,3.077638536650266,+
5.313257698226788,0.46008656696307687,10.0,10.0,1.4659089946445933,-
5.765479403801877,2.6199836743937355,6.8994797896068984,4.023385952640371,1.99374123133223,+
7.877803820249587,4.950724854766035,6.368052843089732,6.876910824534454,3.212008488635396,-
4.471495069571083,2.481125184008998,2.06869980674085,1.0564693350097787,2.6868666315800316,-
2.726869317322294,0.5966590545610669,3.0382373993477985,0.5595014136647993,1.3399433012853423,+
7.279464645278764,6.268105958578501,6.476666627596645,0.3472915900742912,0.17906435192511228,-
10.0,7.996055902832621,10.0,0.6663282408971708,0.2660846924464839,+
2.2231257284658956,1.9142559927332348,4.294376004685525,8.01861152592925,1.9772869613251742,+
1.834937928264788,0.6849956974306857,1.8260406887645817,7.980411532085064,1.677719658892455,-
8.857454602204859,3.9860976612867094,6.450787284926576,6.5926392005481596,6.329567743118506,+
10.0,7.4653292688770385,10.0,2.660101183385461,6.190816503602494,-
1.9667878194540567,8.474935919872916,8.518053421304847,5.733703651821438,9.65827953445192,+
1.7194921459515535,3.5214363662216606,6.423197224305286,4.904454706605399,4.586158837658097,-
6.393757945161861,6.535017828020964,9.708570071198183,4.334808362194044,1.2276881818907681,+
5.941055939627659,0.031872232358328104,10.0,0.30722851154081815,2.4410012645858954,-
3.289185061676715,5.034212293418023,4.015020038580287,7.521063992460283,9.10112562865596,+
2.3225934904073564,8.675702550656029,6.914853483794439,6.822824734657582,2.4310657163166036,-
5.703114202566937,6.382922204264771,1.75517145675809,8.12459073066967,0.3239074365298933,+
0.4126357935074088,4.45063961765538,0.35048980143525843,3.2235705457768336,0.03767187531409166,-
8.069937044339273,2.0560084263778378,8.511410765639667,1.1144371992713398,4.058040949222489,-
7.049965675246225,3.853647226129798,3.8366908490187415,0.5466634728734027,0.4201218685246123,+
3.5720388190164654,1.783874140752476,6.004219878482246,4.178299216118577,9.456033764064024,-
5.544361722057926,2.721182019363459,10.0,7.892154950384692,10.0,+
3.047700336547885,4.422449419710835,4.802302056411439,3.249746505993093,8.880775026647436,-
2.9271772576019868,8.513004732551277,2.453131928311454,1.7586284447228557,6.314006324241386,+
3.6083899292182298,5.69500164466425,8.094869885969885,3.1841740735183013,1.7942897241780242,+
6.096659130965425,1.2064249290111484,10.0,1.008717225535345,0.1662981067408008,-
4.225316228075733,0.24675245617176822,5.62956294481208,4.799159720790913,5.132717092220665,+
6.743853898607184,0.4909520875814908,10.0,0.9487205084153836,6.032282739048153,-
6.85073934099519,2.170102867397837,9.004627371049775,2.4768205667431777,5.411714650752608,+
10.0,0.6931876625894933,10.0,2.7100755265310412,5.893373087768892,-
0.6864130814408975,8.379107069439979,5.927983652781666,1.7832348984646873,1.1587022680679282,-
0.06409064929273207,1.5995774907874747,3.4175586321747047,2.187618446495593,0.8038988126675795,+
5.220451107789313,2.499898191911454,1.161753693497476,3.6264714719587143,2.1191519000699346,+
0.9361972185868705,1.11499697197796,0.033838517350556575,3.9093344168810753,1.949182463349904,-
2.3437994017145947,7.1348594630279125,1.0770839464755844,7.6250251903856014,3.976266538113289,-
3.679852184651476,1.8051212126224876,1.7250609007774147,1.7283688543057751,4.952401768229785,+
5.095913712070075,1.633579673247748,4.672721467611574,1.2027080451895034,7.863021354328272,+
4.164148381647511,0.2326876641972251,2.5012742006680218,0.981630445365825,7.209844797849045,-
6.061291193974237,2.1769601725546703,8.10028415288543,1.8260421096325463,9.317166091351515,-
2.6839921050651774,1.6602271384209892,10.0,0.18087302455799031,8.106732121994105,+
2.469009417854926,2.3844290580106717,8.788352582931694,5.557821422695009,4.206476844233228,+
4.9102125425835155,0.07489022081982769,10.0,0.9966170207186958,0.3906431588372347,-
5.685626461669845,7.564130162448946,6.257275856204654,9.863840411679748,8.126878460912932,+
10.0,0.6724823833720067,10.0,10.0,9.947689890430578,-
7.433368745159047,8.92298350196434,3.93719631261805,6.477609407299517,4.368787678985099,-
9.85708422051794,1.9955598721227696,5.019564622362892,0.2775445529154592,8.34477222193938,+
8.44145474466328,8.414868893808524,1.8081492925574605,3.1227159075540922,2.214514349819483,+
2.0071357815968947,4.863281065785918,0.04227497811994076,2.7475020648167288,2.173368322868354,-
5.458651460725359,3.166675781524555,8.641276701657034,9.222696905987242,4.707049606469395,+
9.009651553848439,5.540733629713228,10.0,3.4521746687014976,8.348040695870512,-
2.1862530828619198,8.06673380016526,6.596006356554751,0.5572382138161502,2.79817500636696,+
1.469745885954529,3.616965848148649,10.0,0.701142802102476,1.3336652455753955,-
0.06711706097680237,1.7879690107712476,2.0669964436403676,3.018372821976371,7.926803615501436,-
0.043162444056887656,0.7917137895906345,1.1344364465818524,1.5420122262184341,10.0,+
2.2303990368054705,7.541164783439759,8.965333037438967,6.456206213704304,7.381522211277293,-
3.2181885777669654,6.2221573972489725,10.0,4.186438580987661,9.298771297374135,+
4.418180169347057,9.532693243155865,8.893170409629361,3.4975823081442825,7.449268257042476,+
3.243797769362356,10.0,0.21464583645797192,5.00282229526721,4.593396434106675,-
1.789662832488006,4.882415400230525,3.2295031236803693,6.5229222484568545,9.109407003030976,-
2.1026471742053823,1.5690250008064346,4.956714465985627,3.5119561646123465,10.0,+
3.8592522504366755,1.2605858395851,2.1289927141932607,6.922519800170769,2.786392741150295,+
7.435962286427159,2.1426348220299114,2.7362654163630054,10.0,4.063157180637071,-
3.0264203138180523,3.5606366187736893,8.576317541762005,4.696023335310798,4.8248909749814715,+
4.30501376442038,6.888394632043404,10.0,7.305140242053519,5.245937363265964,-
8.93655692427243,8.763654961076423,3.1287535417056134,6.559782177758674,6.6942213753216375,-
9.150424464745287,9.440022652925927,4.1873843664401225,10.0,10.0,+
8.715233462722159,9.877730100642268,1.0697558392069983,6.121471869374547,8.448636499925795,-
10.0,10.0,1.6524633586835857,7.690894321597888,10.0,+
3.4622554775160284,0.38885047562017383,4.779654982561628,4.8533933348282075,5.637435936250801,+
2.3445737059910714,0.5338515658157504,7.720120527658596,5.748929753810864,0.9945940750464556,-
2.438709487522547,0.8969530560256767,5.090703563835596,4.480103396961476,6.308278411495333,-
1.8143234225986529,0.7910458980382289,4.375127548361157,2.5495424683787045,9.883380264354544,+
1.522326091647076,8.384681377357927,3.873078256024068,2.4755790040081918,8.740209912295619,+
1.1120020648388043,0.9593771517815938,4.634428963650254,0.16371225342892923,2.652828864825671,-
1.5092641170138321,3.26693176407019,6.279596869307266,3.6286313998415887,3.1024603777345963,-
2.5988898819545705,3.9761062394504902,10.0,5.07194449780347,5.29812232373759,+
0.9258713943025998,5.944802642277416,1.9576176837134174,9.22888840809521,4.894571201521426,-
1.5396595290467574,5.832402426310559,1.3424932185435394,10.0,7.939895884540696,+
5.6264817791538455,9.415508024504017,7.057229864878767,1.6926626227606156,9.89938272724098,+
0.7914570356684847,8.236014322189389,0.9392125576079281,1.4088707232157522,5.066457844078036,-
2.2675489038846806,2.6968981499659295,5.240375800048334,8.043483422705993,8.962009125167503,+
1.4682508869487427,1.1171996588430728,4.133730894190725,6.398061260930564,5.455177730408224,-
2.2201203911196323,1.5514257843795398,0.09206568334901521,0.5077146125978838,9.030904594665763,+
4.027715781882457,1.5936761673997317,0.1482744788021376,0.10459221820163798,10.0,-
2.1280727763944043,7.408697792198959,2.0634629079608424,0.6089500292594152,1.4343599901381643,+
1.634124451870456,5.990576617182825,1.0092317378277487,0.143349317496314,0.4916840834110409,-
8.768485071034767,5.302039677977258,4.626773923939381,0.9939944685208646,3.7446320102502195,-
10.0,8.624545876590291,7.432871631526608,1.9304042691644605,4.479764708986697,+
4.13346002438138,9.453161862409997,0.7035384124693467,3.2863740845651956,7.5948403549652586,+
2.5469214587403983,4.620957052809765,0.33752561069541814,2.6239077222038554,1.4046194854039329,-
4.22053673050276,2.1632847428189517,6.459256566930929,2.373816554701059,3.6055982936666253,+
7.011519608229172,3.3368464726558598,10.0,0.6458163019932288,4.1087354051118545,-
5.047140585328217,1.4071868080998495,0.9194148489349985,5.794626259941492,9.22670102371285,+
5.011691467165014,0.33043623782301224,0.6369864273644724,5.042471234585885,2.982871349980291,-
7.971094343748579,9.324436818409762,9.237380278702483,5.07842019568665,0.91913884209474,+
10.0,10.0,10.0,8.418188851870473,0.7405427567659139,-
1.2090574762702622,1.9616855289141522,5.78432817768944,1.2584790004479496,0.4200214180594275,-
1.04753440334336,2.9181640932761828,10.0,0.5498701991365996,0.5838744543325782,+
8.351127656938175,2.199018202444295,6.061678047581016,7.689283252012272,6.335386540138984,+
10.0,2.6087327855531717,6.970473406274164,10.0,10.0,-
0.9217828553983953,7.544021022711535,2.3779792072352057,5.607674654668783,3.3908758251586377,-
1.8211337121331468,10.0,3.814123882784297,6.167677330687963,4.460468267194073,+
3.304065956312434,2.6376252943310865,6.171219603434204,5.660563092020357,9.660528590635483,+
1.8941660730613892,4.761881898293743,9.04132642022449,5.215708011908576,7.304973761536781,-
9.898880611318434,1.757472848114232,1.0940360080696976,0.902183572259837,9.006434043523669,+
1.8536293285153538,1.5703404695228307,0.32235460118806186,0.6731173588320901,2.5239504344415638,-
1.1319756504040457,8.552728984934733,7.245478514370143,2.377433889752364,5.422905556602667,+
0.059055731424828145,1.7367458503466702,1.1239005630334389,1.1685388921258797,0.43859233330537983,-
1.7491469987842345,4.029848752658495,6.506791702172416,4.823220749013158,7.677903443812974,-
3.4021429185200533,5.654441202292226,9.441143860978535,8.540760851262965,10.0,+
6.493004053537756,9.8795850976051,5.927844800705932,6.658469790313762,1.9123033816673773,-
3.887909794170485,10.0,5.12372463763179,10.0,2.363838673875965,+
5.832719056659302,6.791746117753364,7.22081024813865,2.414015865473429,3.734809977696507,-
6.181745447555673,10.0,7.894212396231412,3.7274893821558823,5.068258661399841,+
2.051972310512251,5.516981469310838,0.472142722476806,1.5091659534981894,0.9785341087894972,-
3.239326575734469,3.657482154526818,0.3651326541881865,1.2830310857876233,0.504601696487091,+
6.05457092456331,7.044623664143236,1.9114382411913622,5.380141429258619,4.523984119637962,+
9.015127064377984,7.088530722046469,3.473942246872173,8.39614815010836,1.934269994277748,-
1.7144135263748972,8.256749014438569,4.733103961165028,4.439022853379628,8.987791582728292,-
1.6812733794966774,7.797164919645663,9.331473505892593,5.30907973578451,10.0,+
2.5466373471981916,2.3210540582262396,6.361111889769006,0.03379663011351286,0.553504640993534,-
4.3977315863083035,3.686409446438332,9.470812524389997,0.053926766951275025,0.8857860672795055,+
6.640223480371045,0.2146366271210165,8.746291911994845,5.994316263217808,4.970461446966922,-
5.502411289788946,0.19670237812979333,7.459142629496607,0.5185313338215938,7.650986513948891,+
6.155807605174873,7.3987571085250625,6.541219564505826,6.8459577026662535,7.135092310158372,+
6.439225690048164,10.0,5.152528425269539,10.0,10.0,-
3.2916147685424004,6.890036607905236,0.004649198993812442,1.558167154175799,1.8366875594703802,+
2.2587827113087733,1.5962340982701657,0.00845340532951134,2.2904466996804134,1.256756274593859,-
6.751015232167906,6.193256013288448,7.981291948352447,1.3951831967103767,1.2296067916424813,+
1.4636768043505073,3.9404915715130038,3.5974208408698822,0.17729493754012912,1.063196164228131,-
5.85255656032044,9.577522528852093,6.985446595991231,5.736200139607908,6.445112483276504,+
10.0,10.0,0.736082397146321,0.8506819476840147,10.0,-
1.670715155575272,8.056766915611636,3.4660224354879485,9.840355304887751,4.567520598137907,+
3.165417182681371,10.0,5.421076270430284,9.549721192181957,4.739783199114349,-
5.273123969360904,3.6035087817741864,9.989850156210732,7.477462520357504,3.20970679352113,+
1.9532222192474065,2.6533861626941895,4.475919029647988,6.58150648363009,1.074093778529061,-
7.70993211669828,4.614214060102569,8.834890517175683,4.217500807424216,6.582693333793161,-
10.0,2.583217641658922,3.0348612054647854,6.240850800961112,6.735926425188508,+
