3.1302031364806315,5.499240217240686,1.4107120649962512,4.402536315893885,3.2838867778443372,+
2.2106401948142986,4.009938604343021,2.0317524542051704,7.527334337834555,4.0312337219200955,-
5.3186851707529526,5.828876960612074,4.6982575538206595,2.7065167463418414,8.67715896944364,-
10.0,8.288503175495581,6.729484772113824,4.838613348340029,10.0,+
4.589438197550729,2.852658336524895,1.6352460100439958,6.196902913269025,7.015091486617645,-
7.933618676840942,3.9769903816034216,2.6205924251234394,7.979873247180518,8.34832363419639,+
1.1129386236672922,9.301312268590824,4.8280969669921365,2.006466037788682,6.421532734528734,+
0.5227219277698413,8.304825514523568,1.1335153947505152,1.0065779591986574,2.629037742096717,-
3.9823951756055997,7.083447125108472,4.193169077264805,0.6679473392588875,3.914876683656395,+
2.407885307537944,4.162273234656901,2.0339683289777666,0.05744647967498024,0.9858435109620044,-
9.455723244542257,1.51607457619508,6.560975843729384,6.771612283102156,3.8513561945373818,+
10.0,1.6266524320403228,5.748209145379728,3.953164270358283,3.6847621880685373,-
6.180462995227224,2.901412936942318,8.111622570516717,0.0029280405521758812,0.6998915728103716,+
1.769119421003612,0.6162272467146486,1.7985506306452133,0.005507522976613937,0.6985028897942404,-
2.826458139610838,7.52412859691038,8.686982710068664,2.260070769846344,0.19403845878249504,-
3.606197048270168,4.153612179177946,1.692952780061455,3.076139648243315,0.22387885588615575,+
6.7528687286758124,0.7969232509938773,3.4707542785787804,5.565388846195969,4.880354857537171,+
10.0,0.39881325942872736,3.1835988896740997,7.503888812401777,6.141209281007809,-
8.458973179264355,6.374444139343499,8.846493993459543,5.0738387140201375,0.7107004091733937,+
5.958134571750576,4.150609127513191,2.5795715646392203,3.109918029395924,0.28939014959731285,-
6.564337488381175,9.096140844084703,2.039039409974804,0.6232574867970109,1.5709046011839978,-
5.485101464491652,5.0508709886234024,0.585243659925887,1.0977733532036322,1.0258961366419121,+
0.2107707017776772,9.114529339819324,5.982808868462647,0.5005074864774117,6.474612397947133,+
0.3035510337164881,1.321727194763683,8.499398088668727,0.5422201714685088,4.138990384560202,-
1.4829534737629146,5.620840241212182,0.7051492308594853,9.988419855526598,2.525394576894189,-
2.004604785210552,8.433601306671445,0.8341296925489754,10.0,4.209707091522023,+
9.117863175755083,4.711994959820538,1.1932664207914412,7.457905409201075,6.641147518373824,-
2.748931554074405,4.3260398174915435,2.1966375727841854,10.0,10.0,+
8.766438346941412,3.237793499103198,6.782574238563786,0.61794259478264,2.5289205757455777,+
10.0,3.9160952119142975,2.4353373484214074,1.125206817624401,4.180536049845861,-
3.3378478688763904,1.6012573496683757,6.760526233273971,0.5431005649659426,0.48017887867247144,+
0.8980076038846566,1.510738414630957,10.0,0.12833478575574658,0.47222090658075694,-
7.954449150099967,5.390140379242756,4.7850769189103595,1.7755867814756199,5.195259836158812,-
6.105875245103851,10.0,8.215143774157113,2.8217468484934374,2.8401726426064573,+
5.51310228621329,3.826075507915767,5.44063056665837,7.865186495664417,0.7741498958557136,+
9.985170464289867,4.951972997495613,6.8904526759061415,8.691779245846238,0.5490011051843944,-
7.070217489451193,9.241934844006362,9.503039483251854,0.6238474746544009,9.991359513056214,+
3.5399232443953044,10.0,6.901586344567874,0.43095955333832564,10.0,-
6.953985058534005,4.579006151960262,8.257356772684197,1.642451167759802,4.313441938282004,+
6.344494190758921,3.3628626179294177,2.0027191383144043,0.010505372553882338,1.7541788235062827,-
0.9335272239715664,3.5077317572762103,7.396024457254676,3.0157766871673832,3.9994700846162057,+
1.2781502888459415,6.951240997872906,10.0,4.788630986125438,4.44817416819306,-
0.42407697192868743,2.7127817628282713,6.21689988444502,7.211549492914435,8.29182428621561,+
0.16308922844595825,2.3830359798360536,6.184144684139695,5.254881868490099,4.0614901257193,-
9.858800538113744,3.959911778937034,7.783088370123453,5.4399443313668865,3.6037403215040262,-
6.139713640365537,3.7469327613988765,6.653763698898541,1.6732080120450514,5.3431215281902,+
1.3964570209263438,6.13413142798564,2.421978931331811,9.774244174843437,4.7169264047636865,-
2.086009122457266,10.0,4.727588685540799,10.0,8.36891570335646,+
5.850376625969396,6.439612270944907,8.984213691607877,6.079285949373866,7.148345276482209,-
7.757900164434211,6.997760860290441,10.0,8.062850982253531,9.410749911219439,+
6.887573795437028,1.3447716529169806,5.444187609681609,1.5696794453516039,5.245836611622573,+
4.68845333706409,0.16572046491877176,0.8392445228910863,2.7715010247985465,9.370547463479259,-
3.692185863302384,5.162418776260463,7.074313165067354,3.2645065307943124,2.848442860109196,+
0.38983830621372334,0.2960432655187907,1.4597387410231837,1.5227923721098504,1.8475459521495645,-
6.007730229462424,0.25950586900317485,8.230344550671012,7.83780277076823,2.0970977770603136,+
7.502458633213659,0.35195030581761666,3.560506141533275,2.462757964249828,1.4667336859221454,-
0.2976215050223374,8.260150764417153,1.7329506478708878,0.35906991659915954,4.821611914705369,+
0.5531970148853929,4.281880842762047,2.7434750584423613,0.14555598355472263,1.147548325963935,-
9.861853181703527,8.796676596825034,3.2955547146549447,2.9971636616474995,1.7158864647178296,+
6.706927716504688,10.0,4.25132165142097,5.299791243512858,2.29607310330897,-
4.609031062411319,6.730376642099265,1.603985093546586,0.08773828535896921,7.490806533373201,+
2.092921142907707,10.0,1.577223038386101,0.1306398686229008,2.2341407694761646,-
4.461219727895237,3.9425911837688963,6.403938313010437,7.146002009758091,8.409945571528016,+
3.8264935098819506,1.1652405621526356,3.645076877205963,6.015445754235721,6.3701352282575465,-
1.3916012199379746,0.696096032204877,9.596255252890352,8.824786868180496,7.208085057239088,+
0.7562787663211682,0.8388229480926755,8.521098174016322,1.3343568760300861,9.114794596335916,-
5.094946164590461,1.5668048575522786,4.34000910728095,0.8179292864479626,0.39254324704116383,-
9.190930034272697,2.1596565214410863,7.543802716568748,1.279310042557449,0.48447713419030675,+
1.079872901894351,9.685811403260061,0.056149906300499985,5.434713662790593,2.7407910713449612,+
0.977740387913397,2.7474703310080284,0.052169080172233526,3.843799022673273,1.0387213923672651,-
1.7007465557245405,1.2701053096032466,0.48739005244142986,2.646994177755971,9.64385828845853,+
1.1715468462296041,2.296668249749956,0.35262031219517836,1.2440737731343365,5.594648092760226,-
3.7509635202635536,2.9217373303263217,6.1869497755294125,0.8951231536461646,5.665352977434043,+
4.438272254599175,5.442984238514443,8.18771324620594,1.255718761587819,8.210010413587893,-
4.781305062188315,8.478203356471635,0.24157111314555335,8.209521185249372,2.7323710285491676,+
6.764695625684992,10.0,0.29305212029153815,10.0,3.2541178699709583,-
2.606924457532548,3.642193550905265,2.137932849881956,1.0471135947060972,2.692688418635555,+
4.849908066729046,5.825790600137883,3.0576051045573625,1.5648357848134575,1.980409740427238,-
3.154982087936078,8.332244737852449,4.069320378405629,3.2326829169031557,3.0321256627939377,-
1.7618132899302907,6.8439444923174335,3.1918663187725254,1.4227021442518284,4.770711493340493,+
9.424177427897106,8.20872512190868,9.976347759310972,4.6482355139627245,5.111300883606999,-
10.0,9.832183552749797,10.0,6.955875095382768,10.0,+
3.499583113168238,2.506126642607651,1.151437881981917,9.518264160169231,3.440543515932566,+
4.718035121178176,2.9962945332171715,0.6471403417892014,3.231310835139996,5.592909546425012,-
3.5117554871321763,3.849715165361766,0.8431043983951481,2.9366833097608227,6.9951950009592,+
3.4738811792957742,1.9444341905632208,0.8092176865361558,2.7242881454081473,3.1249415398052127,-
9.627269422684485,8.166288753829283,6.070130744387985,4.849434495237158,1.0045700391685841,-
7.836707526907304,10.0,10.0,5.760946873562912,0.766181291023158,+
3.8636567285201187,7.2892702179091255,5.567763855677091,0.5741133003642473,1.3628796832374113,-
7.187364203464892,8.414404714559748,8.349911488483947,1.0381578895290005,2.2684980306574793,+
3.9405756035453376,0.8163136499652912,0.6411516018876939,0.5837112578446846,6.982317112239774,+
0.7162372780750655,0.8570570870190893,0.3333596332655483,0.11655524549396801,0.40395876530843955,-
7.8230460499277665,7.512651814737726,4.621336396856217,8.380588663647938,0.5581043427952359,+
5.508239244188451,3.782921971544649,3.5384184682589854,4.946106986627278,0.1499559106239026,-
4.685544279786283,6.389974163401452,7.957466390196204,7.653325944053469,3.554573432339815,-
7.75256592673619,10.0,10.0,8.011175846643486,5.649036723170046,+
3.203187633976982,3.9662984796318934,8.446536164627151,7.085310031324107,1.34412638669133,+
0.30976566030410563,3.4884849062662258,3.6789802244741705,2.714627603673334,0.668388322510517,-
6.205143598380283,9.2706619956391,2.6659554029073327,0.7155801752078483,3.90439879969696,+
4.551328559671002,1.7594132865181962,2.2830696770330454,0.6946704206680621,3.0057066341712098,-
5.917927559023676,2.421833760233839,3.1878844207830115,7.94827748492388,4.139470180325512,-
8.869563615924113,1.6008038894186973,5.3296285475846,6.146517109920234,5.3570557113872725,+
5.767411478177287,8.394913798979816,0.37396699007376744,9.353425800132138,9.66035452605168,+
2.499544778729995,0.9193836662515831,0.3828090127039571,5.738784137628733,0.04794790730283885,-
3.45621340183628,4.899444800659064,6.724524409495702,2.9017065943613964,9.464784721413821,+
6.8376421528172395,0.8298066225298718,3.734044822046961,4.649057086619804,2.074358435801803,-
7.420392343340977,1.0154845709753235,0.6240649653650632,2.7967532355524263,6.7382295772547485,+
7.357614403247255,0.5575607993795929,0.9084706668066979,4.357684670890853,3.7299955484632297,-
4.810338275216418,2.8631776004208653,0.7519868594241075,5.554701619011471,3.6115848821546326,+
7.2949073895923995,1.728963564642105,0.4408781947737971,5.8769510995664245,4.237728442570342,-
7.819039691061319,0.2254106379508225,5.209993807802739,3.1217791553177223,7.4533683669816995,-
10.0,0.445293642839617,3.284840115638868,6.016853567702157,1.6928476087325466,+
1.813126174973816,0.7352448649635857,9.255948817627601,7.217146029295999,5.228510943591676,+
2.6097969099412364,1.2110771981209376,4.107886807778109,7.619311314619578,6.961026116488869,-
9.763952843013499,6.316560570441377,9.666385166201268,2.9738879715329003,5.871271929887261,-
0.8369722132497595,10.0,2.919344489739541,2.249505293495667,2.8204870270391167,+
1.1998578391643322,8.700493401272087,0.5465963186929879,2.784102992979621,5.2896045934377725,-
1.8992328913352643,9.915956775475129,1.0333184858072273,3.266130916747475,8.606553577478307,+
2.2097881148194967,1.0527436331960938,6.092359065885664,1.5220534207787217,9.292626369504287,+
3.3780434538790605,1.5220039893481914,8.239377514217194,1.6046691761396312,10.0,-
6.285412431082429,8.33504626063849,9.79885253283927,5.216940201715876,0.4835280706867351,+
4.961661013880918,5.302580605181926,3.6248192305826534,2.0478386889699656,0.7767831156613975,-
4.8655316600184495,2.5089218604576145,1.1649496155838779,4.297954369241732,8.408798141418428,+
3.5668637666302536,2.1773749591131035,1.6997434190752394,2.404902438283352,10.0,-
2.3212194479181436,3.8500407775021928,6.8456164515800255,9.08398997792487,3.162496438764105,+
2.263950614471017,4.5029733733391,3.4156341808674933,10.0,5.620421561465565,-
2.797843637580435,4.519258645872624,6.129682226794387,3.3729625079456262,2.264508381569353,+
4.342234655003061,8.292394069399943,7.682942558659597,6.24402101338576,4.040107808938878,-
8.431296162746667,2.9865174677343296,3.102184691741854,5.5195278462269375,0.4962348228593161,-
10.0,3.6559279628337893,5.107958049217231,6.742268980506435,0.774772634849409,+
3.301723270983523,1.962251144169248,6.224448589994594,7.607318017958368,6.740638711833461,+
3.914944077321767,3.3687656749621233,8.069979773317177,8.022716721935236,5.888414601841748,-
0.11757934667194991,7.117475963914373,1.3667522217153427,9.284485948514146,0.10355052438155044,-
0.1162715520236094,4.297743790298986,2.107694910924928,10.0,0.1605645636562959,+
1.2032251700572894,9.095341355619905,7.846551951620349,2.618298490151255,2.678653213687637,+
1.8312518206947899,0.9154697692909123,8.28046194718259,0.6997954721796201,1.5392574301737056,-
3.2961209093962562,9.591429099022367,9.343724824718482,6.727453136964655,1.778585574031285,+
1.7315719974333645,10.0,10.0,5.916847621443271,0.8209356041463747,-
9.805823461527734,0.8341983236245809,2.292057314494993,6.885264065443739,5.674622458932584,+
5.68949740755239,0.7187900790745064,1.1213275974682626,5.145868765386553,3.6377923098302083,-
8.348663720654292,0.267431420783264,5.9190334091168655,2.6772369050024345,3.4135861066636455,-
10.0,0.16222467360990417,9.93909188281916,2.9154902675213954,2.9445208485965684,+
3.024043558181191,4.005567739276833,1.1674908178477084,9.569886540203802,4.312620124270277,+
4.126743502935786,5.768537912057271,2.0005613384168783,10.0,4.744244778575158,-
8.345932392585805,1.6367502011382207,8.2563037573036,3.3599395697468726,7.492860510206819,+
9.296281588965352,2.3234253731073595,10.0,1.9940398903112624,10.0,-
4.635413689362715,4.892457778520255,2.8442726354674894,2.625649058888647,1.3148301554043695,-
6.913903073582121,9.11352334737742,3.165629881406982,4.564065065643872,2.3237502943508095,+
8.78856324992281,9.378562397858616,6.892029123236169,8.643023587039494,7.39035780854071,+
10.0,10.0,10.0,10.0,4.589657473616243,-
9.981221183428474,7.179332358020691,3.112910461446595,6.5943989950636706,9.58446791339891,+
4.895243219876733,8.750894354285263,3.8518931024222174,10.0,9.112509057127024,-
1.3959308652917113,5.22331349196733,6.2535045265399445,3.6081484682517084,8.054685672165713,+
0.4413833230185047,7.08399722520269,4.6118972306753125,1.9868754427705555,4.1117180239613615,-
9.122921896217424,3.222757814445225,2.152896287226956,5.220215975191332,2.002721050631756,+
10.0,5.758658391624115,1.9459885797549779,5.595199674898325,3.6750625235923615,-
2.8293647237611017,9.134379388072949,9.635059337945588,3.5675278305876166,8.607890575236368,+
1.4455684844500754,8.669710711491794,1.6970594938459527,0.005855583227378129,2.727633333060803,-
3.621746216926992,7.6114840752939585,1.0530652687077235,2.909180898254201,7.052312463668998,+
3.411342992330123,5.825748661149009,0.016024766864576948,2.448552776442365,2.765647864473354,-
8.5789411038699,6.427730669777029,0.47644526521348207,7.003061809531533,3.834163598524719,+
8.269905169281238,0.9155597830505579,0.36145137581924125,2.7177557009598288,0.8396842684665782,-
0.2628723564347879,3.1834510844700894,5.731971959701459,5.498754449245502,8.86306002367869,-
0.021877289009915073,3.337919743716216,4.640253358019329,2.855282817549698,2.395483551906605,+
7.280160454707443,8.921409751619734,6.097403434858615,1.7344179034541662,7.08962678877252,+
6.670840800848771,8.645309441483477,2.3037325191030456,1.7178767104425372,3.821809116619526,-
4.619887851509561,8.36144646647357,9.05703676441288,3.67684280590486,8.153548638759839,+
5.338823658374146,2.487107545990892,4.389805438433322,2.094938353330921,0.19238872277829738,-
7.72917483960766,5.542098455841304,8.126701374991915,0.8094265520111765,5.957040935619019,+
10.0,10.0,10.0,0.8110944478654971,8.86369250035815,-
8.26338192827863,9.059235945554434,6.086961487485554,0.33814084561248015,1.9427852630877052,+
5.491939525080416,4.791449279308208,1.449229781150474,0.24544450794868558,1.9018607597447854,-
5.784233235698839,4.22559608689714,8.379232019056968,2.5563886805374447,0.09402298276838805,+
3.8435613094525247,8.20196988065089,6.34981587853761,0.24416730337395973,0.10718887887285079,-
5.381952213113234,0.8597409782324961,3.285819097651493,2.994094868014087,9.132010175075903,-
2.782638886564606,1.4898590694521314,1.0745480978552893,0.4987997182466068,0.412345977058316,+
8.788235382672902,4.8806000708990185,3.4266857195527067,3.9720080636414004,6.480942669074872,+
10.0,8.099076782630823,6.396684144295085,7.000954710381265,3.213121103326968,-
1.535083711064803,4.001425428669723,7.936802567892679,8.682752552610719,9.650443219929155,-
1.4635586653274943,5.492812481165873,0.9487633309056047,7.743301881080509,6.57786491134857,+
2.1042944252387508,2.5822469898510194,8.572416063532017,8.600737781464213,6.764717194894057,+
3.028309585066856,2.781130634548512,10.0,1.3279904356472383,10.0,-
6.721964640037225,0.3708278917246488,6.702203668494646,3.712005952992554,0.5320897497449661,+
0.9097809178718493,0.011110791992741073,9.577868140735436,3.652334133100412,0.5115400017620778,-
3.9565598383836544,6.4550149632792975,7.0631923098049505,9.399109718871951,8.644904593162705,+
2.7596170437252137,4.858629410472341,6.305262248864799,3.6735933057276426,4.99890684670455,-
2.480706621143133,7.029876162318695,4.811080735746625,0.9162401676489484,3.0997975822052695,+
0.8000837205973282,10.0,7.112424873077997,0.577433762876198,4.53743725792724,-
0.012165415079080644,2.1402963808901507,3.0992915128061957,3.6826504283887704,5.627488287381284,+
0.014630974758010066,3.302322824654448,2.3653392851861317,4.237852726215637,8.227175053807763,-
4.645894467352042,1.4528092991261554,0.9996284790035947,0.49250378499030134,9.90134016472054,-
0.0969669191313422,0.18519029611380114,1.7888866807586281,0.3646680842953035,5.7524536160392765,+
9.356988848183336,3.3719921221112514,2.9124023838683213,1.6916900093594855,0.7620904216543989,+
2.4355805989641452,2.6731618196861575,0.3621944129393216,1.039810334544058,0.5035838790374751,-
7.586858619687799,5.807168407285271,3.5066649168057316,3.561954914312857,2.7023971886704876,+
1.7942248111218113,1.5241925754397305,0.26573630344529214,0.7825327100493222,1.9206549208697217,-
5.675768499801512,4.572978884648328,8.62237277687052,9.477896756914468,4.873410773894941,+
7.259900718771347,2.7642637893425053,10.0,10.0,5.280435012654218,-
7.653728439865761,4.700662399789949,5.117309518159299,3.540480665001967,7.3458809809890555,+
7.588372583288922,2.3347289180743602,2.9031249825587517,0.26204672680978747,1.8759523076288838,-
0.014235002500688765,6.872562209416113,0.022972059960473246,0.5145550979764268,2.3841915228561774,+
3.256571132586472E-5,0.594970099939977,0.02347170981309009,0.9727218935614974,0.2834943140285295,-
6.496070135011383,9.574530739770916,6.102737945909444,2.546686741723355,8.046520199603393,-
7.024666244099887,10.0,10.0,3.4062252186661315,10.0,+
6.869967516789287,4.78825217641604,5.1252831660182085,1.0491890228831158,7.644996709664426,+
2.013830050281814,1.5955198001131043,4.572619936155739,0.48075852971275107,6.26613203651132,-
5.9440739043064745,6.1984761016420915,4.435270336678602,0.7496925164750445,7.138015581547745,+
10.0,9.081499961626694,8.40668877179206,1.0852208524248432,10.0,-
2.6626407548888595,4.5941435707321805,3.3633178792991814,7.898758512879397,3.2331144446232862,-
0.8956029806728808,2.4852352462506273,4.238094881838236,6.342097747578521,0.02122928513342939,+
7.963881139690136,6.9597916027049544,5.1522380622656225,7.647458645918846,1.6298290280318461,+
5.150866878979861,6.536244018141441,5.064267907461154,1.9455998430799821,0.26597262081090156,-
7.754512507957472,6.532596264614101,7.891081406313935,9.830782204353968,4.082827422605435,-
10.0,8.278592755638481,10.0,10.0,7.901456040595993,+
4.236128187967813,0.5320639982064568,4.180488146636611,6.362003824210208,3.743784851734242,-
3.4012023092638817,0.29840440893827735,3.344346000268857,8.416745536236663,0.6001257106545365,+
5.174849216258614,4.847531774491869,3.267633890594267,1.6017763194900536,1.9681951472995862,+
8.648420094403752,6.189820353963085,3.430492810800055,1.9874731668441858,0.7687909701180471,-
2.2115219636159447,6.315972729418866,4.497988841659216,4.06892525877957,1.411673141603973,+
1.2560860487629313,5.917543262412157,7.8388079752606235,3.7151860636813434,2.709206127951461,-
3.7281824677579625,9.023244672115267,4.820505178868114,8.106702878861913,7.655259694260462,+
0.8031464561357603,8.582914584274583,8.756431634542308,1.996323421562062,10.0,-
2.529606436420048,9.465717740216682,8.742621587364987,2.054431174004879,4.724556775479222,-
4.1094590585180475,9.99566249770676,10.0,2.6568323896550217,7.2197482714426044,+
6.146112822220734,9.46930877580513,8.582076539323186,3.428636653312304,6.538477605212099,-
1.4502436215825152,5.231411663873238,7.835434964224476,2.5688831226152877,10.0,+
4.619731477383475,3.908072278098491,4.46675061153826,7.671634735358207,3.7480918236199248,-
9.029172804423975,4.514914028508414,6.385180763958491,10.0,4.166063570688472,+
8.211988186945021,1.743520591736849,6.72182278209131,7.979495102246713,8.143856241599487,-
3.1354843045278527,0.40175428226103016,1.0728514824912367,10.0,0.6456012302852635,+
0.2836609028263082,6.276540602509641,5.318107256198848,4.370513976700289,9.74786624909984,+
0.25947955762787034,3.792180358244529,2.637169419396285,0.5689043182508536,2.3566349330536025,-
3.010247180936264,6.889139428000279,1.1247878201445738,8.965762016224343,6.8976536749474615,-
2.3830595919541526,7.966084271872237,0.325397087672038,5.9752080052916785,6.564949594181768,+
6.0116698163223345,7.657536816431099,9.661842782162466,7.663281385624067,4.06578499976325,+
3.8936315502008685,4.282228611339987,7.7133031290404865,10.0,0.512817588144558,-
9.528426787394425,1.9776244014333888,3.228494513940964,0.4407934726486229,8.056550361699523,+
1.173171315187772,3.4288175424396887,1.2139807905096762,0.26351157852280466,4.522884128978701,-
1.9523759201035573,6.691985988645021,8.768562060528572,5.531132643840008,9.990648232418764,+
0.9097395513887591,2.19329020528954,8.168965746522256,6.73630264875721,3.122726883559193,-
6.126800783092964,8.030980519070186,6.372071582484409,8.567768959099832,0.8886295071163763,+
10.0,0.6245093853886884,3.1644512212439277,10.0,0.366650965364161,-
1.2389326752666807,1.3476345198717177,5.108619991296681,7.460039144767513,8.681975409039467,+
0.5898093350375747,0.7738011550397141,2.945829846656071,2.367905276571129,1.737213606518495,-
3.712432878045655,0.03599467515143173,8.772237036847471,9.543662025646595,3.9326388049923624,+
5.111903806254947,0.035911955811691154,10.0,10.0,4.001133779560211,-
2.330600842464181,4.721771142258327,6.111958344755006,6.437975810586741,1.9077689412018817,-
0.8159208873596954,8.337834711947774,1.1355082346639593,2.489127757121951,0.26603557468086875,+
6.563605620291476,4.608918667906017,4.398818580110412,5.3326885980782315,9.157894950981232,+
8.455822471721838,3.9490166560140922,7.1410180566382975,8.040633195939671,10.0,-
3.000448514658415,4.313783718112231,2.427909136931307,6.029245862945095,9.166750323659151,+
4.711189926522428,3.3427753041685957,2.5487320225664067,10.0,9.700822073640515,-
5.144832079486705,3.3600078123760193,7.374820274706448,1.8354058002028883,2.1182827238532145,+
7.61407668305638,5.97554903572361,10.0,2.3315295680494907,2.394376839974311,-
9.990251190592303,1.6301637418943826,7.02407403202733,9.881611861484812,0.6888107666298382,+
10.0,1.833449925287073,7.691464073511707,10.0,0.8339627957712944,-
0.10409144700755824,4.957476313735313,4.174191985303638,6.350293202294787,0.277658745891759,-
0.02517512746994902,8.013166831920069,3.422616559618963,5.787967668441264,0.1262858025587463,+
0.5238055472322523,1.4028432271378055,1.420920918706513,3.815342738175592,1.1907160566425057,+
0.4549341353926049,2.108597082357903,2.5094720605015888,4.325883980009667,1.380030262016159,-
4.48347381675971,2.470753719253115,3.4232461336414497,6.549112905541726,3.6249747873390668,-
2.4547692976644724,1.610714409599185,4.646017500416812,6.315715059902194,3.420582026666466,+
5.49164036871187,3.3516084826245365,4.224830359779938,3.636235450396251,1.6292877734845934,+
7.387156924353695,3.801818096777788,4.022963591262214,2.8492811275178602,1.704135935390179,-
5.75801504953383,6.588057650781613,9.275921662070175,7.268027239516863,6.194605271282601,-
3.623196013049614,1.6647843816157404,10.0,10.0,6.437639454069507,+
3.387215193398424,5.384444317147777,1.2006790239705323,2.2351910089493545,6.132941650118932,+
2.262532941334356,4.864486668997364,1.6755427609856721,3.9287147242813263,4.684317191991857,-
6.380607942356221,6.785171930647586,0.7156995486637185,5.257587030266675,5.15539649462357,+
10.0,10.0,0.8434886875447888,7.270380551762553,10.0,-
9.093537085198788,7.84524879613137,4.430741733127272,1.7381492885319627,4.559055911900279,+
6.782184788897958,5.519801586370759,1.799500929436933,0.22153592795543892,1.9105092170883626,-
6.328368014237753,3.282797559059526,9.78569038958372,1.1617126870668437,5.198560810309182,+
10.0,5.988947114645409,10.0,2.2404562125538363,9.757321787244146,-
9.597559290044709,5.542199361387782,3.3566768643982225,4.3548531483707205,7.942837581837158,+
2.853751673582087,7.972348331057571,0.9525432998880757,3.902612088730761,3.72465651330859,-
2.092879330493682,3.1061124249757652,6.227793669080035,1.9483208318193657,3.5155515778535538,-
1.474919661527421,2.505904796865537,7.264630695221608,1.447087058619928,1.3797807466279752,+
1.6788089928634875,5.527083254788251,8.944945415825266,7.807042203467988,4.489506566547656,-
0.8744239498161401,7.997060657896225,9.171485330480017,10.0,0.6292749241730862,+
5.874476849527776,3.0504274386663544,5.326904144138279,3.9972040944936005,0.2923735880150058,+
6.210619248114784,3.2681935406490683,6.182192598347854,5.4643252925991215,0.21965275275035967,-
3.8169145335660657,0.09977174794753019,0.23857385267956,4.64909620581871,6.515664160019734,+
7.5139319908458475,0.024540916774396866,0.287378447284638,2.0128334084022454,0.4265580235140428,-
4.250403525955726,4.411988839837649,6.289474569233031,0.5541093468483738,5.041037689579233,-
0.7770518002352647,5.998442448214546,7.851212678502202,0.9760644638635946,3.3077500506138646,+
9.015671286742567,5.095239982104962,7.530661162359637,1.7794340806422804,8.244861157628398,+
10.0,0.7827151620415373,4.359946963125543,1.6356832976944153,4.435184633220802,-
0.40956509982482237,1.8857404797864052,0.7229735300769802,6.081252865947084,7.198271435120267,+
0.3959832305098123,1.7050213915166983,0.7806920440727318,4.700874631622323,9.930350005824724,-
3.1172630674769186,9.244031483162242,1.234860953933582,0.6353270058327276,2.4312746507251104,+
3.902757985589985,10.0,0.1464000026111057,0.830785639667657,2.7578907444061413,-
9.132558587712428,5.164111163496877,4.817361886610996,8.867618226304497,3.5979630333993864,-
10.0,6.202884461909659,5.987304392736842,10.0,4.053888300873285,+
7.214645583176445,3.4315877992639843,8.359471880473054,4.194104069897639,6.25740716097141,-
10.0,4.731248314215148,10.0,5.351974250749307,9.481487377932721,+
0.6406354116069268,4.659356388664456,9.234538385118787,1.0445436555231224,8.125227737315125,+
0.9964172344123093,6.771221899555752,10.0,1.1989189844978971,1.148374094710166,-
5.359713138214845,3.708537434648446,4.871471260752393,3.4147818110328942,8.517973138417998,-
2.1166117319426823,0.4730920756741651,5.2104526859608535,0.5224403465621075,3.4514259102721696,+
0.8454843199987905,9.062477620612205,7.190621899929476,3.6109321062977418,5.503275826144253,+
0.20526368721228005,6.204963168998517,2.5637359067672154,1.3123020121044568,0.09105838685333281,-
7.899132003708495,6.983635094946279,7.843554671125822,3.5978151845180717,0.2722464837416194,+
4.467127731039879,2.5190790630316884,3.2473112559934156,2.0249833006695726,0.5117068429425812,-
9.9977168056533,1.0081824771034087,6.55954912406869,6.417331765901877,9.692306370724262,+
1.8657239944926816,1.1125605996311487,6.592292371087842,0.16168288316928223,9.02378796336355,-
8.267297087169213,5.395924857278232,9.241659872298376,4.654221914109411,5.273991962575574,-
10.0,5.549694781812078,10.0,6.305841141211906,5.350157726288514,+
8.44383492787066,4.732759022392855,5.931101241334255,3.939058442868383,5.848990699567472,-
8.983623423143081,7.281889090280687,8.454368364361418,4.348305661047722,8.689141299271403,+
2.6988117199315464,3.704363848871947,6.793150434821403,3.5522474016973247,9.246379983667815,+
4.7398576769978265,4.138595856547714,1.2681828186428898,1.606524109024897,0.32120893465840267,-
2.4409498461086745,7.50381791334449,8.569645794333754,9.8543128328401,6.7739295799649,+
1.3595413535746226,4.7033743124678935,10.0,3.677117619475727,8.32506061375801,-
7.133680812146052,4.21158152095606,9.236431520724283,5.13546369050466,2.567842389773145,-
10.0,6.818389705533947,10.0,6.180876545232405,4.165043354088629,+
0.6818604725116562,5.301603922813195,1.4586873648029208,6.353838405123815,1.670148210668938,+
0.4969996436951002,1.8466585755414875,0.9852940799857571,4.172672645260299,1.4726801062383623,-
9.403048664918925,8.608028586169684,4.4158960686636775,2.1627583333233558,3.6136467541307606,-
3.9398319848782797,1.6425526620165292,7.216244127807192,1.7455355902413885,3.0599712877072087,+
6.505066224753975,4.0368106737991045,3.633919327652282,4.593623678424242,6.46736176178478,+
10.0,3.07383969272939,5.826309797414405,6.6455033898611395,7.259853301450447,-
8.235601601983806,7.663703081517919,9.8172044818614,4.355754766067969,4.130336729002151,-
0.7607578102121998,1.0838917693599608,8.849637143171318,2.6083419066740468,8.009175468861491,+
8.03744941772126,4.114343290497406,9.411669922544512,9.584427735913838,3.689676286698046,+
5.331390904132304,0.6291546723713994,1.6462797719982618,8.65473885720696,1.5530349091649662,-
3.992691228528037,0.41001511981059724,1.0420050896683797,0.21413375191753126,0.5415544512654591,+
0.304958751697701,0.6054699859368046,1.1430597907857822,0.28401245177906176,0.6174597418361653,-
1.206797161189661,9.332001060496276,1.0293091572180024,8.73902879424875,3.5442352861158346,-
0.19520272795750107,7.592256836482152,1.9959020632224183,10.0,7.018401181608632,+
2.6329891669461225,8.509125459416612,5.775935838306322,8.185468420277044,9.48358472812845,+
1.1511487548137318,5.7297457035077795,1.6375763499843647,10.0,10.0,-
9.743091193144412,8.321771005406278,3.8055787565939445,9.83325890810198,8.326114666703248,+
0.8772947214247971,1.1184993843587994,3.1536246331141924,5.656794844998038,0.8154008765616882,-
7.264675288477875,9.935726955107814,2.956326416952517,3.2568413422610853,8.475107736632816,+
10.0,10.0,4.589898453109271,3.4133531807980706,9.707918498791559,-
3.017052841466572,4.496089883278288,4.396771298645012,3.7172388620786356,5.066950285922936,-
4.577424188993556,8.592813954290438,7.312005271023934,7.002436730594275,5.6648723813212545,+
5.080451661299088,0.2356599948765059,9.452558628051317,4.259964235302849,5.808274124457374,+
2.0192645270206198,0.23375633434287896,7.441124792756704,0.47346840142644664,2.457874944702664,-
0.15079869835375126,2.7323487643541156,5.0224246869093845,9.050883998787306,4.76164954836446,+
0.04879614716301242,2.3387770545065756,4.5058664785431315,8.569164762641392,2.921383989455136,-
9.999519181953028,0.42371409678075844,1.2930444587001155,7.776404229579841,7.553570727277861,+
10.0,0.7771554704652995,0.6612179654246249,10.0,10.0,-
1.407530263808312,2.808707303792003,2.1547930326488727,6.538287622609635,6.021602134043304,-
1.736832404391652,3.224907598685078,2.3076772055049015,10.0,10.0,+
1.9685776002767952,3.8150464765824275,2.6523680942536387,8.665526022485087,3.6499945901359943,+
0.003698525842363254,7.628050905139923,1.7680271081872938,10.0,5.844354785144293,-
9.609934448843221,1.633417212911149,5.319753880219908,5.6682951054243045,0.9081167125732981,-
10.0,1.720809451545341,8.949869395026212,8.83724458388202,1.4094635130099298,+
9.235615847025052,2.013000913579255,2.633741969046466,3.52264202656009,9.874258088407743,+
5.339522907856364,1.7470807390027054,4.153039615295955,4.7622309941857175,3.7430600519323933,-
2.0522746985195295,1.0671747674745724,2.90600549508216,2.9248199108068453,1.4432948454806305,+
0.5723278627798223,1.474998352816212,3.2805131595676214,5.375344971063588,1.5946458860545556,-
5.894643192501697,4.72006644259768,2.9145081413100216,1.2861114082295355,7.533546855834926,+
8.576404503191192,6.298544284790061,1.6866144368565434,2.0867193091401504,10.0,-
5.709627260659306,9.068162020144875,0.92565849065114,2.039611576117265,9.793318144509595,+
5.746780075837557,10.0,1.0852280930168303,1.017835347467752,10.0,-
1.3450969204301377,2.3123372520584304,5.5972066377229766,0.024524795237580443,1.0095922553686132,-
1.1152481296481704,3.672838876394166,3.0872235360620275,0.006030857254824306,0.28844040021946066,+
9.390746892312476,3.338572389357437,2.8371245595988492,1.4493968514644295,8.227055423277417,+
10.0,1.285126581942439,1.1620309155735784,0.7526973039160373,10.0,-
5.093982289061495,7.081959038986195,5.12616506828474,8.854835399372995,8.50207390065069,+
2.944810168535623,1.822492094199267,1.8431399662843844,4.778472792604054,6.674389645148154,-
6.528710098590303,4.080218107026521,6.714927976119834,7.8479830690650125,3.2046921316346886,+
6.221300423494516,2.112540127291403,3.107506363212519,10.0,4.987885963000379,-
9.529239991947238,9.761528706795403,7.368346218011247,4.254643136775346,2.682559085632341,+
3.8018389888117854,5.745738802213633,7.850710693001058,2.8147605642809657,2.466450256658102,-
3.7170425033515397,4.696148703375931,9.171871466536764,6.604697165771344,2.6826702630705332,-
0.9087854051296507,0.3350091760767723,2.05724725124828,3.985677882039317,3.1587662040040767,+
2.8055519859512525,6.479610250513589,3.5680395128960196,4.174638622363248,1.0800737683146266,-
1.6553921648861984,3.9641058363706083,3.497970927357893,6.987557755165131,0.025248154266377866,+
4.362282798342861,3.5145212671375314,8.472955441002592,6.330950796002148,0.2995786045735649,+
8.611843526226727,3.6160064117127284,9.732085669189972,5.762132052650328,0.5711428037312287,-
3.133981222141442,2.763784948475597,7.417868417820709,3.9132791902964548,7.352651890407734,+
0.2833534816479959,1.104501314126872,10.0,5.916856298280991,7.2321512791982805,-
8.79099472988832,1.6085199999077038,7.0120684725783535,6.913167500291283,5.19514520185984,+
8.422788068275024,0.7309466121470226,1.9293793254585558,5.446467043070248,2.369405499137794,-
3.4330594851141374,8.142054245221166,9.577516350267283,6.640708044466007,8.97529493519351,+
2.9424377566422275,7.418542436062687,10.0,10.0,8.081978636056684,-
2.9318011493984586,6.246874463964641,1.5653854056460303,2.928268452429348,2.198111296877717,-
4.5993902961482265,10.0,0.2760999912730224,1.7351625241288495,2.4436425140540172,+
0.25072998619124154,3.66663772308792,6.476954169206426,6.59101239503392,4.226980530782343,+
0.006171319602645239,5.524293868628927,0.5289823828714162,5.285457364522801,5.360629594215935,-
8.368361875059714,5.795105861074193,2.1455118443927934,6.3441457482181125,3.890867064601229,+
4.772588311560589,8.955663534990396,1.177591179022418,9.399525049139385,0.9762661695367632,-
1.0759179418643916,4.892964450734424,2.3168973479223185,3.9434275870766635,7.619065101308667,+
0.8755247197601408,4.971118156562034,0.48428996747755815,7.036271993128561,6.116119212669556,-
7.9343539052944045,3.081417282932267,2.9480799788751955,3.0679171478789424,4.903864472072642,+
5.525868512385455,1.9772431626104234,0.13827948034466184,2.875777290755256,2.9965737257072083,-
5.755689180112667,7.549410174386871,3.7454690518030063,6.585165955292677,2.876117113547413,+
6.871691128722651,5.184284205952724,5.249987974903634,4.976786423873754,1.4222198068532497,-
2.347210276452434,4.969219363609433,2.880795022727467,4.165048422336918,8.633422467734079,+
4.4292512589837125,5.664816644977114,2.620583639026236,4.133967534266098,6.562327008733802,-
9.825984064053063,8.919851778779059,0.6523030412154451,7.276404871754653,9.888625931903531,+
4.291671756477841,0.4761800809095326,0.18955361800481196,6.4651590367919995,9.419674411368957,-
2.5036847012310623,5.318259189214752,7.091259301059285,6.5664972023225054,8.938631029134058,+
4.646778282090454,8.69235026469551,2.548014091950202,10.0,9.307396169540729,-
4.3417328129761295,0.8583637817518908,8.513770562091453,6.623276529545251,4.953521350655878,+
6.182986432925147,1.6781141731987128,9.524871750590156,10.0,5.113614391681102,-
0.5324932613523536,6.97931119147341,6.251338867889752,9.613836027012646,5.66721758063264,+
1.0361198569637837,10.0,8.202047164648544,10.0,8.25535781262101,-
4.682346867991915,8.890626761600569,3.365206507412087,7.092950445737111,9.90139671823163,+
2.0512198812653684,7.471268654906202,0.8575298871668091,0.4069378090150116,6.232892824138975,-
3.117202682620037,3.587999894646947,1.6197357921698285,2.51005593332595,4.505936959764586,+
0.21817030176903052,4.600884355620501,0.9655321549520571,0.7276526487110369,3.7575099465898747,-
0.7498569607572814,8.639005931154916,1.0436909406815487,9.722113936337323,7.192355908390528,-
0.81087175888483,10.0,1.3345744418077155,10.0,9.72384003225947,+
2.589259496060098,4.758393320741185,4.859878188635167,8.602602210373183,5.624364384657811,+
1.1840712941313427,2.250505015483263,1.325753703248618,0.6227605734267165,3.2853700796341,-
7.402232266340628,4.911062096425626,5.132731300411194,2.1686723308059475,0.14691945191201095,-
6.596840913101354,1.2437383524421413,9.082087165191613,0.6078715753023198,0.12214537713915066,+
7.538325337457347,5.092052291389524,1.9420316605597954,5.456337116927607,2.3297821761701165,+
2.7298782056833497,4.246321400456257,1.479044126608322,8.58384511615903,4.441943560474147,-
8.544031970907314,4.2548818067316505,5.36430379086698,0.9238464911320143,6.987957573312372,+
4.624492780201453,7.5983824528825,0.49009609256213943,0.6678287520774874,0.22333447711892393,-
8.694076246440282,3.9134696662522006,4.796183886893644,3.6110256532913185,8.185070789996768,-
8.589651745862904,3.1808884380623383,9.443152862653722,3.1865549254094554,2.0580215954957284,+
6.486488327344246,4.943249353148963,8.80284139735958,8.351049963801133,6.317806262247474,-
7.354668796773955,2.0251068274607493,0.16522560139280537,10.0,9.771357047759311,+
2.667162046599545,2.981418123946147,5.180576916329036,6.169851572666295,5.422034554826441,+
2.6873584309125595,3.9212604653461196,5.699527942266787,3.765618869936131,9.598603576867385,-
8.506625612941175,2.288436216441989,5.591435182219461,6.874543820743288,5.117382614078619,-
3.6178766063741996,2.004062434063011,4.196256957192972,8.468196660260269,1.9529571050813759,+
0.14888190492814646,1.906722579716531,2.226650215704493,8.925415785264727,8.843557156046508,+
0.2296114636909711,0.26693905592870953,1.1952756250732453,10.0,6.597326232091034,-
9.595832566762986,3.8216211412085377,8.327636398786687,8.551538805586045,6.252698463763165,+
3.4488838972534315,3.3156843664535622,10.0,0.11047090684771727,10.0,-
1.260024409530689,1.79462206801551,5.455856017103258,6.801059884523623,4.888030807348561,-
1.7520385515138512,3.1025401410302145,6.071649069893342,7.5267685985243995,6.41850624321592,+
4.738787110068166,9.696267896235486,8.113004411953131,7.203481993289521,0.10124394036211237,+
7.422127208791947,10.0,2.6309346098723876,10.0,0.10950279227092488,-
2.8331452395975387,0.5182187717220843,1.5683946218870148,8.005309977027213,9.494867017394398,+
0.2668429173718229,0.2029001359010125,0.6828350346021262,1.6064029049066721,9.436958907226416,-
4.7254680769907855,1.255073762357437,0.07396398897813516,3.81058452308098,1.8776948811299787,+
7.7805970440027075,0.6792370246673463,0.060864870395443096,6.458877144258897,0.4732890137821144,-
3.9092728430861956,3.9347939829471645,9.446534472504208,6.079319739000417,5.925844321351567,+
5.314041532860791,5.259122960856458,5.537672118441223,6.9492249161498965,10.0,-
0.719328802273077,5.787397962600659,7.452785124349617,4.07273144007158,5.555655534299772,-
1.1562196978556076,6.305708279510683,10.0,6.537862203944117,7.878024657657512,+
8.345300800081917,7.526194709195907,9.706742514571191,4.752420914281111,9.522809153826724,+
7.470508487327893,2.3999036040090624,5.373518857410862,0.8210349676582265,3.902038803902817,-
5.129500950549149,7.447835019132075,0.9872096525564733,2.098102927811605,6.031349873340741,+
8.409371941339375,9.506954305588044,1.8715196832522942,3.664172279614372,8.331895927541362,-
6.325629054344378,2.5786225840225607,6.371773140569742,3.424114358833674,5.747367985196773,+
10.0,0.9135417032843919,9.580525870830705,1.6419666272970725,9.427833569491414,-
4.301665827208891,5.474681325890678,3.988704473923627,9.621744092029193,0.22917067239783817,+
7.202924853089171,7.257608709912013,3.942520860253599,10.0,0.01150462178585554,-
3.170558848880878,5.284192243635436,8.821485086293459,4.146993564124547,1.073153485098074,+
5.539910363105306,7.274400430435297,10.0,7.8779352598429435,0.6465206001446993,-
6.446063092126573,6.166464805803179,9.035859460390993,3.572268306247236,9.175897425310703,+
8.822518519795304,10.0,6.759646602513281,2.039617448329637,4.602091697240765,-
9.702596808913631,0.7354591020677093,3.700577398423021,5.349145121611519,0.3988739599274893,+
4.341572805883092,0.26788801701761145,0.5546134226018165,7.348141979702661,0.5068371512843909,-
1.5818736260090005,1.169502995863032,6.765687624457197,2.2045191402250444,9.65379480703429,-
2.9000937696746596,1.2751040137529401,7.038196729214615,2.9834557374334034,10.0,+
6.144070589695799,1.210046132391861,6.211050505341403,1.8554951448821178,4.27963599630902,+
6.079683988844852,1.7390359163362106,8.548798523342377,3.32918160027582,7.877530532789755,-
4.0637213972423645,9.662452774404173,9.423988745251473,2.9496170054801873,7.257392801797088,-
8.106495621833469,4.5577892314911335,10.0,1.5175932187507157,10.0,+
2.883322115957342,3.1760540986005603,7.8268405348185555,3.39566751424639,9.056735035630952,+
3.182843890900664,3.4924534274184658,10.0,5.0914836191768895,10.0,-
5.9019302641693,3.5443492673740042,5.581188540870762,2.221944152196813,0.41345826535143404,-
4.002490531488281,5.703914509791546,1.8820790346502385,0.1381258955786678,0.3550989977058014,+
3.759349074809455,6.147009290292854,9.266690219255914,0.8743065463265609,9.348088026016818,+
6.36496072888875,2.9345933835285813,9.240182624073583,0.4678036187487078,9.921515386750704,-
2.018448077593983,3.417235143733289,1.304778450341506,8.911962134463408,0.24944329888230032,-
2.483873736445914,5.410706158492458,2.2872071989947425,10.0,0.26514420427038404,+
3.7620613590035914,0.8279417220707241,8.913392018900652,9.811187069482006,5.483336613299604,+
0.7504109009047069,0.3907759131086146,7.855173280787566,1.3691591607710736,1.7719324753219179,-
5.351488569322016,4.039999745905583,5.229816314262723,2.642538300630912,6.018791157745557,+
9.3711646341126,1.9235123625828487,2.1345406150475563,2.5788756606862133,7.6601757266160435,-
4.934266463755649,3.081271233205803,5.3364190093925545,8.516388998816106,7.3353756458661215,+
9.483478284956535,0.23469876119587152,5.673502249905391,10.0,0.3681070516369343,-
0.3629482389883665,6.453678816757704,0.2995617454183075,8.02532645434026,1.9628122249390179,+
0.11517879482984125,4.608968556012282,0.4404901012462984,10.0,1.0977362047851948,-
3.7985132027736146,3.375434511203077,7.00544947310748,6.392721670089154,0.7046055729975265,-
6.7099163596481315,6.669374218092191,10.0,0.15754518078797397,0.4113297918014399,+
8.399386647042089,5.227816859148219,9.661117343032833,3.0736005113893072,5.957662810035843,-
9.31976097484222,5.271380828334646,5.208555981915013,2.065028756306528,7.310420533605781,+
6.545690160968725,3.361562499995727,3.139202660534681,0.741009044781803,1.1893339270628456,-
10.0,3.5846335150023396,3.2708582534900508,0.8528483294354303,1.4946778080676781,+
5.071048429059561,8.641433793939537,7.833781571942705,9.011394689623652,7.294243405519252,+
9.995379288664507,3.0762735486137576,10.0,10.0,10.0,-
6.51232881336414,5.3339363345644655,8.772186677811963,0.5326009177959168,6.1816506792000405,+
2.2403604606650083,2.0946699457222597,6.92289737919732,0.15703386322911503,1.5733101929609936,-
9.26460298364203,1.094602157604665,0.7667520228722557,8.43354414109564,6.709009986026835,+
2.705168888880714,1.4898650603070618,1.3001382914948636,2.553617921277771,4.814451724148619,-
0.8035613414938014,7.051585657133565,5.230125913524474,3.048199230561641,7.246542993339588,+
1.4679446653166248,10.0,3.3557057434878454,4.00714235548941,10.0,-
3.586041672101169,9.46988696091639,7.582860763372016,6.894467043404071,9.202183659391537,+
4.5541667093798965,10.0,10.0,6.049838576860088,9.785452179687487,-
0.02225973982629026,0.5707477915592885,2.142635033691435,6.074626697728958,7.8434174977440385,+
0.03932974424670785,0.3291693567347475,4.16253808671501,8.649129133314498,2.1961709813569406,-
6.285532022521258,2.1962074787839736,4.576511452916806,7.145128117925924,5.312215157028399,-
10.0,3.4362491418507086,5.146789907223385,10.0,6.748426786084951,+
8.479422008718238,5.313815899042109,7.538165076905771,4.68325308326631,9.880235761706986,-
10.0,1.5460448247561303,4.536101490191936,4.440401916975542,1.6878272023206318,+
0.20082276267481602,0.09025805390394104,7.785144518407013,5.926149173318656,7.355078614241906,-
0.2699875620803831,0.012923185657620488,1.6202246254052737,5.153466719264072,6.468021425946149,+
0.41105508129781865,0.05695245371487023,4.187770472368474,1.941007591632854,8.744846619573622,-
0.034621977932614546,0.02298303798605745,7.69606218471667,1.3160263847974734,1.9977111352882861,+
8.244482380520664,8.181453804611918,3.4952139155907824,7.185650780270491,1.8811478472952337,+
5.094176012463665,6.5895999150322195,3.423990957258841,3.8969597627184926,2.0896013206766346,-
9.12004872921062,0.9247120872160708,8.0835101944773,6.626421807882822,3.8456557859603513,+
6.805506636519708,1.2783324583429247,4.885601007017462,3.567888042935489,4.599931408723169,-
2.4784768366459167,4.972874927918656,7.411194687780601,7.327782818754743,4.203016912363412,+
0.6077290270359992,1.301706727653473,2.670261944666061,6.901317375441652,1.6599477952176542,-
8.416564694211436,8.468083204465486,5.706918363287151,7.411325828013208,0.14615198465964152,+
8.782706172509151,8.329613368409575,2.752644251213457,2.1244143313126704,0.20255959787790712,-
5.755138224432647,1.8939030899724896,6.245914465607108,1.4696815082827697,7.907418669988062,+
6.924985767148177,2.2642039735343564,5.663706008564115,2.372703001364664,10.0,-
0.9090483853905496,4.6899820985877625,4.811038801750617,0.14075838440962052,6.211805223817821,-
0.15095664446350085,4.181297530179477,4.0037392824672065,0.03135382745321537,7.713572148520855,+
8.911770327149316,8.781155015822353,0.9571106382736194,9.310604060157532,6.136664822643327,+
10.0,1.2288833595473105,0.6337689508731182,10.0,5.488688792615398,-
1.2179998691379201,0.803643028213008,3.9297319578244485,8.162210507791844,2.2301944455212395,+
1.8934497106979522,1.056282079059357,6.942979447803368,8.637221817850195,3.785353180673164,-
4.826486406996225,8.978592920607738,1.9686237644598947,1.2139985636563388,4.588744988729502,+
3.841300460155809,6.933532959866924,0.48090035146748483,0.33808129383361474,1.3336759033455723,-
6.084083895958955,8.536663717450171,3.11552092572992,8.246551928014211,7.324624345773769,+
3.887453090549426,10.0,3.48513155430852,10.0,10.0,-
6.959345978697073,9.912142588026056,8.591354864584988,9.603538236158991,0.772736827884315,+
4.880344854758954,0.9444857130577428,7.464049682547475,9.307338180433801,0.2191465619695829,-
5.51590395107551,3.2548012810549407,9.697004081132349,0.12446336740010389,0.7025783505543848,+
7.907544314536147,0.6211581753756217,10.0,0.18487509055995488,0.10248484948446857,-
5.158563259375381,6.860861326801753,6.824154874582962,8.490998317792812,2.7677413654333725,-
2.0949896212407726,10.0,10.0,0.35873142099163624,4.457394362287677,+
4.195860677329248,0.6520692797424321,6.126791118703149,5.505872307768492,2.537741080313396,+
7.513902602709493,0.8357601651395871,2.1744511603078682,8.723950749299464,4.394679930518046,-
5.792893595181797,8.91960283467711,3.1343151502519087,6.654210823644361,2.6405071859504305,+
3.3419784617340262,6.423642426552146,0.7543293853017163,1.734726806369459,2.0333779608587688,-
5.36985248257987,5.533453042627071,2.9734376700084866,5.5657724357811205,1.933953610942274,+
9.61509321187703,10.0,4.144843304672129,1.9334029911186945,0.39986723655420736,-
9.124541048680397,6.338517630235817,7.746895181747954,9.416492260620345,2.4112894247502012,+
10.0,8.122881410980174,1.4571453755415642,9.659424351738235,2.60829850326217,-
4.45686534076419,8.587800686328226,9.205465026126811,6.58626951526439,3.9106041624379606,+
3.5802358910826872,0.6001279592317168,1.0115016265454566,5.626009484431171,0.36957471633779365,-
6.989829199455034,4.07062129711388,9.670727204329793,0.7162089498546864,7.409386002571052,+
10.0,1.748686534479116,10.0,0.3250537722218506,4.035551955836206,-
2.22089465652894,6.380586547064201,9.847150580790899,3.1226239052844553,9.100887733803923,+
3.9465940797791728,8.514622862945519,9.571118734117347,5.929157235793864,10.0,-
8.802100010293943,3.557592785041024,3.6169352888142106,2.7654061683693607,2.4594488635782064,-
10.0,2.751198665128225,0.31348019810196065,0.030384143442316346,0.5906580375995313,+
0.7301011450060968,5.4471922818029315,3.4890070906975925,0.9741768914125337,9.813666219574216,+
0.4656892499113711,2.762410089502781,0.4703548830396329,0.2885114567351359,6.381475804705838,-
1.7013862116359313,2.0390806983547103,1.2160936045221404,8.11925133002299,1.8617709919696412,+
1.4905690933153863,3.416837290936452,2.1583908923471182,1.0446818555695663,1.0225135143288266,-
6.309666877232486,1.9559742903754718,0.8630583696773386,9.931602883078385,4.448201419487022,+
5.979887908875925,0.5613643249468103,0.5695760420286413,3.604643417400554,1.5574451029314107,-
4.366288459482263,4.760377983817385,8.814550873763201,1.3540344981326835,5.291487651085887,+
0.45279181765580817,1.3176406456128908,0.6534052903781049,1.3484886325330854,2.0360395342037125,-
7.830110785134568,1.080824708979663,1.3025880951443847,7.230790017755298,0.969024067455706,-
10.0,1.7910399350157746,1.7865409497832463,10.0,1.7157894948383314,+
4.4271307476691035,1.6487808377257007,6.414892355220534,5.512320754158591,8.637778380807676,+
2.3071122141773834,0.033994312753832585,6.2726891926253385,4.330917715571428,5.905387329828397,-
3.68018008173265,2.488124793289439,6.472815009713445,3.454359822573675,1.080084401684478,+
7.036634530482784,4.66762721274311,7.791004306426389,5.369930228857401,1.3999288612301457,-
7.700947271637276,6.496683588476414,1.068127097392001,2.4368694258742805,6.193329995105867,+
10.0,0.254665310508984,1.3175533441535752,3.5462412481813086,7.371192650246015,-
0.5094027725112049,1.2416344681769953,2.326680646052368,8.177741427938049,2.259891629544437,+
0.5633568623022668,1.9007438631724631,2.334665073640972,10.0,4.48969958881066,-
7.729845602267686,8.179234806803073,2.1645714937290905,8.349055235378007,1.7021908118337414,-
10.0,10.0,2.5453805125276343,10.0,2.3085679719437837,+
4.520471045903419,8.065775392587293,9.52015821419544,7.47741455455497,6.190167451325065,+
0.3428391903076438,2.8101393213290504,2.63594805786165,0.42892832814509135,1.2308396806565285,-
7.6106056421742885,9.14106170982701,9.722980244173323,7.11972632740255,1.8702474692005067,+
10.0,0.34966851922080117,10.0,4.929530355359806,1.3639835415443353,-
2.9014425489193285,7.496018528676033,0.08138308276859907,9.792281271126937,5.367829972701086,-
3.0263827212102465,0.4950787090884106,0.1338974713491592,10.0,4.128740597516547,+
6.673584780252329,0.22419926100098464,0.4327822984253016,5.311792524108503,8.78263273496345,+
1.5385359038993327,0.12001495722357067,0.4098305400695882,10.0,10.0,-
9.025106989621351,8.011120589373185,1.906804661281306,9.758166850743368,1.2607421399313246,+
7.20537913182305,0.2579373954939223,0.8750169563148054,3.8301149619853128,0.27782004032845825,-
5.618917223970565,1.38315684509277,2.618004486563242,5.3570993590874485,7.225605182002033,-
8.135497586167306,0.5384559127101488,0.024273738710171112,3.3385823103550827,1.8058865618253126,+
8.268737306170657,1.9136327912425288,7.013601048058856,0.2224841442678449,9.908597199766401,+
7.104433110517773,0.9042262829334549,1.4831726836763195,0.20066619682096454,4.166167198459499,-
0.35016158185497637,8.507852738723889,4.553701549688276,5.642530581396689,6.588307539562772,+
0.44688339423352336,10.0,5.205897034981976,10.0,10.0,-
6.90024828972164,6.750844157790173,0.14288693242180517,6.533324367599542,3.532854816264254,+
5.585785648547883,3.343815881500446,0.08287720836176377,7.288570791166129,5.475853292378561,-
8.589840717013564,1.3727986116279223,4.051697941835588,2.297462236579404,4.913892278381196,+
4.689542877378385,0.07350779515975935,2.1940523375829573,2.9526269535932737,7.625601186189528,-
9.040004411391772,2.820466540391602,8.169759231898846,6.6615145590084435,4.967205556538923,+
10.0,3.4389910514994857,10.0,0.8100586785441763,5.186190488957217,-
8.10744096770873,5.3226819445668205,5.705634906430995,9.75834519640372,8.753687353358494,-
5.566642490248699,7.656112388723651,4.367110373951302,10.0,10.0,+
3.002555318583738,5.475062246840516,2.8417755854286266,2.487120537342081,3.337385601182751,+
5.0360525110799355,8.599795377332665,2.9613470097266235,3.334794535336383,3.8533181727168144,-
0.017903251373989626,8.000297338389284,9.638097450559282,8.611878964590375,6.50264353788422,-
0.008210669986512474,9.873165349796455,10.0,0.5680110912346966,10.0,+
4.220991607005686,7.562382383292794,3.555907549751902,6.003287230416403,8.160745390992574,-
4.359093856772765,10.0,6.999042979524046,6.51669388136079,10.0,+
5.702539450348494,0.9087844392057132,9.718826902306578,2.7039553191045385,1.4336976135654556,-
3.5329451788793773,0.6229532120266449,2.3810350119651473,1.0835834793598798,2.5839458267830784,+
2.5687393187871486,2.8709255710370343,5.5696011696003005,3.218454728620711,0.3470642351937958,+
2.0763892356915745,2.3912458252153757,3.2362505781381876,2.7366854089530164,0.037764143572798066,-
9.81108605422349,4.920033408448114,2.305086439772616,3.939206698853095,9.682538906187503,+
1.289146003350606,2.9101643644608473,0.08724637614506804,6.2292884501422785,4.359536937465677,-
8.549409377732141,1.2842213366886934,7.6781387422799146,9.978023599245155,9.788168399157968,+
4.890543675302446,2.052025892084259,0.8315513189284489,6.539813689994607,10.0,-
3.7495401886083854,5.605745381480492,5.55263632784336,1.7300631328749672,0.9837319047594806,+
0.09294174598991273,8.944915123954976,2.162648699611668,0.2392778119416443,1.426158885884437,-
3.7088569498091983,8.489539880916032,1.0858306297476716,2.8449565722875034,4.122152222962773,+
2.961536497191234,4.239382570716298,1.514665154392422,5.29690242373721,0.3851959862544696,-
9.690089172256467,7.566261700677643,9.715396466431184,4.308701458888579,1.8440270676148085,+
10.0,6.74888686908793,5.318185271518766,3.4601038797972694,2.497525947471066,-
8.62011733449269,6.6427077721720735,2.869659114465737,0.6073107985572035,4.247851790350742,+
3.0904629890498865,6.488080941138894,5.381070016049901,0.21580730909840629,5.646238812947475,-
8.70917441001916,6.99240392618864,4.558476244806073,4.215643950308553,3.093205590705134,+
10.0,10.0,0.6099841710655401,5.798132246330607,1.9058932593068445,-
5.111491094556432,6.578783787683395,3.051063738409623,4.446520246771216,6.582268005057557,-
4.266047529683038,10.0,0.7722089962846943,6.369306645849989,7.499132290497513,+
5.717936524698879,1.195960600700835,2.444494409860718,4.885373876634756,3.033873068191565,-
10.0,1.3691484235145768,3.5170289352198343,7.302925599539407,4.021434108870043,+
1.7382870734737532,8.531065629757759,4.464468199658608,2.026144633656065,1.844197208997641,-
1.606844260142017,10.0,4.067071540350853,2.08003364423415,2.5265905811299807,+
6.466756439693079,8.330225550197227,3.366534583712608,6.914240562020561,1.5177394196120453,-
10.0,10.0,3.53623857095692,10.0,2.788289792883906,+
7.981544390055623,5.0526705113601365,2.3124258288205732,7.644213028992071,2.0362185448121686,-
4.312623052502236,8.152210291117742,3.245269325143903,5.670668288524889,2.6046771354111846,+
7.378541110873183,6.601286791128656,2.457670945822291,3.468131766802267,0.6236311567967479,+
4.853574308829897,10.0,3.1991185038804235,5.402807918700266,0.8739328063765873,-
4.753392308675057,5.250635322905196,1.8464167293853162,4.270446249031037,3.9438519525874205,+
0.3331409725664839,0.7346958843001357,1.2977472161038608,0.518045473517224,0.6012952909770881,-
8.535695775412258,3.5948433997732456,1.637786679887634,4.967133351391478,6.209693216989186,+
10.0,5.147222236394887,2.229573935864367,8.051889169173531,9.655624767981333,-
2.3090752215775776,0.7905819477473441,1.2528539137505024,1.2502770754048942,2.264295103695165,+
0.8844162193992671,0.7482029760896082,1.1019735333881409,0.8117654230799969,1.0404218538057963,-
1.3770371904194734,4.350418485542775,6.886473681639174,2.4720937061324024,5.496751316487555,+
1.5757895983778334,5.897252261547999,10.0,4.141768563823267,6.585986548537041,-
9.508619525009363,8.783439354758052,1.3310404209422377,8.635688978285128,1.4299914195939,-
1.2419158450412917,1.6916885069626806,2.308448026783465,10.0,1.438003088527537,+
0.19756520866941463,1.2468677760981894,4.579608399537661,2.743284629093293,8.605802346312437,-
0.10741083870637387,0.19741184521607721,0.3601260793127601,5.119099010417326,5.250598014769501,+
8.094433325437091,9.89839295768815,0.8015878171672086,5.298087457538559,8.786572326707509,+
3.529807279354731,1.9533897339497563,0.933372462634812,1.78784260311622,0.378573489903546,-
1.1507375044203283,5.049674701474377,5.492324106294867,2.9099950738125724,2.081979631868033,+
0.7290300962548788,7.339428114651286,10.0,5.618917973520017,3.792523694269575,-
9.58676616111889,3.9124573868906065,9.015351145302336,9.736773552690241,0.5192932071553025,+
2.3230471151413274,1.9070068534705145,7.9274803758296,6.034325426046077,0.20296007953323444,-
0.8433700325324367,4.887564656695108,9.44820040293372,4.738279388780713,8.266164487604899,+
1.057764897013566,7.807165912929706,10.0,1.6225442213523256,10.0,-
4.894473183762756,6.480015605827615,5.01395476636524,3.936041659745811,2.8557636152358032,+
6.078716866009385,9.34932225858869,6.120062348694315,7.007257738209205,2.7555555142278387,-
6.528292911390878,2.4059084606112657,5.080212894295242,1.9854825614771,4.86545864226899,+
2.6758236523783996,1.3841474166248988,2.5384011770288124,0.9776526177796694,3.2665383079793586,-
9.665272028820972,6.991895670992816,2.987764884427573,8.000195977917105,7.771856722754102,-
10.0,8.824653922813747,0.2261033257867805,10.0,5.21488836849586,+
0.9323709172773664,9.350212320835224,9.402482662749357,6.059464951190554,9.52059876065951,-
1.58689267552287,10.0,10.0,10.0,10.0,+
8.616907622152816,5.109766554488901,6.033695768254779,3.4141013269169127,2.583159477448099,+
10.0,3.6859641729201424,2.7346120627694828,2.020425441342104,4.95406119655791,-
9.38491470132642,7.984144407451002,5.636621264762932,4.396191292361799,4.192938800625759,+
10.0,10.0,9.971461692510092,6.057303838070135,0.10818550289751462,-
9.860178815055722,2.9775424189865705,9.735181060772513,1.1348928640218348,8.48180687993002,-
10.0,4.0814601947156275,10.0,1.6035084874125536,10.0,+
7.844370046038448,6.999515016960487,4.725593019003234,6.2582248177338045,0.9073875837933787,+
10.0,9.494075051601188,9.098592684660693,7.03567009747138,1.6418223354488408,-
4.28346402890599,0.638391366664004,2.0610565768460773,4.752072134279709,4.900540085736555,+
4.92247629513273,0.6481635259821902,1.109888357738709,5.647571175399055,2.225069730551939,-
4.487351644348378,7.67254919479652,8.98723930926164,9.50099222809668,6.484033293205609,+
2.0440132289667807,0.577025351082163,2.3929341901988694,5.538222193793201,8.211974669503448,-
9.798791892621493,8.181736230013941,8.845198272511514,7.623966964058663,0.67848156016451,+
4.648042247639505,9.815808674073203,10.0,10.0,1.1770030437045143,-
8.563479975824764,5.354759057955687,7.693914900445371,9.99455125120624,7.375918210010371,+
9.595567368411725,6.555937351135801,10.0,10.0,10.0,-
6.772200768618779,0.12005665404302257,2.812060111824115,9.297640647932363,6.277604451148439,-
9.950709415439796,0.07072992216463311,2.3785292921137846,2.244380895655125,0.673935287071231,+
4.142744150827678,8.079577671225346,6.435738454855646,3.79284582556385,9.163061293812339,+
7.252634017652709,5.743312602795816,4.827114047682674,0.7912382912393231,5.232928411418667,-
6.863152711304513,7.046519363392264,2.2147432262931224,8.803687260682507,6.737383249825491,+
10.0,8.706506975369024,3.946796194794865,10.0,10.0,-
2.885811398080811,0.15120450031989252,5.570666792637294,3.4714790593462608,0.6159576170682513,+
3.074645349847303,0.23015988020702913,8.556346078801408,3.9673490333518813,0.818617224122801,-
5.171178220168397,1.4945524672207011,9.747372936041858,2.535742849261704,9.875902779261521,+
0.7437990973899589,0.0990002039674118,10.0,3.0161592504073145,10.0,-
1.9715783820649657,3.09334668886343,5.346354143043356,0.2957208095089292,6.439785783245143,+
3.4394707932946207,2.9254782634667307,3.4730321020090344,0.4016214273259865,2.6908090726535008,-
9.0887197001729,2.48154842215759,1.4977302655960967,5.506451704840172,3.165633090797816,+
2.8557892978305643,1.3631321031313863,2.1702961406645325,2.8180974919748705,3.3828437688679296,-
3.425239412887946,9.743902319058629,0.9887050962668453,8.088444822782963,4.589725114510919,+
0.01168688591726284,5.811721778516653,0.9605929241638642,7.276267465243329,4.431385598193492,-
4.762394739069995,6.612756321429732,3.800425792334355,8.811220691433066,3.128191540203462,-
5.348764202897984,8.766920216047408,5.39919646883409,10.0,3.500602652535339,+
5.018204548969133,4.3882008117035065,0.967278416616314,1.2980092676723687,5.584506655623654,+
9.556931038131669,2.8802353689019156,1.1754336764598539,2.16685468622747,9.703097387768857,-
2.9426351934958204,0.3101376988701765,2.439017212336857,3.437455345570365,1.5335191988230101,+
0.6574913592217301,0.19458578006384078,1.3908348994052304,2.30095067540102,0.7755379971388701,-
0.301332464901104,7.7607853235765685,3.9681459945303468,4.9477799159365174,9.15988533388284,+
0.422282267606393,0.5746108644551371,6.236686343793232,6.784427669613589,7.281237254939819,-
7.257960385139956,0.25235626687421964,1.9010385774686467,3.451366980428532,8.740062158876794,+
6.95327759171305,0.04042895521962491,1.5710141091543663,1.955153455415432,2.000625169474589,-
6.969904670700986,5.1720749063143145,6.398346648271744,6.653388351153114,8.642679972006677,-
10.0,3.9497138149829234,10.0,4.480772237290615,10.0,+
4.003114724487515,5.539250741284226,6.523752394609375,5.254645643534554,1.6853604852210957,-
4.135514444126718,9.752449480070373,6.823145496129855,9.841758813061675,1.958584724016684,+
0.6259099915544741,5.038727942211593,2.692244507381192,7.701873862757233,6.262319202569071,+
0.5072686819079575,4.365597430089199,1.908686932840278,8.230191912528591,4.361201202916792,-
8.322691055088962,4.749359108019013,1.1607938596099088,0.365680616202293,0.21486398195407763,-
10.0,4.0147693850456605,0.18759189727201928,0.07500911334188298,0.20749737782717317,+
3.9212698861529995,4.482293398513958,0.6093077254306589,0.10996850945739989,4.988444229137345,+
1.4391150663823788,1.4845149325507287,0.7009763774390819,0.1831196248309404,4.223047022217732,-
8.637838924280846,5.308156238405834,6.995155263266119,7.925623971221213,1.1444688997263408,+
8.904532418867657,5.598824194917002,0.007999657654208467,5.80624900191832,1.113763939973459,-
3.908782981128487,0.19346799014469562,8.10810304435131,0.8326022783198483,4.358055183382275,-
7.651738134810782,0.3542989862147806,10.0,0.9467071621566159,4.607848933148306,+
6.367889512229965,6.774018561113221,6.921532572013608,1.0719243509037757,4.928236622322073,+
8.27918540219485,9.05053263596432,8.235367429641483,1.2316603641258654,9.12518369163204,-
9.571830639662602,9.30882105057823,0.07101239454063824,2.0839961776060867,1.4818568842719992,+
10.0,1.8194536133068688,0.1320192157501166,2.174002572411179,1.9164092297545754,-
4.429330628418419,1.8353724247993763,5.3434335469089405,5.097388110057377,7.7292478513138985,-
7.759627221712472,1.0393837365853933,4.86257787124107,0.1931684686509867,7.602880192351492,+
9.825661794030355,0.4609390664560775,2.0391562443337294,5.912636611236213,6.741256179323302,+
0.7070566973117084,0.4460500061358527,1.2520998186053525,5.611268992593825,4.254880958035573,-
5.514283380678034,6.87257693530822,4.430245751913008,1.7671705338889532,4.68633338890209,+
4.065877475592058,4.358227883120238,0.21074518871217668,0.5031444229750585,3.9189871975123154,-
4.4986616577490555,8.84078633259798,2.564717606804592,1.0000877463959523,2.754129150195358,+
2.4732116187708315,3.6391559957373474,0.9677740100244275,0.9124669961937728,2.626151737697228,-
7.969521797575155,7.561781004348436,5.490683904231276,9.33897558639127,0.29157147450761145,-
2.1319993997997218,9.858155752786894,4.737754517919944,0.5604892910361581,0.04675806583478773,+
0.4272717310935814,6.106596782800107,3.9818511665755283,0.46160755416939425,9.159568182239866,+
0.7656631128141761,10.0,0.8582369745462621,0.3163788661094683,3.172662121049685,-
3.2381693948510826,8.295624667104125,6.093943718477589,6.598724609789713,4.0538670988733845,-
2.5132347024320185,10.0,10.0,9.084821013968162,1.491877801406682,+
8.967262270924412,4.7495755342296695,4.545662192974012,3.645905480178259,2.805045477486355,+
3.4142342358288587,0.921350760498774,7.058817304683027,1.7559303863732423,1.905845210897076,-
2.816093365978587,0.22142539424424346,3.218031756379589,9.972305618264219,8.817724686041991,+
3.4406078584851465,0.41808136712718313,0.45588331812062755,10.0,10.0,-
6.7931642508389425,3.31107798224029,2.318761960313319,0.8649401209045493,0.258322103257157,+
9.076429496410752,2.4186828682189985,2.673080139363226,0.8435283917767821,0.461389839050447,-
5.130219442774714,6.104746938976877,4.209903256885218,1.216604749322403,5.483210814523046,-
1.4123067501788553,4.332143896480443,0.5942953027965334,1.342306614657881,2.6446684456049505,+
3.3040843579754684,7.9593790223738425,6.804031320962835,4.885536112065116,1.3244110615049143,-
4.826879645171537,8.571749677907805,8.899750370198609,7.740318308826751,1.8335016005713403,+
9.386717169808191,6.535930839197171,9.249479450842447,1.0473760277817634,9.65066437159831,+
5.649755912664541,1.9230068315859068,5.002761645937819,0.24665881286271948,0.21679114623413726,-
7.146466195624233,0.08192375357798265,2.7382735272158545,7.672008713584882,2.196064504056068,+
0.4335580587582115,0.024362498482718365,2.62519814479036,10.0,2.761509916636212,-
7.773132334219246,7.000983631752274,9.167876464833196,4.59614101569632,0.4411528631440731,-
8.205852029633132,0.007210030214857421,5.600266810899352,2.076541122833919,0.19497860388306942,+
7.120174500163985,8.571884776466668,5.176630819469768,8.493608743361152,8.464100301939764,+
9.94138493209118,6.144115328432184,7.59970780767162,10.0,10.0,-
1.237288961375952,4.3309917296046665,7.18657433197596,4.410543958112285,5.1797011076026855,+
1.8367943069252624,5.743307338327778,10.0,2.3424349128119197,9.604140971851214,-
6.973810862023012,6.380089769177943,5.128579332867495,6.918787108839089,5.247844374220674,+
2.074253861406388,2.01341173079756,6.1536940901325945,8.110845278360886,4.139735100277199,-
1.9681984877369874,9.737251894382059,7.980787818782775,9.829405100466634,7.65028096674972,-
2.9608429841532615,10.0,8.526524708893376,10.0,10.0,+
5.379712641014055,7.1322686147606245,8.269990722618324,5.028718537040955,1.2854780533641808,+
7.954592560755899,6.506716687397557,1.7758971398208672,1.4331823278655016,0.7625991229970758,-
6.265350597776179,0.42888500859162515,7.471135863209847,5.51620876555869,4.374318466957638,-
6.729120945502951,0.700480433138154,9.122596319325279,9.619326464623024,6.850580935535339,+
0.46670011805154066,6.865414429907433,5.077488350812756,1.619596826613916,0.10355350394209206,+
0.49287274511325785,8.657857507598633,5.693748602307336,2.9812109859336084,0.20560333118222202,-
2.93817738216257,9.865878691887191,5.545344910623688,7.255862038012568,5.334299678270533,+
5.683258987077347,10.0,8.251001611593972,10.0,8.397014194425113,-
0.38702809682240935,8.120404862535661,3.8214349463565647,6.017619023615484,8.184224523979621,+
0.26690816736908374,10.0,3.780216413097615,1.1003002796641719,9.616273774122195,-
6.522241316269982,9.988506173126376,7.433518999468162,9.387684379386076,8.187466420809985,+
3.784102022798578,10.0,1.1296148749783235,5.248496179091583,9.006317648782092,-
4.628428365552652,6.593076943597537,0.1965082434151011,9.53379301161772,7.351796600908747,+
3.5330865945216594,0.9936318357336161,0.22679534371349064,10.0,2.3926227344607227,-
8.821151295015332,6.902317978808591,6.5336558092344275,3.604172464800307,9.25324450250837,-
3.240080105010035,7.858645208360524,4.2173358261633185,0.14689701817585354,8.894570117030199,+
5.197299437761301,8.281654391716671,1.2592840177480624,6.692220104444707,3.121704091051555,+
1.712972697820143,4.391066093641553,1.1373855342811343,0.8546204220974052,2.016348247215225,-
2.0154156313638163,9.373819606756252,5.075008433547534,9.753410018204601,6.837926730374445,+
1.5737324406690203,2.532815313347815,4.996144665201868,1.0804672081218374,3.40593058520258,-
2.9649334654099513,0.3496263228186003,1.5704460466367531,7.824522604623403,2.588897888543884,-
3.055702982541801,0.19156613891562993,0.48208652875004043,7.583791883607972,2.4239760984841476,+
7.009373667356359,6.668753681675868,5.4405602075156025,0.04890825804508725,3.1989013880359227,-
1.0148986825462345,5.897782242968084,10.0,0.054136249774123194,4.927848188522288,+
5.290521012379946,9.668086127953075,8.83333433988107,5.324754263688067,1.1308557578106626,+
9.337746829159402,10.0,8.198831479494194,7.35545658755374,1.71149395161199,-
7.485289431686991,2.5849567330231715,0.17286727998389817,8.118768244495179,7.490282242484384,-
3.877000677254793,3.2066104717548503,0.16626188455509777,3.6729725231644177,1.7474942001978013,+
7.631436660909326,6.163310764786147,5.058697427425215,9.460711465312015,4.330366180714563,-
10.0,9.613417497511428,6.7111159514876535,10.0,6.837673177006958,+
2.501974761448309,2.4810854481554268,3.916298234814567,9.395725218973524,1.116525197163457,-
3.534584909381171,4.325381937964424,6.125222165760803,10.0,1.7678132486052247,+
7.305989371139709,8.857178824431863,3.462956323400055,4.149238228696047,0.11187223717570638,+
5.257922062419114,10.0,0.9852304363193413,3.1493653221731197,0.17826516651716673,-
0.45053909190649444,6.420007218266966,2.498474896113824,1.5186321749428833,1.061685883372454,+
0.4677184713392195,10.0,4.345558522234635,2.5684866312855896,1.524391112025334,-
2.944762227255996,9.288825192890716,8.072260450493845,4.4102979550502965,8.004381650183563,+
2.7495574921910855,8.223834464711798,1.2211958821662579,1.155975448264672,3.67386172988902,-
8.687503080385458,0.31221361787716284,6.393161630551686,7.295366870324116,8.467348966307748,+
10.0,0.42093432455400226,1.021947658597995,6.077421003663448,10.0,-
1.8875372782540978,4.7457178332990555,3.6842329555371824,8.159627319653707,5.893248531259463,+
2.6081066871029055,5.091325215977345,3.7458425684605934,10.0,9.897206545858696,-
5.923723684103277,9.583708440415585,2.052445300560829,2.9616437379405647,3.826059937784163,+
1.6109422013359955,0.16238238274937,1.941323605369154,3.275939908712602,0.9882305728018087,-
2.4504227036284565,6.713307385763399,2.9684402665997056,2.0980569506322277,7.539424277137584,+
3.2597167600818002,7.921771647698803,1.074121559098472,1.2800271344814316,6.910851434134625,-
3.3578647053912025,6.37013705453103,3.371442081292103,3.072617058624725,3.830829997804106,+
1.4760589383684068,4.556681388576673,0.8283403043536086,5.492599224656909,6.128668491181248,-
7.933944877716199,1.9153537066891035,8.935206630657312,2.985387922930769,5.320964699133609,+
2.117154254495803,3.2274635118653885,9.876905548627823,1.1860262582661585,8.068330906881094,-
8.81450496936246,8.49785534892649,2.069511145642493,3.763068417096095,7.893318767163187,+
0.15065587262553692,5.615193850956918,1.6926424958343502,3.396926147950024,7.5050478796820705,-
4.8269992884402155,9.681376560064672,4.8477823233685875,3.540933215809753,7.511110592602979,+
2.9462103020536308,10.0,2.378030172280839,0.18403635307706204,2.225325906290312,-
6.748811299665418,7.393408669076099,9.699886013845152,0.7234381132830869,5.954125803682352,+
10.0,1.1661298198152048,1.5261816596495574,0.6617654438556694,4.661559609736432,-
6.160089349390492,3.0252272480297515,8.328398933488797,6.604479449685492,2.418499524337011,+
5.715137105532983,4.494065617615421,10.0,5.694368809356745,4.299007943618619,-
2.1045650127292803,5.257534822340823,8.040186824210156,7.059543296575042,0.24918063537209267,+
3.2170521652546,7.1580211358036125,10.0,3.390843356846649,0.3593450246393273,-
9.476359902200711,7.865370033148386,7.596423773485611,8.807755172975613,4.135915043279361,-
5.262555518984553,10.0,0.5718827339893405,7.200435886097777,1.7393480542930118,+
5.832715354784685,5.020440540991168,4.834831485487467,9.100198466363326,0.7390794341572415,-
10.0,3.3381895247745312,3.259333937012118,5.101299674462364,0.12092420887921367,+
3.3838623626362963,2.6859734232344588,7.148953785505166,2.7608588730076313,1.7240986681589587,+
5.194366371307687,4.556702204219126,5.044857061096828,4.381434294395948,1.9696341324858306,-
8.11191599412311,5.5885565378772455,0.459214461919083,9.306129676022314,0.8388307472896006,-
6.491438682727196,2.1230629636428064,0.16879520124301434,8.836693111597047,1.297525802042079,+
9.846908704755247,0.603022790450144,8.885357222263465,2.7824995827495123,1.8992442072895432,-
10.0,0.6608071397955171,9.622345477141705,3.2720670455312604,2.3223481623728306,+
9.733995356082966,8.912428783969148,3.3706058323825614,0.8809697029744501,8.328739140350306,+
0.5936865060999678,7.796882250892466,1.1116997925913497,0.43545705466160983,7.658701432893363,-
0.646710376129036,9.602564215468297,0.4500170041113072,4.821387253788426,8.356119308258656,+
1.2725110129024615,10.0,0.7009378842620244,6.7908182271859285,10.0,-
2.781526965008152,0.08404987198923575,7.009438241135163,4.568726436937306,1.9172359195891642,+
3.136280475473271,0.008230359100843828,7.035248426362546,1.5685886681537735,2.5819056273848053,-
3.549305930138198,7.857581191175321,1.5493172870676064,4.905616620879978,0.2881184595621389,+
2.393608929329364,5.8929733027575795,0.3309358732903499,3.6911639448149107,0.043763205311936934,-
7.528911383760322,7.7866029529414735,4.484953408271894,0.9616946839583773,9.989785690532957,+
5.761032643567257,1.5217486366368913,1.7850362893689555,0.6105971176438666,0.47096117337468335,-
2.494498940756559,0.6781853103796875,2.815348879178644,1.2896576111066849,2.043927576695169,+
0.9811434483467509,0.1086793417943336,1.049494719790781,0.18439992047078774,0.7273797952036166,-
4.707522447960766,1.9697654829624445,7.7457551450132485,3.597192534971254,2.3762282226025375,+
7.963855045327301,2.363005018942996,10.0,0.5792386004066676,4.36396745087604,-
7.680805935394025,5.28938610722192,0.4958171806415457,4.0508036906801195,7.7836602235308705,+
1.2516143841906955,6.044423318637601,0.21849124970095674,1.672936024048984,5.155947488949913,-
0.19395033102959647,4.340806491275578,4.891064901418649,8.263484325056014,6.267363957105357,+
0.08416772231743544,1.9568282401424604,2.1747117634698143,5.276868007144364,0.0925817533636721,-
5.1744853505615485,8.050935235308668,1.6556404560685578,2.660973892028109,5.791235481069501,+
5.543770709684896,10.0,0.2638219155710655,3.9294752378387865,7.772872777833976,-
2.5334009151748784,0.6435403721278254,5.955688523023665,8.55499437306008,0.7340429693008388,+
1.2899167984727407,0.14577519475295853,0.982193323732379,10.0,1.2311789451702615,-
1.642112944441515,2.318613597188545,0.5575673185011509,4.057579559147854,5.491401000129054,+
1.353179093792097,1.4294508481480828,0.947610657225093,0.14853531779240223,1.7136644454580205,-
2.805783442599039,1.9581944457912726,1.3383981085066965,4.298777648776655,0.9456730840434324,+
4.606048237532563,2.639303966080219,2.664257548524157,4.4797002745692796,1.7754942905455366,-
2.1953103619360705,4.334100705441132,5.394919408704915,9.781124102814493,2.0749670577555412,+
0.9574920507710031,8.505093096083083,3.195318737425241,6.54273538040082,3.9143342179372205,-
0.2527193334298994,1.8128041928145633,4.900101020101465,3.6839109276663837,1.653583722277947,+
0.3905875658190013,2.267478818371031,6.256457131476092,6.92961779151067,1.3482628665944687,-
0.423044077421485,8.995368341655126,0.138596763270169,7.2394558456316425,8.552913705177366,+
0.02157727881827741,2.189609491266932,0.06054186992542509,5.929179678551345,0.22614620528028256,-
5.196567680063949,4.328450994330213,1.8489519751463568,9.112514641260343,5.043288817998328,+
7.818143741248327,3.410443268013349,0.08011254487641167,3.6481619554757363,0.5487654542129535,-
5.377035299211626,1.7989844122054477,7.112453136633826,4.089376837148971,6.596946303531688,+
2.2924429506619375,0.137798271178738,3.5201809153924075,0.21095877743829483,6.590903778457769,-
9.873944018400815,6.649506759796462,8.927441924223128,0.5960644661542047,8.808811164772695,+
1.7103216628982438,1.9503070690871664,5.56424816167952,0.2522049204633986,2.618839060629465,-
9.133881201228032,8.200349593358938,5.5496616520043975,8.734949449492714,3.1215709510284717,+
3.941700261286522,3.9524055708221044,2.1397080700879036,0.4127608105192882,1.8384289183226927,-
2.385723971663374,3.5986814493603414,1.3444192065325933,0.6961155472645097,0.36465306059249136,+
2.1472570170858436,5.519222928115153,0.9737873514247027,1.119859610980574,0.35867845981838303,-
1.9951098789577038,0.890787818286275,4.388085132378797,2.658019196037337,3.688130595049844,+
2.1862163530148724,0.9340063671430462,2.319015033735294,1.2782409066396465,1.4753387151461403,-
0.3434057235966059,1.4942996168242861,4.787490797130949,7.176711412064394,7.463172361574707,-
0.6683803153460718,1.7029435618765687,6.142691707562704,10.0,10.0,+
3.9274961514092532,9.228855188227769,3.1698017446274216,5.800204848812736,5.644395170916516,+
1.2064342421976906,6.280570107894449,1.8359898666194738,9.136951481492856,0.8753888856840673,-
6.703028311550342,4.206226400859107,2.50621193071881,9.729432375378439,8.965490642707648,-
10.0,4.593873905258432,3.6163914803411528,10.0,10.0,+
9.055330575957482,1.821460119565813,9.190343646337944,8.404057549384287,6.212824715555917,+
0.13187956720748878,2.395509764762897,1.5390850741924988,10.0,1.7351833019472875,-
9.473212876329148,5.437750021339194,4.108832791083948,9.572286548289433,2.581259964181281,-
10.0,7.990943971168128,5.176989665209074,10.0,3.172057675215377,+
1.0016529002820973,9.959451870887454,9.104551332146157,9.206502525276473,1.7727242765492601,+
0.77611887876903,2.0437790299883387,10.0,1.0928760830703224,2.9972155266018143,-
1.317751908985637,3.4301931181009557,9.076397096958772,4.077172272693474,2.8603452455666556,+
1.291726502847565,1.6669680596507563,10.0,1.491506283848429,5.222965724635465,-
7.693520687694951,2.3558169557303508,6.1351049553354695,1.0393328534707713,8.48323189586609,+
9.959118214542787,3.5195229631684133,9.275149740428683,2.0242067583805317,8.721142931524252,-
5.709941246088523,3.4976339565472827,6.023146633349511,8.780303871840996,1.9026130234243388,+
6.437149873363741,2.754196840618422,1.2319109800010604,10.0,3.1648553392963032,-
5.683074555968577,0.8217400301359767,1.974352566844395,1.4774108285140997,3.812771903515919,+
3.6566245388838374,0.36402021097558374,2.918962452712943,0.5902984103159942,4.679312249836822,-
6.601451268152573,0.7456906872485491,7.909136485585494,4.829623161402474,4.441513465368501,-
2.276817617280496,1.138317787162775,6.981578503526357,4.382158840895317,1.3795020146378296,+
7.977632075927268,0.9258798459152384,7.338595695467516,9.961267583298305,8.314946820486464,+
10.0,0.1497422814401872,5.45627454742465,10.0,9.529151570905725,-
7.7523046604946355,3.2216806443206347,0.4766576885238871,4.094255450623932,2.4238141097558086,+
6.473281423685914,5.024147128696119,0.4008500282146285,4.804258953009276,0.09481335254062437,-
8.171608003980129,4.158016864232402,1.2602698399786483,8.1387339062605,7.39522109167919,+
5.114891447518125,4.664747022633805,1.0694028978264698,8.419447065190228,10.0,-
5.280595745335841,2.5810190148125436,4.9890448444857105,0.7685410649318747,3.71239353596325,+
4.749417251979864,0.8977134895937262,1.3231290735510743,0.059073478666475526,2.8100170518672187,-
5.002087485937194,6.99128504032887,9.39564952827588,9.052629478566498,4.029834755908505,+
5.113672389290568,6.8880528860769745,0.5620625752041823,8.709483274319,3.4467925293013884,-
2.4002371636424726,5.5595302276465794,9.148007539128477,1.8072068477790137,2.3685410574375867,+
1.1615341774723789,7.511369899787496,10.0,2.94601316937298,3.822958974446951,-
1.4072821103245825,3.688923367985295,7.669376335598698,4.2903718259611425,8.115046181423072,-
0.3347715921781269,0.8072593085354268,4.172306662636343,7.929800218152437,6.855981119115525,+
0.16360783692337844,5.985720578313368,5.337332384755481,1.7145298827259747,1.9658868107706207,+
5.684224260825421E-4,4.323812848009852,4.5160827523382086,1.2784292254980714,0.5094859943856168,-
0.8123505185356572,3.512913843556161,1.9336290027249903,7.935893274570329,3.516005567265225,-
0.9149973627459684,3.5232966568803215,2.628971945110858,0.6152385279960229,1.074069471047833,+
9.343772999498242,0.402980566462916,2.362981436140731,2.158319181690145,3.1913941628854827,+
1.816248577237651,0.45450102225008077,3.030489720370767,2.9656685442496014,5.068454417290661,-
1.8061354468563673,0.9504102910612899,8.021966528847562,0.53259086745015,1.7647476718470623,-
0.9552592913949217,0.24881940797701388,8.786308300949642,0.031313375323617366,0.8466279927875501,+
7.67505702285645,0.13696856171584892,2.8264003862544005,2.2086375081945544,8.34323628326012,+
2.6361193571270425,0.11002469981914138,2.775138826468257,0.3096330883733528,5.852392779397854,-
9.476239155718588,9.711415486539284,9.124147544179733,1.1227689228556714,6.430223373379772,-
10.0,10.0,10.0,2.1736790772949015,9.077048740991312,+
2.8023980217998035,8.375423058091567,1.423519487506203,4.197275860611881,2.4530233059590403,-
5.478249179707566,10.0,0.9647505065240309,7.975412824162019,2.0457856033037256,+
8.452740501653766,5.551242984519633,1.2511552775934065,5.361030980164769,0.0953897482072541,-
10.0,8.167369989107769,1.6975817914092488,9.887071576378013,0.12553400195427947,+
4.44244886409039,5.789539970948697,8.866345882616567,4.0216099766732025,1.7497450754882182,+
0.925311320724637,10.0,10.0,6.52012944642682,2.9057666914529396,-
6.128221478136268,2.2710724994235463,3.3467615075033965,9.015475601085262,4.476604955960192,+
7.2175695338074055,0.9840636437214099,3.240037912083848,1.8420448972604146,2.904957802935338,-
5.383889792342837,5.333717956869149,1.0825983099320602,3.5720364295549323,8.997795922684796,+
7.1701026468833415,5.684881269198701,1.1293624665675805,3.013501616430446,10.0,-
3.4893379670840385,1.414626477340215,4.606957187778553,2.2267561379036884,6.316714495886112,-
6.917235368108335,2.7007286407751123,3.734948092833398,1.8983294770342183,10.0,+
4.294238949771895,4.299340191604493,2.2131897027006033,0.48998939303586675,9.569486042809904,-
5.317899814866175,7.11651239385519,2.9242789863484924,0.5549250807750458,9.83994431846593,+
0.9425827207055415,1.08620871591531,9.666019406601482,8.827516968451395,1.979602434129406,+
0.44627796214718457,0.30831379575891504,3.1846860717072296,6.770258743546947,1.4930302811560614,-
5.917976822568209,3.7351117095315534,8.00381536424028,3.419625883560269,1.8722062067793666,+
2.1533596390219643,0.33041100747216295,10.0,3.734421383669293,0.4049624938386092,-
2.2967594215274456,0.40466720492201125,8.613717128205028,9.149393146110622,6.040665010083445,-
2.705524219557196,0.5415160450544609,10.0,10.0,7.66672428194206,+
3.650042530287587,7.169001525147236,5.746978631171483,2.2758297636543965,2.672518656306313,+
5.864177854130236,10.0,9.619888813763907,1.6255741122018,3.799377463270058,-
3.103265959363364,2.910181984236239,3.756297894381806,8.071269182467862,1.570666373607461,+
0.8387117002835113,2.977073404005568,2.8637051197457546,4.9348088639943,0.8692748929652243,-
2.2709128232888345,2.2423671190276084,2.005647186909968,0.1983079521145592,2.6772889604695105,+
3.5336429313578184,4.3583785326741875,3.4084849938729254,0.3688151056385973,3.9449411953361855,-
9.287203386902426,4.553795418670195,2.454025033843231,6.468578241023975,9.143344695418131,+
0.9169103414600819,1.0856225711166667,1.0899872352226083,2.343892842586037,0.6987527630557853,-
2.1265010378240454,1.2390013917069376,1.4670689000515003,8.646913797522304,9.05876330634849,+
2.544587110572956,1.7569452882326693,2.5779429617419325,9.160089551786466,7.372870569217341,-
1.7655512770601633,6.000408796221615,6.528269559916647,5.547179503963974,1.8474381185689048,-
1.4661944866961927,1.1298516615336325,0.6786760707784697,6.239262761453751,1.1534361320267483,+
9.698824002820595,6.451893606937741,0.20404417003993203,6.761915455478913,1.1819030377037676,+
2.391777954789374,4.781372377327764,0.28591367601435036,8.940343485643226,1.1045790565755522,-
0.669380926971469,6.380427960314928,7.51872215010943,5.455386256530584,4.9932029771321895,+
0.7825150932529295,10.0,8.917045325373996,8.54926362992253,8.442921415156022,-
5.77224986049068,0.27514377822374647,2.836978961093161,8.926783957858174,9.938379205942926,-
0.5028791572813724,0.4574812330342056,1.1343574454144025,9.18304003516011,10.0,+
2.2790537648569353,3.8834588345328456,5.797638718285642,3.7138050165970005,3.27342888841464,+
2.4593752493683634,5.559746730724695,9.732853708563583,5.708970769334267,5.395450714103736,-
0.6797575872988282,9.114702708516093,7.607774747005846,9.371295200288735,6.577191220745311,-
0.14381941887445304,7.8806118268719425,2.9770594232274084,10.0,5.400316812776181,+
8.08953028676906,3.065734335518372,7.439435252702698,5.990390469931214,0.3049319186018018,+
3.843618742573751,2.423588920435247,10.0,5.8006782169305255,0.11664949540176725,-
0.6170517139720633,1.1851342323072234,1.6358927542578483,5.90159504869985,1.8870758059248538,+
0.44705335737371155,1.1146375531850494,2.9932197451985885,3.9670039670828383,0.7405192436722193,-
6.077546324384459,0.14418493009155542,1.8207420561594467,3.2792290487641953,9.752500107978756,+
1.2623085397279843,0.2030007527166892,1.2105496710554509,2.2912766390716413,10.0,-
9.1730839961951,4.3590934548977325,2.2884185312035,1.0130405294440759,0.4683479046955985,+
1.5721477766910967,3.644082148554471,1.2529665547233482,0.8702221795529962,0.27284644022400856,-
8.746654383734047,0.9546152575202949,0.6690717862345619,1.908980247790728,6.271426849911199,+
10.0,1.4488579674851945,0.998565165398389,1.7420296119647847,6.986958291887075,-
0.7831828372505079,4.378167037582256,6.203142362508418,5.318121674409889,6.980752245760039,+
1.4770470088588898,7.680577728140992,2.1525569023348154,1.686505451850656,1.566747522677222,-
3.5964992623425807,7.545346448688005,5.460241651582411,3.042225986417498,8.976344755840604,-
3.1567522155651964,2.9339531038902815,5.066097253512472,2.5979981302814736,10.0,+
6.408575556114573,2.6706465391370027,0.7613951641303596,1.5526706273296131,9.687327780537194,-
1.271604958808556,0.07123807695283478,1.005042648804492,2.9128607036181284,10.0,+
9.185445785381246,6.757243177344403,3.6408763113974896,3.422659944758629,7.934221054918295,+
1.431048911825206,3.6440883910283275,2.060972717276773,1.9745615305178055,2.145267932713428,-
9.022515654182312,4.185870510102418,1.839048093709732,1.710130032120104,4.741063906905836,+
1.2836661595801335,3.0022492613896734,1.64606222915881,0.3842510493357116,3.452505059993298,-
2.572524967081616,1.1948540189354928,4.098443823899293,4.11133781461933,3.3473284595719974,-
1.3146283693514131,0.9340957535101067,1.8613462832643461,6.300832375779413,2.154585038249155,+
1.4167167058184682,9.882863259811462,4.553493694574843,4.673756222312261,0.21187056776546198,+
1.9526442185590052,3.848504262489235,0.015650202228811153,6.596403716097475,0.04075492954045389,-
0.00692241448095432,8.015008606720347,5.00252081429082,2.2161621822507116,4.623255868098336,-
0.007263656033898271,7.576070864593215,2.026472524769699,1.8366120662561896,4.070663367852318,+
2.8379601749039574,6.231494146330934,3.5976285158228247,1.8711711443815848,8.231432713185312,-
0.37933531096212586,5.998237369201815,1.338470154031955,0.628698968071036,10.0,+
7.991391055335565,2.495540119699766,5.3091810592261535,6.083794036895948,0.6727448199921426,+
6.155274813208948,2.9002067957931597,5.851695248230187,10.0,0.8949052882131463,-
4.623929943313243,3.7397977274178515,5.769116059013088,0.05263996028022744,2.47720005665915,+
3.3256588967094958,3.9073172979246946,3.290359459878837,0.10110357155324244,0.3138286080089966,-
7.084539721430292,6.020731598579716,3.892171197737988,2.926143733791112,6.475241269223661,+
10.0,1.96940784124279,6.11969252223413,0.8883861258579584,4.731122072088989,-
2.72749746636318,3.768478833367621,0.18750355456677914,0.26499984647489816,1.509076247642318,+
2.0439737276087278,1.547869739055354,0.14185371484713227,0.2392932709666024,1.3517821520743578,-
1.5044802416362035,1.7909393442855548,2.602942008762575,4.978146008296305,9.050586802042488,-
2.345925913345735,2.9269912663583026,2.8345941679383193,7.465859243677151,10.0,+
2.2649980731662533,7.8488724727934835,1.6586990892796871,2.113235962536084,0.6377020878686535,-
3.211012653660514,10.0,0.8601142058310942,0.7641449218199933,1.15290616463779,+
0.7941133579370263,8.365919727540089,7.930434529544463,2.872444934875522,8.9451000025336,+
1.4193683114438962,9.185553238669083,10.0,0.10275345160904134,10.0,-
2.296494361693695,6.545463461113368,2.2728638558856273,4.372210436976354,0.7266947304744664,-
3.957087211862967,5.074627655152498,1.1074309502745776,4.3123083805657485,0.5711195956178959,+
1.2883507467588895,0.8105038384614338,1.6982717063930441,9.468314655320798,7.132940816462896,+
1.4408512965671618,0.20825947719871393,0.07653251009431834,10.0,2.2828862778663446,-
