9.81662210257158,8.417840326953222,4.450770564003907,2.5543593430541245,5.34417686949692,+
1.812647707821186,10.0,5.131013434266277,3.959687279885823,10.0,-
7.431728966205682,5.575909462286269,8.850086377132568,7.835692914780763,9.325726796325998,+
3.8013808829809457,1.7226546311701507,2.639265963696715,1.580913992374978,9.180353998061813,-
0.8386487492496542,9.988486901505592,0.917847945556558,0.32510057654851154,7.629779310770414,+
1.6616453808559675,9.60676645912095,1.7855632598222297,0.5473543611916786,10.0,-
8.107501280383735,2.929358312779995,0.9008029498117309,9.543249773098808,7.141975963570641,-
10.0,0.006451540102953048,0.18405800770580374,1.5172788913229973,6.286569778656249,+
0.7630016168770459,8.10774601587574,0.8670668959511929,1.3689776880136384,6.585743401170556,+
1.3651841878211095,10.0,1.4539062504877147,1.0921538553047165,9.318492177055715,-
4.214442652136269,8.108747960479096,1.0545113244837712,1.3415216914352013,3.961600774483327,+
5.763681103953168,5.668738329711283,1.8402244807776327,0.3465627031487865,1.880484481311418,-
1.6185192924448843,0.835078739020868,1.9747255723700419,0.7984794682965302,0.9098287748574285,+
0.37797914429390217,1.5666183386634154,1.3422318731768403,1.2918503592104713,0.7542727906696033,-
1.6752466743355765,8.914504146573222,9.678881896572568,2.2785344380926817,3.2720506448830458,+
2.3961501325681986,10.0,10.0,3.0981574267003222,2.7571185490775774,-
1.1058157289109627,5.589254350732781,8.57803531862212,1.173259595862749,7.315164608484215,-
1.5225808298004593,3.9742585623927438,10.0,1.7752201824224076,2.0648287134966976,+
9.821740844937327,2.3379434028657773,0.29185314734020307,9.40148197479796,8.174881305047684,+
1.639414165108764,1.925419376851599,0.17211548326259538,3.0766374140760915,6.8335961263582075,-
2.684319905028941,3.1573631901027257,8.531849246819368,4.833289105468762,6.229405581700531,-
3.479583869753196,0.7014456997607863,10.0,2.2062647757627487,8.068967129105227,+
4.435445995607891,8.547929172137794,5.620800773315836,8.250896049621026,7.324056787344892,-
0.015899040347042256,10.0,3.355648076670975,5.172895123490276,6.019078767746444,+
1.2403082340013638,5.405977321492347,4.3310105629111,5.2725173378065895,3.45081835430339,-
1.93725339822347,4.0165187765673105,2.837068216099144,1.4384438124516707,1.2892073741471015,+
8.622546174253348,7.366170276109706,7.955149738980039,8.356039178625503,8.727309288984724,-
10.0,7.918491273879368,9.766136841935362,10.0,10.0,+
7.445315296127091,3.6321874281452193,7.056697683438808,4.985482362318598,8.053492488064677,-
2.8261677584933333,4.311468393127408,6.946654815941142,1.111055532796348,0.7918917502250937,+
6.6341727140353335,8.409432923903088,9.616858679254154,6.5279036854965575,6.600800228627736,+
0.584255642711515,1.044129189161604,10.0,8.115570339264092,1.2915719115843292,-
0.8571337394947032,2.855671512220288,1.4638095006442398,6.53833037387403,3.736249931143163,-
0.48410788437562946,1.3457785494357342,2.539201278297908,3.291404557616482,2.513088329925416,+
3.3539780353637925,4.3825600820258455,3.1550826753956107,1.8390915067875824,9.517046568949667,-
1.7056401783684922,6.836681569291004,5.469349926918744,3.307574770495527,5.6568768335109905,+
0.8526920041496833,1.3940552442463539,1.9159737260557408,9.89007635218287,5.453407396050492,+
0.12263790323160674,0.38202290452442755,1.099767316406994,9.36895762425732,3.301267709093573,-
8.122450654057,3.476074167041787,5.849947803182756,3.7180475344220953,0.46162497523922874,-
6.543521034145579,5.4297293578557975,3.349905470457025,4.118549747572767,0.6075677627953927,+
8.944400337720683,6.859039097239683,3.773992298575225,8.418726318569965,5.494421035574111,+
8.903779153455456,4.169154942465666,0.377507735500846,1.016350424555925,1.2621469954027038,-
4.552948788698384,2.6680011980005656,8.2826328386795,6.253735997751765,4.552972854465477,+
5.14690241403727,0.45551438131731087,10.0,9.856302932962322,7.890452005440821,-
9.638064175557604,3.3636639850191274,9.70647883588767,1.3120340175317835,0.4989451462923278,-
7.951640086085333,1.583794397526193,1.4347813350371705,0.6856230435621903,0.9597505949822153,+
4.12436939970402,4.807389352226545,9.009192307245597,5.455087878923775,8.335329745735326,+
4.332903693780531,1.2930246452230345,10.0,8.555385326328492,8.532173644879077,-
5.176330085490244,7.921987526765316,3.122298576873368,6.593013881157315,8.233551196931472,+
8.517492276705196,9.491897624761057,4.113177495540497,6.164175589846644,10.0,-
5.001277955168661,2.1491478142173492,2.2500823952425786,0.991490339738319,2.1438992137711113,-
2.753632444473064,0.8580039643592168,2.7571491488327187,0.5495831084310949,2.0821055033792253,+
9.592287035801357,9.034153655446636,2.0816598777060324,8.642361131744616,9.445418666606514,-
6.7577982968886685,4.305041947600926,1.1892161747351835,10.0,2.097491924602959,+
1.0582766488906914,6.736154026841894,5.947950601873008,9.719686116770665,6.854905547284385,+
1.7583624802486562,10.0,1.8534549814084025,10.0,8.996923719821416,-
3.336247178334788,2.612473828536447,1.4986407550741687,5.580194220139604,9.139843169743742,+
5.024957001291755,1.3724955596132271,1.9366284782645191,6.772174120576146,10.0,-
1.1956565910124317,5.549643432811323,4.67580052056272,0.15638978274832405,6.682868587091147,+
0.1073284770759359,7.644739550428343,2.7073544698270124,0.30763513546142934,6.452391058695743,-
3.060037053459721,0.5099772102776978,9.894571199057687,1.9985010281868565,8.829506226173432,-
4.078748232685042,0.8217131632432877,10.0,2.1114650960885126,10.0,+
5.676686875070817,8.963400728340945,4.5533309873802,4.6626494933920695,5.134799880827656,-
6.772830742947572,10.0,3.9288100602729625,3.7716902896226308,7.723217046431272,+
2.2622929398840075,1.686299424364377,9.20719109561354,8.66504411340259,8.225838703768492,-
1.3137034927616436,0.31491393576300464,4.932597175098922,10.0,3.243326949587414,+
1.0280511309963336,9.900630019135123,5.469203142724614,3.009043052535688,0.16517044763233457,-
1.0591878268156394,10.0,9.727093968688713,5.015315182049659,0.253613461844754,+
8.768123752748489,4.532589541027773,8.197668745628166,3.379566756653276,9.908836454752599,+
8.338474506810963,2.6291972942347557,4.1554873941373085,2.1550088422682747,1.025122964406396,-
5.127840374531367,0.7828906161846128,8.342416604400501,6.81318617171628,6.118907641652214,+
2.2395502860216085,0.5376214863112478,4.82306432654188,5.440565461495022,0.3918185533422723,-
3.2012363658487217,8.82351251675525,5.378292531277894,5.81395813465411,9.59283252718899,+
2.711910403194706,10.0,7.696222972543443,5.2395327997411565,8.170915565442352,-
4.933706152344469,8.833116853643027,0.6203193963593412,9.232790370495573,9.872402558901198,+
4.411093824989851,1.5848298291603742,0.7128176503163764,2.7021132555838667,9.877180612820593,-
6.889415996748223,4.796662108976674,5.775568740328464,3.9233225909285796,5.250794542858386,+
1.024667529360075,2.669319882993008,1.3252955528251669,0.5259782940738092,1.8714705211738774,-
9.718160575098402,8.862399975016677,8.069197475534425,9.484663002283078,5.198412601149438,-
5.340669782998834,4.634115744181355,5.706546101496808,0.019518710723827486,8.75636916104142,+
3.828258431262176,4.3451128288846625,1.2207825195032984,5.917023089866738,9.149275083998653,+
3.3663097336161925,1.3835712021458815,0.8683502456334297,3.781543620809443,8.189847708214918,-
6.342285962785531,2.0276200191442073,0.2417322012772516,5.628106012987823,8.49986872342362,+
6.08442408294467,0.7226304469722203,0.04883831054304651,1.2008554523470945,2.8606799149686206,-
5.431999779915225,2.150019307636881,4.021660425417759,2.5260785632201643,1.7228903265472528,+
0.3692104037956697,1.9524835634242579,2.0579371804772544,0.3206809359278918,1.5905978459248278,-
7.173743547186735,5.773218680751231,9.732639843522353,5.858071572812057,6.442586995906991,-
6.11526787389237,8.502806470273253,5.585384370569142,2.3165069462929107,1.3959600142347692,+
8.076153202538164,2.0942175112478747,4.887733718668093,3.7541589008818987,1.9090091716988578,+
3.3188863945388376,0.8242854978637392,0.5167093564953812,0.39977177545310283,0.31790875538399643,-
1.833404281835913,6.528426726752533,4.714798763772966,9.87653423525004,6.430311029206566,-
2.519122136983369,10.0,9.30525800711649,10.0,8.479206219511077,+
1.078739154084416,3.408607415398862,8.533328846417364,4.209699731235571,6.046915194069584,+
0.7134754956031657,0.771652898184586,3.861152011263316,3.19299185833,5.633902871035923,-
6.8898808361746475,1.3651562242300663,8.37591229262977,3.1284377890823,3.6665798704707395,+
8.605910230316393,1.0647083552087118,3.3744264483170645,1.9058886223015867,6.346642653799151,-
2.7569365786766697,1.0262590389292592,3.5711274976989094,1.1439429498831821,0.005207746567237326,+
3.355027088672068,1.174852965939353,6.733431960304124,0.39287115208800155,0.010068371107599006,-
8.814536478965215,9.698750533822336,1.2420438050318405,8.388970365134549,8.939460422826329,+
10.0,10.0,1.5837151381010572,10.0,6.308773751087393,-
4.803168503679352,1.984590308549784,5.692929022355267,6.998392779801477,4.437621137921351,+
1.0825620921323642,3.204625520941656,8.247609165567237,9.151145443543792,5.991558802337093,-
0.5199244434582728,2.250649298109294,1.7457361788272785,3.378792236020435,5.2974492385948455,-
0.7038381747608009,0.157162147659479,0.14332573741068141,3.1674133883823328,4.924449525074261,+
5.015446886276299,4.840068769252469,4.9473175262486455,3.6081069509967936,2.428681783097489,-
9.300550078690234,0.9876626016186172,5.589660514506889,2.113684556284086,2.779637412061518,+
6.828392251941607,4.600583262616508,0.8402392898233868,3.922146783612772,8.058770062115627,-
10.0,5.325412762119637,0.5724524852729816,6.563712460771559,1.1739388158586892,+
3.4068278826060516,2.2854783241195586,7.917516727426288,9.180351384645187,2.859758555638078,+
3.9747459319433958,2.80858068144565,4.684634497602777,10.0,3.138521489922159,-
1.940786459556455,3.533753764874632,0.25507919435963977,0.31634844722986943,1.1396262627100084,+
1.1637069378768254,5.959336127447388,0.25167772596605914,0.318686517743794,0.7486892584352205,-
4.377444153771038,6.832912754772932,3.329785470088207,7.116712088677065,9.904688064745544,-
4.579991301873603,1.6585494438890551,3.195005695807369,1.1606470076763022,8.337984799305003,+
7.157186281944954,3.392689015370882,3.2014081625903223,6.027211438606087,5.22973327555587,-
9.74432579578625,4.334979774063974,1.5083463400354344,0.15449751012661941,10.0,+
2.0769349162692174,0.18615435577199246,0.8024055264949725,2.9621857978906907,4.65656457784526,-
3.335584155672066,0.2764903795053494,0.8209820249395351,5.6851295491614335,6.677798850802799,+
8.711780467034039,7.804689276900899,3.4408623865048193,7.833066982877233,0.9209891318041974,+
4.108458625642813,5.108606853134871,0.1827858269274542,1.0389691800862657,0.34302206865941837,-
2.328539410962512,6.44260410356231,0.3607999327853806,2.3586122436171197,4.686807718975732,-
4.469305525099633,8.107749141583188,0.5198855990122198,2.860647709423729,6.363688429462235,+
2.088819059693857,9.56095733739357,9.38879404964957,4.236682306959141,6.308683607147967,+
1.5258598719755225,2.0030313352911238,5.502487252879952,2.636997547886384,5.4543587572060055,-
6.264757990811404,4.366763353768577,4.4130254544940515,4.8589355225270285,1.7664269405892363,-
10.0,5.863760409451364,0.108345900253658,9.334415015963494,0.358016745866322,+
8.975972858826289,4.906286972710828,1.130208618505002,2.8110511433079752,5.6518667139250915,-
10.0,7.159454470122362,1.9247366866233937,4.161150656292197,7.401124847214506,+
5.508339534825641,6.885304235048619,2.9457418823498314,1.5593206508282775,8.759843235453621,+
8.350969795634686,10.0,0.9294538509370394,2.135167999342064,10.0,-
5.598281211050712,8.109713077740645,8.013107209685364,9.394417454484707,3.7326230274700545,+
5.096810626212007,6.285821923961,7.706566978723924,5.134283883766723,1.001955954658603,-
5.642132575241849,6.846255542021785,2.481654846212118,2.580060745431764,8.958306497233263,-
6.796009930177032,7.9439980703031425,3.3358219397876834,4.181754623445241,10.0,+
8.519320018157812,9.319686080353218,0.34697114146810315,7.0542169972922455,0.8553897374943664,+
1.799749246612841,0.9173823342078763,0.26027096534351396,0.054204313656030546,0.45743431710083243,-
5.561238040418085,5.914549486496691,6.44090847218859,7.237201183185866,8.31614781201656,+
7.142920512248927,2.9240941207790043,0.2822864020147277,8.432869844291686,7.258138596135311,-
9.714946527185543,3.9873240047938707,8.301059429741546,0.9827072666871639,7.657072196985677,+
10.0,5.50106796187908,2.4868003836785935,1.745824955795782,10.0,-
0.6473077706339214,2.178908694174938,8.544195894603412,7.392494763425461,9.247305644126891,+
0.15746398369624268,1.012483064918453,5.712637112221879,0.6609800407459598,8.233770818099105,-
4.291542342539005,7.06745491103098,1.614018422586988,1.065962436992075,6.9695873041873995,+
0.7112937217449335,4.853189399247337,2.952408380858445,0.3266392878527886,9.201496387056743,-
0.09973105685863626,8.025849935510923,0.40377411107873074,1.366810466846674,3.978613947373537,-
0.19044981901879998,8.341512525567053,0.7166057012370258,2.146542200004852,6.721950342761028,+
3.7065595806498655,1.783223229997959,8.63324375189988,2.590544811741281,6.3883700494411055,+
2.168518514607528,0.2876891957017116,5.926707787970901,0.4294566759329495,5.853486483628742,-
3.4247838144114007,5.288218916185646,6.038567583517414,3.7375967396917122,4.795152112249413,-
6.251770135226783,6.480298118973827,8.359866528874786,5.070176393217284,6.61672842923617,+
8.294393506828378,2.6624637759472436,1.4651874648441876,6.04333932273212,6.661857159856491,+
10.0,1.8103822444792477,2.1138988652024193,6.456798955540712,10.0,-
2.7687619816714393,8.037083961778938,4.788164073185467,9.617975252109007,2.6787917641236083,-
4.626213991039834,10.0,6.400172685610768,10.0,2.7990620521466862,+
4.3565493689478165,3.974219330139226,4.627508814199869,8.720581402363491,8.261691298447758,-
4.476470422691958,4.1039384835413975,5.08090586884733,10.0,10.0,+
5.842400549483152,7.288868706865524,4.573729774210595,9.021898708504258,1.658106762208742,+
3.8353947610149253,0.03681978284858289,3.2241620602497014,8.647048196387864,1.403855122353181,-
9.474684828213178,3.947827142844128,3.3757493515764256,8.980088900336897,7.829384854067354,+
1.5188612147482796,2.8580385568482343,5.8259587419596155,10.0,0.9251357525679041,-
2.3876031657638164,5.838080336824655,6.1740524483886485,4.008553163252272,6.987149948737295,-
4.464986829775728,10.0,4.808235364241791,7.785773189815192,6.604630216505266,+
2.4796019365336743,6.810547610538611,5.427604972903768,3.635739049534341,3.0171167439949342,+
2.1505056127719713,0.7949065711523423,3.453303721933299,1.1349066189485855,2.0162527072920873,-
8.522479012429557,6.179448945609956,3.1662330391200455,1.7458861380275814,7.696091740077389,+
2.3380201342644598,1.6570657500847188,2.9289108477171806,1.1675739502732778,5.050391366773233,-
7.1790854905543,9.313203475388441,7.583276083993273,0.9166606862402082,8.280168320281918,+
10.0,2.1503364717250375,2.0761601234892932,1.0089103791477558,0.6687476256185134,-
7.818716883569699,7.578075331294557,5.846188412688727,6.12240460638507,8.063917223809845,+
1.313557260278442,9.741280355475538,7.311252434646143,2.715309591175725,3.7829784979153627,-
7.7359050206796445,9.95449480701054,0.1875149718661251,8.332021311779037,8.228616873968072,-
10.0,10.0,0.3618644382357154,9.658559181400218,10.0,+
4.768173434257552,5.147970417840893,9.2160314495833,0.04852488642924091,7.107588580638837,-
6.480111059994379,0.1766239552281814,6.5711452357034315,0.02454899505676689,7.034956671992555,+
6.430209821235925,9.739185860851778,6.531783496114475,3.06449476058447,3.3824116949100524,+
6.629597761413772,10.0,10.0,1.1022416269936028,5.600937535386151,-
2.9631489378874254,4.645451521902655,2.4331348731743754,1.5798302995198477,2.972333287411889,+
3.9978058034450195,4.626459873792441,1.4163181229116686,1.1554307247848605,5.795041185410123,-
1.0517115917105735,0.7953757546517393,6.815017845815009,6.857288438488116,8.594657650430712,-
1.4047705636773822,1.3310571227955679,9.422459494335191,2.117663394192791,4.935495746675028,+
5.686538777190652,0.4258152417789107,4.098814079760512,4.022343287640541,6.60445928547897,+
4.360367931121721,0.4104308481173471,6.075830159841885,5.695486453282782,3.491731453731567,-
5.162740765346609,8.379307264501959,6.831917693828114,4.4800312194708605,5.704360212940873,+
8.625959394509646,3.952097127898896,1.459180055166939,0.7672115754690644,8.639588152794726,-
9.020377273115656,2.8901311849721667,2.498964535352972,7.815095384730117,5.174887319775827,-
4.061847220332143,1.369526332810424,1.032872764546802,9.880286936089929,0.7365707074459562,+
9.274277871095155,8.884086358219827,8.277655648325547,8.85230358639764,5.126401143082674,-
10.0,10.0,10.0,10.0,7.1803186524994,+
5.3923450717670445,0.9539443742245246,7.990733628166642,8.40844829309283,3.834644741748008,+
10.0,0.5859811584866694,5.149733018466858,8.86971852983282,1.2701828871030856,-
2.1707805369572886,8.567754148659652,4.625298957257026,2.3589934082023567,1.4869621986013937,+
1.4692506338751556,4.6531308058223875,8.087670586495591,0.7438847935385742,2.435458616415507,-
3.6351072475186164,3.783589879032129,1.2610281700940418,2.7765261091528193,6.916619366329399,+
6.792026862365173,1.9400858899116118,2.0607973761809646,2.120698042322116,0.212902143872005,-
0.6701544504525436,1.065340380223948,0.5624776260953701,4.017306035391456,5.838332938390726,+
1.304930924843289,0.48133438930619304,0.9081051717012852,2.232184814760386,4.504226566992647,-
5.068565753091596,2.5895766208758375,2.733755538278293,6.962492005741547,3.1802221590841673,+
6.132321772813613,3.8873999469848473,2.0920777346425883,7.855062055736978,5.012244159313329,-
7.647558923572426,7.053228398269965,4.489773002188832,1.8443742826400755,3.9251777305388647,-
10.0,8.774668523773785,5.930208579952267,2.571137300647431,5.527018496642967,+
6.164508928143395,2.675066119399423,0.839192454158082,5.873481344911048,3.272346565003934,+
6.889810317222539,5.1255097607848565,0.5754409029144092,10.0,5.341731600842903,-
8.901188585727743,1.9745696130575818,3.9376311064185177,6.123546307824558,5.643057072096013,-
10.0,2.5525053151676462,3.3262606304441675,8.837879290932854,0.4446100231419333,+
3.061895278340765,2.1090651405485863,8.400120279138005,8.660745375985524,9.495117987229893,+
3.6471122754765566,1.0902530516253248,8.903666352647821,10.0,10.0,-
7.466950329473705,0.4216386398284,2.984165143649987,4.679630991057165,1.869066219055896,+
6.988627630148931,0.27218127835021094,2.8846337247971023,3.7679901094981987,0.8548090340451738,-
9.80241869408491,0.6886459104845033,1.609169252076461,9.654840022569704,3.018508294330738,-
4.405763570840636,0.8619488066910784,1.9986520798068779,10.0,1.4164827091297216,+
8.925536399850003,6.816717849470378,1.7522559984800312,2.4369747860505897,1.9809750200421128,-
10.0,10.0,0.7957427328570023,0.20442352291756535,3.5292225226854557,+
5.015584503044048,4.335889307058098,6.970565986545304,9.10491927095305,3.8366890559232636,-
8.984585109082772,5.282637976722193,8.658959854549446,10.0,7.089269888585751,+
3.8467853061137802,0.33183955043634805,3.4027088767801903,1.6025789724665884,3.945355228977483,+
1.0110084477367567,0.10895183744778816,3.2762323112849754,1.4468741028074024,3.323359323815343,-
7.430114360330542,0.803312330625886,1.6218240007008644,0.7007025313193793,2.344454316186403,+
0.08291401620962019,0.5855642288478169,0.6167477424463667,0.4670841731984091,0.761915836774448,-
7.552252358153764,8.65621567291606,0.5993938624549688,7.23949718049477,2.4158484872646344,+
2.8888464234935776,10.0,0.8894886387444422,4.0163353676865565,0.512908076738338,-
9.495008662867807,8.198438995009301,7.85693003909778,8.346866326236912,1.2054724789244076,-
10.0,8.358518303728978,10.0,9.50636961438806,1.8070905348759216,+
0.7647082686685402,7.510971667689348,6.62978350521218,2.3611351928818203,5.493291639841993,-
1.4605835301136414,4.967176443055515,9.162843279201534,0.6355181481960557,6.036302486465088,+
8.096385993529083,3.840700650932739,4.013303814375777,6.215317319457566,0.3252342224672222,+
1.3674648319024205,5.229252543390875,6.039152327073301,4.240608388682087,0.07884159034726639,-
5.954468705230403,1.574679391411471,0.005302985753828926,3.4101902469730137,8.945309151507209,+
9.647942417804133,3.0353943279460274,0.001687828062264263,4.643092925003751,8.973127007068324,-
2.0551213103805797,6.192372667381902,9.663336592023224,5.7609208617485885,0.5212543448123419,-
0.2782190458194672,2.6665396910752253,10.0,1.0505723791863288,0.2858196590838606,+
5.029580559098247,5.9100278001408935,4.305073813384056,7.370031305794057,7.745786050647434,+
5.22696309400229,7.806943377389494,7.614439916474149,10.0,7.005695829248694,-
4.4393516233959165,9.960829087406829,0.21363234886033977,9.655766567026511,6.069022872121352,-
2.3562223345067945,6.880466209239384,0.014513461573903095,10.0,2.893018991228753,+
5.0825139050036805,6.340395574853347,6.871066173520695,7.438110279875475,5.130074167590144,+
6.954660154373095,4.159462413090196,8.042539133857037,1.87644892616587,3.029953168376113,-
0.741336133101338,3.341154280039138,6.586268243286366,6.231722183466047,0.7665777269225804,+
0.5006379711459304,0.732676952184064,4.539976956006586,4.596972414425616,0.43825170941245173,-
6.736237658166968,7.29381179659735,5.38602333014547,8.295342896274391,9.052246795369712,+
0.4619175553875293,7.762065740780906,7.633375466426278,7.934978686693655,4.67174168088057,-
4.056519130071483,8.023791148115201,6.379313530369501,4.67314264947393,0.9191987812367242,+
0.739882013134674,10.0,8.068091919619928,3.856796800929596,0.12196787480956978,-
4.00879952898009,2.39798067678227,8.545990264971639,9.185278048029694,0.7631558252515491,+
5.241989700460004,1.5886581946938247,10.0,10.0,1.283049176681628,-
3.6604367532283435,6.845792582527391,4.714373791034498,3.2096912911392317,8.595849558986519,+
3.929522260319959,10.0,3.654779517006156,5.015353251573543,9.864864539969387,-
8.353260419070297,0.3880322537607128,5.984166442965758,5.346721627828669,8.017737385973383,+
10.0,0.7289244188681695,6.245810209601102,7.606839057460218,1.5262715583142181,-
6.287617095816137,3.1735798053312125,7.59467789004813,0.9665300162793944,5.011033638272993,+
8.862487404964886,6.029108876929069,10.0,0.7999425708120179,5.6536579347658495,-
0.1767287959231767,5.523885388321616,1.2383617397314062,6.639336316333101,2.553051063645432,-
0.21306568247071103,5.955798588761421,1.6414699967602668,8.8197377400284,5.03809494235723,+
0.3797305968619813,1.901824361097002,4.914290229434233,4.971182071982909,1.848580425995554,-
0.47410412364528065,3.579169972937767,7.10039616902662,7.978675490410211,2.66281193146934,+
1.8259851026649787,9.618050768506505,5.62656691750803,8.357245357096419,9.759718586969305,-
2.6771580602060467,10.0,2.4448151548395156,10.0,4.774254689282303,+
9.91953346891961,7.143194021353374,7.432535472373365,3.0199747469228444,2.392381974183002,+
10.0,10.0,1.2139281430663378,0.41821946679072197,3.782415457643882,-
8.63605322991234,0.8263460874803275,4.341656039434424,3.2946261276325783,3.0223542403467887,-
10.0,0.9516602350939817,8.612306945649083,5.340256561880251,4.827352930155101,+
7.517189405165685,8.265611084425789,1.2954646072690212,9.023621525401872,9.160977893337257,+
10.0,4.993454486501889,1.8023524026607103,10.0,10.0,-
5.516488918719775,0.006959841689456736,7.681381452329426,3.784927831289444,2.9365520813351997,-
10.0,0.010490178475281633,10.0,6.4457916194983245,3.173228154675991,+
5.322576717467813,0.23178664288155737,9.109226508228021,8.476508748821129,0.1566425621206613,-
7.44191055973446,0.23312872118573857,8.86777007572847,4.096996589846814,0.20887325443809385,+
4.327540699344649,6.581280261340089,0.4099747369710838,1.0045465259566277,5.777550060966278,+
1.7184057628890599,0.1799603108388114,0.066464501909722,0.31298582787791557,0.03183345637129336,-
3.322614993329137,2.301180608942046,8.659787247727223,9.132458310357892,7.874816868634291,-
5.979165248294205,0.0635067885948234,6.57067433578312,6.115733807090255,2.432473097551256,+
8.711115239376296,4.2417402867627585,5.078106967968756,7.483291236993078,8.078197580934276,-
10.0,7.656979470992232,8.348151683064199,10.0,8.69510537882195,+
8.4430014555669,8.265358019646586,3.830666025991525,8.485353025867106,1.3558380349554366,-
10.0,4.924625643763363,7.139595972991664,10.0,0.22890424156349432,+
1.5303761056879917,6.288098945324537,1.0144710601235185,1.1715564702390335,5.366437029682246,-
1.3504757711800022,10.0,0.972850952363046,1.1711389005898392,2.470899728161524,+
3.2515619242508964,0.8326144416808601,1.228383181575886,0.36671502447185533,8.619805486729783,-
0.8490000076813536,0.318240381713769,1.8001346664852147,0.6820943946423899,10.0,+
5.222252742384621,6.298585391659435,3.0790610781447167,2.4026036381103397,7.824430216298697,+
0.7529596725275268,6.31958654361142,0.48808889821651513,3.4619192070641938,6.410056231962296,-
0.36080192486954044,5.834639632059078,2.9422807056346887,2.2905825294943636,0.05182414137604785,+
0.5424163230645972,5.6839606016422906,5.828407288827704,2.5718107947003244,0.0766750033635591,-
9.037039167816753,4.221433521016772,9.189168927345928,4.885719562433989,2.4758507530220983,+
7.513349455664474,4.5189045672688275,10.0,5.452900458629992,3.3455084546590754,-
3.869135674849775,8.675021769377402,9.145211219137265,7.560165867515131,8.328217756840685,+
4.316017074890853,0.8708484029447995,1.1996030606671346,10.0,3.7377949559406067,-
2.7839592640293276,2.7320238820621245,1.5218230731357285,8.575386825563324,0.479697426656549,+
5.072193292740035,4.293500669168881,2.063743112255032,10.0,0.06467065634384112,-
4.216355349800017,0.47966530312892997,2.431058452600011,5.604194212986281,7.410891351882305,-
6.185180511547065,0.5240211879406768,3.2100600499923404,5.78987815851064,8.58535846761387,+
8.429072679433876,0.40561888413601976,5.025081642601837,8.417779135881457,4.09456974648157,+
8.392295124419267,0.13808756339191625,1.062506843724039,5.258327772307991,1.2471862121362876,-
9.101205990826632,8.587444519923986,5.171402737010947,5.053514576098387,6.019156481836778,+
7.887345052360996,1.0697750692737362,1.544987800195945,4.850995267383671,0.9871900219050469,-
1.1194317733172843,6.876718136693405,4.0396053324693915,2.275106850809465,7.919476786340739,+
0.7782964794138368,6.696353088227665,3.4934853541268343,0.18405228606593116,5.610968785773393,-
5.241959468882154,5.41553667027348,9.753702299224887,8.524258316780818,9.550698366600315,-
7.302536746087535,8.604025120004248,10.0,10.0,10.0,+
3.576235721725155,1.9677513728305263,9.49431696713152,4.8764750258063625,8.96219826267215,+
2.478552343293796,0.6372160870881429,3.5500975923839517,2.663516107042982,7.851724011440232,-
4.6879315393219585,2.262157288899819,1.4327751092993013,2.3236135840685748,7.428716150995501,-
8.395900188480002,2.959634606562042,2.414863061368707,3.894395751410603,10.0,+
5.503244246634418,4.520451830728286,7.983625839534532,1.65777981889214,5.426177921931821,+
8.243739295198203,8.376460432835497,10.0,2.5585695249124134,4.510034329376209,-
4.090068043546085,1.3429413824125547,8.162598238504284,5.3475598721403586,2.074568504218294,-
6.821305853418042,0.9697607758490393,0.38160977637975635,10.0,3.6510465733150537,+
2.450957062072463,8.118355356823052,6.315131494267757,0.19109182649899137,0.49848522821291374,+
0.2838083836389984,7.063926221902114,6.356539157593959,0.16082809672031087,0.6361193131300868,-
3.691960432317493,5.4268465374433,2.3755012650194116,2.0613808529444877,9.482884663770932,-
1.5085365794738688,6.571465336571441,4.573192047778165,3.491260635111765,8.843565267149412,+
6.495883718479426,5.828533639034035,6.841598565971707,6.911395733552462,8.565232231581577,-
9.701497561284233,8.258124740734491,10.0,9.737886652224622,10.0,+
4.985056658301885,2.332329282856195,0.24453566811497462,1.76868807243732,7.6359611494548165,+
1.8063742663544593,1.8104234510488588,0.011161668749355444,1.0435511733822058,7.550932795495849,-
5.671095417015472,7.8715506048466715,1.4036960705919632,4.65608185834332,9.00477712228999,-
7.156610952473149,5.451126665854622,1.951073604690176,5.31251124608258,3.0415805448203272,+
1.4529270842145015,3.407162503713106,8.571805267854018,0.4531768880653342,3.474645108834192,+
1.9567683162842153,5.476933990308356,0.7942994719827886,0.6206712399420332,3.522192823280099,-
7.922845353113908,2.957806107621408,1.199209915658006,4.348358538436495,4.195766256444417,-
7.193518379228022,3.30978153819094,0.9526066828456816,7.68280332826325,8.273540991302278,+
0.5117888731732034,9.470690639399542,1.762114262020027,6.181546065870137,6.891972919754926,+
0.3241751111968686,0.6296408276977215,0.10746483012965832,2.8775728502732525,4.665258940422393,-
4.944716810429757,6.861111112398671,7.318439224739785,0.8255212119994515,0.18426929218861354,-
7.969866971297469,8.529722911394954,5.569305426465562,0.5643654962329179,0.2950650489972444,+
0.1214326002697208,0.6581048192251759,5.190717390352365,6.187365089399095,8.082799062774958,-
0.026752494088360435,0.7358509877720261,5.477992873663372,6.696574563805179,2.124828606758287,+
4.002427006195891,4.742917459946473,6.884167469857006,2.6903493190547643,6.744273330520318,-
7.35506200393804,6.23469049769526,10.0,5.023038555608454,9.823575056052226,+
5.958424152051687,4.777524569091992,8.986119893841195,6.977117696612595,6.160941786372247,+
9.384368023072039,4.783362149123461,10.0,10.0,3.732568826202564,-
6.519923536268909,8.466630707478814,5.884865794532425,4.720280796136592,1.5071082536008251,-
9.565476772643834,8.43443247058484,0.24631021940045036,5.71724712723748,1.9877644639535603,+
3.3148722946705234,1.066167264665412,6.90690320334898,9.611676993484862,4.083139947007296,+
1.5754764343001793,0.2779128520231334,4.4545231134713354,2.6403605724716503,0.4703003909380273,-
7.685607723905149,3.148748867727332,6.747437540858518,3.684100020649267,5.500509536003902,+
10.0,3.300691667165924,10.0,6.983751734584,2.9022522519100598,-
6.29052108952362,3.20473975358184,5.716108258735969,2.901413229218388,3.409675861642696,+
7.377020514354491,3.5450638010722915,6.834454668414217,5.784352136875318,3.1656298314717124,-
6.518364657530484,8.951390536115946,7.86318505324571,3.430201745747431,5.905872310050759,+
10.0,4.9114397339426,9.037632699096443,0.4541932837281077,3.2950792896519743,-
5.787275303570927,3.725451334406059,7.126072151542342,7.66167586382842,9.469964520395491,-
4.476596716579985,0.9846926497345959,10.0,8.990864929436421,10.0,+
4.263311159735882,7.466758752340718,0.4876690616522028,8.192725583562503,3.5051788556167685,-
1.482029250365049,5.472992070209736,0.12433115208928038,9.767069026269388,0.6739353704782006,+
8.788717748907553,0.926238940812304,4.887657155185537,3.4559567935509126,1.8802191361859166,-
8.974708910002983,1.172809397156863,7.235851866013933,5.572576779183186,3.0474555160806096,+
6.7791319373566825,5.066360670506084,4.5488204860139785,2.421843423865039,6.47192406601988,+
5.9348611227080434,8.486694266869668,8.612529606531345,2.073782538474136,4.843457610024365,-
3.004982228081712,9.69164323218286,5.393774455260213,5.86688674783216,7.439991582892707,+
3.4276501988878403,10.0,9.028880159841874,8.605151213216406,7.372168866383627,-
0.9285186924688027,4.443568434560158,2.024349259839796,8.141082073051798,0.3212245078904963,-
1.6965051542163818,8.870189024238014,2.0777089950020895,9.291166764877278,0.5866288344515995,+
8.88409569037697,0.4249379059584979,1.5991102774271349,0.48545696220184675,3.169461740404121,-
6.372742793189631,0.1872537541935515,0.916780925460325,0.8775627159935536,2.779029761007571,+
3.7882636600846684,5.785520986822522,5.545030969305903,6.741762049346841,9.514908318953912,-
7.536816624737242,6.877064838067993,10.0,10.0,10.0,+
8.08820548703779,2.754229374573016,8.281456228523592,3.202855528928948,0.11722293767686853,-
8.265191351285024,3.169521753844735,10.0,3.4161237732456615,0.13399304617851363,+
3.2915268967139655,6.875398065200153,5.1018239778399765,5.525748044116273,3.7197610936410372,-
1.5186742093241627,1.2104644778788394,0.933438975467052,9.688501818367897,1.001148316834178,+
8.550278518787145,3.3738370337350854,4.888540025289631,4.237383412220962,1.6285037159106441,+
10.0,3.3739772657676603,5.17406566503291,3.191878387209429,2.7256076986764057,-
6.998338794004121,1.265700583038446,5.092450157112918,6.317061772362339,2.018584348510579,-
9.810836544185474,2.3924591160732813,8.283054186060815,8.96945709510542,3.128939990744903,+
3.037075878118282,9.536774045048551,1.2656272384086742,9.914947095025475,0.6929047097835728,-
3.086304136471167,10.0,1.5134683641844404,10.0,1.0789632163367229,+
9.436712381882995,8.646084815824777,7.558464515479331,6.222100720641441,1.747044896304668,+
9.315522488142443,6.151196941837427,1.2585055565921346,0.1443993740310897,0.12248809707674262,-
6.579125120072604,9.918003082437806,0.7962806094784958,3.2150414095822724,0.021858195451884832,+
10.0,10.0,1.2461070911057612,2.4535972279147638,0.03488985786141977,-
1.1357010973957404,9.62051357803945,6.186534961057504,3.9017171343429515,3.8767458245142397,+
1.6430538764143932,10.0,2.6870673499620197,5.565137147290686,5.988543921846229,-
3.845510629938614,6.5675919238919365,9.509765484567374,7.735394553039123,1.8602537073923886,+
2.1788688031522696,4.071380275516086,6.017011306066601,0.7639221735951485,0.39867612426522264,-
0.8548537183168703,0.43841907260499413,9.479336806114913,0.7147432701510825,7.176740091922063,+
1.6766678361618048,0.36293063443299584,4.161128239840206,0.355698117753821,10.0,-
3.5210341766027984,3.7759759377623334,9.376268664023431,4.565049373322855,9.042880540823429,+
5.3187729305274996,6.927072276840717,10.0,0.5743775240998213,10.0,-
8.411442853194014,2.618452475251015,8.2543734291746,8.927241140123844,2.989488477970567,+
10.0,5.17133487781343,9.277372697864859,0.9160824511649382,5.525700970605999,-
2.4979549355125688,0.7634695026601512,6.715708780201704,1.5547275853252707,5.10864480797596,-
3.325981837963928,0.9655608392571599,10.0,2.6962316237718187,9.084244467495134,+
1.2164849145987378,8.110629304338705,1.5929919741193377,2.6553070466236637,8.127151503143205,+
0.8922780614253398,9.940663838675706,1.3511679584099157,4.04831911836175,4.837793287044848,-
2.0497168000773547,9.625536616951633,5.287726390429926,1.2732516222061863,1.53028594950827,+
4.092008397196575,0.7869619630745175,5.067047834571136,0.746221488341566,1.8326129492777132,-
5.80408476836266,8.576293643774095,0.029201975240142897,4.14006971267432,2.589661608209312,-
9.663116946231138,10.0,0.04848289981720826,8.073033071870583,3.2084593344275274,+
7.124008022610079,0.8715293517383205,6.980896756088296,3.87381401713074,9.297437388746047,-
7.7558841034191595,1.1053904426461016,8.896597782157365,0.46390051298324375,1.1982224616163621,+
7.286008120054133,9.69253597543373,4.356797755392648,4.458458704781565,4.279440767941876,+
7.195603138735403,3.6241001411091163,4.155062084420416,0.2707891785510979,1.1425185451102504,-
8.28502421724709,4.423838370032281,6.466941190144144,4.334940152878213,7.37086703250939,-
5.320568555897389,7.570613064964131,4.968574333902027,7.785067943947593,7.377902233660277,+
0.22908735913988676,0.042470847579194615,4.717085981660459,7.590146510273021,5.4732385961384615,-
0.25674271847228064,0.06982525391659576,7.556163599157691,10.0,5.731503127967348,+
4.332760701226,9.173444118970304,6.064940626443811,6.316028658150582,5.514146870973182,-
8.493855422671052,10.0,6.46772153145721,9.722043160767852,6.946177429648158,+
2.4885632621219322,7.92268719217239,3.7984583396477722,6.517850073941,1.4155760049676935,-
1.1009515159511036,0.919449444725948,3.8088092024027795,3.361526082487063,0.1556938414180139,+
7.994535184226502,5.68839889367338,1.6761546829470653,6.074037439213989,4.654406065611231,-
6.582365740562514,9.329624722710545,3.1861744276862383,0.9520156850914088,5.179700670672112,+
3.065846333719302,9.427821047291967,0.07003125374146268,4.53762601163948,4.418968842858066,+
2.84741305583185,1.8858365804516763,0.03481122646385915,2.7843268680643414,1.0573013359415897,-
8.735766531523975,7.201285145722235,3.203297457873483,6.188845592116422,8.333551666710669,-
10.0,6.546420816411362,6.259966182329159,10.0,6.4125446601608385,+
5.436834860893448,1.794981902623184,8.524101041673713,5.231723923840878,0.24945459830873484,-
10.0,2.408620729214381,10.0,7.494546342090615,0.3651859936380894,+
5.953116432462727,9.507508879084458,6.685445585876911,7.6591750003647885,2.9164670866039843,-
8.285980647328016,10.0,9.494920146486603,10.0,3.3295833961085752,+
6.4606503943425615,4.85026884354014,3.280571654164776,5.275807130473145,3.078273769519292,-
10.0,8.609931363607181,4.613401198516134,7.245175761366384,4.971709236148209,+
3.058059869632792,1.6539451688136242,8.602664009478534,8.119253014132129,4.992225484185175,-
5.761212305599319,3.2037000721442848,10.0,10.0,8.751228490787378,+
5.826187568067813,7.825594796560624,3.1110030614545945,0.42372530352779325,2.4879988884745527,-
10.0,10.0,1.9184481223782468,0.44971323287102427,1.8920238268522334,+
1.861717187704306,2.666169039906441,7.0620028187943955,4.659767471275037,0.9602977602779816,+
1.239422970391063,3.434153630589188,10.0,9.160445024284645,1.0857879485902358,-
9.664935960896278,2.681372886924377,3.800076983797717,4.821595894495129,9.04735945974351,-
10.0,1.9196974647572087,6.627168793228471,1.8831338438487168,9.479640486825195,+
9.349226860673385,9.499215532229226,6.591629413973232,1.4616879061571508,7.595413703846388,-
10.0,10.0,8.799979344959103,1.8349709975468262,7.620050855191962,+
8.702519323489714,5.973502839315348,8.698798701529805,6.865459173631953,8.05498749446578,+
10.0,4.735684038886046,6.513444266955296,10.0,2.7400939530720763,-
2.6636185932206944,9.970120418402319,9.036146643813735,1.6779525599178113,0.16613339041125053,+
2.899293847308568,10.0,2.773052882491734,1.7418168369233966,0.32409241224205537,-
7.657608267183896,5.075768947820222,3.0382828634172054,3.4709076392830482,7.816157107483336,+
5.168504959084098,6.549170692552451,2.0997380757575286,4.295389202660066,0.916098612639008,-
0.23654916867130393,5.92227847248037,0.1992410399406208,4.6337846406286065,6.48559865410162,-
0.2151929809224279,10.0,0.02944894279123985,2.1175077735930308,2.936732322931913,+
0.08739614192731504,5.400743620612967,9.379707456906724,7.196627268488649,0.5815732974148047,+
0.09515559985815955,2.2128306262640316,7.946009279019734,1.8377530988547135,0.7983982846017421,-
5.960475412628298,0.4973570681380879,7.773074296494974,3.214814180301474,0.6054877674543513,+
3.3097284490377628,0.5270006861631299,8.470516077720701,0.47183232884995885,0.38182685882751594,-
0.07971925469832497,6.170307938741456,2.7105799030039055,9.900030755270459,8.199589863905812,-
0.054571186573584445,8.350994107017996,3.8701693698200192,10.0,5.585896799024238,+
8.018329746677995,6.982771102551217,5.707501416704744,9.582453539582671,1.9433589112345284,+
6.659237568487111,0.41849627887914603,1.2951836775472174,3.6249365607510002,0.22550131993725303,-
3.225965277880748,4.9174449789446575,9.440936372616154,1.7772036667829982,2.955315700921867,-
1.0376743377472475,8.35603981266349,8.855602897042763,0.6530449556293667,2.0796340353184637,+
4.260659423121405,3.0815269907828924,2.755931216965506,5.030919759772309,3.0713259240100745,+
4.085617676727195,4.4801431049829255,2.902663877988809,7.16933846159429,4.702217468485442,-
3.533810105623858,4.689333137599573,6.46443895708701,4.96761025587749,3.7980753655755564,-
6.564180587439374,7.735765407254797,10.0,5.957900732002734,4.885499959553428,+
6.254356532419234,6.828161977305715,1.1145099691548432,5.4279448070333824,8.53251255391531,-
3.8135220576261504,0.7477669799334878,1.10397243996546,7.874635001072014,5.163163118192775,+
3.2499639240720857,9.760109754940597,7.601102342259712,8.219993020049232,5.461499239222284,+
6.1689607154927835,5.439924054673146,9.253243803768067,9.500937718490036,8.930483277344553,-
5.975381125849704,2.9607720758503975,7.855535430893092,1.3212027700488371,8.788834906230905,+
2.450108346578416,5.249780615734703,10.0,1.8147478118429956,10.0,-
5.309592192128008,7.512500425330549,3.980471193438385,6.968829703502761,3.5120096161110093,+
9.630613688702496,0.4930019358610665,0.20621188580402244,10.0,0.5617329788123341,-
6.876389371022322,1.9183586637411454,9.882839175890933,4.206311949811532,8.848969663807933,-
10.0,2.545321552534354,10.0,7.277633147513434,10.0,+
0.3496415417031007,5.234316526701436,5.803291279292519,7.993351831199301,4.676435840713213,+
0.2353639274869797,7.335277062428934,10.0,5.826074958040837,2.0077558701072227,-
6.429227360675464,3.3275211863744447,2.9292766234964027,8.124003949697636,5.0159877188693605,-
3.5206347228152555,0.3313676621056168,1.204696301514022,10.0,0.5076629844634641,+
8.763152507692274,5.697674003401828,3.2130110165412185,5.031407445046529,3.83710991751392,-
10.0,5.831335383653398,4.432569871459576,8.504268301588853,7.021564506188715,+
0.5259802338524344,8.725312113844247,2.744474866709088,4.516429190326797,0.7869236608242847,-
0.8431357580742901,10.0,4.80686902798797,5.753308879017488,1.394587357476884,+
8.95555673326708,6.884111989246878,6.150922171987033,1.8905222235052643,0.7804310397282355,+
10.0,10.0,0.33843915482652853,2.3348637522976694,0.9130883192402368,-
4.785158044812884,4.7692795741283325,3.1442806798003664,7.929302320045095,0.3240099875805813,-
4.214413752119988,9.300706636776225,1.898959326932859,7.859052264968968,0.1470971648509333,+
0.18857073190082452,7.893814272675007,2.6824033620316436,2.5621109594531255,7.192271677411011,+
0.21972524736065457,10.0,0.27495526872146203,4.408345575947624,10.0,-
4.638637913703833,1.5349848895224338,0.7120681041293708,4.901884692297456,0.6595447387653464,+
0.9718036410432808,1.4120077309396075,0.06944578711306687,1.0042605375823386,0.12070065309625978,-
7.257269484487898,8.915488118466893,3.912797837284101,8.399849772074683,8.317195288752263,-
10.0,10.0,7.643981579884775,10.0,10.0,+
9.885829007868862,7.2141734066644805,1.9342156310697278,6.531533630551133,6.615576433122899,+
10.0,10.0,3.3182256949246005,9.88821372383871,4.11911805562833,-
3.0329524583832512,1.8851631482260434,9.365675542384631,4.850568205593547,3.992160708351642,-
1.5345551393135497,2.357781067306314,2.650917025106989,2.7756458407676354,1.9082477295165552,+
8.316606085597014,1.2753146818075967,2.2490819547343266,7.828478704358631,4.798848257636047,-
10.0,1.405838096933931,2.368572580245251,9.57730665861905,9.469316270522818,+
3.8411670015487664,3.6572349337596943,8.54725763916537,8.320532570903008,8.142195421784947,-
2.307618692456354,4.607992524896435,3.1609129755779213,10.0,10.0,+
1.6390168730799715,3.842567094670677,7.567075925774311,0.7217403501054764,3.418327395740194,+
0.18277307640558596,6.812253744515966,10.0,1.4260252314494672,4.418644308125809,-
1.7444040210143175,4.019865880913348,4.70625908565143,0.23859715044689422,1.7381830264005205,-
1.2267231271420203,7.548084885164983,5.4336011970315745,0.31107963341679873,1.504074975108594,+
7.166400853559671,0.3570259996023373,0.6732055450808216,3.2133016243262813,2.6162953395669417,-
8.54754213586034,0.4899373673200816,1.331638282461092,4.306118257729694,3.599661079498348,+
0.8004984269218751,0.2505493679156978,5.844706314347693,4.337833843903089,2.5757336548316956,-
1.0301737206710921,0.17308241379829958,0.8882936615086143,0.3169236352926088,0.7693953752206403,+
4.403422381431477,4.528703172959774,2.9388572992074447,2.4153590184608986,1.7272825426704097,-
3.3811678657345574,0.3297780725673394,3.906232130440413,1.140243844067022,1.472769740331033,+
4.514257425682863,3.4194208893636056,3.222356864629743,9.940757409252539,4.737758850656028,-
6.252034834636626,4.982774641457351,4.6007682294900185,10.0,5.458993966169401,+
3.820785360353055,9.34792879090958,0.03304542110583286,1.7222007756222812,4.878308815593621,+
6.808266441438535,10.0,0.03390465974397978,1.796060188036025,0.8591982865959619,-
2.217311395925532,4.333583710104251,6.19765968709097,7.969147955113285,7.189960126095646,+
4.240583627649813,8.395861674152043,6.942682565902481,5.371535251718929,10.0,-
9.634534501601449,1.0912839227756654,9.731979674364975,6.1124464942332715,9.76984497386119,-
9.698248615844495,0.5465448523306109,10.0,10.0,8.390334024670649,+
5.836918066575625,5.653711719051117,8.88690056927478,9.869224648177031,2.709039650156825,+
1.328011984523431,3.5537560387532707,8.787712181139854,2.6013670819192694,1.8027124943367427,-
2.174091781043953,7.44310093880051,9.888148131532555,4.271456596136498,4.484342020726368,+
3.866510818166015,8.036442601333174,6.916874847414717,7.892631876852092,4.730318153389497,-
5.062186486460116,2.601507722858746,9.425394213009245,8.45613178885635,1.7135068115816587,+
3.0513016092692333,4.655779005430544,0.27235191490534577,3.056333193618771,1.7457585937834947,-
6.354786785545049,5.062449299759997,9.494389301016964,6.506012425726077,6.0867057673459275,+
2.2765234616756658,9.56204342487725,10.0,8.151787587294328,6.817390095535352,-
6.698709548570198,6.07888695853468,8.75028965123548,0.6194698604808979,9.364732455330838,+
6.348789071541528,6.269211746822292,10.0,1.0713454395886108,10.0,-
0.07410365285931642,3.0675232248973217,6.222560709685951,5.731150188632936,6.659337090608288,-
0.14359581304575564,4.62866168587777,10.0,7.547900147567453,8.054400292344717,+
9.243068490677324,6.342435314057383,6.562104950088888,0.8744974644732006,6.205988324876712,-
10.0,6.881666584165573,8.786956324123874,1.3037771429137908,10.0,+
8.638082142248823,6.583152460141063,5.775419460892373,4.376351108010255,2.997872477188225,-
8.387253936953789,5.852344205327041,8.30278713332295,2.230558591615264,1.798289170488563,+
8.938831525502769,4.828658707373004,3.698865888650731,8.380237808527088,7.712067005691513,-
3.088566079364315,4.2435679865804845,6.293363959244041,3.601729612285747,6.90460492734808,+
4.459695227310098,9.533174740580279,5.271723106521643,1.4417462710046847,0.6298881520380117,-
8.431695904871063,10.0,8.238115756531636,1.4556486703093712,0.9777187438346104,+
7.188520509037914,0.654347789563321,2.287486274492221,7.9871058824426076,5.81644443020711,-
10.0,1.1180146204563903,2.0903636815875286,1.0261585357441472,9.891015220461346,+
1.5535071203783057,9.99211375474688,0.13227132776329031,4.452617418911045,7.917732273002698,-
0.3372825088617535,6.32304013462674,0.2065834051419434,1.5943047814510618,2.7501321449606984,+
2.3240721752695306,0.1258568572561658,0.08395935615947647,9.743412196182238,1.6065055637043724,+
0.5675598211734858,0.009352730392609592,0.017513799352348158,4.161440426510209,1.5618903014233674,-
5.488315087514451,6.261738822023844,5.485702923726428,1.9753725944633305,5.221944530527223,+
3.4778862277035816,4.997023183306321,1.52138989386962,0.38072902680270265,1.306948236571778,-
6.287466748978579,1.9815853540515715,0.6611014999462794,2.5940458976613967,9.939241151044667,+
4.188778780655659,0.2907242529130046,0.14149269188050115,4.742608260313098,10.0,-
8.396053522495242,5.724211988567628,4.680575014219003,0.25222083658950734,6.184396820875225,+
4.420467694275381,2.401482738154766,2.0018584883889,0.11098842547144822,4.89443136106702,-
5.224197987487874,4.58101883867637,8.434147076950218,4.151594613390578,7.538121716346425,-
5.530683866214276,6.032716144097126,10.0,5.16043386361745,8.774897530237867,+
6.946941155577964,4.690232795657327,6.428239354425115,9.9483907166483,0.06709441396153593,-
9.18105893115672,6.0112667602155945,4.903502068907249,6.907468826097392,0.11281987342078671,+
3.0217721570214637,6.075714592745794,8.922190821288748,5.641101617798694,2.149104664482663,+
1.0885083067040666,2.5518800950184537,6.662578811972648,8.191754913266957,3.697724352054378,-
0.6843222467336885,3.505310254829843,1.7260563522187289,1.9894555831348981,8.870775454094883,-
1.1034447932222222,4.819580663443358,3.209986970199489,3.09690365727993,10.0,+
3.306299342736213,4.861458603201508,2.3086862303505185,2.754759670589081,1.3963924086316815,-
3.976221059255308,8.210443768240848,1.3162672091963206,2.592283470761283,1.594094458141666,+
0.9880027032472138,1.4974003902992317,8.379771425133383,3.3704214037269,2.2269920696621384,-
0.4230756447246358,0.20511366709426132,10.0,0.33218963603793983,1.472009122949612,+
3.2514701118821154,2.5700187361806015,7.88725966226317,7.191513899730822,5.067111044696126,+
6.409427406990509,2.695841075486892,5.11364575594176,8.618893479258363,5.073467125230444,-
8.205261610785579,8.017672545657534,0.7171570042002107,3.3647208564568243,1.993099393646992,-
2.83141696631255,6.705754647737749,0.224474341093699,0.028415713120273852,2.683124806974558,+
7.995718183926124,7.538830002915166,2.8570495869014656,6.655225273379955,2.0665396450596862,-
3.6602925986308303,10.0,0.9011305974632475,5.657512719911729,1.795314471054131,+
0.36705586652572064,9.314100777943972,4.285179399174844,3.7303508140625152,6.089167171339161,+
0.7296445842522307,10.0,5.640285781096431,3.4438746265490936,10.0,-
7.385635153276461,3.2403745121171523,6.250800161539604,3.63028914664958,2.542053720919398,-
1.0994431507203726,6.4390889491446694,10.0,5.396270855867202,1.5327226659828106,+
7.739994046934166,3.5599601977399784,1.7227518740346537,0.7401684255891705,6.674509681711397,+
4.776387083198442,6.634182139848943,1.9215502518896048,0.49116785141919683,0.2476369775545655,-
0.8292388485514213,7.594891028186087,4.737557456623637,2.036975482868705,0.8092952778445994,-
1.1394429637341243,10.0,5.108604382435924,3.7566963299436407,1.1233230896255952,+
6.624357789273696,1.9909875853751802,8.107549270419877,1.8884845415207696,9.914100292015164,+
7.785511571560985,1.876013699699372,10.0,1.9615857602544786,10.0,-
8.468348780101259,5.9713751387962954,1.944271284407889,3.3306077519157515,3.0244627455039366,+
10.0,10.0,0.7580505552223514,4.367898234060074,5.059963703085485,-
4.12236051551784,6.615893666751326,9.208275866725145,7.585395538443822,8.71141304623967,-
2.2651340451731623,2.726168210109279,10.0,3.9107041196253176,4.9394832014732915,+
1.2384510736284127,0.4116563199006784,9.189327207905995,7.124764756410103,4.9102135325362735,-
0.7517014384226942,0.2828160168343363,5.5939570170641595,10.0,1.825693626979554,+
6.843023093818465,4.185876287978749,9.42060999579344,6.117750429622805,1.5523609773643754,+
3.5124061702581364,7.145823743398184,10.0,1.9350181561523565,0.6196465191957206,-
5.707344366026233,3.428600018630724,0.5668434220668161,8.929629769200005,1.5746092462308858,-
5.87493492584134,4.4792731355710735,0.8566943230874282,10.0,1.660484117637328,+
2.8833745583374837,2.0451903180932582,9.573919117175175,8.344092791611406,9.528934136339851,-
1.4096889695892691,4.0573394306897566,10.0,4.048010941500097,10.0,+
2.0979659396826458,0.7784302669495513,4.218146709234633,6.1733379984836905,9.917926086130223,+
1.3563364758575196,0.3626793673361397,2.1683314413371626,4.4471654414466455,1.5646720612057956,-
7.359525617345559,5.153508230581459,6.029182666747358,3.9718210844547475,3.504321718714609,+
7.919652089101751,7.064105940564178,8.222458668463446,4.017926518039187,2.1089174225622616,-
7.06073604818725,4.289246861473297,9.583752650990654,3.7887652118363526,6.746858912127625,-
10.0,7.600200693754721,10.0,3.9840924511514006,8.14902117829393,+
7.598416543722842,3.892227259755211,9.791763700831316,2.2526524068123877,3.5927773208386125,+
10.0,6.752589916300002,6.1792738023849125,3.376404641817075,4.553758629135611,-
3.4354195402797405,0.048122474272462856,7.648254414898437,5.579986077539463,0.08671230815471609,-
6.847741492384258,0.06995858958592302,8.053580549179262,8.896855413755352,0.13402772785918898,+
3.330529706032551,3.976405018486191,4.077531699036435,2.86719948824795,9.324100838580694,-
4.899099775770955,7.585208025071398,3.198077899300818,0.7900361037789508,10.0,+
2.377883326828323,2.9041176284437986,2.2046129537385575,1.932157162489735,5.875450718288267,-
0.5390686024774721,1.5030923360851396,3.7016192998386455,2.7617548083813968,7.044337462938179,+
0.6784364457816583,3.523459497723392,8.981640587772803,4.531532777511233,2.531781358508489,-
0.3603110539571935,1.7013822749217684,7.511424015787008,3.7932607384158707,3.86144728520778,+
1.2722591312636289,7.972891853923654,2.308194091168243,6.62161231468313,6.863416017661251,-
1.224923935946907,0.1008615388422495,0.5523213672788583,8.981608335581395,6.281487639355891,+
5.809891325396572,7.796502682056186,1.083879802633797,2.452316541641535,1.9530395188920258,-
8.021748513620835,9.437507460432153,1.2738975691304373,2.989381668395113,2.513889734874724,+
8.699259918227405,3.7976469929725,7.253019015624047,3.251115900137276,6.16556805136368,-
10.0,0.9616172591674216,4.017598995726204,2.55654766225761,0.43482690142793257,+
4.237353301408778,4.0782674155650795,8.76426599334788,9.626573080461851,2.623031432156017,+
1.5531251881762171,2.290954706529724,7.339131292081388,4.559494112493059,1.8932566830757442,-
7.645863833381771,0.9662977110337445,3.662547228983304,3.15970465087817,9.38901008302814,-
10.0,1.7453866183439297,5.115614606501486,4.784709236598806,10.0,+
6.958455907880094,6.328945919773329,2.9310794206583535,9.613366401917428,7.90104243865446,-
9.616115803926071,2.9775648492907707,2.306724364221096,2.6362088050728296,2.349356031151277,+
8.508956695602865,3.255941480246436,4.0397180662464915,1.5476727667396817,2.4607374985006034,-
10.0,6.2223283275268635,4.295664285576069,2.4563917770225334,2.5320061884848597,+
8.516001158591877,0.0952984537524515,3.1259254542733537,3.2461962210032302,4.295138619662733,+
9.414662788568833,0.18051393367091928,1.0347857780243563,2.8591600577780936,3.3579911110032112,-
5.361588033306363,6.159789033231101,4.0256362433912685,3.4394263457958907,7.634999537712909,+
6.551144764389794,3.872307087275451,4.094529477293521,3.9095527576998665,10.0,-
5.884173062333769,2.0464440205411694,8.309636338591801,8.744000359860403,8.393601274691793,-
6.445371234045164,1.924831964884562,5.833479172444282,0.17409269724853121,1.1620262956182115,+
0.2381255777656599,0.7460557894878272,2.1920004178040142,5.945342464527274,6.883807236491543,+
0.37726779616784195,0.5313530999598246,2.277822672400402,7.2821195865963215,10.0,-
7.527333440919955,1.7919169800401324,3.56916364122477,5.204145383377505,6.441578589910525,-
2.368317206141035,0.21124543158320944,4.06007914714699,2.678162113565937,1.9263654280462565,+
9.491264240766778,4.764262717529528,2.086835350054611,9.723191777876242,3.5065741118061178,+
8.915604330129854,4.541683279184186,0.4703549642872048,7.719864957082241,1.8871802095391184,-
5.638256673762138,2.855852682718142,9.380649097942884,8.68073998350184,7.723738731068632,+
4.062005018671207,0.6213253380108661,5.143479286215597,4.199100964241501,2.3363389015736633,-
0.6527278563674099,3.460868716683555,9.424501125579756,0.11866263882154615,4.742224198731777,+
1.050664744193976,6.421427181810155,9.7700192402556,0.13909526060160515,1.647621169508572,-
1.8658537853538848,0.7332225273401716,3.3516189678401087,5.020727096314327,2.526774278172066,+
2.3621078530027435,0.96774753719023,0.96947089364935,8.273906367910456,2.9310475105350315,-
9.509423014384984,8.839922556210654,9.981875949564646,6.115935944398809,7.963177839892463,-
10.0,10.0,10.0,7.5585145876792925,9.03666114058275,+
8.280763055931388,2.0346067508289356,3.7899732746094372,9.689204734628202,6.486557287821025,+
10.0,3.407186798454787,6.455418237816221,6.392199786376255,8.81555135889154,-
9.070683349509686,4.729011575784013,1.414215586306763,4.835400968190057,7.5442377920133765,+
10.0,5.553565794719325,1.9126470788287635,0.6214956051247901,7.83743096669526,-
2.1468892243138615,5.224279090597533,2.98209471558419,7.492395794471845,6.71461182783826,-
2.79131641117744,6.233358688222884,2.456441065723869,4.6107286761949595,10.0,+
1.5016784879699496,6.4893035291204235,4.443329380400318,5.454112628511501,8.971045998029124,-
2.0965239175931205,10.0,8.567790655113718,9.215779084382806,10.0,+
9.66809247257358,2.0688439645515846,9.52610503583822,2.661225275271236,1.3960303558742482,-
3.807618603866196,1.493996058130543,8.883291870220388,4.542893025580646,0.2831323154683466,+
5.166815599638184,8.577928895588585,8.532858409226831,5.4540846232721805,3.5620176127739,-
10.0,2.4610747241339377,10.0,0.42764869552836504,4.677151520525168,+
5.736835184387927,6.6405866638687625,7.944144323700506,4.543859337293611,2.796560934981871,-
3.822898533913128,8.790237802919215,4.332252308258587,1.4819738756765446,1.0857272854220659,+
4.140609759239545,4.459207806980444,9.618682349950145,8.443216526458954,7.9396302347131344,-
4.2813479655531825,4.080995919972611,1.426206926854928,5.921846745570338,2.442875087660485,+
4.215166111293342,1.3541238919948073,9.81475482719627,0.6720318608847042,0.30308663225885324,-
2.884676854521743,2.3652232060443033,9.188690772373374,0.22324790287061977,0.059416980563624884,+
7.937749086234924,3.439358999737446,2.6254438452992144,2.2643185073911343,1.761969463444376,+
7.815563198780509,6.303558952748518,1.5045316152126151,3.2969213392592267,0.21666336549402337,-
3.5490232402605404,8.6051392851985,9.167224642869737,3.9849283377874265,0.1813447319932282,+
0.9124670307686821,10.0,10.0,5.227311646477177,0.22375530390271856,-
7.869618140123925,6.121710372719628,5.7122424027388385,4.024336623845005,8.358944889819316,+
10.0,7.833807869977737,5.277028182093886,5.036188265728113,10.0,-
5.66720591224604,5.736437327950606,5.6970682672276975,2.0402654936879303,4.960284818931088,-
3.4895919110129427,10.0,2.402428454789307,1.2288343770770471,0.20892146327738242,+
1.451893330440499,5.904470162456777,4.834736274519048,9.868113356220373,0.9804949571238064,-
1.0642174949187184,5.263884682037019,4.891882091269068,10.0,1.1647591968912865,+
6.324392451050763,4.785555160742362,4.573249488649212,8.863786009362201,3.5098121922686074,-
10.0,4.82641854334302,5.957996307900215,10.0,3.6995754537517853,+
5.997337906127457,7.5395090560634,7.80446691965187,2.7543273950497813,2.680224807425918,+
3.5969085623780708,7.041576728138266,4.886721548886312,1.2042659392117223,0.5832382877290488,-
7.261814756269564,1.356384066981593,1.0141423043205322,6.1115781847300035,2.2710719812842917,+
3.633215445287744,2.6620005405229903,1.551437978462508,2.511968500316165,1.306932169634686,-
6.249461416081836,2.6909206928342835,6.437842414774563,0.08081501537963609,6.2406069690669685,+
7.863282542341224,4.439203835183881,0.6972806082756365,0.09051435234116893,7.128051839738858,-
4.597134411528319,2.1731748694826916,0.4394464931875841,6.960627942162249,4.719137526822487,+
0.2695214188434218,0.09023807007665331,0.008419217072929041,0.08942911618708632,0.9822161459165374,-
1.4018383209242835,8.802983973935456,6.658616837728614,7.069313684970421,9.047653971380461,-
1.3807169254332983,10.0,1.1210542702019546,10.0,9.999470790701947,+
2.04227790866383,1.8038523756370928,8.72371073695754,3.1656761953480883,7.574465300660088,+
3.261926605473721,3.514186704262028,10.0,2.1858130532578706,10.0,-
2.0518545598526194,2.676690738857952,1.5809781677445034,6.268369334720623,0.13520771332579007,-
2.281363330473939,3.234011477399103,2.265659598602669,10.0,0.23966183332108557,+
2.8825301924588187,7.089150056109404,6.538035898826968,5.9539109972384,4.468551388347025,-
1.4926929667593378,3.1054450081439806,6.529300743645255,6.255212189954253,0.6574439848720859,+
8.689532041631143,3.4882034900668026,5.527676245000739,8.300874298781409,4.9363860048611174,+
6.448247704731529,6.181534786677742,0.27548408781429295,10.0,3.66139602947965,-
3.976909968075557,8.933580436021424,8.75799451345383,7.526627945221151,0.8499107685596186,+
0.47868239178923483,0.8105978131219018,3.7848825793071312,7.203341469598281,0.1883237421695118,-
7.707052748023111,5.510632950946828,0.5481427173509434,6.021370281691226,6.904914022508175,-
2.467020585539592,3.388949681217057,0.1999695009295588,10.0,4.594303262206166,+
4.666404773466328,6.354054058849847,1.777701598110012,4.670872365041758,7.900760355253514,+
4.242504588237284,4.43379997943409,1.5240598719883005,3.2422081025288736,5.4448837182090255,-
7.913530753092891,3.609047266946428,2.3908400910834935,6.1659002085734125,5.577122197601014,-
10.0,3.1833669011109196,1.529281137307008,10.0,7.804120228624094,+
6.755126614609965,8.897649178196735,7.607000384283122,6.2691259810281625,5.751899044818916,-
9.84580834519661,10.0,10.0,10.0,10.0,+
6.846154464473921,9.282156667019878,0.03384291311494092,7.260628965661553,9.64622113652804,+
2.708401106508235,7.578412528765397,0.019216648432001274,2.6719138997353205,8.8552499535301,-
7.551079635608567,2.173457510461118,5.749645377877666,0.19362669360009743,7.686358660484376,+
10.0,3.5512745443860756,0.07444198933177422,0.3439719173766654,10.0,-
9.901644823944803,7.46358882409647,6.647917327301586,8.46210071346118,0.30965634158253263,-
10.0,8.152688968625718,10.0,9.79718109658737,0.4267219494421104,+
3.070518923895068,9.52682949549296,4.948676077414471,3.9436677691751476,8.419737113749486,+
4.780497403819735,8.774534096324796,9.808571581715723,1.2406695120722793,3.7232424693946773,-
9.480319297749931,5.276291580262761,7.081222975072729,0.5937631931059173,7.055736642159161,-
10.0,7.8691712879601035,10.0,1.1615035012783987,10.0,+
9.622534217519464,0.3281067157843087,6.27821710756583,0.2625924284764414,1.1137356804457277,+
1.0104916021316712,0.38584093905195466,7.215127472993582,0.1178308601262832,0.590488883013455,-
3.4380926405070387,4.145053760640689,3.676703632402832,4.99828307244305,5.352367318084025,-
6.209895386450411,7.732313297554253,7.237374724190214,5.409726181381768,10.0,+
4.848898376131485,9.958434012003842,7.576232887596985,1.967011814773002,1.7137280154974266,-
5.919778000790603,10.0,10.0,3.041994356857468,1.8363446509685057,+
4.7012568420311975,7.7680629595242365,0.19849970220877866,9.479248430098945,1.3512624126919925,+
8.057699216434047,10.0,0.39072966486639427,10.0,0.645585696739908,-
2.513511653024959,8.691469237276715,9.965953901840384,9.10646854287777,6.020287258860226,+
3.9146856091045232,10.0,5.310048660600706,3.6363166800425635,4.777831207443748,-
3.7255044646840374,8.754654326823644,6.564468306766445,6.873826333289465,1.8864201646724255,-
7.356840952032124,10.0,5.986111775236901,10.0,1.5987499537060101,+
5.333194281603891,4.046512440332041,7.190766138135253,8.558721607827605,1.3354988608825857,+
2.3808294669061745,7.418975101661911,1.2930260676141636,10.0,0.9347067640461767,-
2.103617811074323,6.017456839488293,9.596726248745775,4.027945061549368,0.9221642330620483,+
2.8123796798120355,6.816584215821111,10.0,0.4281070947472268,1.1745828941824026,-
9.488509242653828,9.139617178253742,2.27393528176679,5.059749713093159,0.20391917219135247,-
10.0,10.0,2.8854121900173277,5.340233181634459,0.2680056190864111,+
7.391206417517636,3.947505831902982,9.271751665182931,2.7551475049409078,7.825600856400018,-
8.708171429833111,4.224165446514488,10.0,3.7363484588291214,10.0,+
5.525381673374618,8.380548347570137,3.3052797472584694,9.42649823554982,4.131434399728111,-
7.155914356042317,2.4349248559843866,0.874071540991291,2.2499682803896643,3.246515473336934,+
6.585875880022401,4.390131583561,1.0862656102170998,2.2006768425969803,8.699746498753647,+
6.328281771344304,2.435425954045131,0.5135611257478249,0.8458270501741092,1.9346227140509886,-
3.2063123308917807,8.501374440919546,5.110935986861195,2.920612934972647,8.995517080430325,+
2.6757881838016724,10.0,0.035288492495393294,0.34812647795696056,10.0,-
8.25226001598002,7.3912353771458275,0.857671830255734,6.319902293333858,2.065260896871315,+
10.0,4.325807469495676,0.14655687023788108,3.1013726217619664,2.465258809084777,-
7.778666109170342,8.423660288498645,7.679461750166327,6.638968926358379,8.137241191502925,-
10.0,10.0,10.0,10.0,10.0,+
1.0387684822423293,4.018767310876582,7.222958850103622,9.883319879968,8.764685417579798,+
1.9854816234720867,2.900756478710561,7.780241002818775,10.0,10.0,-
5.165556690648896,2.8345330487715694,5.901963330360522,8.259303056358547,8.96055033780455,-
10.0,5.597645743143925,10.0,10.0,10.0,+
0.9753474236499116,4.105033860147406,2.6566832844254087,6.364089224005429,4.9545372653103295,-
1.105727512788993,6.202583965600989,4.710187226422485,10.0,7.498016853546276,+
6.406449469564746,6.751914114558967,3.994033747437679,3.2227690470473025,9.384504686766284,+
2.4447648289923927,7.492684535466833,0.16448485901064774,2.963072120646608,10.0,-
5.069836393768915,2.795812325411877,6.301706330761821,0.7141507246865797,8.149692446402435,-
9.465703668936923,3.358847380113247,5.065971150441322,0.8480121215789134,6.772161034254718,+
1.5388623032889792,9.402484411748263,7.893778535516177,1.8265959026058132,3.6965664063323556,+
3.059497426637545,10.0,10.0,0.6029442302874664,5.907938394823147,-
1.1964963795137362,9.236856155653381,0.9140072831021695,2.143571559396731,6.136726876490823,+
0.9654759939872873,7.636530949645282,0.31446771331060636,1.2325163019211407,4.4642429911981445,-
7.133165310933323,9.173538346033743,6.1652361233740285,8.11091520917605,8.119647622010017,-
7.6615959672545735,10.0,10.0,9.951835343286282,10.0,+
2.308902197293551,6.779442707610946,8.525171217881951,2.470393807290324,1.2384016471855597,-
0.567308703323126,4.1239175740772565,10.0,1.2079391438618905,1.2098768981125376,+
8.505130888144715,6.709249315912855,1.3211607261733915,7.793065729948029,0.5927133593202316,-
10.0,5.674148572407682,0.698712227439277,2.7103008010223992,0.41045457390998763,+
7.500529106219521,8.645233802628546,1.0560702083731455,5.583197210604467,7.53410487902779,+
10.0,10.0,1.6715549889593524,7.44527087284548,3.818306801857772,-
7.745577342568492,1.9003882222003121,2.60509911465282,3.0040952423627907,9.901653075151325,+
5.540124027017158,0.4944278903725686,2.0183639804837474,0.8052540672427224,7.136252710323938,-
1.1034517645938446,9.899244092899856,9.689533323209668,0.40799759647441647,3.0819757427128716,+
1.7773888307302554,10.0,10.0,0.16580944703716796,4.579069849737186,-
9.999613760763129,7.707983410471754,1.0508468983290387,7.561959271681418,9.269692072922478,+
1.78855902961396,0.9431685779072586,0.8771556500750091,6.384945864001366,8.653487152922283,-
2.3803757190593333,3.3142102365967085,4.008883951215339,0.9862055654966906,5.77492265655847,-
2.3769530932332024,2.6964097284676307,3.722180422119453,0.7063346565962467,8.718576111368602,+
6.667575079681543,8.41766561566577,4.975490723550457,1.2329963023694723,0.4262043511722313,+
5.398483367903565,4.0810020735036305,2.6125728555332732,1.2227118951620373,0.3754400802804318,-
3.995305175255215,5.817748200374499,0.1334212439490623,6.468259505406856,0.6138149270666449,-
5.126188595009796,4.561592560179592,0.08895840156463031,6.74280473153846,1.1041091856822405,+
7.037372709341115,6.496121681686434,0.33174061599662297,0.3431217246438989,0.32969683215601564,-
4.731504143923608,2.1830024444801674,0.2672377456171083,0.6399932786131293,0.03584419796060377,+
0.6645513146408466,8.806965626221265,6.6393042364948265,7.801420612523334,8.989435346507422,-
0.11895093598600039,10.0,4.573452505630398,8.477550128613835,10.0,+
3.368306264118661,4.419531213085537,2.6703384060169464,7.687439151356392,8.151583040620276,-
2.854004748047663,7.5864014468184795,4.602188251122539,4.941151306240556,10.0,+
1.3826265175064234,6.665531114991671,6.9170535366324195,1.652403673500067,5.953276523460014,-
2.055251741623988,10.0,8.9801232658573,2.4123018713343676,9.69723155372632,+
7.888402834011052,0.15511133169270885,0.8921288084704138,5.013496760099642,6.347645675682538,-
10.0,0.18930562914680948,1.3531320002834877,9.04208310521308,10.0,+
3.463360145624854,8.566473797272465,9.512839272141987,1.7853544689239154,7.634838800802091,+
0.8038662030807207,9.775120432143769,5.648922233422247,1.3746750735817708,10.0,-
0.3125218741882352,7.517622342129602,6.4941245345041265,2.841197591494926,9.760250707700246,+
0.04928277465909995,6.966033268640243,5.722494451122559,3.155907363347115,10.0,-
7.514627759142607,9.084853251365294,7.073691761696814,3.9591584423835693,5.567521893563606,+
6.188277477501086,5.068089912521897,1.2857802363725124,3.4631311368302446,5.018202764093676,-
6.693012938986385,4.772900920840425,3.5324646380662994,9.239944066834525,7.522090458378293,-
5.724163705346285,1.555411452541516,3.1618001346930886,4.082417603256927,10.0,+
4.119631962559135,0.28634531431078636,2.932154217576639,9.59460519021916,9.574790884861876,+
7.87053538887828,0.06499359655465042,2.7045834856588837,10.0,9.240194249634227,-
3.2162222765345208,4.176786583254975,2.771340601997755,9.081137424136623,2.632468328091165,-
1.0144510360921226,1.6004472135078873,1.7073704325671168,6.540977909610887,2.680319036701722,+
5.872327398726698,0.8855425839587572,1.4452772765197408,7.796000157076895,8.007056543589519,-
0.0999376408148163,0.34955693595083837,0.8488326648911444,10.0,0.5691175697125698,+
2.840639586119613,8.5944974229018,9.95378500098522,6.842322916505258,6.855428455531949,-
3.6396644260010125,7.640325056487362,10.0,10.0,5.85841572512479,+
4.933375569049556,5.089785389583122,5.404990413237928,6.180034753627357,7.8007020053478096,-
5.34767535475855,5.4643958854498615,8.31634219479859,9.591945900176876,10.0,+
7.369086491931024,0.4085211732966154,6.414372905663884,4.6605901753271075,9.389279553582625,+
6.162771924046904,0.0803814599767231,7.656464365681493,8.669426677545966,8.5608078362346,-
4.584927029064665,2.405856919155066,7.095323519934102,3.9162504809832352,4.453615804210011,-
8.873938098444437,0.6641425131767502,1.6085937567659543,3.4656324274491936,3.0003589539259248,+
4.479430177604089,9.28351288444153,6.594988887394545,2.3990521413320884,2.437498566332178,+
7.12528424563663,3.7149722571350936,8.65352606617966,4.197205517016336,3.404755124660922,-
1.6356066131308233,9.06180382612349,7.811245970508312,3.093245992128677,7.625619519388924,-
2.929540104858042,7.268626106384137,10.0,5.136584091764918,6.21752151436637,+
9.330796120633577,1.3305289947852017,9.884405671659257,4.8056167303157915,2.57960195172094,-
0.45962218704858554,2.335513185948086,9.312288442771571,9.25905491563558,3.700591244762251,+
2.3895922807619705,3.116633944726237,3.2412055656229946,0.05229889022448697,5.3177122279037645,+
0.6699226604301702,2.9844409173266944,1.643270346363391,0.0019804634714937802,2.093189993073125,-
3.9354152693730615,3.5946926810555446,0.010918557865963185,8.265535568263134,7.633818953308196,+
7.692428817700403,3.8975739918564343,0.015771700220551053,10.0,2.903828895110556,-
7.5753982584520205,4.910116851106341,0.6254370179013902,5.598248167442287,7.288174806223932,+
1.9806008496680108,3.1702875648983375,0.7894672566898904,5.299793885436619,10.0,-
1.7232676949299963,2.8830469709651876,9.220830570659084,3.7242053676443776,4.821209054014774,+
0.7506658530207102,2.0846911393586134,6.835531508941103,1.0355501657367123,3.571715757562062,-
7.305159547526927,8.993825747899551,7.582259824968101,9.8799899379263,8.088540506045682,+
10.0,10.0,10.0,4.461045103117297,10.0,-
0.5419068204114086,1.5319851587758404,2.726067467243106,4.41535151603206,5.033499759010082,-
0.5351373644328047,2.9529160290357157,0.7700934532898017,4.055050850492482,1.0336388780390466,+
3.2602863143392034,8.642626815279385,4.530641976599197,0.22590744914380845,0.4134671174553839,-
1.0993534063214483,4.06014736930465,3.3520527390697694,0.3762480390453943,0.11573771551426525,+
2.8197986189794078,1.8815000427932638,8.36078882218039,6.731672182654104,7.3156557423171265,+
0.34108674558253227,0.015338078717816459,0.18619827422067572,6.17808074491483,2.4091442205802434,-
7.917005815626186,2.077695560601139,0.24652619988005053,0.9738022348393771,6.554778182126401,+
1.776329903201576,3.7461580166938915,0.1993712669086479,0.6668930032479011,10.0,-
3.325798098808482,6.943274392061989,0.03631799737778829,7.207747493926091,1.7212657377847729,-
3.522883317237443,10.0,0.05313324643544083,7.766840235026804,2.4081052969750787,+
7.573337555632955,9.544813851509806,8.43399326188598,9.43250640943486,4.106749154847529,+
10.0,10.0,3.006008740887587,10.0,5.437272502902347,-
9.311648393926781,7.734693320585392,9.242283012116264,8.721556183889739,6.177315021054097,-
10.0,4.7427437040068385,2.755053224578525,3.6810791126694844,2.231873447408811,+
7.399598994607849,9.86884122271368,9.69994453110741,3.941760893803792,9.488817864680811,+
1.8825763658668426,3.5355683811653247,10.0,7.809443426847565,4.619216285286762,-
9.108307972777864,5.568393677847782,1.1241824846653647,1.2930220312811147,2.5313652564054214,+
0.9409977856180588,10.0,1.812857017955603,2.5548733324980066,4.8456209934698045,-
7.341142950333336,0.18598303861900534,3.168150880781538,8.15331714355368,7.147160961611036,+
5.204493281506762,0.10121905475890791,2.5796653973406602,2.914529729336719,4.705135418236742,-
7.393976144162044,6.084745089362707,3.640827848107749,6.66892134395836,9.789065085100084,+
8.206378936728244,8.923598300680924,3.687198041462306,10.0,1.8065744358711835,-
6.49136456542044,5.530343238183968,7.2102580589935865,7.735339321496459,8.32646064699629,-
10.0,7.709770799281768,9.870525852191639,10.0,9.876051264816837,+
5.762323357189905,6.278582931817863,5.333892310362956,6.103614943125683,0.7596561782167432,-
6.085392487828269,5.060084364457037,2.207104488061466,3.8961786581995432,0.1258689058238906,+
6.248583534039817,4.638963170727735,5.9802595913766705,0.783485015403288,2.9889357151298244,+
0.14139460766593154,2.9810606655534113,4.960557467450039,0.331780685363376,2.881387422472369,-
6.3410661930342265,7.365831879855364,9.620135541910141,6.862781742256376,9.33071655413552,-
5.0421419637414715,9.405362228225188,6.008834082364207,3.5435257073188593,2.955216329434415,+
5.1042032262432455,9.934015350111792,8.290239158509609,6.861302065801471,7.771479527705254,+
5.331631349012313,10.0,1.8243825443822337,9.762540350650744,10.0,-
7.173182224170112,2.614631667447991,0.7403427060792367,3.427233255115963,8.170672491677081,-
3.3988335657800524,3.0479242971843377,1.3568976165394913,4.570397957356478,3.7211495911013506,+
0.133968560474228,5.288223137403766,8.025813116343718,0.9302674928700061,0.3920546416863868,+
0.11462240811111343,6.781718163246657,6.40505681117044,0.7388201115626724,0.4808165062205884,-
6.3919281385490105,8.96307925029323,1.1552535642623674,7.522175364101997,8.499668619881074,+
10.0,7.767407305579325,1.774266196088269,10.0,10.0,-
1.027433323635334,8.374601332659298,7.942461330950703,1.7629213166908142,1.863382703103632,+
1.1624161574258192,10.0,8.434965951879656,0.7183025328743416,2.568780030249688,-
6.990744947659161,6.818145118159982,0.5803009035292517,1.2456078239342427,8.370028123875082,+
7.094777162443014,8.972563460313713,0.4310864158502587,1.2900642975239864,10.0,-
7.243465465062659,4.819245507579533,9.483389224080263,4.180014859783217,4.407081408494371,+
4.351965960168288,2.06769183944911,6.498594550952498,0.2350252646924443,0.8361713407622481,-
1.9353577016211165,0.520884554112323,6.202219541203522,9.61873395309272,8.904717699197894,-
0.990373598050651,0.9131370829836759,4.665757991616059,10.0,10.0,+
6.1271690601784625,8.47501051487937,2.2502262655086125,5.101985911378334,0.9100139500483773,+
4.623823593098341,0.29018661178968647,1.2508745369711667,5.064651676557115,0.19196132545573372,-
7.45750487983488,7.806060808735335,2.1527701147127045,6.063696310872012,6.2964963753837555,+
10.0,7.263236242584783,1.701757321626084,0.09978556844476662,6.301297898409498,-
1.1869275729712814,6.554551566532738,8.498795810571139,5.711821047873985,3.144435463393769,-
1.7058459910414658,10.0,10.0,6.257424034565347,4.855844369398045,+
1.311976467888113,7.362045680756105,5.466516843738598,6.52002782490392,5.130321565194774,-
0.925824740722499,8.642751043444058,5.576699037660146,2.977753856016942,6.766958156919824,+
1.9492568857832404,5.256285297765699,7.848232577785695,4.160984656123183,1.2021353653320999,-
1.7079554191998532,4.679260337079159,4.706017422330115,0.3324966900576062,1.9557681438299104,+
3.643587992225833,5.13842558303695,2.9044354098790937,1.2043697039953327,2.328239083857222,-
6.899973977412994,8.774641601966218,5.188587446037112,2.10719117909366,2.5984135930041674,+
7.3814136255548455,3.153569178240603,2.9284173512744918,3.0060312974477768,4.784636043405336,-
10.0,4.034372713017123,5.846887654068769,4.070749206304178,9.51733569614552,+
7.8599842848107,3.2280801661719973,6.640657299127195,8.611293966972633,6.411441797775605,-
5.384344126333881,0.04507712686352242,10.0,3.954099080650484,0.9978563259780084,+
4.182778025449357,5.801653963925278,2.347852586337773,4.771653514518993,5.2851007514386055,-
1.3059202152322205,0.9455658140882814,0.5464911756577352,5.379067911148371,2.420310640441232,+
8.800903595586716,3.938379708233737,4.5730068929419465,3.985391402440258,2.6478161328260574,-
10.0,6.526549294247407,4.92136410520873,7.955125860130004,4.389259767202532,+
3.072015289712773,8.39663693244709,9.411990013617913,2.527372626888549,0.39322165278812715,-
2.0284428134433763,0.6153937741511871,10.0,4.786021721569622,0.523476686849756,+
1.3000105211778512,4.843142483951738,8.424935385236644,5.148398746461656,8.426263626575789,-
0.3841823377320961,2.2940590989042153,10.0,3.9145381563960737,7.100290074780055,+
8.713731085082124,5.49482669680623,0.466329474373971,1.0931194424713497,8.600664801548707,+
9.227048421071617,5.839091915947137,0.7963388155683089,0.2722479709605174,10.0,-
1.6143076958042535,9.81400983185379,5.180208344485453,7.449951528819627,4.525055149808703,-
1.4611714628878236,4.92069705391789,9.165123929782046,10.0,8.505963846655424,+
6.122608565294328,5.968453876454455,2.828123837111641,7.495574195009221,7.683260936857309,-
1.2480697427489873,3.228607813535117,1.0918274475068748,10.0,4.7528040493377,+
3.9741621332036625,5.33655231627346,2.020432107496024,9.955218938558618,2.912866081947061,-
6.336562004715198,9.11309019305672,2.9334912821515036,10.0,5.548875342142004,+
5.295543566515409,1.316762018797747,5.510864650110339,2.020070359906747,2.6753102557018127,+
3.089396920138982,0.7300800640532583,5.802563613955557,1.8418989194452675,4.604643962756161,-
8.401686599300598,8.995333387872192,2.332711073724476,3.44215557550036,4.384865676285941,+
7.426514699038564,10.0,4.214098297805481,6.074481333813427,7.968206464429223,-
1.4256340548346957,5.594894319121922,0.5227816094560744,4.189140562234156,0.49321294866337406,-
2.5870494093167085,6.093725394833592,0.8928167126853851,7.807421549033029,0.8343879221316622,+
1.854209792012519,9.888710249665511,3.562883827876199,8.44177415104473,8.753384274559036,-
2.1000131990193447,8.81462287057862,2.349659348143441,10.0,10.0,+
4.713723264914055,7.120102384875878,5.180341291154557,2.134854010875772,3.9029625893438746,-
4.849033078055939,1.7031331354009882,0.5035443798652512,0.40983437897803027,0.8694817593868432,+
2.9890800595427924,2.105184712671486,4.887129352144484,2.6707601506111867,7.687306743506959,-
3.4783650606460386,3.5972433923025355,5.415416841283738,4.594342688255191,10.0,+
6.595812548093934,7.050455043728294,2.705353968773129,8.460323663564349,3.595971834121907,+
8.708397218456957,0.548510524865614,0.557137946792446,10.0,0.4831499267249675,-
9.36826119125794,1.7085539892771606,8.187574728000428,4.29366677265847,0.92863718328135,-
10.0,1.9563221721844781,8.745828808491794,6.329255384810439,1.121296826658343,+
2.648368336025083,9.924349635638652,3.534516655721549,1.6096771969573342,7.7204760083806985,+
1.2399511655674198,4.450633923339002,1.3915756515853677,1.091918944209674,6.958108215503355,-
2.600592415069988,8.418862587670345,7.020923949870265,1.8798315259506881,5.390257985843182,+
3.1117968938501717,10.0,8.86844756730926,1.9003309917955782,3.53053832380621,-
3.444154272015486,9.283020501060065,6.345351800281575,6.7349073926072665,7.049470475148555,-
5.339846412614145,10.0,8.17260223760788,7.346323097541397,8.630881029625035,+
7.889022998406255,6.829322457456421,2.520275059961884,6.0784207017667535,5.597973703746744,+
10.0,3.5936137188625557,0.6133914812258633,3.9765413852707603,10.0,-
7.877909165145064,6.386238670343274,3.535549433836096,0.509643360420774,7.628202552835165,+
5.213224561132606,6.6663446011377365,0.7461771920131057,0.5016650244649246,10.0,-
1.4986267884785531,9.271243230774429,1.2850770514524912,9.824377253098014,6.885200709512266,-
2.076336290798586,10.0,2.0486850114744755,0.08343262254066386,0.8386949107947718,+
3.1275488405523335,8.173354390811417,8.678947788032465,3.3437715313708285,1.0563490039244272,+
1.1802049176335014,1.7672579999109543,9.513079106186149,0.33647995284448246,1.522958179831927,-
6.0114576034951615,4.699061609704582,8.425709455744514,3.6493296813843434,9.417226272109039,+
2.5813258995188075,3.398856807119723,1.7669138117020793,2.4671600911200327,8.12033152267314,-
1.0210063254467994,9.950184103037326,0.3789821306839314,7.137639464762775,5.015688674839707,-
1.8920406573285051,10.0,0.41745691635295323,9.158797902644867,8.231468597691286,+
5.428885662345405,9.79960188954951,7.260843438138158,0.18859679623988823,0.8524171052047991,+
4.708023280542785,1.4488986578388592,4.873998527738434,0.09873723526937626,0.538325105726321,-
0.15672205413375107,8.920457678644606,4.146661431542466,3.8856122125850643,7.5560744384650205,+
0.09582162380333137,5.340302822100111,1.6152924482787931,4.075680231468374,10.0,-
4.123864625541937,1.1228587613420915,2.3602757645499017,8.879724288042848,6.114647311557075,-
0.0692443740148949,2.168278819476887,2.5784844359732255,7.152074727253874,9.91296140628009,+
8.383008878552863,0.511756805645146,1.402869600063289,2.303957452365556,5.190245289904799,-
10.0,0.3938819112038987,1.0889143307129734,0.3917672538992627,2.249330010695782,+
8.612363205851093,4.503647993417415,6.102048109249381,3.6554989902527133,9.483874887358503,-
10.0,7.57868851800089,10.0,3.419972233754817,1.888951448783331,+
8.868884179828388,3.4715863991277276,7.921202917126581,2.2734825335343514,4.680542177208533,-
9.938856186470328,1.2273901441533053,0.1113843440879743,1.241999941957278,2.206645802867303,+
0.48736207388638375,9.631049983345683,0.10736591264563056,8.219706841052458,9.954958773107323,+
0.08547254284553375,5.731586342802257,0.024865301489264163,5.1152126292047475,0.9259287719744217,-
4.84239420044418,4.663168078467529,0.2502654118355785,0.24681375325848798,0.6852450438638025,-
9.02827828850083,9.247309003734564,0.4860508254775224,0.32812562919791755,0.936798309952944,+
1.238688351127828,0.8541054741674459,4.676501358077953,7.53565658010367,5.066194793145185,-
1.9692529645458632,1.0654870156140162,6.369109732574897,8.217419854595908,6.874434320947625,+
9.194592118192833,8.6511351317657,5.984844063355016,8.677462202710382,0.042973121594828134,+
10.0,10.0,0.6749656159656671,4.613984991118967,0.017645778436655782,-
8.001135135277277,1.9858426631664172,3.3944339994777737,8.411491365417831,9.34246795517907,+
4.6979630854774035,3.092032277402851,1.656992302073096,10.0,6.302093341648671,-
8.097050065259651,8.313352044706528,4.317482647866294,3.4163708910644197,6.194601812321618,+
10.0,8.790039701923519,2.592007796129173,5.110650547053673,4.988551563166101,-
1.9228327532227896,2.17809315859168,7.110307551609781,3.4575549636919356,7.0720303017684625,+
2.5657098966440706,4.354516461229749,9.843892245706494,1.0624843630450445,7.5507523704195965,-
7.87059107425547,9.673749560728595,3.069513818532863,4.1939332076868165,9.838747170680449,-
10.0,10.0,5.928524381955054,4.935504608483462,10.0,+
8.678592017283261,6.164796681345942,6.4107863095940925,2.887518736914536,9.607015389478956,+
10.0,10.0,2.4676527455646937,2.4950575997306084,4.1445465884944115,-
3.148114541065641,0.8120952315599628,4.118758063846027,3.658876994912703,4.448025351677009,+
2.2833238780815193,0.5463200746874142,0.17434449685575984,1.082932796396323,2.348946035537624,-
4.627114698505746,4.857080334055256,1.5292165200562635,6.2172960065375875,3.3386853862596775,-
8.118136124423055,9.043625685941834,1.9545295372842162,10.0,4.778730752734127,+
0.8864920300957302,1.2550433408101525,8.172736000157952,8.023622253585405,4.046564316718725,+
1.2969674886291345,2.1286633659585745,2.110299405501643,10.0,7.888732961849548,-
1.2388641719361337,8.673140114578135,6.212143735879604,4.600699198106408,2.628168486179118,-
1.0205903911966114,7.79177157006898,4.677587928871214,5.341611790135902,0.3912951317033177,+
7.2564343411666705,5.8308999188697355,5.022393880073638,3.3712933384660704,9.456012758688408,+
2.937035194517183,5.825133275415721,3.0195952282995346,1.8344752688605792,9.40667786164884,-
5.858750556757084,7.747062410821873,2.5558301415405604,6.892901265780961,2.884345884205567,-
10.0,10.0,4.288162493874131,10.0,5.608765559630808,+
6.34325023770558,0.6157323003243731,3.4039871809776354,2.6179210233767423,5.37680975608387,+
9.911500648195295,1.2138783828457176,6.6086005119984845,0.3422108079403732,6.056852609691168,-
3.6783538478545164,8.37260068527245,2.3761101258658957,4.88789703100088,0.005966752315935686,-
1.147694755214619,3.2749514765481185,1.6318340419158799,1.0582716805811325,0.008726038750370793,+
1.6603473319803597,8.079222205702688,7.414037115401351,7.727415154060159,8.347737261685854,-
2.0361231879410635,2.6247431786412796,9.776062999518256,6.821463563116577,9.948061105764603,+
2.753553534671963,7.089388361843328,6.205250451987883,4.329606645786131,3.3840892690116995,-
3.181224130616714,10.0,3.0975904170174977,2.6601518179314327,3.491058795063025,+
0.24910779342388611,2.1906238423763624,4.345518850466666,7.940417916565586,4.571366438881345,-
0.17785552972470034,0.644964669297242,7.8056525620349415,4.285194346221912,3.3714417297445647,+
1.950783739083961,8.006718269473414,0.28118169897006884,4.9906976270498316,7.922867396839904,-
3.510606668864767,10.0,0.052668954246694516,2.0187197007674236,8.765525035086375,+
5.827254217006395,0.5988248226865966,5.883379702972755,7.450053314001346,9.489017857519986,-
4.2283451585923535,0.6679244574698479,1.0750648402995016,8.450015472907745,10.0,+
3.4853654435370185,3.597882816617146,8.481100946461726,9.833713607003844,8.434334848960923,+
2.2886212476448335,1.4555794596989426,1.5497106832260996,10.0,10.0,-
1.8796010403387098,7.823294475545008,1.366915316050934,4.9767271684947,4.175475965085539,+
0.15690462928420906,10.0,1.1874576141437203,3.2691456748236183,5.809386259074793,-
8.322023830377255,1.6991095838000903,6.322182914629845,8.773851883150858,5.132346404698066,+
6.667521155422394,1.3549957075623282,5.229962604816867,5.2103272476552345,4.796813770385469,-
4.870501472508662,7.082799840585464,8.772372073082805,8.393026188131156,6.121483652626547,+
1.7594724034289746,3.310686666888201,5.195449267629713,4.7735973590851115,5.160657907067171,-
5.738085349565088,9.109818810700995,2.6472776309604082,1.3205362343811666,0.7905567859219653,+
1.7806631826206047,10.0,2.0679776444042246,0.3866776126981037,1.267429570708686,-
9.096291635691511,9.195615128243125,9.991921628107168,3.7097106447709405,3.8025093974419875,-
10.0,10.0,10.0,7.200570106728791,4.381978864523993,+
3.1482960260745765,5.941706702716051,9.302445956614582,3.670943971170928,4.343421746416219,+
3.9693588365865073,10.0,10.0,1.6877109239899108,7.485454371444397,-
0.29508459379214647,3.490696768427546,8.58517495887973,1.0527367806195598,1.8770476159044225,+
0.1295544109462056,2.5947250661019705,2.119740413428998,1.4072717874679899,3.2018792704907013,-
3.8164096281978477,7.429631013907726,7.519416810081597,1.2149895420118617,1.7477201282983301,-
6.553208123392715,8.225033344914431,10.0,0.323193010461151,1.7465279904624402,+
1.6997711657643777,2.230430273400766,2.1103406770833564,7.329564682901706,7.410206002021184,-
0.7372190238533989,3.0750321118778268,1.2514840019546492,3.3485788861377985,2.6330367726973964,+
7.666051715631285,1.0170303325470686,0.09105978961179484,3.8703582232955194,8.931776057574545,+
3.7689715153593704,0.6666275829038649,0.07091955606263797,2.9232459832312223,2.935587021578931,-
7.481213992106697,5.520553027570463,9.978663650110388,7.387552755627599,8.456924381840388,+
7.613502582585571,0.9737372781667257,1.1319169289733109,3.5787490814928935,10.0,-
3.037981665256898,3.9916295195414997,4.884324000122194,4.17456104816781,2.0407410834402606,+
2.9386464326756148,6.624266402869125,0.93522769518468,6.7491158236621835,1.136667438123636,-
2.50177650498978,0.3270312363817407,4.288185881015865,1.5831732427392076,5.121673433772562,+
0.9619402047157396,0.22779803430373902,1.4256225742465953,0.5661844167503172,2.845970041264129,-
3.000206032540338,3.3884271450539307,9.01474410889071,4.86430411598727,6.677303630382243,-
4.609047568363937,4.117978610067569,10.0,8.385149207845272,7.714746540951429,+
5.640267350521179,3.590568841178856,0.20564302238956444,2.898520748341155,6.719389819527011,-
6.594267946180029,5.039241764968997,0.37386438887095735,5.148779546502866,6.970809165392593,+
