7.768528258868893,7.432067844451378,4.259362844608063,0.8948532115656382,9.9122774902167,-
10.0,10.0,2.642539564753101,0.17040041441133358,10.0,+
2.373724356091066,0.5628065966620266,6.996249604515769,6.901219581334841,0.8898634660326654,-
1.2487438068555974,0.4247628558154693,3.4112466368029946,4.408136658046821,1.1627070980970253,+
6.337654004427975,4.071819646254555,3.5708584743229466,5.867573650812199,1.3857141465706246,-
10.0,7.003229461049185,2.682160709468909,5.414289752728818,1.7089583939296489,+
7.571638633040446,5.544012943790353,0.929660560289548,1.2052654898133452,2.0466042613443625,+
0.6423812940620595,8.786193202611289,1.5090193876330418,1.5947423493168575,3.744039066802157,-
3.2355048453194346,6.654051065182659,6.391334363413986,2.7084858241173313,2.3093367812476107,+
2.275791585782433,10.0,10.0,1.4215380762393122,0.17972925177478857,-
6.5789125927963665,5.1661469554640576,0.09621319433057551,5.1691064124905415,8.059639538414515,-
5.516592876901584,8.429729955002017,0.17848380222167015,6.555249664802574,4.655120121401568,+
0.09092040675479196,0.7845714765190315,1.0089540045483414,6.64207349767544,3.9115870784448346,-
0.0814053580615605,0.4817827406965986,0.19821933485612417,10.0,1.928737676719457,+
4.251911552777081,6.076906545441155,2.492403878560967,7.660341826236472,3.892687519908311,-
4.698644881731362,10.0,4.098453192526565,10.0,7.233583774122119,+
0.33625142086223136,6.941529110117196,6.674359353559966,9.41039600497186,6.883786515480987,-
0.623416024413011,9.581992232431164,9.330061192324793,1.424157003763946,3.4743994028104366,+
9.05017335604591,7.112701103638156,1.0271289871801847,2.9009019164965313,8.710948950348426,-
3.4133042614077027,8.607167689213636,0.2949874248791914,1.4987126441840348,5.0246582273838065,+
7.208254622952719,7.861742712804154,7.831714886147191,6.610750961729624,5.298827718184299,+
10.0,2.8832575565659653,10.0,10.0,9.198264771762295,-
8.844841450305026,8.839772705318333,2.872516431931457,9.354922607478219,5.1641622728581025,+
10.0,10.0,5.608957709830931,8.259312501232449,9.060297221499141,-
0.45332792027346414,3.266567226698297,1.096034113752038,4.1821013441962585,6.750856246566281,-
0.5785689750343763,4.80061221929308,1.7674284039849368,6.667372066738679,10.0,+
1.000308057548841,3.764390813976063,7.800654618610868,4.661734285910869,2.0994119226833794,+
1.5104851841263354,2.0149572326729395,10.0,7.099730931219913,4.055015510825831,-
9.814816175655105,4.470085291813412,4.037762215192613,0.9929220417645712,9.269681461838488,+
10.0,6.417610365213771,5.618422559886995,1.8149116715350713,5.2635742471348665,-
5.125274665662117,8.494655474886105,4.09852170848586,7.291728356889039,2.9187582610507823,-
3.3989719407589467,3.140439361593066,0.41987162486179264,10.0,2.3644114632208972,+
3.4369161425215666,5.223514918572669,4.630025979923108,9.088531891182937,4.349456246446266,-
3.8770282396614877,8.518265868587667,8.003998992976321,10.0,4.757147848891136,+
8.022993521471136,3.048783243807126,1.5672875347451032,7.9289566860349545,6.072478170881657,+
0.46582588910473605,4.213210329525224,0.6404445258414472,5.353625101485297,7.219513640216021,-
8.541593817565376,7.7334080961396525,6.614080624870539,3.131720653961435,4.174036383151262,-
10.0,10.0,9.897393806823345,3.619781874720628,6.30230492434944,+
7.189333795367212,7.595111805270751,0.012794840010726949,3.1357050103583184,7.608980986990098,+
4.484990439166288,4.042814160093838,0.006997597884349764,1.8274259860903472,2.839181757708279,-
6.837619887924864,8.351296133166983,5.928735641346863,4.912946625011307,5.539945656584379,+
8.854417454043094,10.0,6.4621736113553725,0.34799470436996405,9.262229743548644,-
4.204142136363015,6.85232910825294,3.065622711623605,1.4525090213522662,3.7500121880222292,-
4.36023064002611,5.886544032910842,2.6615846548104494,2.6512333514146165,3.763355863792551,+
2.910910024848542,2.035880710167511,3.437525243087486,4.751426586639696,1.5085302017407887,+
1.7800253995291453,0.10790414223353628,2.44784305047477,1.4648795419905307,0.11897349414823606,-
5.920060006314781,7.22719126713535,4.240933051484821,2.355102165915252,4.956609864222338,-
8.593007773717986,10.0,7.311963529445412,3.6192405129667113,4.989694440091026,+
1.1056263651745113,5.887217614368493,7.032230401049899,0.07808265673352244,2.2211279964473096,-
0.4469996314685867,7.364905888350219,2.4236467876665158,0.1170722604973108,2.915445720614925,+
1.504030863269813,6.702637167073621,4.7213003671640354,9.500874857317804,8.721268937992898,+
1.168219135392046,3.8181578563158314,2.450119694549832,10.0,10.0,-
0.3811505468439358,7.491571391807746,8.391572768706418,3.3673297477291095,5.018170211927156,+
0.2161451037199491,10.0,10.0,6.668897702823549,5.258989345141789,-
0.4171995072637569,4.871000057914959,2.329292302912208,1.5519983431227913,7.028238412544314,+
0.12408862770005236,5.461111229679086,3.3097011408889774,1.0434780916617854,5.268023183124749,-
6.639690333490492,1.2550309547626703,7.716951276017331,9.911843548063226,9.890004906547738,+
0.004253219527425621,1.2090369082415864,10.0,6.680866575440148,10.0,-
5.930233878653124,8.525375680014202,2.339788933078759,7.952761122297317,4.122329611959854,-
4.175866532679053,2.616831386731809,1.6420512140521397,10.0,4.064027416771621,+
9.159923296600565,8.211016151687893,0.09603381690436064,3.78765432842602,3.476036463268094,-
10.0,10.0,0.031634885305321186,2.4182554680371644,3.679189678968116,+
5.968063415209142,6.187618196942596,4.648931042700337,3.0030035460031277,2.902156683922583,-
8.153654650335096,5.004235519499409,2.063069533906301,1.041633617627188,2.885457428612152,+
8.571960488858542,9.532570943141833,3.4427343852595027,2.146183911866114,6.532611374328918,+
10.0,10.0,2.824373956326076,0.1849652983616925,5.573091983640774,-
4.315490243417753,3.0673693630337686,8.173207774427748,4.537176195416144,8.86765567747373,+
6.773103106101841,2.7304963950493573,10.0,6.721484695478837,10.0,-
9.048558107128851,6.415533737455791,0.9477582442466848,8.276101092522026,0.6822350330103533,-
2.2624536758051335,6.0479413480508635,1.425212241765557,9.960928821690475,0.7080676370241327,+
3.426976867298379,2.8300539749158027,3.3333989837488778,9.940266314258718,5.651926205690638,-
0.3111247546674121,0.2837194104012642,3.6559240971126705,10.0,5.840022323306131,+
7.865587153149295,3.49966550194327,1.1156200286739348,1.7269080328642594,8.092851859650988,-
10.0,3.457219262464518,0.7775409954730914,1.2719187768041331,5.084296033760664,+
4.8730315458408295,1.0125880389253317,2.580088892830145,7.180743550026131,8.477544775083484,+
4.192399824223189,0.19837157165306762,2.122710990978654,0.6772514813956776,0.42141239514818035,-
9.498439550313963,8.219185353948774,1.7464604622276125,0.41352608004594393,9.990305859279358,+
0.03978836962484615,7.3239229122812555,2.0767220852255504,0.6952707309870086,0.5838420807475669,-
3.6581835497347646,3.2874878564249177,3.877069199797397,1.6994457985432299,6.329521068552352,-
3.622531297329493,5.391740698629225,0.900807227579519,3.03589402685105,10.0,+
9.837105069524414,9.726794594783033,0.23662445790394004,7.127997965899643,0.5515287745932818,+
10.0,10.0,0.44563031821925725,6.98221173241985,0.6479101021591959,-
7.4703812908915985,8.18087569510167,6.402532780436535,9.619651862815784,1.512228396157267,-
10.0,2.0877683826503852,1.6374777272582606,10.0,2.0521292499035964,+
3.7887998778623757,6.642494685976504,5.665285386559729,9.368732421297528,1.6747478802280258,-
6.747282777695743,7.969939265026531,7.571804877858278,10.0,1.7775165143918068,+
2.68590550256278,2.8074272827590074,0.8194944290262007,0.7713960227062688,3.0745175530657995,-
5.112424308136869,4.728488290483053,1.5714608304393867,1.4852977573728092,3.7860723398276432,+
2.8679138016818753,6.5933444657761,1.4508432970160068,3.125331532112381,6.517532917003602,-
2.662351888456132,5.482999970455441,2.374162272822383,3.779764703325297,9.059695031549671,+
4.109176509775311,7.78045550393733,6.21336619553073,5.691428433077342,1.7468818140024123,+
7.195812088380126,10.0,10.0,5.218950528056896,2.2334024232670897,-
3.409554649773624,0.4488410061685033,9.890031770511053,1.9510353044639372,4.3053917932041985,-
1.9946287516262369,0.6856961910989737,6.146392899663773,1.4376880170640407,3.9857665903182107,+
2.1029519941222317,3.248268411279991,2.3358420467703733,8.14671799880103,4.346651374726125,-
1.9013575397117646,0.49789655832483665,0.584019668832582,10.0,0.8794247983578795,+
1.0370759201573554,2.3177479927105935,4.54726744461418,8.654825187658751,2.053121190607705,-
1.7495887219658526,2.9785350434749405,6.96589954209469,10.0,2.1838830840183707,+
6.162011388019638,3.8009369677496654,5.764764542000477,6.405570715535639,3.432746546515746,+
3.258238425138857,3.583123612793641,1.764450164814843,4.676592401939235,2.1832833303852937,-
7.658795527425765,6.18451335621025,6.503371827973297,1.8484497813135559,9.836004659838414,+
8.829696460259404,8.092799471466227,10.0,1.5927791863435004,10.0,-
4.993605745845475,0.24076623927896446,0.19836610485262196,3.1308353444267656,1.542765108894515,-
4.347826353778707,0.27013429613179124,0.19226247731857116,3.7421813758171045,2.519842764606056,+
6.503162696525453,5.601922000813865,9.859556367221954,3.406798008744776,9.72360305004716,-
10.0,10.0,10.0,6.273413491922511,10.0,+
3.128863188759591,0.7383431066514112,7.396887070296088,1.5070695326752204,7.714453516397035,-
2.1817321892841366,0.37209718753359,5.55355580053683,0.7785802332932555,8.371358822843359,+
7.334591253408286,8.915504488972152,8.471164054396068,1.5816064187168377,9.02136797856726,-
10.0,10.0,10.0,1.5738967928571095,5.327806347117295,+
7.258057848271772,1.6562756737136375,0.4287348288355486,6.487108369006011,5.8103663595172685,-
10.0,2.249222427740462,0.6827608324791387,9.400011716261353,10.0,+
2.2458616656675012,8.033834570020494,8.43015435458034,7.0003533515926595,9.544058528373897,+
1.6890808255246703,6.590413730208818,0.38422725266733015,0.5679583053342943,9.057063756056545,-
9.978139044020422,6.071257153205076,1.5772220873588116,4.8665989435736625,1.5093296842341786,-
4.1956499846263435,3.867257028752078,1.7748697794392763,3.1461639190921984,0.14939289744020504,+
2.90850944074505,9.251488947922418,3.3708002346642516,7.960113487420827,4.731821773422574,+
2.629904244339483,0.11054011036426564,1.1099656227769974,0.7815232782455936,1.3608228402490603,-
5.714323468165451,5.8661194469324505,7.164908713554741,1.8690025981656144,7.782359047898833,-
5.243838750371562,9.590264348110935,2.0558087533007807,2.725446152281202,10.0,+
3.57904623709955,5.338845313775247,9.050646315182089,7.720516931285881,6.003931321328526,+
2.595471252352257,4.774878017289948,6.377087367533623,7.442884662014041,1.4422621552529624,-
8.276659209494975,2.80777765286341,3.0355137029666936,6.982229553039461,8.781313405709248,+
6.4274111925826665,1.5853931011050635,0.1211930269408969,2.42389954556459,8.16072981588505,-
3.9945976763423143,8.890565228951733,3.5306731282025683,9.569391326732218,6.408857136441548,-
5.939397602456398,10.0,4.819953437640957,3.2432985633317246,4.453500723690458,+
8.950662222995284,6.049922614033671,0.6802280461015242,5.2182361898627425,0.37301241366223037,+
1.1309528232416683,2.04366730135489,0.3880917551142193,3.6503759544120924,0.31238424233878037,-
0.4839733106100219,4.420524870905954,3.170579927895786,6.877953014450955,5.791352093296734,-
0.5986255921487396,8.082596207465526,2.31865757991883,6.949407658696495,3.9238836648552966,+
0.9391017538647284,9.25414820681435,7.478678502103588,4.214733783405785,5.535306533929154,+
0.9598093810912655,10.0,10.0,2.6042319936882983,8.124887436682927,-
1.9152702612097228,6.404194601722184,9.44335482484724,2.5133906156337216,1.9140526118817713,+
0.19255586204509473,2.1891198571953807,2.0367389632972692,0.28792712251642555,0.7315546476205563,-
5.454153934999365,9.669427828128352,4.2854844728931605,8.691767870881753,8.573913976041117,+
3.002842282170283,8.96015458032336,2.012287780489506,7.250346508182084,6.09431163717601,-
6.9164165403966384,7.166260965512826,8.905882443544238,6.012341719181529,8.653394826169333,-
10.0,10.0,10.0,8.993795945870293,10.0,+
2.3358800484249578,9.36979776031588,6.952611523648054,4.264997360538548,2.7059582041355656,-
3.5902984015156862,10.0,8.337710234001293,8.190933844811088,2.9238446939056133,+
6.506054592064249,8.551946487974092,0.5300655886485373,8.773612034228467,0.4461390388881292,+
10.0,10.0,0.7247537323584871,3.726773538893263,0.4595494861769097,-
2.2435051475710113,9.114327795228018,6.794061146656615,7.8348072132921125,7.911982594929398,+
0.04758899412873551,10.0,9.045959622609384,8.217545762023475,10.0,-
4.422435383733598,5.4930622356076775,2.1788681795731457,7.177585372536751,9.946201169390848,-
5.935281648519403,8.683077768143281,2.7987338006525624,10.0,10.0,+
9.404474034715532,1.480252152512448,3.0832506337291585,9.894031921447418,7.947720912559101,-
10.0,2.025035727015013,2.8686156445147457,2.536479649415232,8.615560316082421,+
2.3411785877389004,5.815234304031492,2.557065386139997,9.09313302945378,2.6980181211133436,-
4.201772503154533,1.669197854505979,1.8876871405610334,10.0,4.974738788300246,+
3.838386051990008,4.546256594402866,3.104169453311507,5.650997770241178,0.7218566641895519,-
3.887861687608342,7.30578874339045,4.579019211928518,2.745116166820956,0.05140586767992657,+
1.9126826426524979,8.049963612706444,6.543828275901566,8.221144766732412,0.2757148487241423,-
2.603647845418971,10.0,9.859229794305332,1.5119235945259641,0.031060687001613966,+
3.102845354355238,4.220833749863299,0.8123270008027006,2.829422673947163,8.540976408935926,-
3.5052274927095906,7.565726041637199,1.1132143181503416,3.251418918887325,10.0,+
0.1565052019702684,3.5562093096419947,3.284447260794958,1.5976552488322304,8.504462008475347,-
0.24780183018449087,0.5937421664754016,1.4395717137958206,0.030339474225244942,4.4862858387978495,+
0.7032930874733834,9.08993955024487,4.761554907904097,6.359479300309999,2.037801710373418,+
0.324243634882922,10.0,7.325812116776001,0.6680363488566874,0.8805660394144966,-
6.918044893138119,8.579696028907039,4.41521212506471,8.746186060965934,5.469815100157169,+
4.986555783527093,4.1523406877881115,0.07025773471751666,9.303027668681658,9.888472873198937,-
3.8408737306720155,6.0761043504868875,0.9768652109565024,2.466717087339817,5.3845649658685915,-
3.4172275215144534,5.128175627121695,0.7420953967189766,0.20591021409157412,5.69194088910096,+
7.580373988979902,4.8892011359004215,4.269932609383456,9.64600392291194,2.3443190311153925,-
9.120621280600295,3.4647909058442985,1.0655174766793922,7.5100934463231726,1.247419516216522,+
4.148198830017384,7.92132512681979,7.568072900605328,7.446306619984818,1.1103722131393323,+
3.3184013046189644,1.556839426862282,7.469004049124345,4.3206351886119005,0.824993274617924,-
2.947987298983532,9.667306587057437,1.1272911001791952,0.26489105118283285,2.0016199133833967,-
0.10904876746635161,10.0,1.0713894953560683,0.11411250551058637,1.1739607549725108,+
9.896379550039464,9.534876419806658,4.871350714008895,4.513090997540533,7.15324876882449,+
6.516910116931415,8.263192507394784,1.987012872015433,1.8605577489777578,2.160809536817298,-
0.6634086078899148,6.908500596516658,9.369258923883846,8.1702075909017,4.119538255523699,-
0.43817080345291254,8.003465634953205,10.0,10.0,1.4918048632145706,+
7.554776980960078,7.547402849099142,0.3792113606545766,6.266680194541418,3.9925758570534287,+
1.8473349024482548,6.278955314753873,0.1442115857293406,9.075080443736255,6.108991144081726,-
4.735894293724928,6.234235612089889,7.187428824168274,9.036577835070869,4.622607613329617,+
1.2910314904060538,5.27493615543332,9.480143091329346,10.0,2.7111044631064622,-
1.111710965312006,7.292392398848965,1.4732676561811286,8.659881211128369,5.006616013546371,-
0.6864807932827937,1.0318974093351474,0.13831540732325168,10.0,3.870177067779453,+
5.495125173815092,4.979592766790031,1.8129082388612194,8.462370700451077,5.516054538954439,-
4.005255071885243,5.760545269785749,1.048265203196528,10.0,9.264493859254323,+
2.3205074340618417,2.612985203814544,0.5615974378941901,5.0609020602196075,4.135649194825344,+
1.4780378443566151,2.1110701164353736,1.1042547121451696,2.1213006419221867,5.867690665825612,-
8.316223083631778,0.35915677560907966,7.133341057946442,3.4478932797992865,3.746372239990201,+
3.4603186612241417,0.5726463384779639,3.9617573808444355,3.8932496730622805,3.13653745875969,-
0.7850563842132074,2.301262810444279,2.3648101981996072,9.148937319575406,3.82680737967532,+
0.7204126489710807,1.407595408379211,0.6051712141745422,6.541978529811042,0.9414413806363082,-
0.6354609137728195,5.999691423674872,0.9744714227412832,0.09961745887014928,0.9020365996307056,+
0.33898374175501167,3.853791715121742,0.2704863115189385,0.07939787276798951,0.8974381608616139,-
5.350561670113223,5.360295385230808,6.685387155692607,7.243388831945468,8.161764255791757,+
1.0181955527929136,3.0427534577497086,3.955303269386762,3.7384866130272583,7.293148290134573,-
7.394221600028336,9.916924711209168,0.3724926157728714,5.625634158416945,0.9269295038928949,+
3.7347018741773153,4.106162922274647,0.3606667526727219,9.992315165642077,1.5978991217698941,-
7.656171213445781,8.84052078980099,5.123936348078545,7.089281296712554,0.905384179627533,+
10.0,10.0,9.261371697572905,6.371904240070431,0.9399876654334228,-
8.936200910027221,4.674772414082026,3.2164833845012355,9.571982844093732,4.236629945372471,-
10.0,6.419058513283646,6.347301787806839,10.0,5.193956925055608,+
5.8506765796499565,9.65032167089033,9.684179041522361,4.122463266614646,3.4609113977547015,-
6.902824742562579,9.655127880648264,10.0,7.554670078933901,5.2159190054751,+
0.6601689162850766,1.9930466407681902,5.46212734065016,1.2790172536327693,8.800883669285142,-
1.1365205766129258,3.150791408508626,8.79733427506721,2.206432782764074,10.0,+
0.4621112201244315,8.214848051901638,4.016352980632724,7.250160551863683,2.141596816739976,+
0.5226729506234539,10.0,3.681546816138941,5.915566593581113,1.6533889736035625,-
2.266319321151796,7.538383081219782,6.935109103199113,7.773962476276118,5.567207805377592,-
0.9337431305036644,3.4166672002184253,1.947495785821143,7.089811731355902,5.812585495977097,+
1.433289276690033,1.5194504117966279,3.346288244408414,8.613099494145379,1.5150235741453433,-
2.5139269722147373,2.9618254364114813,1.4646509989681626,6.835304475820252,2.650635348310021,+
0.1336048120511335,2.184630786488765,0.9376199241253169,1.0585982402142524,5.354906245424594,-
0.24855045588378907,2.026845586110714,0.803129023237773,0.1600704981237789,3.118166767913856,+
5.502741194307955,7.280522277690649,5.561380694257899,1.3460646571003743,1.3102921396230416,+
10.0,2.4031363772292624,10.0,2.6535360190625163,2.2637481740072833,-
2.742041969664013,1.5451337895401984,4.236403413014952,5.64761150169471,7.802155272707644,+
3.1564501039394774,1.6005821392005417,4.7255344762378755,1.3621857043037606,10.0,-
0.7034681097184547,9.33847246108501,8.911849605114568,3.778405342504516,7.714226241823421,-
0.4653417221010543,10.0,10.0,0.5367377069940158,10.0,+
6.554681650974439,1.5481109746104071,0.2282807416644017,8.760030742282199,7.060203934258013,+
10.0,1.3781113646606982,0.2668938677603237,10.0,9.975501583908812,-
3.934095027219654,6.904945445303973,0.19259227247307997,2.4492213086302783,6.706749845230124,+
0.0501921154209965,10.0,0.11481485718294562,4.857218597229794,2.9315083796194807,-
3.572235195859381,4.302754732026081,8.435550505383361,3.7702347592840835,5.3195334104215295,-
0.5442020184446983,3.197963986224602,1.9400639915468778,5.3840406332471895,2.6580537564313365,+
4.503656009046514,3.495440663731315,6.433268969432416,9.21583419562857,9.057249396628679,-
0.39210431710708754,2.7596729640252975,0.013611123600291477,7.575718093827501,10.0,+
3.6953957269040973,0.5323851120358347,3.1561558149252447,7.2103142799808655,0.87810082766828,-
0.5086828224632907,0.6893400669910908,4.72693242564427,1.2108572483764053,0.9019199592368766,+
4.373379245576916,6.148890220760364,4.493307888871923,6.102633092955445,1.337206696204516,-
4.608479796221857,6.336479635470086,4.562690203122639,10.0,2.3780113410146586,+
8.4896345302362,0.9784425630640536,7.6192939057259785,0.7227602306938297,9.909113679866152,+
9.773388461999454,0.6762283433523373,10.0,1.331848879584098,10.0,-
7.052986425125324,8.040741886582971,8.315109304911356,6.318606163437144,8.572899078920676,-
10.0,10.0,10.0,10.0,10.0,+
4.630782635344439,9.358402384038907,7.586275667540729,3.197653646304329,4.367707587839665,-
1.473895892354502,9.395248331276534,6.1240718090747555,4.503418096072785,5.214493824136199,+
9.947363796468906,3.6477650697859554,0.1339810438023903,1.105038692561744,0.0687306398186438,-
0.2686178806390853,0.9377730463768819,0.21774455450075583,1.04594428867264,0.04297645713577971,+
2.792909009931689,4.398201297611949,8.204988132705445,4.741199463154513,9.87712642037932,+
3.962569540821289,8.433471854281187,5.658152745562109,2.76897830268694,4.6465030061344645,-
1.7811713043882071,7.972908819295824,5.70863696592572,4.538723369969201,4.157526034953875,+
2.9802001369737914,10.0,8.196909763091169,5.955688836060618,1.737863959107044,-
5.48105846223762,4.769456368190013,0.9533365619914702,8.326360936337867,7.86995658481888,+
0.2790941149633521,2.8644945531068444,0.3775935242338846,4.4236897019436805,5.1747480633472875,-
3.85440422833085,1.4178078105850422,6.817860678116061,4.136173908138955,5.083757759326958,-
6.909634665039058,2.165499163014758,6.908048767317837,1.5374572080477487,2.2403545360642783,+
9.133949691229798,7.130210373388347,9.733236902060288,2.8486069900433852,6.660037286598474,-
7.170924703724926,5.968248290446146,10.0,1.3501628839294146,6.445114437605504,+
6.724020860251106,7.929233254359672,8.464760093641344,0.3746748860656035,5.091624291907316,+
2.8142293579581157,1.2697525361316122,5.397276679563954,0.27385293615523476,2.389010273694099,-
4.597400084601918,1.520309658083312,3.7761802809314293,8.238887366412305,2.3958790542385913,-
9.138178830715225,2.174935202609789,4.174007918505695,10.0,4.058136331252055,+
1.1348573048738664,8.633314971616041,5.7574688455125935,0.47458206966131233,8.069438849373187,-
1.7745084109790341,10.0,0.8345955857886743,0.06169045672345134,8.390209442511145,+
7.867972092484789,0.491850983809049,1.197334154544144,3.838542655062821,4.68827133703271,+
10.0,0.4378246084644102,1.218698889992329,6.3052326204834825,9.059185243131482,-
4.4263666980181,9.902133941897128,9.883725331455432,8.475937437210645,3.428383663070039,+
4.509837473536526,10.0,9.338469945201178,10.0,5.473289660387456,-
6.685454934666694,5.618682613891316,7.809377972784024,2.9799225438832844,9.99954074287485,+
6.517766321052119,8.445735044392208,5.141320591615463,1.4246981042033589,10.0,-
8.02890223184846,7.4341167696106005,8.406121888131116,5.169618764564042,6.852535053601341,+
9.607593685861762,10.0,6.566926606833169,2.3355031241666984,5.554761083921619,-
9.049849157737333,1.1835210128918139,7.247016485288446,6.806200499689563,6.329137942141136,-
9.957290748735288,1.2808301731677136,1.2514401545204112,10.0,1.866313385776608,+
9.49198816894678,6.5677047464293015,6.143713715191258,1.5496297385634217,5.458324543611167,+
9.135462062957146,4.102714168618888,0.14133113639219044,1.4647631262100875,0.09329584995780761,-
9.921892577439436,5.752126774113214,8.203840348587425,5.690440915512669,0.6110113900202374,+
1.8103050111466152,5.499149707419766,0.43978813374421577,5.290652565865716,0.36377388451529474,-
8.577789366698237,7.9126094776215075,2.2546100506770275,5.281391502642307,4.147410450222733,-
4.512995626942979,4.192971704473341,2.1544917455456174,4.870414962731932,7.903831360076108,+
9.012865569647932,7.233272653594195,7.756919787920616,7.825842567634815,8.906066874480148,-
10.0,10.0,10.0,7.873688137674742,10.0,+
1.1984790833165349,8.401054026056276,9.618406754878709,3.758439915443388,1.9118515214155596,+
1.5108945324279222,1.7978030244576653,10.0,4.52679958137869,3.076736762448017,-
7.2900471393837165,8.634728713625265,4.532757076437127,3.800990115544254,9.444766702834686,-
10.0,10.0,6.430753871164214,5.194872862768839,10.0,+
8.20471010282689,3.491827453108237,0.332617392008302,4.33050915791619,5.664464592346137,-
0.5123574915359376,3.1357060642806265,0.12088058850110245,2.113666629144246,7.201719930878194,+
2.6868797239119226,4.2255854746164605,1.0584582749160776,8.172879499715147,2.525395601583061,-
3.219458209448491,1.7815978731926336,1.3197675720012403,6.272759270395565,4.635430857885746,+
1.0103749026391073,9.21673457123115,9.35321855617892,9.915625889490498,8.750675898436809,-
0.21003860877429253,5.79351272430348,10.0,2.141914387113251,2.7091771141455308,+
4.066538126068346,2.1459212113274475,4.76480346874326,4.806187748850976,0.36671440530510857,+
6.76039862142752,2.9939302527566682,4.6307067831668585,5.928592674094266,0.40474509564186884,-
1.0084514110585652,0.2693832826788889,0.3098935995614227,2.948611511993472,9.198926846220651,+
0.8410785539373911,0.1868853071504642,0.24612130715411878,2.0621884427814132,8.828096790200103,-
0.0121062082069201,6.002039764350988,4.356212866578843,3.0862079495249004,2.7480889697672293,-
0.00363661785465033,2.2720929319450045,4.23177284527295,0.8946900160644523,5.39351062836202,+
4.910960111661535,7.633060164798881,8.015089451105839,1.8768897204214408,7.241147790226558,-
5.5626112047144405,10.0,10.0,3.3177765437635234,9.50579683941688,+
8.967707555084889,8.527117835787891,0.1378851326488184,3.914787363136496,5.430399336863059,+
5.511020834181496,10.0,0.08061302351424789,1.9166801112761513,8.36659310952914,-
3.2449775523554725,3.733925233640792,1.5643277139525058,0.8009297387673953,9.779472691031712,+
0.977822617153414,1.0721534672927682,1.0508666707337053,0.2996545880132116,6.7627349628629885,-
5.031819976274977,7.853191751356735,5.843598857231232,8.112789005176838,5.099273046675359,+
3.245416801270138,8.165171084831517,2.6660437720275807,6.626050563933698,10.0,-
5.0699529176368525,5.73885936869568,8.129457896449154,9.682686791663928,8.406206275860386,+
1.2176027154399358,10.0,10.0,3.9367516842716763,10.0,-
4.6215975690576485,0.6417588053634105,4.343874946850685,2.3964486049188394,1.3553776169536624,+
4.4240359041042545,0.6321341404275495,7.104411863567013,0.8611301920040864,2.0486420513349106,-
5.137864763311032,3.5099108152892047,5.806807271777226,4.275778230106537,3.9705227870881754,-
1.2963484203044058,0.7154133416743201,3.001115147394374,3.5474993630228107,4.4921491298080785,+
0.9543810985992562,1.67654434220046,1.7192160302503479,5.243999666879642,4.784828880628293,+
1.129476031162253,0.33434784848284477,2.288849460266008,6.6676007564145925,5.874988944314239,-
4.0466381478865365,9.015465399880036,4.936607967134564,2.090197141928839,3.6694823118671174,+
2.9020564201542953,6.913719868463065,0.7008909608876411,0.2549265619023289,2.512916864752503,-
5.724378777648438,9.200068571413595,9.325578026067273,7.447072913958048,1.7889356775722043,+
1.95996559725377,10.0,10.0,10.0,2.727489440906357,-
7.867178712497304,8.155546830231373,0.5373461755190312,6.941213500429654,7.9143175040054325,-
5.873829696183592,10.0,0.8772880480602704,2.3193393024558597,10.0,+
2.77733710459088,7.224994496722913,4.1198069171387335,8.545523402724788,3.427682292941694,+
2.0451698794710804,10.0,6.147626883492158,7.330889361730365,2.326776658739784,-
0.9160609099257611,9.99411102077585,1.5682936153809246,0.5649796957097364,6.724019459045168,+
1.4670179155582044,10.0,2.253217078899481,0.6259868505354965,3.8543670637068623,-
2.319075202751116,4.83104577741197,5.474144559923435,9.60885527995091,0.2633724696910267,-
3.271844983444712,9.567602321730497,10.0,10.0,0.287118954251235,+
1.5853011314901333,3.7673750535418793,8.440197802136552,8.720979898607114,0.5022844702010876,-
0.9892816049848618,2.8156506405620316,3.3196324869069733,1.3838683248994936,0.5823196925118053,+
5.187694937236413,8.0832268993001,2.2844916510122495,4.990883033349402,0.2761860250901227,+
9.068734432163243,8.35661743888603,2.3442824326939347,7.573192153520951,0.22958931580201383,-
5.037637309806878,8.393471543322127,3.7877726413221535,2.1470867323995657,2.570383783126391,-
8.977454936494345,6.939670307993039,2.4375449314924214,2.0176931088889747,2.297100324575391,+
2.3558293637733687,3.2806260459401617,6.114693373193304,4.345034047608566,7.008101893202129,+
1.6482697812296172,3.846718742995834,0.03042574325471897,7.32135145875781,6.763222591677901,-
7.781424361222293,3.0844013239984323,5.543213615611679,2.151581080618282,8.807068625488045,-
9.840160295710975,4.946708189097347,1.2205195919787282,2.8649029733916658,4.817598521276635,+
7.553090378062475,8.434106300444148,0.6594459314396051,4.152492961156713,3.293569766016536,-
3.275216374818309,10.0,0.04328960144596122,5.9967315501560785,4.543690196736448,+
2.1516342831542037,6.550134829336834,1.6380598058339546,0.52572775450623,7.085462607213939,+
0.36433769687267814,10.0,1.2806917762542278,0.5118981742259654,10.0,-
1.6472760395611963,3.2014845468242337,8.251220921967924,8.116493545699985,5.586794433821584,+
3.160668820823083,3.6957351784456267,5.039746076942057,7.55940416619868,0.803590759439302,-
0.44954208213653146,8.307266833252191,4.15999436313208,1.775735191970682,6.574765297552853,-
0.7838106106726083,3.967984456123141,5.105794498570836,0.1725183596266792,10.0,+
7.522296039839892,5.229223524249949,8.574336476002447,3.7569417138595798,0.9272720445647886,-
10.0,7.641479383691917,10.0,3.761172128400437,1.7863172958538522,+
8.79650653798161,5.930256042240644,1.487958549374564,2.6462161819683274,0.47704889425192687,-
10.0,8.337172929849697,2.2123605181108124,4.1087783190755705,0.6936404616350449,+
3.5033677763824187,3.697494541267611,4.464710778642644,6.446394890062859,7.331855881653981,+
1.5681333409673064,4.321026006419574,5.0008282976013625,10.0,10.0,-
1.5745494311915764,1.807844545287266,2.175535389930523,6.587386362498615,0.09417833156420086,+
0.9486444210633259,0.7075774705060609,0.24236941138353016,3.3932926718401375,0.048225158017207996,-
3.626387364981727,2.4443415641853896,4.0830140222750515,8.139950438462694,6.0869743434617956,-
4.598671381019905,0.6205745481858885,0.6216803525055864,4.179264227998202,3.1884077847404497,+
7.112286067556079,5.831353773724036,3.478640397552959,9.265684537567594,1.878862401806225,+
2.198123957048877,5.1736849389546835,2.6717390133227594,4.83797630494318,1.659894666537212,-
3.076918508229869,7.8294626558025735,1.7333429494870245,4.109167181842438,6.890671037431089,+
1.4283905410769822,2.443357221397001,0.03847833046707921,2.1673455406536446,3.83282278020323,-
2.9066664762536067,4.567497736270145,3.721453457011852,4.2973319591612755,1.308520985161088,-
5.642946978081078,5.6353641932398615,5.6232199930765905,6.509406203828424,2.2180958234755437,+
9.726575050803559,3.0452420298203666,8.8493762121206,1.056834156079166,4.61735716476536,-
10.0,3.155137664310403,10.0,2.0197134262143606,6.271630259558346,+
5.1120618873825565,3.8741433065943176,3.8721312707343913,1.709330780277285,8.101173830491549,-
6.454504273964921,4.9201734976261005,3.567808877372826,1.5134404707331917,10.0,+
7.163382312961888,5.435575808126776,0.15146288934727914,8.81013157416382,1.8997155446953973,-
3.310407260329557,2.4760493145483102,0.19805554037771023,10.0,3.1994665340282036,+
9.849799053346137,3.086605662250598,2.9854606677530304,5.317528724293451,5.447610349342421,-
10.0,5.435986556105575,1.1409432724754578,2.8702382516656066,10.0,+
1.269761355920379,4.718863314358507,1.395209416534261,1.1775902904802005,6.3627163872894945,-
2.4469348563415734,1.4083489380277008,0.555881622436292,0.6756213704089807,4.76897864863407,+
2.5427163348253803,2.603326981300654,9.515294513173446,5.548908342636891,9.061616885703375,-
4.7324102658194,2.918712375546137,10.0,7.750757035797374,10.0,+
3.360209032224434,2.213218983580493,8.682896862828144,4.438647697145919,3.552072319781676,+
5.009079989596147,4.223750543732793,0.24399297544850118,6.678377206434418,4.792046006513961,-
9.88081758787575,9.660718038076155,8.234051642964582,8.343361369707681,2.2305850140639505,+
10.0,10.0,10.0,10.0,1.9454911729057207,-
2.8573512152753464,2.0579446576619134,0.8651274811858323,1.8275224394264822,5.485812073983833,+
4.560097013768592,2.622082583113242,0.5049850195173945,2.326035573170253,10.0,-
1.72933530300045,6.253520983683375,1.986789059136339,6.76245648384303,9.574745589603744,-
1.5035106530521378,3.139435985091701,0.5614979856104612,2.943681474192404,10.0,+
0.17739709086696864,9.34576088771321,8.038570677830219,2.973207097844086,6.350582025484853,-
0.2522023562306047,0.16669918234209516,10.0,5.038741349599757,1.8088291642222432,+
1.0973764487794968,6.746794265871943,6.188659912631476,5.055382478110058,5.085071606080367,-
1.8110552680110539,10.0,7.707979551035634,10.0,7.970540715486075,+
1.1016264546064647,8.114946638798916,4.735288959738605,0.9742563795356185,5.588262571675885,-
1.7220314366471927,9.25069167861109,6.199554826024302,0.21933092643448615,1.0044840356392413,+
4.278084848554881,6.692469979748771,8.80022354182197,3.5006634503608822,0.9697875140944967,-
6.156620097303739,3.713259977635068,8.861694193396222,5.863666102676906,0.7332037771392209,+
4.309180036486086,3.1942559773919443,8.23834731820056,8.183977666806774,6.168448458860857,-
5.3087267382556345,4.423274528418364,8.838950611133072,9.50653269610077,6.770964259821986,+
6.7456397257729925,2.6032354532721524,8.67948322593941,5.134139409403015,9.060356515053783,-
9.088510321821776,4.515043604484261,10.0,5.7378524204962575,10.0,+
9.07985479742061,0.18993254366348022,6.185390265268071,3.686092806278509,5.720010849218692,+
10.0,0.25195827429408063,10.0,2.4334758805815646,10.0,-
4.681709168595237,0.9760150657009881,3.9788275165342846,6.285682104157625,3.1033511893214016,+
5.2183425704958815,1.7002355715386075,4.402302979660063,10.0,3.6634944253893393,-
1.9199818250517364,5.468984782875506,4.988372748801053,0.7687551501670697,3.5741155379720957,+
3.6358255090746665,3.318281484241703,4.526570769791223,1.1848401361218135,3.1649987378661777,-
4.996705053422229,0.03010667009877177,0.9260639697583906,9.231364787092563,5.868316293544236,+
1.2419384814197787,0.03414486054299385,1.3785305556770113,9.917610516363059,10.0,-
8.495224727576641,5.364543651958144,0.6872952883932315,5.296029012954499,7.461966234548898,+
10.0,7.566472256921667,0.7524287282989761,3.9555073033405117,10.0,-
8.869485739460291,2.923599432260331,6.538668194034595,4.3195635487722015,4.87427107868381,-
10.0,2.6730658223493613,8.89796133422844,6.124728227255348,3.9257057149835317,+
5.1504771340339675,1.6709779592650853,8.838760585158678,4.792132500304143,9.60169912153017,-
9.743125581323719,1.697377572373982,10.0,5.897499986656337,10.0,+
7.477992804387234,8.908531108499355,3.4729064036012156,1.9948072612271606,3.4497200713567877,-
10.0,10.0,6.927345277970863,2.5253211693658475,5.713593811522659,+
2.3778147783426595,0.4314624243610732,5.96763280809216,2.1715726898980314,7.366770184427638,-
1.0711752591518038,0.6890251085231663,3.643401318462402,2.075761088753725,3.788507187501785,+
2.880092598184929,8.481738527352656,4.7082662374356605,1.9215424978664664,9.923053856211403,-
3.5150327870475016,10.0,0.7875044053891964,2.8602200940217912,5.677482254486814,+
0.09020654002223405,3.26405209239115,1.8118732741927701,0.715343196345678,8.668596440519863,+
0.06262751597549188,0.16929628993078685,1.5303636791404074,0.05651426905986033,4.266212486292651,-
8.756183616497927,1.3004542205580438,9.179149092233574,4.0670347102868085,5.88767825582249,+
1.04593453489228,1.0983927427560969,0.8290249788770359,2.6806291132424187,2.901723316359941,-
2.945409447608717,4.355806008955016,9.519495428334709,8.974260183074051,8.149435568280607,-
2.2266316316972157,2.859998475867241,8.428797745041173,10.0,3.9540630283420946,+
3.28172118638573,6.1636897388934875,5.4468757234348075,6.120431997995844,3.7559095236683424,+
1.958404060946984,9.134941604122238,3.853026170737503,2.1951087723110803,7.340391532069332,-
3.9445211966167157,6.818180515143803,1.2196103209853493,8.891325859070808,9.643051289923164,+
2.6806682153194825,4.587661934444937,1.7421476560897784,3.9512635767216184,10.0,-
3.674093147114016,5.355704222155207,3.799089846303736,6.26189122806883,0.7152461779404851,-
3.1705086684009687,10.0,3.459260564044666,7.6501770082434115,1.1585357873405153,+
3.66735923322296,8.211601207064312,6.741848353576518,4.677139185410269,4.044497392993844,+
7.27987126346221,1.23949397791228,6.928483695586159,6.883751951014833,7.200201059069839,-
1.595833560290516,5.248699931979004,8.065820981648082,9.330509400406306,3.3362090414181065,+
1.6443869847956125,7.740366717205422,8.431990618470191,7.909589562188129,3.826121891985046,-
2.7477638494465486,4.04880553837173,9.23941793197369,8.584247405122303,9.664048740052255,+
0.4643647307671403,3.3801660492262586,10.0,1.7506274270121387,10.0,-
9.183032779184675,2.9566066176423678,3.205906007310305,7.4210045679511785,3.503957272269378,+
9.359057055374128,5.635359639890647,4.366571582611185,7.279319614409034,3.7298493741462355,-
9.546740702865874,1.4712357759927208,4.070606553763816,7.986901792316656,8.102625432612157,-
10.0,2.8563186322699456,7.153792965948078,10.0,10.0,+
4.696456979197123,3.6278775396469634,0.6819527338080722,2.733109905466906,4.341734992512301,+
3.1462622216816523,2.233189210429003,0.30604364156988595,1.0502010092611735,2.2289467171551514,-
2.098516993631163,3.9665436034202326,4.24143223318079,5.123637126384942,3.9242433110009367,+
4.082836960152403,7.5021538965547645,6.848345870366881,6.711080986702894,3.577838745260958,-
2.1838766345865945,0.13230831968656487,5.956273244496497,5.546237409025537,3.5500946870896244,+
3.577651643654184,0.14867225578838172,6.972504340681098,4.4535521135526315,3.685372284511765,-
8.349657482704515,4.551873579663695,9.221836766103646,0.7606185983347991,9.788857185349954,+
10.0,8.770500660000051,3.375591550798258,1.1347152089727977,10.0,-
6.935411464871631,3.532462929682938,8.927053425590604,6.470906435735034,0.8032719649027542,+
0.29381672685011956,4.806172585541275,8.835998991100073,10.0,0.6464160322787443,-
1.132118446540964,8.023846406378729,9.245257689399084,0.9148172455903791,4.350045824576307,-
2.224844313927796,6.121794028882572,5.1333407820708,0.7095209697562822,4.267584003616079,+
7.503709387671642,1.5535901243558203,5.939572958559154,9.205001426601848,9.34779457890691,-
10.0,0.3551378978410648,3.308702496429301,5.573897255295983,2.5852365500588887,+
1.5578452132356102,3.611780648887305,4.042987781600711,6.555850421052688,9.552616338736806,-
2.5624755864145365,2.116061000007179,4.63763858014177,9.468323249201825,2.1475734359629826,+
4.544905643166795,4.578423307326388,9.745685473384562,8.271494540722854,3.0056262698801115,-
2.502599044897712,7.0556721536887,3.6135460555000534,0.7967191428494408,2.8041318199199674,+
5.478780494363578,7.307068153577494,0.03745645719369639,5.431847208586494,7.050866860887767,+
0.19908408735834174,5.49374386088053,0.005208823737881927,3.0198736889849283,3.72428612132312,-
3.7091217761877173,3.2193123520684477,5.0343155465564,4.53344898944669,0.4811311270727725,+
0.61050162347912,0.9258754431645461,2.1724246542461674,2.1435091360000857,0.4153228788915209,-
0.783807821907182,5.747211828806665,4.728191072768212,5.136109752415,9.008016788839775,+
1.285871199012845,9.869253505074036,4.738764785623172,3.2676690499341885,5.14593742297006,-
0.4345806300306787,2.519436205290523,3.674942422042312,3.6468906471665563,3.6137325265575515,+
0.0052357623597639805,0.8288456518337249,2.859694874726305,3.265680859257442,3.5557933921973612,-
7.109056965959959,9.700338762873917,0.27040532123568384,8.924795007940759,9.150191039852944,-
8.349887507012658,10.0,0.29071371477918834,10.0,10.0,+
6.929503789421922,4.155750711795154,2.7978582487717674,1.0448207458857206,1.2507310404629335,+
5.561793351012836,5.372897047072597,0.6696903358282917,0.8908361004851387,1.2672728006613652,-
1.6280846323008102,2.7366434100236248,8.980073707565811,1.3875847587567547,9.803997423369688,-
2.097150604621614,4.589461091287598,10.0,2.397735691308915,10.0,+
4.991058501531741,0.3467563468152701,5.452895073877305,5.796782998590038,4.012181157633322,+
1.5345546626207733,0.11534252040991443,2.920536380833057,1.3035423555754724,2.1189041879012596,-
9.919891349502256,6.130744644882143,1.4722142584760434,9.307111118958723,6.283756806171271,-
4.179252283128126,10.0,1.8068804988602578,3.3382798714661184,9.405195460487183,+
2.4156164510094094,3.783907976258246,7.912615123923601,1.1062711478466791,6.3032280972159285,-
0.08114378672868079,6.426801862589622,10.0,1.4693939153593747,0.8145164935711988,+
1.3499231115793342,5.439665187693702,6.444273645728927,3.331452958196921,8.97109272670649,+
0.7248576978181825,4.556191420136725,4.8564387257382675,1.1079847062303259,3.023706020171056,-
6.502090606657224,5.820272568536494,9.838496110249332,7.943214552338887,9.392600138495773,-
2.235123139397896,3.714159835579322,4.517178872777666,7.9326814252190285,10.0,+
1.249744507239946,8.1414207919048,8.79467615559592,2.299829947662987,6.808241280003373,+
1.2280441482870792,10.0,10.0,2.9568069655774454,10.0,-
5.2474017514196944,6.599112846291085,0.5399202137264247,7.158877987306054,5.3247010238476955,+
7.583467708222799,7.969234605134765,1.0372006315768099,3.2269766638912945,5.819561160119248,-
3.2846909644771394,1.7294726997531695,8.12861117686485,9.079631006912477,4.083572411300699,+
0.23980155430320232,0.028336999435222877,6.581681375257957,8.038726847010928,1.6043535180541566,-
9.242576565376229,5.400057091275757,5.3258122700253265,3.294057294528111,9.177335134967672,+
1.8264729574144707,1.9207388395014051,3.8605942552418204,2.8689233058464114,0.17222488281162435,-
0.11157622507268372,2.267216503195634,4.48537971584538,8.14011052472142,2.363793048756382,-
0.02039081767722595,0.2565063025045529,0.002205762220754237,0.28015371410606316,2.650219833173245,+
9.17917828298831,8.240874330570069,0.6833891366213085,9.867557391282663,0.8597727150391143,+
5.83018137730703,6.124341710346511,0.6110776683790423,7.680629310868307,0.0539020231946769,-
1.4822421014004272,4.077776515307557,6.542465710351506,3.6658564260945647,4.052613342958002,-
0.9454556885511123,3.435405183491277,8.955851333456538,4.238806195472175,4.691453018761498,+
8.036780185486199,4.11362136067255,9.128629952932275,4.934029250410021,7.836632466911123,+
5.055942593839943,8.041554352419704,6.244663410937721,5.837096847583596,2.7756072137255545,-
1.6715456925941707,4.601806725942966,0.7432562854777758,5.556578255958657,8.842378668932472,-
0.3480140618736959,8.772656201869127,0.8526172687324893,7.607752080973924,8.587194750456606,+
7.690057303044697,2.4152879266740523,1.169716731804643,0.9897000021659064,7.043507260293913,-
10.0,3.6713111325619723,2.3388294378925516,1.8495749043958558,10.0,+
4.179971208792139,9.914730357661258,1.316321877070964,0.31248234175497713,7.635436413998305,-
7.623915119081495,10.0,1.876069174984671,0.03523488450384207,4.632900726230504,+
5.509264730494699,9.25435074912906,4.51750308408265,2.4048517030806007,8.558654161495436,+
6.79212557345052,9.440213350513957,5.98908948692868,4.565180849155034,3.7568702149080573,-
4.293356056200897,8.844461615221308,6.751947263400151,6.6688582719390785,4.004503046188952,+
1.4932371007646796,10.0,5.514511550124449,10.0,3.525188000472718,-
7.0285239652990565,0.06754031202238497,1.7219211402807866,4.47122553679227,9.163984303706066,-
4.527533204456163,0.13102001382712367,1.6782339566953053,3.929177980796701,5.500006842615129,+
7.056412851297569,3.2529266776138686,5.520039721005251,4.169020701133386,9.917342030786884,+
10.0,5.03191586615596,9.549991775680736,3.4946153189056672,10.0,-
5.894492050222022,2.3873217701775564,1.0846309209404148,3.9254722067010652,8.128871201146366,-
0.9756665519627762,4.588822706142919,1.5599334433682859,6.459363825426575,7.719632534538018,+
0.9210533635913631,3.3824147801488724,9.088719940405625,1.1492127426629395,4.870338916065133,+
1.6421442661016246,2.7878158070740438,10.0,1.879394658787579,8.755831183500755,-
0.35129957008419477,0.1986416142402514,2.208186517219283,3.738837917049654,1.3534414642059,-
0.28333260646015684,0.2350830562233705,0.3441145956867291,1.711673931432784,0.2930513953360771,+
2.4458479652930154,2.1079344277183454,4.596566245146953,3.3350182435915023,8.166511886917018,+
0.8335288766369552,3.5783084892909836,0.8358066235505313,5.99227582443263,5.1766078615357225,-
2.466601926722698,8.52549062102543,8.794486387384978,1.290601528924551,6.503922917282983,+
0.6786019741416107,1.2378307127729862,0.8993018894107073,0.6845515298224265,2.1297755275204353,-
1.1956705690968394,1.681842390089272,9.339927318278498,4.643406433304845,3.2572141312201763,+
0.544530891973457,1.3105445029195355,1.9173997757118408,3.2726163187174753,1.120080721186912,-
2.183957698755421,7.769131861658332,0.626734526821362,2.917770838550605,8.615341868603661,-
1.2931924941129165,4.4379717622839525,0.6807388589160419,0.7859285465136199,3.024922239600395,+
2.0239103531202254,9.81484469930293,0.936867447867622,6.524452516130009,0.2550671408441729,+
0.6285160654794689,4.351618982339845,0.5100935238310358,6.155223089761694,0.24512943336751472,-
3.2486935069770997,0.5656663273129992,9.72445646077116,5.703079723029143,8.870296304657948,-
0.8059688907654394,0.9978937802237954,10.0,4.694736724523928,10.0,+
6.016693362269491,9.496052293115005,0.5319866950285979,8.537306188897311,9.890962647220864,-
5.959529004478086,10.0,0.35726770439441874,6.123222698953438,4.10963929883318,+
3.59743856993333,5.700777228884294,2.7902868405896184,3.6818326550479785,3.90207476455965,+
4.244813487112832,5.627121407719477,3.1029435385500226,4.788960282264832,6.6936003548394885,-
3.863300076285201,6.784603205688521,0.536369705211196,7.971948889091626,1.0882326756616456,+
1.1356862738895537,5.755966550913066,0.20474448965054332,5.678966821261869,0.16149414635387815,-
2.215948315588021,2.706760579671119,9.928623055436358,8.939811527225071,2.7570080043496716,+
0.642688904838201,4.210233112466253,1.8686909614837355,10.0,2.3674480402234246,-
5.89694635860373,7.6001098362185875,2.7235527392506853,8.3122880265432,6.866599332050302,-
5.230004097756123,4.141394067504167,0.3032514537669385,9.560848710782068,3.622361729593157,+
4.593272669354372,1.1278173404044334,4.303165755200681,5.798416421733702,9.204658020534447,-
8.582554824214437,1.633069246545001,5.721170834562678,10.0,10.0,+
7.7769199656699755,3.054278993777797,7.047463007852017,3.3248404185222014,0.8490351692361131,+
10.0,3.376618865179857,7.795142976342861,4.157029499656464,0.4359377780572524,-
6.200543158043245,9.564827214337313,3.1565635803658756,4.432354236954676,6.1717501340393195,-
10.0,0.060830544384391345,0.838293037570863,4.689948096879726,10.0,+
0.4963248717582003,6.535744466939127,8.996939892898682,2.0153206968727675,4.757848229487695,+
0.16784952126005265,6.052950508777129,1.847998127079476,1.1068234396153636,4.049130502781763,-
6.31661718397328,8.046509983756337,1.5018462666912002,2.424547867224003,9.564699131713319,-
8.618704816579633,9.790250368694837,2.7990009666654605,2.963796736861998,10.0,+
5.579949166229007,2.1329403015452355,8.224780916822368,7.858971658172726,9.26564361132549,-
10.0,1.2115959828515954,10.0,6.64031957388374,10.0,+
3.4032683330807503,9.871211279792165,1.9783968949545228,5.511664049706391,6.9799425913905715,-
2.718399108302622,10.0,2.692303614457466,1.722904592728217,10.0,+
5.116747280480859,0.7949856077654671,3.5395426910321923,1.9102768653993696,3.6103746090375055,-
7.993990195475651,1.4698933006872474,4.106391644402618,2.315448805839907,6.168253330183275,+
2.398395894334447,8.498123877515017,6.532065393549516,8.70074790702212,7.981739561280763,+
4.528561515230819,10.0,5.8917961277677655,10.0,10.0,-
4.842124559525428,8.077618010794685,4.770564417025968,6.075278465253375,8.917690724141659,+
7.150684127608558,9.546122364065177,2.9004270112944264,6.4955332608204435,10.0,-
5.755833714606517,3.795802169804819,6.0477540262596206,8.296534528155505,2.064215995042412,-
7.160824087198589,3.5633936938864137,10.0,1.2358124996131457,2.6974065879339104,+
5.1726435785743154,7.927668024622515,3.8793556530678455,6.302767587208856,2.96823968538369,-
6.698083476888299,10.0,6.4037855658553955,10.0,4.1605990873197305,+
0.36094935267610095,8.936856140423492,6.135356106756134,4.3471991752482655,8.981722975072476,-
0.2439350234936071,3.2641035023522447,2.872833100596408,7.669478346241439,4.424747654214905,+
8.556998103624167,8.468216813803158,8.126734360988003,0.8626309260485809,1.5946796963997945,-
10.0,5.536586530436228,1.1249620076836624,0.3070080998588943,0.10348956960116021,+
1.6626362461884658,9.548623833985179,6.8076252562756014,5.380018968523941,0.22078834821411042,+
0.9300124680834871,10.0,9.19019379906814,7.4991739801036,0.3116723993442134,-
9.395589995846066,7.082544714492064,5.032283775197879,1.10269248900147,8.57436051742263,-
5.637290605539572,10.0,3.2227776549159564,1.0536037188388367,5.980635480341327,+
6.038410356214362,2.3056816302525385,4.775482039535428,3.2496942707590772,4.653059021497984,-
7.6482122180464716,2.112799336069128,7.367614285167454,0.8606805872102806,6.242789362045807,+
9.720143940634717,5.738310899139353,3.1755773365526787,3.655414640527397,0.5048404482362723,+
2.7713569525637194,4.840529928963408,3.169050787349749,6.637809396524809,0.7357379854048763,-
2.6827919836937655,5.600648368735326,1.25657604371052,5.863893127214332,8.408916890327204,-
4.554950403263822,6.178304030270874,2.3897799236747566,1.6491237489536097,2.369994497238706,+
5.131312595786106,8.301750700069926,4.504251202616436,5.060505949866324,7.527131019688197,-
1.9618656935258398,10.0,1.1604785701600326,7.049379670808868,9.546726901022987,+
7.861027856716967,8.553901256994186,4.2751308535452655,9.277803277637414,3.0569328642892666,-
10.0,10.0,7.543825930248727,10.0,3.865424251718954,+
2.02676927355565,5.418594030452439,7.9439617931462045,1.1634600105626636,7.56859726207354,-
3.1615558532624006,9.652477541655157,6.869239090001296,1.583247857588546,2.6390042603251076,+
7.700030438664223,7.190988739640116,0.6663731395794836,8.265034496352811,1.3600569682179953,-
2.309165419704073,2.4807438724176527,0.3346252481160802,10.0,1.0864497364002552,+
5.31350925077735,0.5538434344954846,8.498143930250475,8.919408580001779,2.9479818491058376,+
7.857750666453348,0.5126432614213148,9.164903499078742,10.0,3.5507980099045517,-
4.3865484224370395,3.6416004175863224,6.7931882303674875,8.27268370378866,1.5433854136757619,+
3.411632534245558,1.3892475183221762,8.318705309823255,6.185255756166116,2.8120224725512646,-
3.2600018593907376,8.608539592808292,6.392027269487036,8.714404816863908,7.3140380792753215,+
0.9185058443900271,1.0460750216944497,1.4546030059460862,0.6000391882092876,6.147513791751338,-
6.390212203482857,9.087112778816124,3.7826696703976204,1.5004558394506795,4.218270581208409,+
9.326782982469252,10.0,4.019152606029328,2.3409736204663822,7.758494170550535,-
0.2930224641898027,6.4819106102100115,5.421621384127308,6.120224934880327,2.953012575483686,+
0.3606941408772405,4.1736167509993365,1.0891944188187224,10.0,0.4775267868464423,-
9.23433434070394,9.80242274457347,3.0787038864127103,8.041347014068101,4.147082700405877,-
10.0,10.0,5.858253705023084,10.0,5.602035407804546,+
4.1878620492560685,6.252090537648694,8.628719444046565,3.4271131608614382,5.526633345341222,-
7.053118662039341,5.873213284194011,9.222286353310857,0.04774168116489058,9.278314413097014,+
4.583239546362656,6.631418005915034,7.687123344927654,6.806107971771055,4.255526925977381,-
2.095057172314152,5.675751541513126,8.831719577560799,0.3838592722216519,1.6607424904709713,+
0.8330423352542593,0.2898647902542084,1.6739005207121949,0.013666763374713398,3.4157791540091065,+
0.45187870257636575,0.27247594949906007,0.7742789783303027,0.012780524986694766,0.3263372275321954,-
5.716560527806841,8.441182052169225,3.8408871177975925,2.2810427422926196,3.9008559399775855,-
6.387501664348908,10.0,5.916815989038778,3.6832199052282415,5.9386524827593234,+
2.772235513234107,9.514445957220468,4.612372680309668,8.595007460986155,3.3493972395308615,+
2.3470078437104362,0.8879725498890411,0.8184302407177805,0.9687353708122234,2.2208051452507096,-
8.513512396446263,5.755842196573836,3.8893852905610826,6.302073812718984,2.108170431391149,+
2.4558270768233936,2.6220043295203723,6.727239230834379,7.201986638530659,1.4047749168452848,-
4.996262535196032,8.13948697605436,9.383381724111317,2.466653310472846,8.82136602432836,-
8.787590199700388,10.0,10.0,2.797908363680111,9.463334998587525,+
1.9949350446049774,2.8564917596006643,9.415532449422518,9.698308823544311,7.589454624168756,-
1.7375038250631047,0.5150875734038951,7.785874282337936,10.0,0.04993387232295511,+
9.699742103063699,0.696827350019269,5.7177021031655295,8.715791646247023,2.3295637903223385,-
9.830182053740032,0.3986929785700396,2.745833654811537,6.114639063577208,2.234474933852341,+
1.1471070760393254,6.177079579625393,5.442820792091773,7.665398276685621,4.776467678425199,-
2.074828172080247,8.146741724201224,8.049394326214165,8.603223005715043,7.705410738840046,+
2.1090508141360087,9.89012410322464,9.870139760123418,5.578471310557277,3.904785116992213,+
2.4045404415973435,8.109945311487222,10.0,6.626518094684068,4.172991664579614,-
6.1132007307791945,7.503525005101475,4.52379545238732,6.088423908981092,1.9013817005733558,+
2.8156396805503037,1.5185062492573504,4.1231457999158865,5.9387645457366665,0.8744977083528797,-
8.94732207186632,9.39849341473,9.970836968984717,8.116643795619442,9.058928945360007,-
2.5788144454211825,10.0,6.258824722981561,1.3292754507994309,1.2615823695397974,+
8.19346846413339,3.359832462743727,3.655904695246713,4.637154710494531,4.3701420585554835,-
10.0,5.009112244578085,6.326030022718326,8.258323377357922,5.791727110641668,+
8.965857811070135,3.916612117027297,1.8462484534557577,4.08703204537283,9.65391083367732,+
5.7113048205348695,3.321355549497225,1.6763340518390977,1.0532968302747898,8.782065514199124,-
6.829474704838826,7.866884153567763,0.8903707069219868,2.8612593633625574,4.686529650868875,+
10.0,1.6697094196556044,1.0529996440234104,2.4458449211675357,3.2175603268955655,-
6.628105400591204,6.656005063663103,9.147988250639829,9.38146846603545,9.194622892954143,-
10.0,4.780334475468598,10.0,10.0,8.921514597020478,+
8.484052904898666,5.923356745760726,3.7368874312849387,5.613769681207199,0.8673542621912067,+
9.973027826321099,1.0423609040869766,2.4951046426933106,9.607704691969747,0.8131918464559847,-
3.5592125315420176,8.612552807343395,0.34611476812369535,8.66788841322477,7.204068422574743,+
1.4136911978495643,7.786039710631866,0.010314518369746686,8.479033032069283,1.6593968426238381,-
5.24659511166562,1.1371071923841414,0.10575694544180059,8.023103324185554,0.8287675687160168,-
3.7467835721073772,1.078992158210413,0.13021619713601848,2.268997563273509,0.7711768790746613,+
6.770854362104766,7.0123893570728875,2.348670080826464,5.792567523041812,9.483802150487769,-
5.925509666282807,4.067436349756067,3.4904025763302884,3.3932040725691275,2.1200656225817216,+
3.166602294785129,3.835866293420891,2.1376707468112333,2.664941351880371,7.340214578122701,+
2.695338253553877,4.996832755531572,0.7768537111682041,2.8847886904115247,1.2243534110345962,-
4.316150439402159,6.046951870483685,4.195015394011524,7.6067873664382315,0.43450950467983307,+
1.006780397510924,7.101253839948825,5.347411288101042,7.969655254080653,0.7034482390642116,-
9.705994120702691,3.845968557990851,5.2572280710751915,3.8492251886163906,2.0904071546521763,-
10.0,2.8586472326188086,0.26021033570069113,5.8638163730729325,3.15757106602031,+
1.1703022442296185,0.27713778443037573,2.7906523338316847,1.2505128590815595,6.909385398146451,+
2.119094802244801,0.433242188524719,1.9366131375977234,1.506199137673674,9.951540810986431,-
7.825420965564417,3.9185266272773447,8.581260280899139,9.83168377823729,9.272221373303408,+
10.0,5.355862633794596,10.0,10.0,6.8546134642686685,-
4.565911789821441,0.7074821505234075,1.509057261185387,2.806981648769119,6.826294265979015,+
3.459775468340096,0.325688357152629,0.4850731049622477,0.6923729550845509,1.069526112763689,-
5.026111385291855,7.693766711445788,2.3729901225200645,0.5059035227571418,7.138361314356589,-
8.527555023885224,8.300494280853192,1.210026735671301,0.25946056009662866,10.0,+
5.899477168001715,4.628556600815163,3.70443639053975,0.9357363530363905,8.42497526667255,-
5.371978663092171,2.472992538151398,1.376718399421838,0.5757944744707048,10.0,+
2.122303997986993,5.8439304208944325,8.786080253261456,8.368576822555305,4.051836001770182,+
1.6875141996452399,1.2843840916356828,6.147765478082998,0.18097076386147873,1.1079363963691726,-
4.483712219207251,3.8084102094366123,0.2686747704637693,4.197656084086287,7.9477039058669074,+
1.0490401669271334,4.205699822555505,0.5329014552733378,5.700099099302266,9.733427572111381,-
0.7299216623970428,0.750509251220205,7.511705793112229,3.1106953969673357,7.222770105358167,-
0.3066001582370663,0.3704647816073493,2.9032047763717297,2.1096330113758373,8.236865897297584,+
5.2293218796991825,0.167432158898162,8.590393871550049,7.051662105132426,2.912847866232519,+
5.823177341900905,0.2903657372484661,10.0,2.4954929614658266,5.286057770915331,-
5.619992504319619,0.3779860144016045,7.6292788387997765,5.066845552212111,4.175494459980128,+
10.0,0.6871727364176391,0.2629901933540589,3.266829751171875,3.701751403594509,-
2.8603983973670943,0.7036761790807877,3.5897687232715993,7.5941651467054,9.965673792094186,+
3.6946707357468953,0.2862289583340645,2.0288764474145693,10.0,2.7604733827626164,-
9.358139570571286,5.571398024368158,3.476032006110924,0.9854927147396741,8.856058313281231,-
9.312540713912266,3.520089994898542,4.666924424225583,1.5825553867762183,10.0,+
6.288302377695272,5.94670438513463,3.1255386553475804,6.423564110168023,1.643976749777446,+
10.0,4.613333283210354,5.686580475379683,10.0,2.366258666835556,-
1.9756391001769913,8.589342789851827,5.904835383749668,1.0702786373923623,3.427051001831064,+
2.4488808077118214,4.303306075636722,9.752290489017662,0.6066158437948225,1.5287967784284824,-
1.112229331631236,9.5371842302625,8.178760991946602,8.621067349304601,6.079582298268042,-
2.028275291104622,10.0,10.0,10.0,8.765626716236948,+
6.9636405669481505,8.038865022542586,0.2918930941657605,1.3368138194019485,1.4831763145464405,-
10.0,10.0,0.5603457100267941,2.6698396931386625,2.6881701511715246,+
7.708266109450995,6.345103318170531,9.949262254627214,4.755550582432539,8.737007998133311,-
10.0,10.0,5.20081727427672,3.2546692208074743,10.0,+
3.840464289209385,5.290898486415313,6.914446865381918,9.69638760279934,1.8405783033236045,-
5.98691411875369,8.312084613390732,8.343645598314701,10.0,2.5695948488298552,+
8.991643191924817,6.248537047216002,0.6060517719159297,3.2960598641557084,0.1072004009028138,-
10.0,7.466951077349776,1.0828704940706093,5.1723259188725095,0.1889240702229735,+
0.5822104817479845,4.701016714296107,1.5092406884518528,2.9546909214583517,4.623669325171569,-
0.5034665039602131,3.4200778641069753,1.0004130164482905,4.377606857057587,0.2678832661742406,+
2.5295827642772073,6.235788631487925,1.4031807020929887,4.132219612406002,7.737009506305541,+
3.4939919530771646,5.815102263128517,1.400784569740308,7.382525722796798,5.586339765284958,-
7.141369636341352,7.922637817787334,6.126298127411252,4.717101160967646,5.506440568277956,-
6.644837729007029,0.8348662886277463,4.338842920912158,4.433530306186098,10.0,+
7.234767550696516,9.260338294057494,6.522106962410184,3.035842887772379,2.890095300279701,+
8.51100082614164,3.1431426357911385,4.127239922483949,0.4369264714979518,4.600001011313294,-
2.7340465549259108,6.76528504973052,7.252509611195243,1.6257359377630198,7.078940721826928,+
0.4470564041403148,7.8358711331155595,5.6649013714687095,0.08341997855322449,10.0,-
9.019393888037964,2.3767081056228587,9.715736029335298,8.802856198319988,1.9396559149779935,+
3.978332466656187,1.303518525535222,0.28495298909057626,5.079574912982008,0.6116710908140791,-
6.937861569017939,1.3891905756282152,0.2352081228458336,2.932830625479469,6.208875189802887,-
7.0908235868234835,2.095455527464814,0.27099804258477045,3.4984659110671155,10.0,+
3.1969611770180526,4.020726113252625,8.57188865216614,3.3945006026510596,9.98282801044173,-
3.3838043281757937,5.773067059993425,8.895318914841749,4.992191772384411,10.0,+
7.110367345388283,1.9796909658470963,6.034093279762979,4.89633468513818,4.505562117884336,-
7.533831677931767,1.5194187601984372,2.7481575409059036,2.443513565808074,2.1711225159382064,+
3.4966983566258394,4.597069069303817,9.2760973856346,2.3592922355055346,4.020109930386052,+
3.381711682633014,4.22799716025818,2.5552133654701845,1.513683869652342,3.6364312512934154,-
9.653476790496658,0.96695658580087,0.27985114513033427,6.774563267938124,3.3781376910580994,-
2.524769903183868,0.8632598278657788,0.37873007077367843,5.953413276125507,0.6684383055829849,+
7.813775175087661,6.572337814116331,2.010307260664479,9.351867800214041,5.250092380706017,+
4.651539999029203,5.41615799975069,0.8534691768466697,7.820812446631479,4.90131392476846,-
1.610595430574484,2.7322233468578716,7.624033027901954,3.6218281176595535,7.727612111293639,-
2.6315207898961903,3.029551445708866,10.0,6.932559195644438,10.0,+
7.05883175375185,9.123840528901493,5.38170190258681,6.343836634137757,6.491915929941633,+
5.971468317376857,5.261497082831452,2.4105188182395976,5.370990554815959,4.97281560723431,-
0.10356250473191553,4.615042910959348,1.1835680554366745,7.379103835891513,7.427809958065223,-
0.14697857625150942,3.6293252892095995,1.3180549839571154,10.0,4.848326673262967,+
4.3108533180322315,2.6982054497682717,6.392851706732744,5.199194406020707,1.3819135018640538,-
2.075826040570662,1.2862917058434078,5.045141549396164,6.649682502801871,0.6068768380420057,+
6.449243960994506,9.974556444533185,8.98394829250343,7.978360358277447,0.6030917799960867,+
10.0,4.069216358140469,9.992144073449035,8.236866023413171,0.7563144178204282,-
9.15309961618432,1.375003876072699,6.53460873927715,7.581334853481987,8.454566861263089,+
8.387196942118926,0.04611503583842309,4.217439835669461,6.182744267613413,4.7436555391990325,-
8.075339716746708,0.0061142247634682345,3.6293857910616536,7.194488665508568,9.239720962791951,-
7.4526200672022584,0.006555564789985757,4.854802187986794,7.910602016540357,4.494884129570628,+
4.3429486149286305,1.3218998047299346,4.4689569669259575,0.4504739578143624,3.70158554133031,+
1.7112863012761699,1.9924435013847865,8.20762286728856,0.06965806095643487,0.45698917970048897,-
8.422920134235335,0.22616682248069675,3.509735766791043,8.769831911564973,0.10456822275837885,+
7.728771145055072,0.06875083614617694,3.224214124879389,10.0,0.033306033950254006,-
2.3145401089653292,4.272021810823855,3.009443095554806,0.39385599160368767,3.2753541896450034,+
3.1378969111270174,4.626546474430258,2.260486210716272,0.2410859497265057,2.2380891772918373E-4,-
6.098041689706671,2.4040297338574246,2.5898690573033765,9.545002162986231,9.095664540380348,-
5.341183482627054,1.315889104400074,3.42245174048337,3.3701645500391586,5.807456649523219,+
7.236653070205664,7.650232538861933,1.9922628659942054,1.4194218677199721,6.9621452485228605,+
10.0,9.508493455637119,3.8320465262219936,1.7711819809867377,2.2221275590632663,-
4.139911927053577,0.18299300073299607,9.985780108163706,6.986422413662997,1.3201050605903664,+
3.7256219727506483,0.08234892594928675,8.703317913954686,2.742746397078213,1.317538680604693,-
7.543550894775521,8.136124663284772,8.927648694528118,2.4631046906299616,5.229774043250233,+
3.7975363225965673,10.0,9.79576014026676,4.801455448323341,10.0,-
0.6753043844550732,3.4750043207380266,1.3467371929732241,8.719968313338898,4.542727426480249,+
0.3191013364704243,6.4801428722777965,0.6965872210740289,1.8513976766749995,1.3856417959236522,-
7.628956089713324,8.851888813826909,4.401620243463739,2.2568639102225854,0.8209478823921335,-
10.0,10.0,8.003061644328117,3.2695988241600915,1.0030929986976085,+
7.564890548945499,4.056494256758533,2.875625520702344,8.20761749635077,2.1945248092587155,+
10.0,1.297213041904832,0.46894257070936396,10.0,1.162354482046909,-
4.0288969824902745,4.837447012871316,3.938170271243022,3.2856817943090464,6.074409462349777,-
7.598529463897626,2.3941483245545814,1.3343351923538842,5.794046358323592,10.0,+
9.707013122044549,8.059350208447865,1.4834317701018385,4.872164241151344,5.9877734565828735,+
1.5525661647518856,2.2527870936406633,2.3373737479994827,6.176341055220621,4.228989448906973,-
4.543100722084771,1.5998577797657865,2.163692364512506,0.15287057749100552,9.108724895184459,+
5.327609252232183,0.6545190711029716,2.6208655460340813,0.06323179935322337,3.150592227209718,-
3.6143539276130543,8.590897781321974,3.8450487557180635,0.7704876727423748,5.7108213198696305,+
0.9144506615041312,10.0,4.952884232946,0.773319221478783,6.869105335635366,-
4.536305004866522,1.243648451564039,4.988044508571987,1.882809346061235,5.346433173645271,-
1.3403519288906844,2.4601179512926015,5.096147548268844,2.8418121746415514,3.8508756643854487,+
5.32440314451128,2.4223869745678925,0.7423802303046079,5.638640785652143,5.205709728356459,-
8.544128560237208,0.635861057142989,0.9300935564918927,5.376398275747811,8.92410362643113,+
6.5918966034854956,5.064112440368894,0.9529821083743406,6.501819240542465,7.670407138369022,+
1.4557857133479675,3.5026823714840667,0.26768380603439806,0.18012467826782366,5.1841781562730045,-
2.79643517248695,3.232387375367937,3.2163867399567048,8.40730128090291,4.905946554291626,+
2.8423074228793364,2.801208413683685,4.72704157619576,10.0,6.609301628700118,-
2.37547762371395,9.437441255937761,8.98686558729259,4.052806548435487,7.695869044474714,+
2.492162506406137,3.3682265411602867,10.0,5.503160920794658,10.0,-
1.374389456966466,1.054596738835325,2.6151367433850323,4.340618004873367,7.801168664468705,+
1.7712483515765918,0.5101415334680418,2.081325393145351,4.500346104729121,7.08680575952819,-
5.827475404313809,6.264136399426331,7.724419359579149,0.9149218877552834,2.243615523740541,+
0.48398948687875637,2.179037798583023,7.344114008248038,0.3368503190657765,1.6654892976372766,-
5.745102149308031,4.266453019730391,8.829391473325684,2.9541056821087164,8.884672675413643,-
3.7725640958357083,7.587118879544727,7.6414670647704765,1.6263750469703722,5.421087256217449,+
2.328110744239069,6.848106521201598,7.603538377791842,2.0770987023436005,2.2593608765013293,+
1.2574684128532536,10.0,10.0,2.112093315543924,2.7356976028582443,-
5.199121566168543,5.790574280990224,0.15235069369588516,6.41074264658195,9.20352558213548,+
4.9114191560858105,5.95247644390178,0.2346412559286171,6.429261804125318,10.0,-
2.2631072567020647,9.15181133952203,5.295351463958636,4.767016461704437,0.9389067024303788,+
2.647272921638191,10.0,1.7793312382392672,0.49549277070311454,0.669604728027619,-
2.7113094869702516,4.339531194719183,0.9068260836582043,0.25609417540355617,3.7862123896128463,+
2.577161755126648,5.920717300694844,0.414933340558453,0.313823686491191,0.4513197987545047,-
7.48197023004336,4.174047246936779,3.481648306908416,0.08250505268245889,4.336328658312532,-
1.4754439453854806,8.096499940595383,1.8562542526882346,0.029737051022627945,2.6442552321817527,+
4.997380528064266,0.19729981286508713,5.43894825242615,3.1392081155466354,1.1495630402203039,+
9.61722640303945,0.004608018966842769,9.38326347435551,4.905760785400968,1.6856269661688712,-
0.7635341015013763,0.6824848152198448,0.8902292665462086,7.410803425109631,8.659962927614057,-
0.3108074686959182,1.2791353065558493,0.016258251079893298,7.004417290838928,2.177704483861452,+
8.187465523254083,3.702466493548564,8.97690010745784,9.672240069399834,5.833893898934825,-
10.0,4.387380788853447,10.0,10.0,7.6964828058906924,+
6.371775718676046,6.221468911621639,6.83173944449744,3.098141241213286,0.23576821833468764,+
3.5507916124271706,6.466448110202709,10.0,3.643891873065956,0.4005741052054546,-
3.311829786304763,6.625767290962754,1.3820532776931826,7.563752952764043,9.639452896032289,+
4.3634074877693,10.0,1.5546984374070756,10.0,10.0,-
4.904321774667587,3.128758255853259,8.478292819032662,1.4716690201754556,4.496391222164167,+
9.783931647801078,2.2538936426850587,10.0,0.5485753493752623,4.392308102778929,-
1.7930286571359477,6.267794552291409,9.525629174866966,1.433533912818703,1.1044055913726558,+
3.2977573276764893,10.0,10.0,2.5890133103007527,0.22471113342376162,-
5.458075215891677,7.167035094560949,8.884212649865487,8.074677111928295,0.19422608470921365,-
2.3655255927043286,10.0,3.836861575699957,9.044632425010631,0.32263082294375806,+
9.810437097721321,9.108384124382908,1.1207454575177866,1.3462361972681969,3.748198297832693,-
7.528318615677745,4.110116028842559,1.8679645883842007,2.4795544503910856,5.617651490724503,+
6.140892307313499,6.274939338196303,4.511812014434976,8.29783083255058,6.443084884741842,+
10.0,10.0,2.5425929889546333,10.0,10.0,-
1.0864607344713462,7.054621291107342,7.880504970065125,4.864012425604383,8.160803455317398,-
1.1840701792740636,9.87512967704744,8.834555365585192,9.222004270363623,9.76148168178382,+
0.4975395056132348,8.744066599811148,3.16831567808327,4.7865621432419605,8.043927552140012,-
0.20498764109647566,7.557897800313616,1.4350936920794786,7.581175293698513,2.6411124933126464,+
9.122994000143258,9.875954297422982,1.707502221751871,7.76753305052083,7.639600684831258,+
10.0,3.2522835558980483,1.9203912633799287,10.0,10.0,-
5.382828406700907,6.088628348953581,3.7510972896973707,0.9989963418682046,2.6907802464331168,+
3.410283130670064,3.2952833068514695,1.474993763639153,0.4358343532297845,0.2699115304773638,-
0.4564109387240811,7.372684849929861,0.7640815675428048,7.514420546745163,5.044384392206314,-
0.3511167874531129,0.08346737783951627,0.8728593973965914,4.015813693666752,4.514140415289892,+
2.8347543576204046,6.841748216066605,4.1173551888297215,8.88387334041141,5.129602162717574,+
3.262236044861019,7.673886882901727,0.4732831811407416,10.0,5.228708282759797,-
1.4231572565109207,7.0431918275763605,2.2548839736935644,2.2977098955723108,9.97286086065483,+
1.3721836891471082,10.0,3.359290130014237,2.5214854838357335,10.0,-
6.7298395239735465,4.331007765832787,2.2371365036268465,7.155726358763356,8.938210573749764,-
1.1959910143156782,3.6694427038525266,0.1305958590110568,7.389973478558072,5.674181866333087,+
3.6379956072676833,4.503561783914738,4.373397931889872,9.272706999593138,4.625169377487378,+
0.9630908156320388,4.312908493233449,4.305711109350679,8.812956526357365,3.5875059731492964,-
7.8965061817238045,8.771893808689196,5.343470701601452,6.851730152694698,6.375952408438917,+
9.171032788355866,10.0,3.07030157703344,0.9858872706289018,3.2537399558686455,-
0.0933946879548242,2.2038914263027998,8.92512151668166,5.9150872362991125,6.166449967291056,+
0.09514573705243817,3.283161180695662,0.3277676813361004,0.6397147269153491,2.7690731612665713,-
2.3379885114800345,0.697297729262456,7.3960447074148465,8.163762168024265,0.5289939408358535,+
2.723048983862295,0.2879679703750213,10.0,10.0,0.6207110916821555,-
4.648304381568893,6.883752880800982,1.2335716931326257,0.5428811836618097,0.7957046099771437,+
4.541689618756343,9.633267393026813,1.1721603286120164,0.4583490513961029,1.2363593176354475,-
5.537292117956825,9.150095049737041,4.090561988815949,3.535475949287541,3.1671544622067307,-
7.3216679302699985,10.0,7.558942289892662,3.7516530083110182,4.527286936618501,+
0.8097859630624227,1.5516918970310145,0.8403533649056338,9.4211652381066,5.930300131818017,+
0.4495345591503781,1.3580630540160707,0.41006652647413133,0.8171962318125713,1.1999427465913801,-
0.12141365156069228,5.901538373152981,3.829611635051754,2.5985955395653235,2.912920541884061,-
0.0012502353509205527,2.039988599974556,5.895211151171513,2.9212759022623827,3.440340988789774,+
4.800082026751799,9.187814231663328,4.65541664760209,2.9139716873315678,5.29257978192705,-
7.456377798155222,10.0,5.023058968038959,5.735633428359221,10.0,+
1.6571429760940504,0.5949749681164729,5.359865188356231,1.484099957983308,0.04302349167034203,+
0.33970908562939883,0.21276889249322986,6.850928577092635,2.7438306339999774,0.009309742917408773,-
0.4703833524199641,0.8449056893253915,6.727227613845439,6.887066639524246,3.260415906775056,-
0.5370078403029017,1.6231551201877445,9.90704991211296,7.6104804357324225,5.727898018649257,+
2.0681372031175793,9.429802386394316,3.896469117546287,0.2939956857140291,1.6745115537168398,+
0.9483811540202541,5.634472357451511,3.125825020055478,0.11887255567969701,1.4822891256684554,-
8.211086773086942,6.5670108613397495,4.249064097890349,3.0651065043743566,8.948562981342425,-
9.47639942580137,6.233658856721166,0.6416506152153905,2.851634706935119,0.5561645160553857,+
5.717248880424334,1.6023353290142017,2.2872585933089953,9.310838901581192,6.328363414205041,+
7.263514242457724,2.0336697135825026,3.8170573526435967,1.6822066240656461,9.34242698413174,-
7.904659078022926,6.67679155458782,0.5255458334056196,7.16007893580835,0.3670730522333254,+
10.0,2.2324641014425417,0.613982824830292,5.400102788099517,0.140178617594242,-
7.950451252582248,2.7874409601342185,5.1784739850626895,8.8064949563115,2.5486446025626064,+
8.16377396515162,2.5602629817319973,6.823748962608491,4.016695245161445,0.3258513714614095,-
5.740501354492623,8.585209336086702,4.553276580657677,7.256564013618946,1.3060809139055318,-
8.949429949297318,2.6185439103233676,6.809768269612716,6.3249656790288284,2.313477621410819,+
6.7590413071271485,7.952726924828445,9.104604644549251,6.852652225779585,3.026895135573052,-
2.373555453752626,10.0,9.253365227914163,1.7987589894863651,3.462597751548814,+
5.964722086264395,0.12221172934380853,0.45285191453552365,0.4561789465911692,2.6205585922161587,+
9.835371410466427,0.01620638993070233,0.5956494365887618,0.5540485044786506,3.0408846682376147,-
7.725852741974998,1.2600898734933463,8.22556073918622,5.00474451235255,0.4410405412200258,+
0.8828329182495235,0.8172458692281206,10.0,9.121764295784455,0.03248637286221037,-
3.6460305021680686,5.39821548250047,0.8808145369693265,5.680290511214857,9.025831350498478,-
5.623087871230191,5.482232000454858,1.5035233717133785,10.0,10.0,+
2.8289846884146455,7.604314907992417,1.3272454580945814,0.15144768126292618,3.791231625553264,-
1.8887445803278262,10.0,1.0592993214942397,0.053600484563941495,0.4331714817449455,+
9.94239008247839,9.902060093849073,7.416298460949085,4.722773360433926,0.06978602997178007,+
1.6134404685574952,6.388960281792174,3.004642666559627,1.2075010974789988,0.04272938075652995,-
0.3766087606347057,4.496840532208742,5.224222048588444,3.779229282632164,4.361729317689232,-
0.05678292028790563,6.301669174504131,2.7193591158684867,1.1603134113676519,3.3458690582327058,+
3.8201306476851338,8.573587956846014,1.7866804552979443,3.619922182262245,4.516526282621126,+
6.500625825691656,0.3007476867510522,2.221155617127364,2.768057655763359,3.632642727386455,-
4.005135987845194,7.3831685348851845,4.275172205482145,6.6170441309683685,8.037521918739362,+
3.2612791844891236,2.437649757104654,1.3218086676264387,4.906380380929042,3.2733838664424386,-
5.572800306754221,3.982813009527452,8.165990348375443,7.023978150780109,4.068721299127173,-
5.051689008517523,0.8292906865563489,10.0,10.0,4.790690043530986,+
1.6540693734183254,9.531189021564645,0.6514829536395172,3.537999023705223,3.692443271559982,+
0.5282943800992805,6.907954621943408,0.6306344261156552,0.44584942475429756,0.4912029539040024,-
6.697257217284063,8.850311528751519,8.971266142581616,3.521910887381592,3.596336295142375,+
6.1698391852360555,8.531144675893312,8.101385004633283,2.202531771022934,0.20209946116029018,-
5.425926443782215,1.9919772107901368,4.901347865903149,3.9056943765221384,1.5067887461258422,+
2.012454045803705,1.598256633352404,1.8770532415305723,0.6878569064343775,0.9569642802986646,-
2.5483293235224513,6.872325608882569,4.489510213346603,9.082665630679916,0.9041806226547777,+
3.8104383775366397,9.945012822177855,0.7229884419913003,10.0,1.387951832762051,-
1.6695489836865818,7.904100498482386,6.886412898907107,1.6722893378800385,8.06182445111579,-
2.911224175550668,4.402917499348704,8.050827335270993,2.548663184093429,2.357918513788626,+
9.609442566788855,3.4577136310274046,9.488216419902747,6.044839378836575,3.7086854391378687,+
10.0,1.633398678654439,10.0,8.39599973996756,6.730846593099321,-
1.04348968124084,8.067808463594751,0.500992411355965,5.966368575495043,9.952261905723462,+
0.5978525508881665,7.284900551301294,0.08920371966781772,5.479364661727059,3.320285537062318,-
3.0103949233890437,2.2733385628362512,8.665892777614008,8.643971518567783,1.9717779509759625,+
0.6309892445421349,0.9848445646824492,2.3318239617838836,0.24917691181544865,0.6480207445067193,-
3.443323663743837,9.827006447400349,8.423112918722694,8.11060582687028,5.189370907555001,+
2.0379800747775323,10.0,10.0,9.608899475257743,9.630186969872009,-
1.647494418375901,4.315615697021742,9.304804064102818,5.24089059735887,9.738084158960248,+
0.6466038231729203,3.6689837340467557,3.7973483511839086,4.771433190354605,6.194724057958514,-
9.618844095629179,3.054419897285184,6.799636405463788,4.824166570211029,9.075453071334268,+
10.0,3.8440296125108064,7.493371747306565,9.6338768899291,5.957065931998139,-
3.714255270769695,8.520532024420177,0.44392365229347863,2.0516163520942654,2.6986533816096125,-
6.809633698554378,10.0,0.7491975725748464,3.8368031184204994,4.869594604850901,+
1.9748728960144302,9.08069657452234,3.5463983973156887,2.7755591537923427,4.262032490993373,-
2.4341094875157765,10.0,4.758362207495159,4.985241166626064,7.433983902182741,+
0.042055542096456344,7.695053650285789,0.15703554063617342,8.992236590794807,4.714559991965085,-
0.049045256446109894,3.338619138803196,0.3117097705026532,4.064408587173737,7.848032918531139,+
8.677121059982035,6.608703514505759,7.36178128864,6.711496934802469,4.3098904409804994,+
10.0,10.0,2.463527271513753,9.013932737880012,6.87801576918281,-
1.4176690288526594,9.043726165581282,9.351363580901866,7.960315717114898,3.499032743243482,+
2.419237376909568,10.0,9.917218408497495,3.5731009116032677,3.873443951223658,-
8.602738269844586,5.073203118997945,7.002304164543226,3.7150477105840984,9.196526935901948,-
10.0,9.152089298741547,7.426134067479236,4.922736745549374,10.0,+
0.8004460631918986,1.9520997757107572,8.78424448519948,5.389773512326941,0.12109440150096629,+
0.5506709983534813,2.2124892652913855,10.0,4.788212052694593,0.0448179514265426,-
0.45640883653338293,1.3394455721402654,9.460737197530554,6.562784194505539,4.982607282227713,+
0.24472418726292122,1.7105884874606951,1.519128716128009,0.2279005733729748,5.216971995835005,-
6.161799206632792,0.4788715829390966,6.210206088818307,7.943871464574132,4.033556923016909,+
6.154719726389238,0.3379381931808707,1.6171195234774396,8.193291408129996,7.101521265130511,-
7.469117188232683,1.178605586546626,3.848084961098607,6.091914044706285,1.4465156191960638,-
10.0,1.2845537623768075,4.315644606746443,3.3867427216359087,1.4090227796031696,+
6.844104705397153,6.098837736839679,2.0909396948805847,7.21294477320045,3.004683182103458,-
10.0,6.770575563748624,2.8125456426776037,1.925406627515682,1.3608292554162393,+
3.435052467185834,1.6304185854062214,6.196388511896448,5.965390235222295,2.989899185552829,+
1.7432066619028943,0.12327911044889468,4.998012543918016,0.7149979462124042,1.310828561201836,-
8.059052262136726,7.316890279659147,2.261879335559951,9.742493236305824,9.913855137569854,-
10.0,10.0,3.2316853702031314,10.0,10.0,+
7.631520811651783,0.6800066040705721,9.873829853345853,2.0792126573522385,5.12974096988348,+
10.0,1.0825926088668758,4.732237776440327,1.2378568675877641,2.5892570504201005,-
1.5970208957043053,4.647799650350698,6.3513667943311845,5.167681229298142,9.27916812745022,+
1.066255135390051,3.1653786164097144,3.943318840773618,3.2674620996897787,7.695665013963455,-
5.2592728268182825,1.9622710401677312,1.9630987318295556,4.7403998658078,2.872008819321721,-
0.673584903929315,3.73647790777909,0.16627999499412052,1.3471594303601366,1.8307939156431536,+
0.9952796083263071,1.530679616617362,5.0764158289051124,7.7621990803558285,9.187592104619632,-
1.6267946814620797,2.9718729081119855,6.345073387848288,10.0,10.0,+
4.542918426313446,0.29745301228706444,0.7272487676450834,4.877444349269132,8.97224403988253,-
7.572402198588884,0.37493576107711024,0.1621060112056404,5.062752158493741,2.6536771357544806,+
1.298958549227931,8.825304388527428,0.4425909699611541,4.622544483360938,4.584174810265937,+
0.5213282934888176,4.827190394557635,0.6760618069016133,8.967143072300114,4.393791090332352,-
0.15772250406786537,8.493032187632357,0.49316379428854473,7.256723131893862,1.9441807841568137,-
0.11013148145643616,7.45286293926403,0.5700597635365539,10.0,3.5440827035641314,+
0.9779261097513203,1.584772480539045,4.120464913931757,7.47532637785128,4.469818401497122,+
0.6783189176009414,1.3920796066656904,0.13365955671068572,0.33011269630445966,2.871545997600255,-
6.67630110857007,4.512859648757411,5.819951235266836,2.17605274555977,4.0669262762479095,-
6.364067581796479,8.591775310204028,10.0,0.08082791181948887,6.016178598818289,+
6.478347803554941,8.584589727186625,7.175605478729649,4.082077120308005,7.2579753795005795,+
10.0,3.376391662395885,9.981330990373278,5.7602774365533405,7.756137239275971,-
1.6874312230582877,8.1065478259322,3.611013823393463,2.934480783714034,6.244667413789795,-
2.500843379449577,3.371745831838184,0.9293135333188652,0.30635589638307376,3.2272683514687075,+
4.00420905854932,2.490119423187406,2.7047640128723316,8.112058624850585,7.11607734354444,-
6.27481674148899,3.8677041211015877,2.784933117012937,10.0,10.0,+
2.025291544870509,3.1399192487617045,4.726545812553375,0.08993156064298291,3.4375592909516115,+
3.6175008078537907,4.514505398370507,2.4541665700929873,0.0661093478166682,0.3297473644807533,-
7.927771398171416,7.553936626258174,0.5742209142330856,7.598325454411997,6.100193323728017,-
6.3340743139607625,6.395514921985654,1.0944993385157256,0.6006750472979122,2.1935726802783853,+
7.45342009572853,4.877371585845066,8.793530485810066,1.2681784731613532,4.282011856241664,+
1.598294433335646,4.635083724202802,7.524312820633924,0.828349510220831,4.005793437790766,-
1.5506947683512717,2.345106104927175,1.6377411874429182,6.5913763113708415,5.746147616383378,+
0.355871158265537,3.8232502805137134,2.5847959144897965,10.0,8.016636354937148,-
0.14354339507157254,8.263006005035429,3.157869812221504,1.8141488280463314,1.8025331462904848,+
0.24938123023102043,2.4238264159098684,0.27079358926113123,1.9290390666311215,1.6562520698696974,-
1.4391136301563634,8.882093675256167,1.2674835557657815,6.799589446333502,7.931191219419711,-
0.11041140495722675,1.0542264365803236,2.5004564103892837,8.666593227520924,10.0,+
6.057962405495059,9.709696554557093,0.378687524698883,8.785366519480213,4.558669787059158,-
2.192472426764571,6.950106684326839,0.5869070324634764,5.9305625521980545,2.750984018265234,+
5.870754756953879,8.456417749478858,2.1743700854318924,3.632125806796176,6.152471442755853,+
9.388317482876808,1.4215268426110421,2.4097081598346115,1.2289761621184674,3.4590475838627306,-
2.1198787081355097,2.7781276903015986,9.680126596906971,4.975421782425512,8.314949811979055,+
3.490233671624148,1.6813233102537843,3.4597401876031353,3.3291170500139096,10.0,-
7.882312711070697,6.518899104058171,2.8442020533858803,6.076670080539958,9.299509065652291,+
8.539818858168378,7.346300742796036,3.7611967488232576,5.951956557798764,10.0,-
5.397511707558151,6.837516441305061,0.5384492678756903,0.1526099588226748,1.9291305155109373,+
8.953402788114142,8.550338141276448,0.731672595699128,0.27927822839366,0.899898462761648,-
2.1482338805515786,4.604676991553203,2.7460595436380086,2.9775277527979274,8.765567348366663,+
1.2090887839657802,0.6582614346182932,1.88318003612311,1.9393112162172126,7.9555774897704,-
9.750007486297854,0.3017331258978395,2.3953631107913353,8.171648091980725,8.215607165454394,+
8.86490170348416,0.09734636171051136,2.337617710875137,8.063989990075138,0.2346729838871454,-
4.754656887847039,6.5209979273151975,0.9826935978494356,5.966087600310409,6.301396088710485,-
6.871668515043555,7.005853029817851,1.9269755848555974,8.203627178828938,10.0,+
3.357334559197107,4.7803600605734475,2.1106765241007874,3.7967532620038904,4.7923274470581365,-
4.0515012976718845,6.206969857659058,2.0168843047949063,7.249834402911711,0.17397964259236695,+
3.775205059177379,7.246469673792118,8.60285721267015,9.484921685505018,6.262724948885659,+
7.3282375047622486,8.759706141978022,0.11010176637285389,10.0,8.903337834712906,-
8.392252335944422,9.153656293715992,4.035381963013796,9.884543442603013,5.720190201908418,-
10.0,10.0,6.635013505309492,10.0,10.0,+
6.898361014186985,7.680691703462944,2.019230164670965,6.901959505189281,5.971830702733595,-
7.598818751601309,6.512955045911459,2.60252207459847,6.480302534064459,9.54358811032957,+
4.280529142091705,1.5640493881950912,7.463486576407144,9.15745512172723,5.904432978188703,+
2.437499196630843,3.0118668957272936,9.427018350660026,0.5167942207645313,1.9730370381998383,-
3.514393186072712,0.6452626362559843,5.497780662314286,8.801122647761447,3.8669672675114883,+
3.1359370984722945,0.11650226073900659,2.275552309517845,10.0,7.055898320204525,-
6.262973513873497,8.438178152116592,8.903421965674518,5.7285971945123855,7.417629955085172,-
9.512373356080467,10.0,10.0,8.458548761106593,8.022885366802926,+
4.232440198612387,8.585235380598146,2.6033463499520804,4.502517007808767,3.7681010407867657,+
1.7810318255995203,10.0,3.8345635217999123,6.534945274333348,6.042453990229591,-
0.7155002911692121,7.237390056272187,0.17885486309849763,7.956160656925393,3.2828437554387166,-
1.072679933331996,8.973315034168625,0.3480086038544538,9.03708469428551,4.43578044994816,+
4.9942402608870164,2.193740280636126,4.8020910038961055,9.911908114705057,2.1734126406182575,-
5.7614153648015325,0.12150600400950999,1.6912214915718984,10.0,2.6021912685729185,+
8.791333424902575,5.048818243693397,5.849008677795013,3.391347507262512,9.217956468419418,-
1.4099645449936324,2.721255127543267,10.0,2.961421629168535,5.987264425617806,+
9.943542149311728,7.541462131455337,0.6008241105763912,4.721732360940977,4.822918985442976,-
10.0,10.0,0.8113493579212165,9.272352906070207,7.240793283139833,+
7.343127707469014,9.724952877402886,4.430652619025776,7.6037968593897105,2.2510407272693933,-
10.0,8.670148125529556,1.0190558590965317,5.007547022463051,1.543467281394504,+
2.057424467079365,7.2687101835525345,0.9630559283831397,4.898022700910877,4.674912996828847,+
0.2679119049199273,6.439635742224477,1.1615851534295125,6.4767160552034015,2.201852416065187,-
6.245864014056619,7.871157631884543,3.57905592708856,6.378811642575521,1.1076160123821488,-
10.0,10.0,6.583442273174173,10.0,1.8895796740475959,+
2.3262741814645604,7.414728387202395,8.178642343415564,3.6511490705493865,8.609826764406414,+
4.359426428335393,10.0,1.8041166178403367,5.251560605389349,10.0,-
0.29136205170289253,8.036557495630266,3.5667805152284937,3.7556606119947302,4.245185495447491,+
0.524245975872522,6.014108133310519,6.4440886096966565,6.107957945312962,1.9426139446882018,-
1.5759911729027631,2.907732527721336,7.798109119936017,2.8465230553216236,4.293805457359565,-
0.7565314442305096,0.08914966345428542,5.8887582929052025,1.8313225297488662,8.195740423024802,+
5.091248985279902,3.7867160897862115,4.977176367974402,0.9073486009528409,8.095363276609135,-
1.3973324498135162,6.74173982661329,0.3267638553167431,0.3142887009258275,6.581755830234311,+
7.682239653963454,0.1216890983504193,4.3783637541735345,6.14939151589002,1.0676524594951275,-
5.8903503670772475,0.01513121120659247,7.977810957129293,1.2689088397925927,0.9132775066479136,+
6.214263851924504,5.893346532285163,9.825520592186187,4.600558207176242,5.116758947101182,+
2.5353017979776307,2.713307216248315,10.0,5.787832112727547,2.922926951683948,-
8.686661625510158,5.08194632390785,4.553284628287293,6.062854021726997,1.2238156243720288,-
10.0,7.405622129625298,5.043256416795411,8.00528399002247,1.9325822854115355,+
1.1685556643443806,4.027696584375599,2.930009490015504,1.5423522189623429,8.693626948163091,-
0.24917398635807267,5.942946300779178,2.073209316056953,1.8022292263943935,10.0,+
8.492348556131649,6.621749510649799,2.98804328926047,5.174811500150987,2.705489983672542,-
10.0,10.0,3.8608799914841248,6.694034079131661,4.800736728905288,+
6.17430865167794,0.03505752427140796,9.560987727747733,5.221110890818974,7.768774728937499,-
7.310032942447227,0.04950933350652126,10.0,5.845762670339202,10.0,+
7.497542835147289,9.676015502918956,0.4846734435500655,8.528135973156278,5.3790005385599295,-
10.0,10.0,0.7236175718279808,10.0,6.0805603779111435,+
