6.064852107215264,8.479426791225562,3.0797548037938585,0.10694310639271287,3.578768921511503,+
9.244871483498768,2.667629937331628,5.723647805168609,0.20964380623716042,5.084327905260755,-
5.979268201940817,2.7931847695153422,9.500918694033391,6.481655652411947,4.275389592071592,-
10.0,2.9883492040606767,10.0,9.111003687516758,7.004523481812977,+
1.6853433511969729,1.319903319003174,5.945040592820421,1.7601457649353425,9.211697990248137,+
1.884105400374755,2.4107281084596006,10.0,2.513171368132629,4.30489438464424,-
6.487635037290541,5.24822742781875,2.290685852171298,9.91634503149748,5.255327977367491,+
9.449651021444142,6.820415906714898,2.391675400790419,10.0,4.523330091513421,-
8.060172819521057,7.096669768400179,0.27103911515615087,3.5418814705296056,5.790269832115386,+
0.599362075615362,1.565861370720962,0.15123565145262027,2.3160062421168135,4.339020897207261,-
9.903713895994676,4.390151783559566,1.2032346068443944,8.053844883982586,2.3907978015631546,-
7.868435685104858,6.36523675125685,1.071297511123014,7.475730627621425,0.698914324420313,+
9.539611940372223,8.528767615162446,6.426384342412019,4.4782954098672025,9.177511404069218,+
5.181302923507002,2.272082802927712,0.006469196971589317,2.1067152917644036,6.50829027897835,-
4.15283131307807,0.29021965272493233,2.6561774113861194,9.152522978207262,3.688055292715412,+
7.764119807512936,0.4066829083735873,3.9815341023232373,10.0,4.483629082388803,-
4.532495834667727,6.827122244352171,4.838921025143247,6.907136997421733,0.8775359174695174,+
5.954023737306601,2.034570426537784,2.424576742336727,8.509980056736152,0.40709172501939783,-
1.74904862085136,5.990201107685237,1.9228893444892803,3.9892863923454467,1.2030867810840407,-
1.0320941699683006,1.126071274716349,0.4457246032659743,7.547693912656756,0.27874657873819125,+
3.7454644671047896,9.945146406800218,7.495200227841234,4.183193098549257,4.185238846536382,+
1.5838028203018302,10.0,2.974970716827115,4.949805783275989,4.791901732407264,-
1.5483939109990075,8.630237331242142,5.54836327178889,2.6426530704449593,5.161772557050909,+
0.845260662201697,0.2463853197949836,3.845053036171467,2.090630921951712,0.5987731509055291,-
9.080632615562894,0.7542689518678791,2.8869775715811743,6.618191801233946,7.217628020085238,-
7.353507407166366,0.33550234849034766,3.638667283293428,8.194082394354101,10.0,+
3.633553857308711,9.037649720515015,4.735691144873446,3.8091011958021967,2.237933853586477,-
1.3271096991446958,1.3279113372814335,8.844664360681177,1.9216751231989235,1.547762916521701,+
6.630023180429038,1.8248804557579434,5.172689223118722,0.16283939025552918,3.502309314901267,+
2.666438390708258,1.2500784131871348,1.9719675036351287,0.20729156054841041,4.498789932845613,-
8.784659119259686,6.337081378440235,0.45063591526472546,9.15049098596844,6.111126808219862,+
10.0,9.510784005846318,0.031536336432372386,5.471296580994399,5.2134830942089945,-
6.707754621072723,4.87244008351725,1.350078256765448,6.3509381610810145,6.198279538967916,-
3.744365072656586,7.91949127200905,2.6946026870345148,1.8346643873836417,10.0,+
8.34005823140495,8.375163067076333,8.878820963890101,9.112085227129242,6.789058338885839,-
4.87693574932417,4.463701813034012,5.7253853274176025,10.0,5.0951562927749885,+
7.165328374217063,3.6779532109129773,7.161087545207357,1.7371604386905615,9.648752286237915,-
1.1342446203672172,1.8474926442905657,6.774377089879042,2.3452782698313976,7.784297461324644,+
1.4012691299111613,6.953403576227709,9.639420625563881,4.990711682118805,1.757932180985372,+
2.593165988420377,7.898446288229708,10.0,3.9738267695145013,0.9575164644870487,-
4.307583015413932,0.13884903941013493,9.323735418889758,3.462305885561965,5.123689288146079,-
4.511866636650679,0.033628194100889436,10.0,5.051018692968802,3.2540569473414167,+
4.023054243891146,4.967217277975788,9.498856883795172,6.5539344772931605,1.9549135371385529,+
5.027660679339671,8.856263995012474,10.0,7.35570082902808,3.799867162436472,-
3.9119348590103686,4.339985625616506,4.118290218375797,2.0753253799048244,2.851746137867288,-
3.082085045155298,7.149454733252628,5.711304053290888,0.3602635420277616,5.059088862335291,+
3.788576020574964,1.3137101339927992,5.1463324836535715,3.4917360796637786,5.432626336983276,+
4.069851472276172,0.7687100477064631,3.3548690751111523,2.590806020008955,1.3929548849964049,-
2.7922188118516855,2.6517837536888944,1.4669475915940011,7.175418955765377,6.6951619338214385,+
3.836470837489662,0.8478138579679935,0.48695123372987476,2.616853526544215,0.7582883001090683,-
7.107719537944742,8.949109751548008,0.04964971079881253,3.886705419035202,0.26621938062635797,+
10.0,4.436679677214269,0.07350177868268444,0.5296023276410619,0.10099882561548904,-
4.252199265925051,2.8202793840745075,6.056287933138426,6.615131656118674,2.7779229897653135,+
5.107532112520431,3.9952213290392793,6.333074726496156,10.0,5.168692975424472,-
1.3960337952351631,3.0811301550663392,0.5928626415103977,3.414481481229922,4.659549507705615,-
2.455902922306329,2.9048903060424958,0.5809215383943876,2.1164372755479453,1.203561215971729,+
9.95610615479857,5.014162958431012,1.281094974588235,3.2230577827604545,9.074370696915942,+
10.0,5.300673813775182,2.537764237823649,3.979333666568145,10.0,-
0.25247121044926213,8.0368200224259,6.720454462915234,9.473256648241913,2.4889517283206333,+
0.29842023445150284,9.605608975503998,3.578256496660168,7.642032340792381,1.962910639104322,-
1.84005086114012,9.52685682679974,7.743717127587393,0.005201984800439208,0.6459935201870037,-
2.9939779107698787,5.375658791283244,8.965418048343086,3.814003086499553E-4,0.6504430442327789,+
4.541780423872444,6.781280077914811,5.71413227066248,3.3617863343446364,9.688326740267053,+
2.230074662209052,4.962909343075517,0.6070090107406596,1.2830801432567867,5.370494885593445,-
3.3531537441128814,1.0471140649702426,8.4338576948228,1.9177748817214013,1.6901330181478702,+
3.221249168362155,0.8711114706061127,8.155596777627295,0.33276469581196905,0.6776766574387676,-
5.869603946052507,0.2581042794004029,4.157407014219215,5.8640323705791015,8.995506825606116,+
10.0,0.2226588951946102,5.823821336975352,10.0,10.0,-
8.98982738598821,4.597385609530621,4.862916210509215,0.486185474006533,7.005152429920058,+
9.701548181748086,4.674549561860356,5.659736628558661,0.5824201842733313,10.0,-
3.081036354930365,6.1920638132293515,5.588345864492007,6.442058431987165,2.323578979912276,+
2.3458751594451197,1.8859898693026713,5.78339007631063,3.637093336185728,3.8572814786304663,-
0.6542647233039833,5.511329452310543,3.6184082721654987,0.38826177877320234,1.6373169222859174,+
0.7552559474252665,7.806137287205529,1.0495131514611566,0.3332975471608032,0.74019428683935,-
9.039208869329967,0.7448836129619163,8.352324701207547,1.9846983790435735,2.4786929025117423,-
10.0,1.200779699650123,10.0,3.243733832556923,3.1738884350591507,+
4.777172678402031,7.715922474911839,7.688208339989978,4.170914352761511,1.6480508040031938,+
1.9758863232123391,10.0,9.420821851575763,3.3991674107624346,0.9883776617300639,-
0.016870443923667766,7.696401559242388,1.9086080418916684,8.275846424087383,2.180828848930685,+
0.02405362923492377,2.1121928047798724,0.37035467379692205,7.739366291716239,2.626687341189748,-
1.598026361004331,7.7818565800649395,1.1599483631805185,2.429407023072798,2.3874406328669995,+
1.6779202533713373,10.0,0.5954963666139678,3.0344586193146097,2.7046656957952675,-
2.595336642231171,1.5670990547362351,8.282887544043104,3.91972696969325,8.619933447233482,+
0.7392389206401658,1.2263048747823402,2.976191281005604,2.294182281616124,6.059025196689925,-
5.843860020022122,4.42693832830099,2.94032856259574,7.303635971660331,1.1785686088570857,+
4.905185924675788,7.567437318351215,4.783714579122029,9.181627634433504,1.4905095808151394,-
8.355827918691105,0.7235176054119108,4.291064685583383,3.8161462375343023,1.5704272367988947,+
10.0,1.0133335174495712,7.0351521765778156,5.164463581544072,2.0864210861699273,-
4.1434504961143475,1.3324703672717264,7.111120424905324,7.888824986899553,3.1238170085167716,-
6.262913447756597,0.6725661791947058,8.36018917058427,10.0,0.3723202757454831,+
3.005884881605475,7.330274382071847,6.358262035525341,3.242451677451126,3.1207125426897364,+
5.56907261303954,4.76985068809084,1.2352945035982554,3.988112072180047,2.9337713689464353,-
0.9533130653187483,6.356885064876704,5.131663990119263,7.732679027728998,1.7290879301313233,+
1.4056706484456496,10.0,6.934730847552723,9.551304196727688,2.698475676944999,-
0.2188648874019239,0.16435137076421857,8.551259363698197,6.11360623751532,7.518465143035947,+
0.09669516116160896,0.04214890762076501,4.512131487935059,1.8127852594894889,2.36295925290285,-
4.998395149123728,4.296643259088438,4.679186017211844,7.290793570871972,7.790050193026136,+
1.4305482108411536,1.5243056001196393,9.180134780356735,2.7338907092632363,9.607630439018054,-
8.529247567889046,1.6346787314507494,1.5656605160548087,5.840721009432918,8.407460992023127,+
1.0987084355207775,0.015235498781821415,1.890085438460098,8.510206129650118,0.13933122326441078,-
4.421571152341199,0.9517928879275273,2.6898028038771016,0.7404264489242485,0.16840131853382623,-
3.7241108787337107,1.6144563870936257,1.122399005303504,0.045133237990302416,0.15917269238971787,+
7.541810055739999,6.656133990814207,0.5128056923496216,6.847775378408026,7.399896671427295,+
10.0,10.0,0.3000494987936122,7.4767026780890875,9.54964928534185,-
2.762727664986061,1.8784970456031624,8.064938968233665,2.183452029247901,7.168525094556681,+
2.3902278428263877,0.8795724078127222,10.0,1.4127299491324938,7.713941299690542,-
3.385106492168841,0.02911058851990056,4.467176838051739,4.762910632858568,5.712465421991849,-
6.709540325019116,0.05269589132726038,6.08091340624112,7.9692561894662886,9.367734888865483,+
3.831977799879719,1.8560260172935295,7.784823515199246,2.9616709128838323,7.543124409046254,+
3.9605515246601684,2.7926261249548476,10.0,4.857102896026077,5.686129478285284,-
5.632880864374061,8.71371686845382,8.326185451362095,0.7734442899805294,6.93275798227588,-
3.2884034287572534,9.462801449922638,10.0,0.7058233519447076,10.0,+
5.383108850232183,4.203944200313242,5.53223488414868,2.3132744087810653,8.600181605212043,-
6.347264513689237,4.892056658972844,0.44385139949165686,0.16652032149217716,10.0,+
7.874808902812681,4.3216270802844665,9.082447486991965,5.831296505288517,8.55003565624102,+
3.356891728273534,2.237894486909812,8.116428965250323,10.0,8.652999449615281,-
1.4401842429626677,8.998715787188157,9.185121593588239,3.9713253202791043,3.0112467432309744,+
0.4267087068331767,10.0,9.717932950779124,2.1048457540136933,2.1146754658931943,-
7.310723889446457,9.232405174986049,7.390592973125707,0.7108866069170294,6.107005128214475,+
5.296861846938218,6.753050037574104,6.015959673404081,0.38802100815582025,0.7339924429196871,-
2.0805201718735535,9.789535521286506,9.55572141144553,0.5569136629719362,7.2072405890552185,+
2.828296929449231,10.0,2.47102179176375,0.7456591136177729,10.0,-
8.759663688520588,9.963430365885428,3.7826421986716774,4.784759963720796,0.9054838703445034,+
1.4881502889799425,10.0,1.9255142011420905,1.1593889080751836,0.11965737971362934,-
7.953961111649943,1.0697071815510406,9.982381613875685,2.2792086928764856,1.267591911066619,+
5.493605312834264,0.8655717053748693,5.8534115954948,0.8530045917352285,1.125211677997108,-
7.696324345859003,1.0968724161612509,4.000410281700435,7.481773522686752,5.6102555760469635,-
10.0,1.998581040221759,4.373184039909764,7.391093065183803,3.378242514983201,+
2.7813401808589635,3.828311285389361,9.406417723390046,5.339734436163579,5.814177061432866,-
0.3010085516093042,0.6600709600193673,9.36787445732787,5.677880643697657,1.1509416641429908,+
5.297321430664819,7.6949018126525885,2.601152210294141,8.579767461136452,6.25821979007849,-
3.2615846953559027,8.968756130895255,2.970204018126051,4.898599911632286,9.091172946965404,+
9.255001187019177,4.356339336208403,1.034207268519991,8.642809758286196,9.543366736594049,+
8.047788960384,4.001419444652725,0.6840672032159288,2.8236277634763325,6.934919035421777,-
8.022997839935282,0.6157069582983821,7.184729871876181,0.4963613716992865,9.577703302229754,+
9.638974660038302,0.41407979241777143,8.99272023031703,0.34737745173426526,6.313996180078401,-
7.830786511445047,7.091371545629369,5.021968936577334,4.734623467084839,3.6459469791710486,+
7.800553206478338,8.061906925632563,7.78353045781662,8.301664444524047,0.6666627864600092,-
0.6025708708701993,4.8777556680712575,8.4679613250707,3.601616102927733,0.525011927039436,-
0.0855520149447077,7.473039817372523,10.0,2.825617584202274,0.8779900077823783,+
0.7184069035994356,7.751594554031254,3.056983004932794,4.787848691532629,3.358444020886929,+
0.44104628389171413,10.0,1.114965067924201,3.3479213655549316,4.339107204714293,-
0.7649045023515111,0.005088625198250707,8.871910051640029,3.5577947591295955,4.776922850797529,+
0.35493698316725436,0.005197245056403822,4.6247655761715984,0.8076295725357547,3.186197112360272,-
1.130221580599513,6.037497647820986,5.217652131846559,6.589371675299304,6.9035924984178285,+
0.5555518100277007,4.5738610610870225,0.4745214132303908,4.143443358121414,3.9214460573402232,-
4.878801263658379,7.875278550491474,8.733805997563918,4.382301094640201,3.1767536925841258,+
6.516581101564315,0.277728153129093,5.091442222186809,5.982561439125678,3.3391297960502433,-
0.775620853983986,7.27868884191076,0.5393196658813759,3.5733184390221897,1.5146909735391834,+
0.4144841571249743,3.3766954853410356,0.9816500828496876,1.2925597059197473,2.557175371871288,-
0.33041018892192686,0.6534755547812698,4.251267005710914,2.3629540149007475,2.8355654413736886,+
0.11282333987779837,0.26182610385099714,1.1001425501743214,4.231798581293512,1.0405145527047068,-
8.000167256651078,5.8362387888239144,7.264217637265171,1.2741619022302586,7.926660716324054,+
1.9595006217534223,4.759411754205721,0.989619423614766,0.7136604466836876,4.560371921748421,-
3.211431093758923,0.010811796314665889,2.851357249613132,3.648567652464484,9.065552964424326,-
2.6797438907055633,0.009642254343412397,0.5015574508638878,6.771837796304272,3.8793266343143866,+
5.491850084359317,8.02419002180589,2.334994798979114,7.540732695759348,8.504675951910013,-
7.650609481098793,3.482293839114215,4.188618038195835,9.00307875199876,7.032816765483036,+
2.081517252162527,3.2824501399440855,5.51260841053084,8.23590353546197,4.947584007490664,+
1.702774043180586,2.8095613340361507,0.5005501087042434,5.782745021266346,0.8771928842722717,-
6.647587486333052,8.73814682504008,4.444716775994534,2.873440653498066,0.7061520362037121,+
7.749674823886556,10.0,6.545496195892096,0.202087946132389,0.8038897110607888,-
1.6846500455328972,9.658461768974242,3.6134899254907693,3.9417505920244302,8.514690960891263,+
1.2950213729154785,3.889532939356612,4.668380776859007,3.662999954864283,5.111863256818359,-
2.6494448801050243,8.85798158394162,8.279755174327004,8.482919042400036,7.516613500299946,+
0.7181237471612375,10.0,10.0,10.0,9.45073348928079,-
2.36916536027185,2.831021956675964,2.8711106431216105,5.85287404692671,3.239349380201185,-
3.9980233910495437,3.3184597394621203,4.651315878656757,5.853908752269839,4.393041253351531,+
3.828051822832388,9.88928266228012,9.544820099082367,3.3193696988650445,1.6367193725567863,+
4.431849317321412,9.897319071962212,8.0353854225097,0.5808842839339857,0.27381105977590026,-
2.917452308323817,7.472717913374932,8.149602473113923,5.082110202617313,4.349819455663264,+
0.39562394627739006,6.066170747409688,1.0129936970745368,0.5677598168377643,3.180455412003848,-
9.796666905389626,2.9307463417807877,4.4826689590112,1.3295750420552233,2.0904945278504714,+
8.92845673165985,0.5341891177594295,2.9247455381225427,1.0315133309627469,1.9083339107320596,-
6.2251482843507695,3.9293802847558723,1.3347604385597756,3.059910880860591,4.216513813018711,+
10.0,0.22621500366326988,1.9329075599990488,5.15158726331299,6.997599030831728,-
0.4308582190019228,1.8638635191421526,2.3304747825278116,6.864928679562991,0.9153458724261387,+
0.20520043902459706,0.6835103548797729,2.1036140241548447,10.0,0.6552772512894849,-
7.86804349970852,5.8551976611574075,1.249368515233551,4.402732421664118,1.1596534272533987,-
4.999287465416916,4.367178083550709,2.3442422662918867,8.583552558343422,1.7879614377033466,+
8.757912210812416,8.689602409874695,3.4645452669599397,7.369413239535966,7.7029713923483145,+
10.0,10.0,4.716897572221224,5.13750699391701,9.76720784807197,-
5.382253128565498,4.103844924675025,4.6786603751005265,2.0041908414404497,7.595691311971208,-
7.373724449079572,5.039030480157618,5.775301144232663,3.795278530195119,10.0,+
1.3272258094813272,4.853763661982601,7.455583855607044,2.162693028935676,0.22465982878568713,+
0.5826153751402311,7.071345865262957,4.974339554299343,0.3734769750186882,0.2810916860641946,-
0.199227096034289,5.225929169627477,9.308851404070559,1.1912163718417035,0.27890252697478024,+
0.12030723710416029,9.108510848681806,10.0,1.3298046521477054,0.24235328250364652,-
5.488050848546049,5.211064299730044,6.780130374329486,8.321768357461309,2.2462420908402603,+
4.90183128360459,4.804847118664296,3.6160292395272524,5.658926755672341,1.8663390663458579,-
9.202461829432057,0.44835671455837,1.9229414960912705,7.852858128228743,9.523288091655495,+
10.0,0.8803637281760363,2.296518695035696,10.0,10.0,-
5.70412238619189,5.654351047663563,3.7028112703666016,7.269001378031348,5.72817612627674,+
2.475155415492991,5.511963631737906,6.499862521104254,0.24189299048514265,8.738872357859714,-
0.816803247361918,6.28468263169098,5.607160807180206,1.2526246780601735,3.946531969133228,+
0.14289411344742908,0.562508299320856,5.5057481549832294,0.3633130848503007,3.875272293289629,-
4.648291430143036,3.8843112140886884,1.1090645895545914,0.8999642610965564,0.16753875092718418,+
2.795945955244071,3.404301217129313,0.7990530104555211,0.844033970277678,0.14934853135501122,-
0.03882669709080577,7.732518113687891,8.079976403417495,2.654000866914087,9.191338865010101,+
0.046275180204091916,10.0,10.0,3.8431989690673536,10.0,-
5.875371511351096,3.3454909280372003,9.192971868267211,9.251560193975141,8.946289412031033,+
1.1600993146569325,2.1597423874307733,0.10303779502585908,8.974169980500218,10.0,-
2.778910017655296,4.644926277163962,6.265226637499808,3.4887126053162176,9.092037738717293,+
2.4042443552562136,5.401391910667339,10.0,1.2866125029462065,10.0,-
5.1087909795284165,0.009057980742998017,4.336458335367281,9.275897075598682,6.725755783955849,+
0.645504200531948,0.0010456814325058874,2.9190029808084854,10.0,0.14855448896280993,-
6.80464823469827,9.992670251991823,2.9329651506174095,1.877269880987984,3.4949757144461846,+
6.868247236380426,10.0,5.458823882254962,2.2377016427794354,0.6669935897110617,-
3.111145287947074,6.157374685637633,4.947502149901349,0.82762386630571,0.7369745399521366,-
3.7990260132632114,5.286694050131592,0.6514845928018671,0.6209106336089228,0.204429983207151,+
2.3788249432120354,9.996207875500382,4.6294749642732205,1.6498967731605696,8.885872208156261,-
3.0199321363598908,10.0,4.95660648731277,0.9203919459141162,1.295111970408689,+
0.5124628467806058,3.7231318232423174,9.96186009142581,2.819517258479405,2.460948284231139,+
0.7010187617783701,6.7872139475024085,10.0,5.5822845863727135,2.443952435985201,-
6.516306643335712,3.2856090424502926,6.589962746433916,5.003746105028183,7.692677607723076,+
10.0,0.18418973261033753,10.0,7.440806553182188,0.400249215634315,-
3.078441220369277,3.499008936815126,4.3174329663109905,2.2740131261587218,0.028883245425873616,+
3.130562831422495,6.410401917347009,8.21158031124363,0.12406647635790234,0.05375422359661957,-
0.5843432775342994,6.2477565384543965,4.133568200244795,4.624942131748179,5.306544685608453,+
0.2925337073119077,2.3275787230118765,2.5228281043416834,4.222827920128479,0.6721567577649388,-
5.1509268597958515,9.629966951191072,1.9648892578411337,9.97420127886402,8.359212291514838,+
9.956977199389954,10.0,3.124001462600257,10.0,2.076792728259627,-
6.6505447752921025,4.539665523505729,5.377872511380176,1.7870038201949712,7.494671899520304,+
3.1128168201666937,2.7040697048387394,2.1467369657464497,0.4877205172490604,1.596209061805888,-
5.069917038115522,6.172847471579692,6.107431289209561,4.373921063067524,4.932301081961241,-
7.770084686328587,10.0,10.0,6.320674158383085,7.902943822940538,+
7.95768815562404,7.203316589067422,2.757338642916596,8.752734509498017,6.160425022656896,-
10.0,10.0,2.0368824167520336,7.112316718497269,10.0,+
6.185377570158382,6.731277554490639,6.293541871328854,7.742388616074104,4.011754831908433,+
1.8367872612996217,6.169452222750943,1.7412556682699236,9.59682735321651,3.553133991377238,-
4.530299314480123,1.3037228829507808,8.563073367767583,1.567547676177603,6.362545185877431,+
5.061891886342628,1.5766612547969525,10.0,2.564499375385687,1.2543151629595202,-
0.3838556408972249,6.102833959708869,0.03661607477034923,1.573519064142257,4.205096137993234,-
0.07939345349698358,1.4850602159204476,0.0536036265889306,1.3396046266167454,1.9771689901487337,+
6.969127897376005,2.2600258186055244,1.9730977892714818,9.034837283922858,3.306565347558891,-
8.050665062347816,3.608507459161546,2.5420093201446514,10.0,3.9294576356756807,+
0.8463505078068778,2.711263944108677,2.4393433372063633,7.883316597810741,6.412664219336608,+
0.9686664853111883,3.02587244812904,1.5060978074068292,0.0805181741403926,3.3177414407457055,-
2.776125452317504,4.502545882137888,3.6711547521639054,4.254770268136942,4.831272532144003,+
3.1090896590909223,4.996356093619329,4.659345512094861,5.058964801573871,4.8348683559542325,-
5.234857865437068,1.3300083319120382,0.3721834769213739,2.215616503452804,7.379921064906475,+
1.197838255237287,1.3042364177862633,0.2279072480725087,0.6358390571973563,4.592497099545897,-
4.255999959307419,0.16381886746868246,3.9491492106539203,6.201285412333516,4.40312032441436,+
0.7805806137249475,0.30765980791213354,1.8826286367126555,5.680331411224379,0.0843197575986224,-
0.7501481531517507,1.2072106494839263,2.6287280206461983,2.068065133804573,0.6034832748712549,+
0.8707178133043172,1.8124973386153775,5.179174095205776,2.4895590966895274,0.38890141012692336,-
3.6077855609909126,0.7170401748827493,2.1954237374690386,2.554821298457537,5.692089728573043,+
3.331916287432096,0.3871899898875405,3.313228387705919,4.532370227766158,5.843408946496813,-
6.306973176748672,9.34986380714635,1.8820422593171393,3.245164660906129,9.763687849851383,-
10.0,10.0,3.712711125826976,5.416106759699816,10.0,+
3.890435365518626,4.476384035219915,5.600727541078127,9.914676500496611,4.495361128392376,-
4.16958441294129,1.6792758162552486,10.0,10.0,2.8247951547552757,+
9.806184534201531,6.379092750375608,7.413389873506592,9.045311323538954,7.934631149404408,-
9.686460117990858,1.001954789970983,10.0,5.936730953843334,7.49732954324253,+
0.5098406502022401,9.69725983555008,7.228290132317347,8.852358402246711,2.0030933852600805,+
0.8918117996082788,10.0,10.0,10.0,3.2641392898625172,-
6.86567764471185,4.819622778320119,2.256828519479117,5.907617719881477,4.0692578962793355,+
5.6159275918107,1.7873549921422593,1.508389613572561,4.981386972390452,3.6008601255601063,-
0.4720034853986843,8.823703861243116,0.5962945377999229,9.476688770380912,9.944371217266298,+
0.19576916408088516,3.932079738526764,0.5599754060921132,4.3744586787849045,10.0,-
8.770825253473442,9.112005138740598,9.65505944270053,4.952040702739829,8.587206635204437,+
5.6272037694312464,10.0,10.0,3.7625368854876857,10.0,-
6.212307314737321,6.911301438940952,9.989483721662182,2.754869118400498,0.40455412838672045,+
0.8797677644190833,9.384746785585577,10.0,4.753766528722247,0.589942645047604,-
5.448312775179264,7.0871994520967405,1.8853279333578798,7.934054614383809,1.0277339464974844,+
8.578439756171546,9.966960366049856,3.7232373190631187,9.992597916220804,0.27156453146760323,-
6.194512828250169,3.329688023276105,4.18104350595764,1.1804495158946804,8.867868239439128,+
3.457415303828347,0.8878098915386721,2.1254799686913954,0.9837738352716284,6.969409999450394,-
5.925524637972968,3.3675995255059457,4.994843313701788,2.0794139874518436,8.265612289948148,+
2.030583307682237,4.906081458014958,6.276780099354491,0.4045225118881223,4.293265749248167,-
5.692208975605967,0.8579797980228554,4.214046539823259,4.9663534668916895,0.3747867583260933,+
2.233134955630939,0.5357427946282729,2.038111933022349,0.4725387659059615,0.37006774247107016,-
7.775782923996642,9.932292147058225,4.7966532135624576,7.940693860839446,3.189539402525602,+
2.4388537476942167,9.286609428626566,3.2555520603185357,0.9529769113997598,2.302180797576949,-
2.1309963933540352,8.219183011343427,4.736981580712014,7.231422567912327,4.110567759807965,-
2.240471831388482,5.069957811633881,3.3284316213476233,5.452052664289028,3.479100813805811,+
8.091506867691761,8.927115985452938,6.799937431054718,5.061564995203051,2.1378224686700698,+
10.0,10.0,5.498300079588087,5.0360519755587285,0.7406602331239385,-
0.43158668625149943,9.0389790314487,6.511677410457644,4.650699368685918,6.382543700512264,+
0.09047190579899345,10.0,9.103308212854401,4.686867243477001,10.0,-
9.568039185424395,8.285522720889107,9.124835769511783,5.6061931067318325,8.479744012998822,-
1.9888313170601046,3.2608593785094198,10.0,8.74620467365994,9.150057722245736,+
8.306227115240446,7.75434186700633,5.874819981857945,7.877034602673757,5.041780606805252,+
10.0,0.3150187670789787,0.02857927261210786,6.464188919729849,5.590606141064683,-
4.450466044818605,0.8866036971934232,1.7612646278005717,5.925307638574231,9.29432964865175,+
2.2916638821331845,0.6494140835824803,2.5564513794977275,4.686446199883635,10.0,-
4.223325303290396,1.2180327387493661,2.070289066855394,4.455127853907155,0.2507817572350379,+
6.653590465514189,0.6441898683842163,1.7435851434438399,4.960481794804976,0.2935530717358337,-
8.256118372492088,7.203229464635098,1.2911528392619809,6.256419045560035,0.7047749742387011,+
10.0,1.7485351175301818,1.737556184604356,1.342925000743423,0.44810680926308555,-
5.487228189176026,8.756772775104487,9.969396769780266,5.029898183198423,0.28704180811502056,+
6.907501179346456,10.0,10.0,3.313091398740335,0.4967829901438552,-
7.616831156197744,6.292304730177336,1.1926208266993665,7.073435104965803,1.513994215447505,+
9.54963486689648,6.834075506889197,2.0262716381138546,10.0,1.7425397141166308,-
8.74277364646541,1.5659542242162605,8.326190154805161,5.70761732190139,9.902426926198373,+
10.0,2.33857204997555,1.1746175849165486,8.32147645917926,10.0,-
6.512230589000925,9.302247065164003,9.432118371835001,8.18565776609445,6.714431242440842,-
6.485544887184083,8.81879252103089,8.495800181917108,10.0,5.07079838495042,+
0.6241360415280917,7.949335017371436,3.49562320517814,6.273916603724633,5.332983437063724,-
0.7925544266650909,10.0,6.634005057676868,7.052057170599051,7.4577419173449675,+
0.04744866021408334,3.1573731306058885,5.938402281834543,5.587021899877669,1.8372266987327346,+
0.04165152965606836,2.4395175218714487,4.86909623723829,2.296320706907511,0.8513746822707081,-
8.641625681095114,9.646966475338088,7.3870890089030805,3.28422794079271,2.060350587219294,-
10.0,10.0,6.11433278129842,1.2305194654497615,2.540798658469604,+
4.967514477880059,9.093679839468825,0.3057199133245503,1.1396420467712298,0.9315555712617962,+
2.0946935000065667,7.910140984972975,0.3019451668928056,0.5371366457653749,0.6270088361177146,-
6.145081280580671,5.968067719234863,4.079773064691605,3.6647759290210216,1.6579695647657422,-
10.0,9.828492927089776,4.555201504345443,3.734847626703157,2.0042165109310828,+
3.1917344387893696,2.6125184767759393,9.148222516129957,6.265127903956737,9.773566511378208,+
1.1458104320817633,3.350292437879969,10.0,9.46715908268833,10.0,-
4.779722506407693,3.4012541874992976,8.728118410138832,5.13706514762366,9.965025794618786,+
4.941897042030793,0.4884178844919435,10.0,9.513382587661196,10.0,-
2.561488287528144,5.440610931438474,5.971824001103374,1.012027155814682,3.7999909100914064,+
2.746508205443689,6.412734574640525,10.0,1.3300142347257782,7.382153582063839,-
4.001997870344573,9.640336777619385,7.078593299481395,3.1372159725958793,4.46669507394263,+
3.460039413504491,4.655346942684116,8.637555321837308,1.2725225657733237,3.894611311928542,-
9.529725364206383,2.6325771988849365,3.8023630695763133,5.883290247904162,9.611069748785809,+
1.4942637127121974,0.5064945234712367,3.1648310180633827,5.025097943370695,1.7755700801239775,-
0.6897052596209341,5.687546767545307,3.5429878441453946,8.33158648322261,0.7848660908517935,+
0.7709996517640776,5.295802472881858,5.727286274289064,10.0,1.4786130623344194,-
3.23326516578347,7.128899988676003,6.834319452971744,5.098744066609299,9.029131694255593,-
0.07983611222959179,2.4836247612879707,5.106397364160286,2.306584620154509,10.0,+
1.5834428724467764,0.10568720886764083,5.226847609747777,2.0354812567778247,0.7181957799195682,+
1.9033996188687197,0.13220975520090075,6.579185614829512,2.9435191245721293,0.4634594767064249,-
3.9402095196683784,3.4530847037752785,9.573350824164669,9.353733320554099,6.709147663208527,+
5.5191110449752925,0.15233136736536107,5.205702572999838,10.0,2.297602111205668,-
9.104385253327807,2.327264786756716,3.2305107509446795,2.01984882220248,2.2920394509635544,+
9.95883768500756,2.1230636175932105,4.536065315876695,2.7057880523871276,1.5290516183175664,-
9.466313188376748,4.987778809367676,6.27584739797005,6.249534640725316,5.567809948114317,+
0.5481876207312499,1.0836645135904652,2.1248871027684006,2.3608338277443957,4.191882099284503,-
5.100265692250624,4.636457316376463,6.579581422141802,1.3060155699074072,9.581760092514369,-
3.5949513149730654,1.7312726111535388,7.357221692768437,0.7352600279824066,3.0175648817310807,+
5.962820663130124,2.772778401133693,3.4983298726754386,2.2862615112313014,0.24557631791040202,-
10.0,0.7078784997431982,4.198161465639557,1.845077547900087,0.28425877613774364,+
8.563633220765777,0.16310830954242683,5.842635139923845,8.41765000840807,1.5075534222819376,-
9.917454848333568,0.015416912628847207,0.012151313520953196,10.0,2.037909516627596,+
5.851353260229054,9.196960580391488,4.680203195482648,7.7968661996983375,4.633086169804902,+
9.68598432785321,10.0,8.07005430027906,8.650086290194443,3.0635154366881148,-
1.1756228209047337,9.635274195584971,0.102617228143006,2.6153322769195353,0.5889407944885794,+
1.0427737900322103,4.151235362179516,0.10046247870373505,2.3757054768462025,0.044247228689993964,-
5.850410134469995,5.6529594616365575,2.959776897919333,0.1589593522808186,8.934366680371323,+
10.0,3.782301487669228,4.911159351313845,0.08237998155712901,1.9547918108621607,-
4.094243129714488,4.680347725129187,1.972278837141117,8.081270883872923,8.413922287988472,+
1.8627937820271308,7.444633716901354,0.986246050614129,10.0,10.0,-
2.549353756443573,2.4029604295606246,4.782494090381681,2.021606722572733,1.9860201082427154,+
1.4094132160857311,1.8148993534840843,1.930977393484541,0.3921363372214825,2.5259394532743853,-
1.6798197613159926,1.7703489730761846,5.181032956456146,2.382294488027339,6.660404680403294,+
0.8681960999143447,2.579594899984201,8.780914760969056,0.5998470649451667,2.180763824118574,-
1.5316896419673687,3.3272839049113125,6.684155240630262,0.3828594543613051,0.2721596452928876,-
2.173134501167098,6.494323032199461,8.798008841177747,0.6779840065929927,0.3115181829528172,+
0.6469826583504423,6.377579208417527,6.65121662346615,5.13037141412111,2.4518439194730024,+
0.2720996858014864,6.669887057359043,9.571985991668297,1.0492522759903404,1.7901835129037043,-
1.7447315176968858,2.2215132134562077,5.052345240526068,1.4506234642495341,1.9807581299562282,-
0.24448975873735784,4.442811694074664,0.699317735165547,0.8747076822289178,0.17155267348876482,+
4.655203783790699,5.609755066100512,4.0627886830001545,2.035393335486283,6.075255644707193,-
7.914214799256411,3.0235986310698935,3.651473628964281,3.0204772869561203,10.0,+
6.069270924609239,0.8406485379768291,3.932941704531631,3.1597237766861577,7.058090437522874,+
0.06836037770934145,0.37063873836869815,1.536680196555029,1.9309075326809593,0.4522237494605209,-
4.706916694946818,0.1542382921008989,8.403737663235054,5.324092753000533,4.808747606924082,+
6.621002304283826,0.021908410128534415,6.9724194602413725,7.689367720404356,0.02887856504565478,-
6.36659144498947,4.31693729975449,4.696296708653743,6.106551209170346,6.785876222078575,+
10.0,4.559104686983183,0.6174984553160029,10.0,7.446883888194134,-
9.817983272703763,7.017714033639119,6.528435841448551,7.151333438081682,6.625290121110639,+
10.0,10.0,3.4773917943281982,10.0,10.0,-
1.948726756927457,0.6130845477480928,8.492989605279446,3.1425894947778787,2.5281206298123804,-
2.5174463097481095,1.1893961650710507,10.0,4.770792929819218,3.2662490610660417,+
4.035154260123106,0.4405839642096565,1.9981664334251192,3.158544478002492,4.967590851192259,-
4.720608700956925,0.44858720430243965,2.21047215249895,1.396394679662446,0.07618747107251177,+
5.177606734361354,8.424279244330235,9.667828277234426,8.379896228939359,3.4807696903317433,+
10.0,6.169926428052416,10.0,5.5560898485041115,2.0897714303974686,-
0.3432680691330037,0.161902977056263,0.38439671649698637,4.7219896863054895,8.458323399634821,+
0.057045707923891936,0.20241352104157345,0.5775599469535723,2.1655429443441396,7.894177385354061,-
0.5722483032895764,4.568622371444178,7.101340815205175,2.23076669694946,7.630404130611648,+
1.0453994798022166,1.3208109251923712,10.0,0.02919430304461884,6.593721735793546,-
8.474160798598568,1.8896025687212803,4.843419611135005,4.249647247361532,8.054077610300048,+
1.2918837666306366,0.1910604260360923,1.0934749623195332,2.001468103201928,3.4681701278662587,-
8.986196811420363,1.9607511519706355,0.3136699451595981,0.6797660384628901,2.742756641252566,+
7.711039949668564,1.4878615786693707,0.31523378060227647,0.18926557329729554,5.4271388431752525,-
1.5340756804847333,7.207070193770009,4.029943478194303,1.1492238816217226,1.6064477462364524,+
2.1068212570914304,10.0,3.7364947430906623,2.093480056661054,3.056354334688923,-
2.857056805115964,0.9925713003421688,5.000503328608815,0.4088993996584034,6.806059882779025,-
5.300159903914106,1.6071998514475416,6.560615043214048,0.6459297189065242,10.0,+
3.9124514985819747,4.997830514959226,0.7768563063663536,9.05036265587067,3.6288709842765696,+
1.4390967723047954,3.529124950505257,0.8510325219414371,2.24288228187903,6.177218704424986,-
4.698460483777659,5.340589153890849,8.40759615465847,5.038935660877383,5.0389053447382315,+
0.05044499390962284,3.729534012131099,10.0,9.642249583010589,1.985461811404836,-
7.327028761600651,7.061129939327895,6.083729048907395,1.7924348084079822,7.383515252933,+
2.563454303286205,1.3006374830969394,5.514584422788031,1.4649043822058785,10.0,-
1.2288721196668617,8.740317370463629,5.564036413590459,6.63531879549049,8.651269549726273,+
0.08185273176828826,8.610571587687282,0.11938910462687202,5.702685440310262,4.909570560648177,-
7.926745753769307,5.622036202646454,8.891982249746086,4.688953717244488,1.4205169619325075,+
3.872022770109881,2.6635771128051946,2.008730892141166,2.4286810568498822,1.0403023208997442,-
4.827763383214167,4.531775635919237,3.2443156079686917,9.683062925961048,8.493786604953668,-
4.900109029862439,8.828542918089925,3.177298102678961,2.508799525802754,10.0,+
8.861328177908106,0.8152431579696484,6.419363507411923,7.099596595578972,8.109973453175025,+
10.0,0.41535778188077555,9.247594262531655,10.0,9.484945650167205,-
8.65509795032426,6.85193800614735,5.821614622181073,3.7471180355848324,0.5311579069643646,+
5.361124336654729,5.235847608838544,4.400931325679743,2.206318971713827,0.2709621048658219,-
1.2789039280826864,6.595472791612899,4.754602234015031,0.8912974022000109,6.308109463203766,-
2.4514094055109865,10.0,5.577114786569504,1.1371791536930622,6.54603977511102,+
0.4664975145731787,6.311470209417655,2.5133258666336387,4.661304072956493,6.172408136550544,-
0.6862123152728442,6.82298561261429,3.4640716930729543,9.029003114308251,7.792099928115108,+
2.036302595977996,8.14923272492739,8.995434039586435,0.5244277017385213,2.002715519850402,+
1.4173507131110235,2.167880393931617,2.9754190180447857,0.9100944870951854,1.5848069912622378,-
7.352388252369896,3.9230515077140984,8.515830164614272,9.267825803397873,8.840083957060708,+
8.724136581215642,6.536476153882093,10.0,9.767956984265204,10.0,-
9.877576708613272,0.07960756462531027,3.1220019781237185,5.023180524488167,9.953540878904318,+
0.989635839184271,0.03226394937569582,1.918238034107223,1.2819248401187135,9.723055928768796,-
8.774511147790163,2.2871666717158625,3.242517546404391,6.147092293746164,2.7416584860095083,-
10.0,2.331465076895102,5.922470447766648,10.0,4.609005482672579,+
4.2121792049994,3.7229126135623716,0.9016060855816954,9.122260952946942,8.230306725534215,+
5.331723999584892,0.08402767443093409,1.5897030520408055,10.0,10.0,-
7.096623270538257,6.455850575971276,1.261220222667776,8.481782097766594,5.296369861627094,-
10.0,8.468420024067159,1.4189332993360315,10.0,6.502588540344158,+
1.0960144846515618,0.4204252087686866,7.9832331842057025,8.493299864925396,3.0173401579862515,+
2.162547839276801,0.27008048793111983,3.0140914455204064,10.0,3.478448643168959,-
2.63986494809381,6.362984241938725,6.014849494409214,3.5299570108816045,6.969776138902666,-
4.137412232589747,10.0,0.3536810406816313,0.4047785293655769,9.060801938147117,+
7.167262249013282,4.867607166848254,4.8188777967298355,7.1950872306738445,3.588096417628488,+
6.807154318762137,4.0247921619424165,3.8929392304103603,9.159574359396844,6.443647889965754,-
2.9984029430288373,5.586992647542454,0.8477231103802307,3.6353539223245335,3.214386721732909,+
1.8048374612460578,9.274480295266734,0.016162324655167204,1.1755483084056624,1.6455499984104787,-
8.708085177845096,4.350350504463173,3.2430761415276024,0.45871309231657387,1.902538666166388,+
0.8807700593472921,4.859885344287105,0.3853346316381652,0.6570403173507364,3.287493198025111,-
9.30876991900736,5.0744915701253515,6.544756413954788,7.619927594757222,1.178942102936591,+
1.4121568476234714,2.229216336364318,1.7766524405199042,2.6744373793744747,0.03995807275825444,-
1.4493115205423168,7.008379391946367,8.460791683808269,6.054167472199873,8.971816722839597,+
2.3678448594094554,10.0,5.137591820722852,1.8799412856816522,7.3598772091240106,-
5.375841437483019,7.939737110922691,9.936528178724704,4.762518463455832,5.85004326009547,+
4.760509476144225,10.0,5.224297993141109,1.0977111265421162,9.781068205509625,-
6.6288793220361955,6.807898306247603,6.288973372149789,7.607661069752014,2.9058478606944718,+
4.8167498564709526,0.3776760182336139,6.269094047266519,5.381240874202629,2.8875020846267976,-
4.7542455356503766,7.156691149740613,2.1124621278570177,2.949462802470364,3.681811452566878,-
9.423066612602893,6.875269467812093,1.2079461776178961,2.4943807268302636,2.355270753092019,+
9.215229247044544,6.43246717551539,2.7817179261138483,5.727456728133542,8.199918717489567,+
1.3332591959056777,10.0,0.1629179447337278,4.633265166528641,2.9170906939104406,-
7.198626323657276,6.9271677670245015,9.789776123208712,9.256343462650934,8.406776646374167,+
10.0,7.896976754168475,10.0,10.0,8.706632277622196,-
6.0350011235168965,1.0403351883465195,3.941052408877016,8.628534020690374,2.3585518656156577,+
6.090804275059967,0.13017676624824512,2.2443286324989273,6.131571418073681,2.476429585474222,-
3.4364810120922193,5.398957808846311,8.059405678004525,6.360538515438101,4.0829643572256575,-
5.664247329731565,5.605213305352182,10.0,8.758520459587396,8.044756770580845,+
9.24641463972651,7.633531586044493,1.7516969261322324,0.6730926372412727,8.561888373416242,-
10.0,10.0,1.943561844129364,0.655118720983395,3.192894717979347,+
3.6802303208115825,3.3827126185937892,3.604798551484625,2.8223416430538206,6.353005051710809,-
3.4274698660402465,5.960179889773109,0.047121018053381085,1.1846241258335977,1.3046851028773279,+
0.12379490212130806,5.372413893838562,9.779115483094415,7.667365285742944,0.8245902297586349,-
0.22867285250967673,9.952534736150207,10.0,10.0,1.6337423713042827,+
0.64523327817123,8.866656486633829,2.9380733748492407,1.449781866272719,6.358887522543135,-
1.1767078698621187,4.770787758522173,3.295997380535875,2.2745154359074173,2.9559052915685626,+
1.3400582028207786,4.3081129075362945,8.336222089939024,4.904420571859798,4.870567908489422,+
0.1248460218293137,5.826918245355078,10.0,3.19927281095157,2.554204515088187,-
2.3188177831286083,5.864247494184935,0.1472593496541008,3.939572996537577,4.42335024217725,-
3.336617307810997,8.615714118312757,0.21042170087716888,6.116063289967843,5.303054762740782,+
2.4554977268059086,9.583378252837283,6.384390861356998,8.488008779142058,8.78405383025464,-
3.239035829131625,10.0,10.0,10.0,10.0,+
7.375113349529544,4.469270217801267,3.0136748902523536,6.788362162482887,8.174044648587003,+
10.0,2.5179046729138306,2.105772250900343,3.896991216885407,5.12565207122636,-
1.8385379411267877,8.801135664963743,2.2722516549098035,3.4383269604574727,6.201352828637029,+
2.496401374844251,10.0,3.2624305309586923,3.6758530698158456,5.180470563807914,-
0.8856414812174362,8.722232615525192,5.340432853626728,1.7163373585176334,8.531179441698459,-
1.4045938320833224,7.0225698451674665,3.0272316152926777,1.1527697026965178,4.60505521900562,+
5.510881944382247,7.758353380689945,3.4565166984198505,9.221962813737395,5.735326743690921,+
2.455205095024998,0.03461449009565754,3.4807839372515126,8.358271043187626,5.72111965339196,-
2.260305437886249,2.155740488957074,7.447971635824608,0.8087845492164114,5.4851070022861945,+
1.022582902883436,1.4719380313912747,9.538541281101004,1.2927030655012217,4.062010500413515,-
6.217543199208229,5.7650635084130695,8.866152904191097,1.9227848578809337,4.02890833396182,-
2.6905259353345654,4.067719485567046,6.077610870459329,2.298560949311624,1.5875490082165555,+
5.360255102705064,8.03308903166322,4.282036851721501,4.997121145552975,8.545282385295911,+
8.059805358465209,3.7599162314209735,8.207698605656867,8.942099502296514,10.0,-
8.517166939184124,6.390321334576088,6.504434112498322,8.369890037736788,4.855391821873933,+
0.3097238774644766,0.9043499558747163,2.645861587852807,10.0,3.551393739659454,-
6.555677453044274,9.171914442089811,5.518059845327982,2.522037132310282,8.029501866645303,+
9.069392855134028,9.883796405044148,5.453979414987893,3.412439040699914,10.0,-
8.515130244021718,8.130342257349875,5.274785124059824,0.7296878341713942,4.128935401631946,-
10.0,3.120662575174087,4.364755120091477,1.0223599911588683,7.970355281650777,+
5.242260025586793,7.645066067664214,3.624841064944956,2.898088530027727,8.707723580970212,-
5.06765093191137,2.8623846138671114,4.309114118379453,3.401106569870577,10.0,+
6.4588723602389555,0.3837113441460904,0.6445642163971765,7.265745969437668,0.3568283782627557,+
1.6756514708154777,0.13208776528825317,0.0398291150212165,5.679331619466372,0.26813966167000114,-
5.807338281908122,5.063752446161387,3.420854675136793,6.085142650252155,0.5014313439744778,+
1.2313584159858244,2.3587951648334395,1.7667246613614718,10.0,0.16439355824445773,-
2.1425354606517057,1.7196804311288305,1.6251023924406494,6.001102421674638,4.31387085533331,-
3.459966943485397,0.34164546645101634,0.34093474944316293,6.00470757637086,6.4728528443930236,+
1.48097540151218,9.774671659133865,2.4737280501372427,9.947553594257307,7.525302306013671,+
0.8144129208024212,3.744897562345287,1.2315142618225188,3.77889436952096,5.680153357261417,-
9.205860793664485,5.026152961815878,7.595772182178249,4.4237069028659874,3.8294790907488316,+
10.0,5.576433641324786,6.194399394693016,5.074183542413435,5.0415941215059545,-
6.2002119402009646,6.057873143608754,8.748510047366228,9.383585124591328,7.091527500738046,+
2.8483276902444805,6.194072909199722,7.5487364381575075,10.0,10.0,-
0.9852396126224694,8.133661945287416,8.20284592545035,9.53039464055922,2.8218800130809187,+
0.8757369021246167,4.034094787159527,0.6762270686631606,9.335466923414206,2.3628736628540135,-
4.593814465163946,6.358980627107882,3.6905700217072557,3.645866670028698,4.872275814695445,-
4.679223183702696,10.0,5.859373533545597,4.128341409281309,9.570515517861168,+
9.342906495321692,4.299764305008048,0.5138494706436281,4.397305411096074,6.712895811535965,+
10.0,2.1108484802694027,0.05437040785971118,6.123585867839075,1.696422868722311,-
8.947934897734136,0.25674553786819265,3.243180153936247,7.5542142505542245,1.244795302338061,-
9.447471249229208,0.2724475505848946,5.722065405860397,10.0,1.5975181425426475,+
6.283313786903172,1.0092356760501497,6.735795058604959,0.5520370099669925,2.0656442946722375,+
2.7660408677031456,1.259747175623023,8.643947184202423,0.6519941493796777,2.440523275704169,-
7.1886262429712104,5.137352429067771,4.87081988975219,0.6131415200654466,1.2260591717180103,+
4.440673333177621,10.0,4.305241764323032,0.5603761336446913,1.2278132266354083,-
4.000940998207256,3.9633768318999483,5.859042836035111,0.31288813979340135,3.4225925746981933,+
0.1763461553006008,1.4637749946452943,8.726570819175082,0.6056080089148643,1.4303251381406676,-
5.503123161769769,2.6260957361367234,3.100176839423142,0.33284600707340184,1.9804575872499064,+
7.117874201612215,1.7466540389121525,0.5534233589600188,0.5687455882670023,0.4187207357573255,-
8.263055367055735,9.95765092993452,6.821120155290011,4.799640299712548,7.462017576999872,+
0.06612736367839708,10.0,7.084532887963521,6.2581713984471765,10.0,-
3.186677281504645,5.73726064155066,1.424894437597114,2.967385350408959,4.0147486628853475,+
4.352346318008645,6.432882868046459,2.4016626846632114,3.1991142225795812,7.140403312280186,-
6.205848343156708,5.745216030090142,5.520794483184229,5.335926985965371,9.806416998403582,+
2.802556954896766,5.783217328707094,5.694247821883082,10.0,10.0,-
6.237511367790475,8.040639376156888,5.950659649279704,6.976165562515001,2.155498264812846,+
10.0,6.87217247101625,8.36226907409224,10.0,3.332469679580355,-
2.717762963365659,6.774009097760024,1.8364344730415527,2.048338284589443,8.44958489690548,+
5.213946491107591,9.400095804669498,0.3572453164230436,2.765737027700345,8.49573142317117,-
1.1913142617249095,7.964385661765071,6.048549905660461,3.635586388772578,7.451726317725857,-
1.3769292300724822,9.131019132379173,7.373096019027184,7.046823663175753,7.688714769469564,+
7.274692809614718,6.614476933585714,5.087651782098438,0.9213132450596762,8.087995514135686,+
10.0,8.109508546258601,5.004556302483825,0.5716158660348563,0.5810881551638809,-
1.8346748302592242,9.831239351159638,5.70112543307955,1.3836975323027179,2.865408646993468,+
2.164976442643413,2.3578609084784903,8.520593866118576,1.9769286203085727,5.064401976313931,-
2.131580643817703,0.06803599773350877,3.4391325413645566,8.770955458878259,3.2922847133557163,+
0.9723909762101851,0.09595164229524476,1.9922466380852533,4.499049422777341,4.618627326851405,-
3.49582684045778,2.961970857511437,5.144932507694114,2.387491666928363,4.4903636491511145,+
1.7879867853591351,4.125149182592478,0.7285015000815114,1.6099480379275612,3.9570522981025724,-
5.636902341082725,5.71610231178497,3.778457040922869,6.97453286305763,4.6559893358393545,+
4.414201081296309,4.515493605763185,1.334399932123989,3.445611389595514,1.4597633615694345,-
6.726255500549373,7.130236295633667,0.8732060179993328,6.195340045778961,4.8886939701117775,+
0.09064805777685675,3.8179148996294434,0.7886497509602096,10.0,2.818633959894812,-
1.481942421211505,2.915984925985071,3.7517378428992276,2.6787907239800637,6.862091914330058,-
0.13783689114671907,4.820469146955958,0.03452379917664105,0.5372431537630411,5.579674561624155,+
7.179650367345244,5.831990658798391,9.648538892878003,8.917033893157614,3.8252585652273954,-
3.145681671461343,5.644012007275813,10.0,1.631037007253354,2.270163856828942,+
4.6649120629705445,2.146054120044547,1.273799113519588,9.775672373989815,3.198408574584699,+
5.570139146954683,4.28840646378439,1.6427481125932444,10.0,4.0654295286488065,-
9.494686761234783,7.6010544911964235,1.4731064420681839,2.483680646670854,4.478298672852722,-
10.0,10.0,1.5805148298205858,3.9217485884133048,7.062041823077266,+
8.054629967669783,6.138500331167798,3.6427751859688895,9.825927520188912,1.4635210269737553,+
10.0,1.2824887344832285,5.57161581216671,10.0,2.164702132975778,-
9.170984726420127,1.7389647980970502,0.4848088944090678,6.342223565041561,3.24435238648513,+
10.0,1.3598258837611914,0.611310039059042,10.0,4.429647377633127,-
8.743650941621974,2.058019917744194,5.63838282019888,0.41847142103191737,2.243269768322219,-
9.655991191868717,3.2533353383253756,10.0,0.470435139723053,2.363487977799678,+
2.1512763375643273,2.7981592321503266,9.973964024245648,6.062532457477346,8.618996787874234,+
3.4192463154450947,3.728299412343245,3.0680032857710637,1.2533187699035724,2.179313400987685,-
4.274338180099915,9.736993759546865,1.7929669487494138,2.9747009598437577,2.7392433943310013,+
1.4435811712910376,4.902852658267022,0.7868818231092131,0.44095209205791197,0.9180650548862161,-
9.425373514474412,3.766585863843975,5.780836696014924,9.654349100156617,7.039154144315929,+
10.0,5.29335703509471,5.687307789125789,10.0,10.0,-
0.48273839424292864,9.56804188196456,9.190770185744807,8.385624049738547,1.7121403421865633,+
0.5919859891154343,10.0,10.0,3.1115305060152503,1.883470151375356,-
9.223640316013572,7.758044642864314,0.13415932854052515,8.594723160915933,4.911363654785694,+
2.191995755963396,6.82859156776561,0.08189880390808146,4.46713221274232,4.896632687402034,-
9.530010861826739,0.5727513131834427,0.9182983670498723,1.610941321700895,2.547402998853011,+
6.358232453949301,0.19580333806142527,0.15663971724243997,1.0501260208835976,2.3197220532617844,-
5.008438325217222,6.653255561887753,7.673153948198902,1.404281428056553,6.249987353957591,+
7.068476473546143,10.0,10.0,1.8677556752472808,3.0385023653270644,-
6.024165759882974,9.932611436195952,1.2671972559560085,6.29962566406558,4.493787869934518,-
1.834643565072763,10.0,0.4499369693232787,7.446477725019732,7.438343953120729,+
5.956824991056806,9.142449767484145,5.384012922728914,8.547068965022222,3.259083266167242,-
10.0,10.0,8.973788054960735,10.0,4.412738920803938,+
6.4352044362110234,1.05250802775549,8.210471539582645,1.223855047913004,4.391199990718707,+
1.2030511554258232,0.12067002753565592,7.375106961036856,0.5075881749573818,8.183030148495359,-
3.1449839387439815,8.172974378358841,3.5110750287934978,6.128746978234373,5.466329517873518,-
1.891966615718342,4.339129911150683,4.527787798940084,0.8764798047789207,3.7960589466628933,+
4.155635090754149,8.526616751186525,3.472104441438354,9.275676113493267,3.2882832754433986,+
6.98986924865615,10.0,3.740583110169689,10.0,4.74312129773447,-
6.682388426183077,1.633399237174773,1.3211441182709638,9.29085032423339,2.2557252312971543,+
6.341844944643175,3.020072682184554,2.3594713469950848,10.0,2.7687998917340746,-
7.64270186949302,5.012684456442516,7.645683155578727,6.553785588882665,7.387121055878135,-
10.0,1.7351242320893543,6.06082045428493,2.3091682828802282,6.062661508298165,+
0.16875923930565917,1.5294262897002542,2.3750778109096036,1.236820153377528,6.036546900681944,+
0.2569034982316178,1.1304463907945796,3.4594486248001908,1.2223766157802303,0.17517803851160893,-
1.5240943845705546,8.636533211546194,0.8792153982465789,3.699068702557545,1.766634997473422,+
0.5973858414616497,0.0797070231347894,0.579034246437561,6.006712934949172,1.0307300804919202,-
0.33098147165842473,1.930854306532721,6.2040892433317545,2.9680215844743563,7.82865402568134,+
0.4294834466998171,0.9295359850019903,7.28314277585512,2.101634340525153,1.85251259974991,-
7.346035520639776,3.7637679169311666,8.212794055432655,3.4354183842436328,6.28070220177591,-
6.9457437886186,5.73280789169481,0.5329521684407389,0.6792753484015143,5.420810453538046,+
2.3282300641322773,1.9426999567156,7.629728957915618,9.924073298689965,8.525332255743589,+
0.37977134825150616,3.3651134504281965,6.433296916608452,10.0,3.5558454741076937,-
2.675248010815958,2.0293955900663088,1.6958947369267274,6.71822936924751,0.6995347634045102,-
2.0169820428766605,1.9020565944504608,0.15500560134831623,8.651202888216885,0.21565769688641404,+
4.129148841656814,2.7508420800461417,4.289442030030738,0.43856826836901286,9.636883764078808,+
0.7820071782301594,2.63537200432642,1.9820591930471911,0.4098472541295955,4.629031845968075,-
0.21564830336951557,6.655899921712326,2.6561373474810868,5.808325831215699,8.050528853810055,+
0.3700062034113153,10.0,3.473334005560265,8.652556142664396,8.958574268321602,-
3.902683493720547,4.933425401445221,9.700608509421272,4.062458257204874,2.773944326387868,-
3.439766815707835,8.735101580405129,10.0,3.2161491106557345,3.330625443151585,+
5.3920594774510135,8.59283139587577,5.161574865764602,7.903720318339835,9.24787083219326,-
5.709089991949055,9.7439953963637,7.595384794830333,8.26959480213282,10.0,+
9.113867843052276,1.1420095273955677,8.269806392211471,4.9059860606338574,2.079972047078611,+
10.0,0.2998242709025503,10.0,6.247508716900113,0.09185357551094879,-
6.287394773616871,4.845040990873702,5.047376621930376,5.734654391516791,8.323811613288129,+
9.940475378300574,4.161493672154728,6.25548993591292,3.8354453523159866,2.938342743641179,-
6.342415060802848,2.9873356048878508,5.273220629449237,5.798440651503332,6.8083003829898505,+
2.7132883166396815,0.08851938354468085,0.4040627029323522,0.8779964348506644,3.768354427501185,-
6.596060231326657,6.622202312803132,9.85736138019292,5.051460759121076,3.946950826839889,+
3.535700203167577,10.0,10.0,7.046745987870734,6.3127834458580825,-
9.518690291856856,8.468910051996902,9.135531542961752,9.377420919218824,4.1201101276998795,+
10.0,10.0,6.71520110957859,10.0,4.825922942343272,-
2.94331181441129,8.06855281025525,5.168224077149625,6.243930466333046,5.020220112150159,-
1.2803095214883162,10.0,9.134984192112494,4.886469901053669,5.316420207183338,+
2.8277402862100853,2.4559489281069435,5.492974796727392,1.6185876113364972,3.2828999614052012,+
4.172485480013876,4.682319742074704,9.094077988437368,2.0723567548292827,4.447177839441818,-
0.03841558339357176,1.8163645769934855,2.1394921382254664,8.253710835116763,4.351745701010601,+
0.07219836234336476,3.322549855565863,2.9344532492668782,10.0,6.982521633709647,-
9.423281657384079,2.795712673500942,8.464810981165076,3.70913591286682,1.476898805480641,-
3.9705564758579865,1.3020779861886913,2.7729217758372435,0.7447687016296985,2.0001055114183535,+
4.2625806078332,4.2571518110559605,1.9443612013684763,2.407591121115792,6.931085273470528,-
5.727963953007304,5.868320947564726,1.6527672641183042,0.343686250949059,10.0,+
4.163421438909188,9.801024627202391,3.2076290982975495,0.1176629071977664,7.786151444097853,+
5.639050335702737,3.64793767873422,2.697810884554869,0.10026133937538963,1.4796825765461252,-
3.024934224437118,6.295318765406409,7.086984517214818,8.402831930252821,4.8572236312148585,-
5.36286716286639,10.0,7.842297381664387,9.274393894362582,5.884261364454888,+
0.3210819011677646,1.118081502600754,5.393673125696788,4.186247551059888,2.1241179149410083,+
0.5500180958940083,1.635190317874896,6.129147648479881,6.8759508217320855,3.5612416494098946,-
7.452641540657172,3.0000012515799024,4.427594367184128,1.956372928010125,9.969106654103737,+
8.361978713710197,4.990841184442207,4.819882017815365,2.597854021765269,10.0,-
5.824866655488617,0.5570166132510546,6.684286867487419,5.488500097717206,3.9141545635503903,+
5.016261346575094,1.0623227378937166,4.575097336570661,3.3389171409671063,7.153712012489065,-
6.430189955888602,5.753308943882364,4.442977344848678,7.998979199841591,9.871524910709153,+
2.8073241611524167,4.865122167039082,2.8105370776714484,1.2304298842547836,7.707568697653911,-
7.990139187912444,6.512107970071076,6.295626380196704,5.661115834301812,4.1423659569089395,+
9.756803468434407,5.140730284372613,5.358906628341551,1.5163253937521706,6.022222604330434,-
5.210969432842681,6.398305131695542,9.305398101446615,1.8640691417902877,4.511547436789827,+
3.709754007328028,6.373683257837429,10.0,0.3638025300440987,7.438498734447947,-
9.023035472780643,5.4325011732694986,5.174588132375178,8.71936205473689,9.3333614272299,+
7.022964730605908,0.48363032595904093,0.6780018987128416,10.0,5.489743264798467,-
1.8497767468726445,1.0019038970191296,8.207907357867839,0.05149043581761603,8.261684050597946,-
2.3932397694569394,1.3466320734289916,10.0,0.05350224131112373,10.0,+
7.765364388787596,7.204642179673627,4.023947152119993,7.7399984628988765,5.834876766632446,+
5.665921600453032,9.71294709407196,4.8834684425355,5.55588256021891,4.359121831067571,-
1.6770233842342186,7.846360101681861,7.5975814924408684,9.367168776275074,7.295245682054922,+
3.187117776367324,1.1029102840085763,10.0,1.7111705621928164,10.0,-
6.1860504841738315,1.2367588643786531,2.147388729325784,1.371059838890909,1.9915478436957823,-
6.178645075151686,0.6469231845181431,3.8701637829399225,2.1678247258245986,2.048504568245138,+
8.033261188303127,6.743333308661962,4.083920419216324,3.5628069223542678,7.359636028564738,-
8.211615475082471,7.79905986385029,6.546985564368526,6.049023103309619,7.6600677287640515,+
2.0378708262940415,5.526662702120884,7.520737122317934,3.500558351183747,9.13280253016257,+
1.1415654025989872,3.1089609887294842,3.266548948098346,0.22089959196636647,1.1650564361675069,-
9.976684086377343,3.415257102944398,8.683240177111001,2.516134355625926,0.6786946674975969,+
4.1234199030978465,2.5044776314234256,2.376792297050228,1.630326876066364,0.20047147978162722,-
5.557987128710698,0.026527371600763017,8.129698765734993,0.21125828708713157,6.584814630836088,-
6.769335337515391,0.0336235626396339,10.0,0.2947174394575952,10.0,+
6.839943817905882,2.1819751541054,0.23157711399054648,7.781995196188579,7.649976463506078,+
6.632369082276758,2.89297266630077,0.30983941113563246,8.69454986943431,2.465337258069707,-
6.33997962178675,6.8132847443058715,0.006230917746364861,3.409978336197572,8.825038147092855,+
10.0,9.49384729484582,0.0056167434455551895,1.425024902758349,6.363807698256628,-
9.342707948262209,0.3865278697807173,0.6766280813279113,9.72485019561541,2.872057404557501,-
10.0,0.10717100968840021,0.4609469690212664,2.3332314011869277,1.7693054455365063,+
9.15948596520982,9.318909656100914,3.861385464658871,0.2086970821420675,3.943784326931552,+
2.936167871852129,3.07721626974339,7.24396989598543,0.35875905267927766,1.819159104796335,-
3.995351542946519,6.510871793249287,9.116359155581664,8.982726461702999,5.023282134958591,-
7.376110993582193,1.896091837315555,0.6591679512311663,9.38696257594443,6.979482071175407,+
6.6261308503296625,0.7060904642030275,9.98145858876141,1.7471496685161791,7.189033544029801,+
5.097162742731397,0.3937079182164444,1.1014741382647095,0.12841235139367613,2.7913385312238415,-
1.9553719625854105,5.854267029997185,6.038664662870438,7.461116719054752,7.573204094678542,+
3.027382045911425,10.0,3.9165557540343414,10.0,10.0,-
7.586978625059317,9.197010695860888,4.177724262218109,7.393418432632722,8.853379150435398,+
10.0,10.0,8.09050569312882,8.615497072912316,10.0,-
8.86858990598029,9.007326185242698,3.3020035774029366,0.022378758916846708,2.0527733509051993,+
1.6848976831659357,10.0,3.2832541075786947,0.025882104829424858,2.2355943346581024,-
9.8222655405813,3.973095761169916,4.138655116070325,4.041417379410415,6.982967145324343,+
9.230679556111498,2.4368776563734165,3.9862931354894537,2.9624808658645123,0.16813073462010453,-
3.5629175902431918,9.410517058964516,9.808301059293322,4.7924949873302385,7.629492593012377,+
3.078254595181225,2.4974713223908895,5.998370269088985,4.059220099741145,4.5799755145542,-
6.724679349502693,0.40123784070184465,1.3225920813703773,1.2803225505716342,0.10968499198854786,+
0.13315060073375248,0.011723366188898153,0.9626626957050864,0.8047316915263671,0.17473706891206495,-
2.115742213555656,7.833705205604503,2.76514489801712,5.549595942964744,1.4223672159196055,+
1.4722901655783487,6.0776192614114946,2.4094129469178256,1.8115113887249485,0.6411817862217573,-
5.2100847038864835,5.371866222433445,9.310738410542118,8.984347409341689,8.971856444445079,+
9.42932389363736,6.678935243754807,10.0,10.0,10.0,-
3.5043533636023607,4.511520429743298,9.753956053933504,8.797044417378777,6.015458664984122,+
6.797998633967181,7.809331440498316,10.0,10.0,9.139320230787956,-
0.13077462551408847,2.7161487725673563,3.2532260264561277,3.6650793741952006,0.38780556565145674,+
0.238284207459335,4.267788078696356,4.291342721112198,6.37464450352769,0.3485870161533157,-
9.182733735960309,6.924045886053623,0.31907545465691745,4.291971709945774,8.486426028198574,-
8.231405090241951,0.5894095476404799,0.07459063293504323,4.726662572296632,6.857689489841815,+
0.9446675828338258,2.584833237110499,3.736534422934726,8.795884123028001,6.890286477538057,+
1.3196747552365355,4.384864514678719,5.424504047787151,10.0,7.128802282115851,-
6.435030445105646,2.580310091879138,9.204936114109405,7.407064395875826,8.161730158964614,+
10.0,1.3979039396982904,10.0,10.0,10.0,-
6.454579331164389,8.109828939293042,9.614685127238094,6.181654704003369,8.570463675698788,+
7.389827461149028,10.0,10.0,7.02439445447462,10.0,-
5.024500388784747,7.78843845703755,0.3180138987832226,0.9950784526940593,7.832856828302614,+
3.2443584192959602,10.0,0.5801413199282539,1.5046813448154173,10.0,-
3.7774738367219207,4.852276027340628,9.068170189083647,1.0897525669507135,5.161769352102683,+
1.9334264007057544,2.202285471699808,6.379481258769433,0.46536793324883696,2.466220700741677,-
5.3806692075182205,5.586137525626596,8.047259977480998,5.507196567434262,5.491085596605475,+
5.414282282022552,2.091647817023059,10.0,10.0,10.0,-
9.090796518778209,6.094121474335431,3.9222300650123354,1.88744784957662,4.633032109197294,-
10.0,10.0,4.214007664003381,2.280674357997073,6.29781477615733,+
4.702331154991077,6.146994770849135,0.7215467949539034,9.747452129225199,5.9667525190459445,+
5.482836206876409,10.0,0.2607161065848036,1.691919839910515,10.0,-
4.906090095525442,4.863614499024035,3.9122728256941333,3.9664344498201567,7.584145096467575,-
6.057799152192615,7.121156602083498,7.4966673981947745,6.460900430117554,10.0,+
8.79205930278784,0.009001549870821801,0.4408841797407048,5.321755589182172,6.790613343725797,+
10.0,0.0013821357563567201,0.8195127469630584,5.746253913105751,10.0,-
1.40366329069735,4.362239530286228,5.577791795502409,7.726898551060934,6.092303641366906,-
0.2620804750524442,1.145578170798078,5.4890325204026436,10.0,5.981941394794695,+
5.855201718529264,5.715267063098334,6.858316164339389,4.40457154306557,4.395603360323875,+
1.7026416378320037,6.721716763088661,10.0,4.947581330162711,4.712838384380602,-
9.279838378460736,4.954350259139294,5.3281578695246345,9.806742390258895,4.426601046426223,+
10.0,6.790515443849155,8.856149285968081,5.244896560841766,7.804199424207891,-
8.041009615113841,9.259212244180663,8.770321704526179,1.9392805053121498,0.8764002203211907,+
0.7356573409081212,0.06007063152211817,4.612009490453752,1.9197168663946618,0.42803618671891297,-
3.6406667375974298,1.7479789971767445,8.138572909755384,7.2394212905839215,8.842320100860507,+
1.6432308984499735,0.15616691115746126,5.8212535659682,10.0,10.0,-
2.9796843481269883,9.841032644056934,9.607798492787268,8.238152252989217,2.2742018824917443,+
2.93885485690498,10.0,8.411263793198863,10.0,1.7026092352306434,-
7.694105336712705,3.0323127464882305,8.299897843807098,0.6039757249543365,2.7930745407648128,+
2.2847664143078594,1.3704901314484865,10.0,0.5693803885351141,4.717872614789108,-
0.09294389909632939,4.449679837434428,5.486236133364132,5.850733450326176,8.861379983565318,+
0.09443124034860845,0.2404395194365671,3.9296768348580433,5.164883609089135,3.1599904069820646,-
4.949379254481608,3.1251892040403084,7.905385483773263,2.576039687316467,2.4731512185712647,+
5.5454537231613115,4.4586014047192695,10.0,2.6545483413075908,3.436846678543868,-
6.870629420453412,6.386603284431411,2.0479588675536564,0.18829985938725646,0.08078301308148017,+
0.7184449742386151,0.598242312440595,0.5676421414579175,0.06498458828910719,0.03135711684330025,-
4.888395951694067,2.749272697919398,7.6780522592662335,7.145792860978219,9.784210936808517,+
4.5128712666561,1.7068712764066831,9.261122949324877,3.2458248044732434,10.0,-
0.3306643487617955,5.246519442985422,9.610394466062498,9.61893904989713,9.318292637465698,+
0.3701822041894222,10.0,9.630505632187152,8.025882458672486,10.0,-
0.5861603868354426,1.2315539819895072,2.3056263689335745,8.679585250415727,8.308889476494581,+
0.18265504050690448,1.022013836255396,3.3527714463955776,10.0,3.151697539995542,-
9.988286798753256,3.8051932700767397,9.468680383934435,4.346763003224737,8.15098754402909,+
10.0,3.822591165445892,10.0,7.676646092978859,8.509331460096151,-
2.5472260240540745,1.6891665473850948,2.536907890017414,5.754396931368705,2.1041543130376352,-
4.403480756349169,1.0349007792778813,5.058599450145493,0.1954357598987776,2.320266512867299,+
7.333551219199904,5.1870397234885415,6.255787162161788,2.2157304517318854,3.0373713685112746,+
7.906803184747163,8.449587292841038,2.2219302188107526,3.4416665958949353,4.290316329826807,-
2.609950383792744,3.9363920767053373,0.40742180160124764,4.1986661989885175,4.188895375535239,-
2.829181947569569,5.940210993232406,0.7670916905639771,1.461901283876925,3.197525042061928,+
3.1659353145166333,5.46507514992316,6.493229745342971,1.6909184443944536,9.155049961183044,-
0.6562588550929334,6.031746662386897,2.2524803897837797,0.9779418234140199,5.794639676294863,+
3.6624074518014202,7.26016019273228,3.8935982496679813,1.173993197547476,9.284518208263123,+
3.114651316754954,3.2302236329916947,7.374194068129565,0.4465014380302535,4.1919667996626515,-
5.035282199847069,2.559486629900629,4.209833980634837,0.5155464787182029,4.0496770508709385,+
0.1676727974203161,0.02937637071941541,7.731343054896729,0.09794677892795002,3.6868452658593087,-
1.0766293077868805,6.293678212648784,5.827436650333867,3.177515496560337,1.603930472081222,-
1.18471329568077,6.0466104090117545,3.5133565021425204,2.412771011871372,1.2189698878663087,+
9.448107142163707,7.14030388086453,3.308398117121043,3.9082224115615105,6.502676415306318,-
8.213303067162478,6.26927855052976,4.853771041154096,4.857560363584842,10.0,+
1.0126069521359093,4.642065770842271,3.070214465337191,4.8553696146471035,7.476912927555662,+
1.3131721762810336,6.046722807889335,3.419216830485396,6.311632238120067,5.777902370510742,-
4.68382707445102,6.567759504518476,0.35482820933459114,4.543752586475205,7.874863938402955,+
7.371639467722685,10.0,0.36772190625016316,7.014753083135692,10.0,-
9.106397269852554,8.141314991800645,5.357772006417559,6.111112631992725,1.8639890222701583,-
10.0,6.990271225008311,8.847818729150447,0.46810907856953593,2.0578971654412013,+
8.029849185198309,2.68421489506135,7.205910309687859,4.39995542109159,4.607165459636305,+
1.5079968607219427,0.8801026019221656,7.1002657656572,7.634091874293716,0.03817849964074954,-
2.5837501908331584,4.038579799056121,0.22275793275572275,6.734637409823736,6.427743230041431,+
0.2851431297093046,0.4653694425694435,0.0035584986971689985,4.729903210993122,5.246319112592176,-
9.33268086894605,9.15973660517367,5.914138754359448,9.72745096116134,8.953391780441502,+
10.0,5.90109663222106,8.386631490010071,10.0,10.0,-
7.225562312787387,0.9088983416139407,7.843483989554512,1.2811859173043538,7.563164788778397,+
9.634986053038984,1.6464113920740402,1.4355934456234771,1.05277418501244,2.681248446234031,-
5.315475496496161,9.501418822178874,8.222991287575931,8.07587395419201,2.9170765778912133,+
9.973847683878631,10.0,9.564587074888829,0.06807872596857416,4.284398689662378,-
7.3720721089978545,8.801698214283718,7.066259521718718,8.768648896140002,5.727024145284013,+
10.0,9.034453220175465,4.256488808364866,10.0,7.527718302165159,-
6.474164175415651,2.3000504084795805,3.4752155728655065,3.1102640833376514,6.066173795597453,-
10.0,2.201468940239265,2.0416716354914914,0.0488237993021993,3.939661508201903,+
5.5989980707332,8.733450205916352,0.43232662641008,4.174134877896409,1.786173929279885,+
8.785463107470354,9.35885485874337,0.6285237920863269,0.691899890120361,3.400585565350962,-
5.781846128299578,2.851911033154424,2.1685540468367015,3.615965205710032,7.417822229170545,-
6.391221047286541,2.8760189525706377,2.4387895880184054,6.123945612428768,10.0,+
3.647553656403464,7.321581782594483,5.276020759621246,6.407855194137843,3.94775920180777,+
4.006743817025768,10.0,2.086869726357223,8.665031483942018,7.382572722898021,-
4.347570454952244,9.138033667556225,0.6137696357615197,8.177273330400608,2.1936241578955284,+
5.808601253001865,10.0,0.23034744126232518,8.260023981912942,3.879696912625824,-
7.083349244519674,5.9167844777824365,7.367247906374748,8.742013984776136,1.8069242619161585,+
1.7766473705557213,0.7244485514656515,6.1387626687169865,1.3804240811488406,2.8982155649176677,-
5.86499936486744,0.49790664789956307,3.1576823150840347,2.59403806283487,7.771274111792909,+
0.8308697659482025,0.1430819326769479,0.016710349997937333,1.8464721705464022,3.737143639710222,-
0.11953186868931764,8.941562747818338,8.566508106450456,5.801085098497403,7.950670812767678,+
0.135713100316372,10.0,3.1463053919497805,4.877679474096725,10.0,-
1.018562489426248,8.558096893518798,9.562262169351602,3.9767562977265234,0.07230768114766084,+
0.02364055664766371,3.2109667746720545,9.184116677078565,2.4264369053837407,0.057533040609160084,-
6.202097420146284,5.969184637432838,0.5113346184881506,2.1814188909907726,7.6345966615466585,+
10.0,10.0,0.7258128680446526,3.954144720413145,8.714620311860946,-
6.0549694043415245,4.083258383159441,1.690152020055522,5.723550642983409,8.878012918179794,+
8.954107504910679,3.5227903429120206,0.2444296897881465,0.016415211734461584,10.0,-
8.407984419093896,3.9021199610892,5.32534053425819,5.773508915839414,7.66678488718574,-
10.0,4.935544954712518,6.810730573733268,6.819676916612376,10.0,+
3.9067154346765056,8.762931706205597,4.019944355439176,1.177140279482537,4.914806530309267,+
2.6680064741590215,7.0190850089831205,3.6006628537101735,0.4120245631406204,3.3621909515536768,-
1.0587039732614667,0.48265942694077246,0.5779379965284326,3.826032503315412,1.3046081302181711,-
1.1633546023998174,0.8050813661546985,1.1296102148216645,4.435143843657832,2.034043905220915,+
3.7344992240271835,1.0613633986116888,9.99666805469172,9.791982173154004,2.8347296548593803,-
1.247500184037568,0.8121188011186358,6.624290914748349,10.0,1.5430725601517723,+
4.464737763475334,5.689087965144991,6.3568073267351055,9.789033862412916,6.745906037587071,+
2.620467291446828,3.647174623029462,4.373017832378633,0.10278797659430526,6.290136949550393,-
6.938360987028239,0.19859704778341758,5.711979436608548,5.309902336882714,5.525182816402373,+
8.377512514237692,0.2687633718258577,3.4333457322656837,10.0,7.556454606406492,-
7.104705427518781,0.7716064136469625,3.0449847820830547,9.608338788481824,3.7035436389068153,+
0.7936834364159862,1.345356859392776,1.3990658321134275,10.0,3.0307569222701902,-
9.219385485326491,5.573413981200817,9.344676613675233,1.9438933999392116,0.7715801545370837,+
5.531731761829855,5.70397456619144,8.767867005512493,2.256627941115127,0.3205499874476036,-
4.288429590613307,3.743957245929963,1.1846663462631646,5.6322286420858925,5.781196496283237,+
0.6098585156626675,6.932592381825887,0.4753811933663481,3.4254769245482453,1.7098187393613835,-
3.97343497964739,2.3616006903787365,9.89262365425967,0.7291867207266345,2.072343949461155,+
1.5569069920922716,0.22174727135463737,2.1702756848171547,0.5729018197679896,1.0754587394739878,-
6.029513882558155,9.712749670699356,5.820388208922042,6.300358307364471,0.8947998683688207,-
3.1177737150326017,10.0,2.8209657982410206,5.929003856220425,0.24822340862634937,+
8.751807412859252,0.016992720839221764,7.3235493622699375,1.7524465039893111,8.908653048153138,+
10.0,0.03271825985497537,0.462910849472249,1.826978511131187,5.687392847252386,-
0.16665781769520494,3.8917022347849493,6.152981873849209,8.182647923409,6.102798970142337,+
0.08188715454304406,1.1667806852783813,9.88518057353707,6.756247472550807,3.1413774817499744,-
3.0216687680152896,7.136343867844791,1.1729992505392606,3.5923187803477132,8.46691011706963,+
4.028150315531206,10.0,1.917729524274726,4.918233131636332,10.0,-
3.0900728445969126,8.691797422362699,5.679962577449435,4.893963504000159,4.90326121950189,+
2.411083412747794,10.0,10.0,7.339423382207426,9.107466984422286,-
4.143768621942502,2.6980118993304094,4.09975839745343,1.4677840611518655,8.966590569400898,-
2.1388828324725226,0.20586395858376547,4.193004672784697,0.41067204173547917,8.699748992213745,+
1.7166566896120183,3.3290247380553852,6.563662967886708,1.4590680825525393,2.818675296267336,-
0.6233141084675533,2.7250150715242563,8.594842406217854,1.7222240016379347,3.763229188672865,+
7.590088074870817,0.15523807937278922,7.355431969397345,8.926036494618103,9.540288561548246,+
9.724240498873238,0.018891336550174456,9.40430516092942,0.9694209453543763,8.29841979735876,-
5.593818667590844,0.6840808905894968,2.3967845402945755,9.540056025217657,7.66030547624465,-
8.79290574405775,0.8231731287209948,4.596445067190342,10.0,10.0,+
0.2510764981946989,0.6719779031529138,8.214600849925919,8.786350148790726,9.105652249044061,+
0.1124785838517131,0.0058622897445490384,2.36011939241208,4.873461694395234,6.087221079787484,-
0.7193544666739338,7.906026544017539,6.806478032259095,9.537475490379197,2.6118008673424287,-
1.3017024868397558,10.0,10.0,10.0,3.054406186083985,+
4.734012496032082,0.20437134278717295,9.393068628333841,5.525716135802553,8.21043442223237,-
0.8074682215751818,0.00943032727570348,5.875832065529706,0.40080845834068657,9.513536909421118,+
1.7571003455174516,0.07177017438945943,5.433650389805527,4.071588218519678,8.739985660598471,-
3.3122267917709287,0.10794694601183175,2.4981584212688777,6.816778817309408,2.5967038281899657,+
4.989976662136008,9.593335651102718,8.600844580818002,1.0115063482951825,3.793457793177711,-
2.3123370572963187,10.0,1.5143631591976603,0.3468535252857884,2.830490928063811,+
4.103859056648678,4.701049278740172,4.746035616105103,0.8390061282533967,7.972428862806572,+
5.661054065434377,5.911740656958797,1.1178448069142328,0.05840529908947904,8.41109111127568,-
8.562677339939734,8.697552182259642,4.283856772685103,1.3947635876158793,5.717306673915234,+
10.0,9.747819289649453,1.7602430176820882,1.960019268939243,10.0,-
7.087789598742469,9.96854337994785,7.585052284242465,6.716141124185202,3.572717725214324,+
10.0,7.739534817927187,5.4106729675575975,10.0,2.719995840074211,-
4.372077032194294,7.810911086467385,2.861831098454256,6.410844475329345,1.445472430470881,-
7.822200141567437,5.9098965142370234,2.054690401521811,0.06454284951326726,0.5367211401962778,+
7.992308526821541,0.5610781877414417,5.681693448771814,9.46166422157969,7.828165845869548,-
5.433194877893761,1.0721328746468803,5.965252814367202,10.0,7.431089672486775,+
3.34515041670457,1.57916819420019,5.38843843138912,7.421909743877936,8.414842129640581,+
4.668602448896069,2.068650996538733,1.1473967756453791,10.0,10.0,-
9.142439796537571,8.954461926220777,9.26523804379961,0.997667399461889,0.3199661659159403,+
10.0,10.0,0.6223924440783901,0.8574245061367879,0.25826984887174875,-
1.2165893869496147,1.7055447799134893,9.436538970646861,5.4348136596945675,1.1985751670429767,-
1.8287184943510593,2.2692371804198337,9.061888432331209,2.356016831283829,1.2822707769163577,+
4.79899459097321,3.5201219186041555,8.425094318903687,4.615202906903038,6.807694252601182,-
3.9776874658988,6.507058696689058,2.039863542910273,3.1839826698771176,5.766059933699122,+
0.28400888246751577,5.742538285310341,4.450231905984201,6.199772178631367,8.624440615503287,+
0.5580577844053373,3.546705022958481,7.304834178866692,6.845257009506871,10.0,-
0.798821602068881,8.821020502313926,9.08223961420045,1.968137889842435,5.556801663307942,+
1.5590181764889504,3.7089820360547994,10.0,2.3858886143041667,7.898001376223887,-
1.886574853330354,2.1231429218457256,5.234429457117253,2.669054874778549,4.980294387939626,-
3.6455752679535807,3.743102016365317,0.4645883526076259,2.359875534652405,8.718680580699381,+
9.85495698293129,0.18010060906014314,7.601280829047897,9.207443154839448,6.069444642944245,+
1.4512787664298834,0.11105831103802323,7.136138876132396,4.736138218550894,5.880077696434615,-
5.231270318732984,0.7410380726814558,8.976274578067322,4.160633502407659,4.997527377341838,+
7.799792121564329,1.2472015460108026,10.0,1.584961536341203,5.543644751698674,-
6.930715613005422,7.72330749090184,8.564093753214852,0.12437391594820157,9.15181999646268,-
0.23740923861657207,5.6089253644817285,7.989223328418085,0.13205674705594925,7.5615435688161625,+
4.394648855030007,4.382111819700816,4.310185429740092,4.394916852314122,9.692938292235528,+
1.7108515428680244,2.8415211027329548,1.113571247429777,3.288299343718573,0.9245997718585836,-
1.5630096165830687,7.995888634455245,0.730084107140625,1.293581595953609,9.74421764095825,-
1.8345819520678721,5.819662263705062,0.029907019792687898,2.396411317888046,10.0,+
6.966678315404994,7.598480206456556,9.070193416317627,9.813754270054838,6.47314399376538,+
5.544359919304595,10.0,6.953514888336472,1.4539267238890041,10.0,-
9.371506334374079,4.999743380610625,3.6532281994919447,5.620874417514809,7.936232274008367,-
9.16406219334687,9.129291748070575,3.5982932209524927,10.0,9.149053888684216,+
7.1515173548928255,1.2626700298224702,7.374114205751869,8.694132589246987,1.6524669698127847,+
3.7788738742905355,2.178764268180293,4.87459937747109,4.666037636225151,2.5217815153011958,-
7.655800769192695,9.706375173480396,4.104650348981222,4.379711392053196,8.13070968194035,+
8.116888106035358,10.0,3.0948684348680082,8.651510214663084,10.0,-
3.9105767137748937,8.267758762018483,9.220805821785715,0.49962678010200157,8.688190321384857,+
4.5679064364091895,10.0,10.0,0.04560479452598583,0.11595912055802739,-
1.7755336432726387,3.342438432411796,4.1046889213907285,0.5696462972895733,0.8941179388281073,+
1.729302810402526,6.160778407015572,5.576639870700457,0.5877081189312043,0.18036321439315808,-
1.7915040694987339,0.3420557538131408,1.3124894109494178,8.090430857999639,5.6482722149492055,-
2.172109558498111,0.46866534023634304,1.0091612943210804,1.7087618524312083,6.5734696514257696,+
7.138727475302648,6.135986917106223,0.6479686619659675,6.914311133902391,2.241883392855338,-
10.0,10.0,0.47970693461587155,7.052171505928902,0.173375399757454,+
9.159653814251126,7.528855116854091,2.3190276415190603,3.8493696907787434,9.759570119112396,-
1.9925453849140005,1.8090188739277482,2.3049569515133346,6.344330823105105,5.79205002548325,+
8.952795825439532,7.118626342962032,8.989979381568803,0.2308013491358929,5.569903804806441,-
10.0,9.653601702571898,10.0,0.21370613901473665,0.6629935761301846,+
3.042853717354385,3.918916292538489,6.64153732190976,0.028912120739603697,7.687942507583234,-
4.830502886940024,4.538649726354887,10.0,0.04410536963852863,10.0,+
2.5296202905700538,6.486369706617916,6.784405252353659,8.064788485432627,6.657379411819305,+
1.5956679585543476,6.591135679519655,9.268756370107345,10.0,9.166402924357591,-
1.3741142576580856,0.6086009196815756,5.348128239502308,0.36482814391401996,3.190942923671561,+
0.6914180886064903,0.06386011949190351,0.3399443658482563,0.3240712461599031,0.3412296732899184,-
9.90973590730017,4.9431035585032435,0.3966819344098438,7.472629907954311,8.932220914542006,-
10.0,0.2611674937544132,0.03612374102307853,0.16183340211009328,7.065815415188476,+
4.3887782937150845,6.395583985332873,2.536020862048506,7.85280112594625,8.58793749168125,+
8.711992855710927,10.0,4.1856440456480755,10.0,10.0,-
7.032710148743318,5.720038432490967,9.999178295658842,4.735529260825536,6.721187199623294,-
10.0,4.485295662580214,10.0,8.490534366534034,4.148396377673265,+
3.867064269769057,4.615909793446088,4.67540566494268,5.659756147121708,7.862035002617085,+
2.3170871912180933,8.181151029824726,8.367857730775082,3.3206945389553217,5.499667513986032,-
5.392186341194436,0.7852805764217607,4.769497674203745,2.5464629126570983,1.1768162633572565,-
1.3061462772264991,0.01554183785235561,4.33161981829318,0.19178212379370582,2.3411794818900282,+
9.975555648708095,9.537267620250176,1.1007115999356987,9.088557632891174,0.47521330760060376,+
9.917479534448347,1.3052980523832267,0.6303618975820139,8.438882364632473,0.039826379431418826,-
8.930732691287947,3.2717608665454367,2.5777685597035394,7.054229430743152,8.076984758676032,+
7.773562627763844,6.509756549948063,2.364221187124219,4.983406228552563,6.195362894906018,-
9.1618003613354,6.922005467718819,1.8248576002269201,2.956365905715115,7.493524920844292,-
10.0,3.0663351460222144,0.8491484849912199,3.54853107475382,10.0,+
3.730627591227973,9.416419964753647,2.598417717542546,0.6795106857539179,7.978391427878453,+
0.5450664490300134,1.8909208949177618,4.183268203008798,0.23974146485752348,10.0,-
6.646735263542115,1.9310211604300243,4.107617715300743,8.226317901802368,1.355549963256255,-
0.11187851773869019,0.5726516743593083,1.8239912379200216,10.0,0.3469963545879736,+
8.288983867433261,4.04255487320511,0.8417064147734388,6.5666752517202465,4.189974624651658,+
6.160484530967607,5.618844963103902,0.6145272767601866,5.19229764343883,0.44753690165478527,-
4.431134924055687,1.7972385747691344,9.687698321599369,6.63444373193737,1.0901765101874816,+
5.731584902992176,0.5530739804684195,1.2094559489421923,9.980004743687152,1.5287879661243864,-
7.637610150100405,2.210483259420164,3.867533669818659,0.5708184578022568,2.5313180267485116,+
10.0,0.3589455868478454,5.629456925424387,0.5227115038767959,0.600663282340373,-
5.8177836979246695,2.9993293946766664,4.084005777110225,5.485730700800325,8.377688251358105,+
8.958595847859922,0.013880889948939814,3.734141944234846,0.9373138352698682,10.0,-
9.625121013924074,2.786427676355655,1.2761686168474617,7.300852634229877,3.742564196893033,+
10.0,4.447392147748109,2.0536804836957665,7.487159984165715,4.940926385812319,-
1.7029340632100998,8.86656880806929,0.25781821344294076,5.380218788147135,2.3822465319811945,+
2.3898894397337016,4.810956534490708,0.4222398737533373,3.0127283343666384,3.744215478049834,-
7.846483694629582,2.4617855896549212,6.245189873105187,9.092370570123041,1.1051222875517464,-
1.6559162169849213,1.0022150979895423,1.5280148473639383,4.793333748139773,1.191922389139248,+
9.496242479383884,9.42137252854279,1.833431798581281,0.362192932041836,9.232964111312151,+
6.583275193914377,10.0,1.874270306118805,0.1892235144589004,1.0521266696701714,-
6.150398093095392,5.575771197795155,1.8696627215651374,5.2344222685326,1.69585458362715,-
10.0,9.758510223770474,2.624316763577576,6.01967032167293,2.235537557150363,+
6.8603396673648485,7.894212073103787,7.68186193127272,3.267220459500715,8.770085027084916,+
6.126387012613079,4.29239241874355,4.444490648435488,3.234181907060681,5.866021579931204,-
2.8330632956225363,3.3392322752407178,3.0737569455243587,2.5085143109693298,3.719960604513565,+
3.8106624154032707,5.827902114962297,3.1139173801388096,4.499383441401615,4.751147998329297,-
8.090065574062212,7.24284405704079,0.07888084550870755,1.9148490977001187,9.267981364153817,+
2.8444559193510326,1.3163147417435912,0.06338159579528893,1.724577579601569,0.13047674340818013,-
1.988853160091939,7.909894311017954,5.37761768956663,3.787192483218107,2.831900681053845,+
3.951974078050026,0.43384310888005667,0.968139435743951,2.3880457191264393,5.38530478081722,-
2.593574612583499,8.633609089482947,8.651298892585427,5.970695155448839,4.358743935723011,+
4.910204700973086,4.9364080059273965,10.0,0.5148340441621361,3.7748055670616187,-
1.7459385537131,9.042665547713725,4.932845281804623,5.652400095473454,0.4449173938220441,+
1.494686135911189,6.295662567055265,4.46785446693514,3.8368140023242603,0.007447177152898355,-
1.4437151476260035,8.478973890916786,5.6229015151428445,4.922821795283136,7.019753696623374,-
1.427986039090503,0.9364772421170935,9.350275740692753,0.2628669809774108,0.1396282605912942,+
8.272535786403319,0.9402009603671524,2.781184264637495,8.370136393282673,9.408374985772774,-
0.5599044235269813,0.15641814177960472,0.00682210809302105,10.0,4.702212475647656,+
9.354752335014972,2.7854964237037603,6.033587228187766,8.617371429664338,2.381510873335354,+
4.886305922202113,0.13901644316533485,8.583413214348166,7.302812674076526,1.595592039920478,-
0.4904435779528915,6.341300497060432,6.624546685262783,1.28187902044827,4.925367547632833,+
0.007210948925580108,2.63373802189987,3.3986243538382257,0.05889062090768434,4.286490523560014,-
1.8698376443014242,8.349014306516908,1.3405617099084288,8.325167986293966,4.6963799446232235,+
3.134159903356934,0.9566866857214156,1.1700796040311214,10.0,5.03442642536353,-
2.8968604133557827,6.011917627611858,0.24116368991916048,6.760035177114837,8.608051967248354,-
2.490173639065975,9.130878584368118,0.09389703092411746,9.280620837357517,10.0,+
6.376865782380942,5.851250373677668,0.31615190585371655,9.678800341626806,6.029107631931618,+
4.506256227661242,6.3490645541873905,0.0673181058880072,4.840175999915533,1.9000484397576216,-
7.146044403494183,8.734013266105803,2.741115125282132,3.9830227519465753,6.87304519728392,+
5.596597588759779,10.0,1.5855172268163444,2.0141404821404105,10.0,-
6.295006627188736,9.154043512377228,2.5289844722262567,3.179349764534275,8.802462443012281,+
6.158587483690252,0.44773728811430075,0.27501745044475834,0.7583567604093622,10.0,-
0.9004899328688998,7.065913149280827,2.1289939260305815,6.97426328778242,3.5414949584595865,+
0.906857397795023,8.27890605101198,3.467535760086261,5.078396661815001,5.006303232218501,-
5.814539224682297,0.2113767688491175,2.7856992715064663,3.689602909134777,8.23223939378336,+
6.012741729408999,0.36602857924359117,3.998295107327699,0.7554723559877607,10.0,-
1.1064754783706632,5.584777577389522,7.788166414978024,8.27194383070185,0.9565310235636382,-
1.0505363057347654,4.142022215534343,10.0,10.0,1.375314842737975,+
1.189911483586944,1.2539830570148525,5.271728405519331,7.973681207899307,6.911079104798548,-
1.710818584241121,1.3633606986256321,8.624601244236958,10.0,7.517363947661556,+
1.1053238125182085,5.0921929415161395,7.449505431164064,6.4956769574752435,1.3496401353916976,-
1.1991552328098385,2.5096913419896176,3.1892689992845646,2.363991039705529,1.2798900773164181,+
7.626239797784676,0.5577442814757194,3.7475299776444615,8.297469383259156,0.07455242929906514,+
1.7715109561494686,0.8180850963499795,6.285715897570875,0.20619693378775858,0.06421438477080821,-
6.859142110104056,1.0409983534361034,7.270877358820523,8.775928767524304,9.590676414745527,-
4.886011576930518,0.70785978260876,4.841676376405646,6.775610124958676,10.0,+
2.8543163697696263,7.868212940752738,8.17195100393136,4.532700497000928,8.38354757149982,-
5.587939791721585,5.079164965314226,3.4445537001065154,3.739718031606088,7.611017699262904,+
9.634343140646655,5.742823479983256,6.955045971132874,9.822913188644481,1.4675193980305612,+
7.799306853242225,1.9395659501904625,10.0,3.602715242119442,2.3813270530050437,-
3.6598677855097472,7.485994716540252,9.993931820767536,5.929015591049129,0.1485797727817939,-
5.002284410515855,7.915323846575923,10.0,7.683368766803949,0.21492149358368826,+
9.269110853226914,8.645284975967066,3.622196341196897,9.046324726108393,4.065380089197341,+
5.336842547483181,0.06213579081804936,2.0790100371371123,4.322598845311197,1.926776408665412,-
1.214376407973028,3.6195942820692304,7.327455017774547,7.288282618405292,8.609442690631234,+
0.6585533499241277,0.045794332614266006,1.1324576805396145,4.072181466390159,3.2526175541149582,-
6.643208905514938,3.2501285955440196,3.29592356158534,4.924296897779516,2.3513761694531974,+
0.8221553428187229,1.3570188996577042,0.595530331675081,0.11604546997122361,0.23485674464645453,-
9.925748850428915,9.995413572543885,8.674494262575886,1.5082194895315837,0.7926431078594187,+
8.622983126651768,7.95728955456523,0.31068079816457056,0.3494423191602965,0.5947504975821729,-
9.767751421169303,2.2781428385841354,4.666554099881496,7.558794451302565,7.158000753924748,+
10.0,0.09480355865804929,6.412527934869521,10.0,10.0,-
3.3026905922285064,8.965461957734915,3.2949846733375154,0.34365384244800845,0.032526294513854914,-
0.7219567139115388,6.232466499243533,5.717095958822438,0.6604896632239763,0.05884934066855523,+
8.284923323872937,8.639833739024889,0.11957896728043371,4.944400882812928,5.452142007547848,+
10.0,3.1174896316424863,0.07082210523164936,4.99394534650293,1.0078689148789979,-
7.809702676287852,5.965900269576866,2.575539073538109,4.643208362190379,1.4746989102244068,+
5.544990975959307,4.88374701661287,0.12011924961834362,4.186284300890069,0.617340827102547,-
2.8525105976139162,9.167607172206974,2.1602522356081977,4.485259213451046,7.467741570343693,+
1.14871772825568,7.438141392713356,0.4166546381600959,0.36423435734471604,1.5368427579772534,-
2.1337770688516056,8.503710317470066,6.778197296854697,9.331956852555773,0.6302768512063217,-
3.592565845525232,10.0,10.0,10.0,1.0423984097420391,+
