7.819334359356596,4.3562164681722395,1.8192991501139189,7.440322393248825,5.850754163961152,-
8.670687419439812,3.7708835063588833,0.46024012619797416,3.6069221012154884,3.3258377543515203,+
0.35414872422276034,6.474019815826168,2.0170034888296673,0.1625599597614158,6.037561743357934,-
0.012007660236593996,10.0,0.1775746509313042,0.26507873228394646,8.096976192277472,+
7.84878034887951,4.919986632898593,7.850801486359638,9.10948903197828,4.15968647469621,-
10.0,9.027781899857116,10.0,10.0,8.160074119163642,+
1.8746110114125836,2.645287925206199,9.829783247888912,4.573258368526254,0.4708162104374414,+
1.6122095547974697,4.723043333259801,10.0,4.739244924565796,0.7469884951571846,-
4.142995141973916,0.07267090391347208,7.161385010323298,9.605504222241331,7.317103589609345,-
6.811411073531826,0.107456920685381,9.022881734023711,9.810754599314688,10.0,+
8.690661253860402,0.6210784158898541,5.977180534012399,4.6437892452866105,9.289809252208402,-
10.0,0.8291523610189951,8.621592167115313,2.66838787586081,6.370398708109227,+
3.8139056876196022,5.547015311815008,1.9998503022494707,7.6372998953975415,1.761539304106361,-
6.777918091148637,6.008580420421734,3.965484622824002,2.2587064919634994,0.7692840417477321,+
1.1547285724121226,1.2916878946609156,6.90445104802151,6.822910361339223,1.8549867257835773,+
0.0665963445409868,2.2998490474204036,8.426741647057309,4.8955403890827505,0.19030320307372367,-
6.267093350077118,5.233793019489154,1.949084557554429,0.7163546042557478,6.360133845665482,+
2.8899899024549645,6.234197168840303,0.9649474459490188,1.3947803137764965,0.1426111979135489,-
4.331602123787336,2.6567482627990158,6.082962975974555,5.715349723910135,3.848192597693909,+
2.483469024383891,0.9544011510271767,4.31491241918888,5.278851489653548,0.5213666607670756,-
2.963453926068884,7.420792252720137,7.196104259006261,6.661065913299595,8.760021310848948,+
5.506831869371903,10.0,10.0,0.7384812079061296,10.0,-
1.0098070861594588,7.755615788097009,1.640213977332844,5.827899182653433,6.848621206676632,-
2.011466570819249,10.0,3.051248111450823,6.0255105745503865,10.0,+
5.91771902140392,1.8968040947816533,4.841309434623201,0.035624512885561455,8.55306572322789,+
2.7069386644753664,1.2905331949807295,0.8349614419303951,0.03262826271614278,2.2713520543091024,-
0.6804540751610866,8.561951122168823,7.548056945955591,6.488667935033322,2.1756348040367337,-
0.3659309973448367,10.0,10.0,0.07171189353210178,3.436709801060585,+
0.8311982610112756,0.8206134445022062,7.9121165158090525,1.004071676993642,4.139287707632578,+
1.0185614929736015,0.1399840022363469,2.5596361162009655,1.978346448881455,4.0676980959120375,-
1.8984814331947053,2.82247514649282,5.440442202324274,2.4500241036064505,1.2237464838087175,+
2.209725571339488,0.016289893758790322,7.467970811506033,4.347284377603173,1.578853352652587,-
7.724839564578581,4.508126231135179,1.6870076712986504,1.1832188758266426,8.405195580500145,+
10.0,6.1577818715814665,1.6974032566209107,2.1832532003591414,1.3357052045748334,-
5.909960485895001,0.10334171259607672,1.434369262882289,8.887999872526596,7.835680086636209,+
1.3579040821980264,0.07825829876363045,0.45476611052876187,1.9382676946622013,6.114091085110596,-
3.199042841112184,1.3241146234260115,6.4720365270354545,2.130705635188239,9.97863265048252,-
6.338234981715058,1.3944202062732276,6.585196182961063,3.583589397857325,10.0,+
6.760712793903259,2.5948265348927766,9.537884197677197,4.628210488724164,9.95287289411905,+
2.149690222214089,1.9160667786653716,8.251001925003923,2.8662811171476847,8.964591271976198,-
8.811116853635516,3.9175701631857427,9.13690545445035,0.2875620717315397,1.554416409842836,+
7.074495939883768,2.2462409124684544,2.6778811085523184,0.1030899956193786,0.7327875510866086,-
0.07323859066310279,7.81196542840831,3.7127672718925266,0.03132852196818803,9.961133167008331,+
0.04371709311579702,8.988449909971333,6.811605468513478,0.0533998967947687,10.0,-
6.59721038755022,1.6629931402865794,7.8723697939850235,6.3269772041910874,3.093508943482269,-
10.0,0.875310206466015,1.2307348000812521,6.660690561199798,5.356717311219018,+
0.09123138824868038,2.771083493665447,6.656250412017645,1.8166466558629513,3.727291816612468,-
0.13918744763369076,3.7635127005030866,7.305473873607959,3.2018859672556776,3.788162614484105,+
0.28008688697338413,2.961877060335696,3.6776523425639907,9.849402813776749,5.557226357257102,+
0.24193483477961047,1.1117313957281734,3.476678886615831,9.428892419708435,1.1818567217124971,-
9.869157396875023,7.628833451842205,8.53284547057642,6.048552169849099,8.132025593291937,-
2.171892584402836,3.031324578385632,8.536708914689338,0.6107444142338309,5.122411054495784,+
7.426008664190185,7.236805763270234,8.313820038029183,1.4037315332363787,2.69250825568053,-
10.0,4.679198970598164,1.1657344386122965,1.369895216483105,0.33673690897884456,+
8.643973317548436,6.54543886087014,6.287504703541732,5.36023582006406,8.119629335667854,+
0.3632593682483865,3.146187845356318,0.8163018599220659,4.3778303995227725,1.6886977492318083,-
6.112275515172709,0.5137187127953224,1.8291885584080625,5.553247412314263,7.586472066563418,-
0.1783705995704234,0.17356433395101104,0.7124694673748521,8.856605417824232,1.2014926541423687,+
3.916182362163907,7.7560152803635365,1.9700146273032781,2.85999726074178,4.233579930014021,-
3.5249435172321446,5.660954913169145,0.30483876540966903,0.695408621194734,7.743069223234603,+
8.930946931086885,1.5920475653019583,0.6137828388121813,3.049382476226754,0.4266360111324585,-
5.541677958198477,0.9653989394647942,0.04874308406629317,3.4113596536266524,0.2382977755857649,+
1.3504860975433486,6.180900498428215,5.600951305881984,5.174495027984496,5.726121272288034,+
1.1385845629630171,4.61041466444257,0.8971320988742032,1.8127478995257935,1.096353389818229,-
2.8065329115088056,3.551347052346563,7.922048924116492,7.81933075202356,1.047026417252882,+
1.9474555295679672,4.185411170096863,10.0,8.733497057022653,1.658427502306041,-
9.140696557310722,5.758750929569007,5.476164185751427,2.5939594808159736,9.562286798033835,-
1.2934144453678371,1.295229929852549,8.539604886545007,0.15459172995305076,2.1220371586756333,+
3.662648544989694,6.0353099679652,8.572288230344085,6.180380647029759,8.486617562233524,-
5.776951440871226,7.203164265781576,10.0,4.125429217526422,6.002896402453712,+
5.454718782664011,7.295930098347833,8.463693660578723,1.0483187461852783,8.029436388380859,+
7.719624612239343,4.439431605859545,10.0,0.24109393157885387,4.694575855673508,-
7.711660379517543,8.354245585519068,8.2616864597681,0.6359404215382347,8.040387279897223,+
6.561895134242235,6.584792259373475,2.0101314490803577,0.17341815575812947,7.243040753543112,-
2.811039718313746,8.425367319733576,5.13573300173483,8.037789087005208,8.630238444101034,-
2.5035554501924397,10.0,9.827868247819804,10.0,5.302750602985705,+
9.588454696553804,1.144876200864835,9.705368057011242,8.96840864898087,1.6106989475227718,-
10.0,1.376950085355416,9.857927346909532,10.0,2.295243945253226,+
2.462802801163866,8.72020723081709,8.503973217590081,1.217429887359499,3.4344927247724133,+
2.5203538200543614,10.0,0.7768289421664291,1.2558067957432932,3.797053529095573,-
8.366963237964386,4.834884086232206,0.15912374818096375,0.804822474977186,3.147460521669616,+
10.0,4.692770178329018,0.05239920361982133,0.050376035194740786,4.6541205465552595,-
5.012291755797744,3.7334736296543847,1.0199384148004798,9.867415083497589,2.016440627244811,-
5.584493436303628,4.240879204048917,1.241137366781064,10.0,2.1714133281673185,+
4.290122700960599,0.06428481891864846,3.238742523414243,1.5929531354260695,5.677577996483815,+
0.8804204192212332,0.02407008949349199,1.5613929946864928,3.1047955986874873,10.0,-
8.014296709154564,3.8257130479667714,7.272125772266537,4.978519769788018,2.6460998291739948,+
10.0,0.9758041780365904,0.5326542898163831,4.881291277963039,3.064762358781911,-
7.623155235146912,9.619851190698474,6.676368642423735,4.570842904569364,8.786789980123077,-
10.0,8.870613949785723,5.828592189325394,4.08115265285204,8.778959110707772,+
5.087296131393364,7.488555975390655,0.15752338665321886,1.5399102803126208,9.178011522106823,+
2.407301240854066,2.5230875268548045,0.14265584494241454,0.31047862852591,6.3405424532694505,-
8.38239243440955,0.21684785376758775,0.7039780334664358,5.3987543403553,5.730066765601865,-
10.0,0.35574718518918536,1.1333212464216618,7.388156405795224,7.813178853641527,+
6.697327749213656,2.192677056366753,0.5555402735905812,7.4580415843881305,2.9637759418409737,+
7.576295842863824,2.5267534435309815,1.0013726627361643,10.0,4.590283958583947,-
4.0081491722799525,6.135749929027744,4.349250693368721,9.795276226037311,5.241785505044439,+
1.488889884987206,7.586646163748037,5.17860219181405,10.0,6.723563693695903,-
3.148339225752027,3.594678377771693,7.149243751229372,8.090329040530893,0.536194346785841,-
0.3415193437310859,5.457645312610243,1.8446915462599671,8.376374022341952,0.8164181289598783,+
7.743858839545915,6.802184790111943,2.3986123440786566,7.914687839046264,3.848455483348988,+
9.227613086646166,5.346549531761738,4.056959588560184,10.0,4.583787709971639,-
4.984750571477154,8.863477449372038,1.4060850863919583,7.09259594760376,5.195609873139224,-
8.693504367271801,10.0,0.6381767809741683,10.0,1.1550540805019027,+
3.7826253976961635,2.3227291230776137,7.290489731516275,4.722399782922661,8.004930659164422,-
5.521135944973205,1.1128370134200922,8.394381726301456,8.741579014933468,0.16264820061089422,+
3.197543624543978,0.2956517382853141,7.037679450812497,6.844858062654577,5.083780875760429,+
2.514406659000218,0.10379271691370516,10.0,10.0,2.231716111611278,-
9.447250675956703,7.305333787221139,9.968391235744502,1.979072952847305,6.866018622295067,-
8.483886322154396,10.0,0.8179032391695414,0.2201651559266434,0.28763363004236775,+
9.58639601291776,9.814805387892552,0.08338387389682844,1.6664206074465227,0.979921509764019,-
3.9877375211328503,10.0,0.048607014122538005,1.370343634841853,0.1536566005087442,+
9.22664409493941,6.163833178457193,3.9837184902458134,4.725758147847131,7.768306041844511,-
2.697915688255222,1.7973172266422153,2.8457662231612253,4.193915276672877,10.0,+
0.09406411021965044,9.263324878427957,9.053328315425055,7.125960449435523,1.169470677104797,-
0.10969219355339942,10.0,10.0,9.482893807044197,2.2906024229390005,+
7.440663851301075,9.139911321670363,8.5029446844972,3.6272788980320723,7.332731274249916,-
10.0,10.0,10.0,6.174503740352864,10.0,+
3.7014050606452784,2.495975842475804,6.847915844374869,5.566760328881345,9.29555942520272,-
4.655053160484908,1.4181175795062635,7.822237178983319,2.7423741308183773,10.0,+
3.7405765333518715,7.038518745148682,8.644163021984273,4.053982769970837,3.3868283918663398,-
1.8836403792784773,3.26187577149436,2.751890816216771,1.7510645113632934,4.960552485468764,+
2.0955703731051134,1.2941909323071288,8.336064348697978,8.240478839703046,3.873618180573948,-
2.856587777186841,1.4234509855776871,10.0,6.470118226284052,0.04672534148841823,+
9.399900617912365,0.5980376970454271,8.196099520029849,7.646168764773876,5.339042056877038,+
7.213154938731962,0.38701113447898267,0.9777643505392534,1.4959626315623213,0.056848906062670734,-
3.5995748768502054,7.159800934994724,2.483990797430825,2.6599601575175824,8.155932826157542,+
2.742993520662428,0.5970070976897673,1.9006735677142341,0.9762508942220566,4.8624972878074235,-
2.5955900778990113,8.38562494620643,1.357272934152468,6.8686212609767585,0.3052539675708288,+
0.028169998404631455,4.922225992035809,0.9436111764716305,5.977950498390883,0.21645739970859046,-
1.0854222306285133,7.8826282388111055,4.8431027945992176,8.221281727070755,3.6216241613718703,-
1.6747686919813818,10.0,9.083760766205822,10.0,5.479455027280694,+
8.14101359056356,5.300660054531235,3.0117650153222097,7.343079616355194,4.8598359110778455,-
10.0,3.521514199962764,5.76004783973393,1.0845024645175934,8.360389221211067,+
0.201143357365956,8.492816402865348,0.31171139584967533,6.449692339548721,3.9303833187740778,+
0.1442692369196355,6.942010855429615,0.2574483677380168,5.300965359914277,0.841329110996609,-
0.9282062492825771,8.727057712614773,1.9867388468195113,8.366276977319071,0.7508802894501698,+
0.998231010688988,10.0,2.13923792052118,10.0,0.21454480181166508,-
4.456881342260978,9.598297223399033,0.42438855949913146,9.926068853126923,8.718131259669956,+
2.559330589884969,7.03539377789879,0.015088370298425274,6.608401187573633,1.0547869906136547,-
7.0761672848792,6.500849051144167,3.8964538756505407,7.330708058492842,1.39441475236037,+
5.63660908274817,1.2478355343593046,2.952894478344823,1.6860517615732196,0.6663817667928643,-
2.5688282527174455,6.8892707784699,4.636809078241306,0.36074869228003514,8.095281043226299,-
2.677893267537831,6.008399998150623,4.554890401605059,0.6700404997476258,10.0,+
2.7073007837927165,6.708019122503124,7.026533962330839,5.985159000662169,0.4870409204321846,-
5.271267408225211,8.466197659838011,10.0,9.181265360981424,0.821140345743938,+
6.055642424944937,1.3111433179106258,6.096954297660529,0.13704860714947698,8.92618859720341,+
1.5866503813141755,0.8475148786739218,4.337787712021589,0.041729846345814434,6.555820827756897,-
8.702625726819205,0.05661316151856166,9.014470840181998,5.809343439406537,8.160718952699636,+
6.555079581925741,0.0022808907277102517,2.7418786824637347,5.637122840429051,8.147299693911508,-
9.728954207139,7.9858013362017815,9.647623412221545,1.5812665066360454,7.339189481744529,-
10.0,8.416273574963762,10.0,2.597012474948969,9.47836596143315,+
0.24445496995578297,8.655257387713872,6.157518356548827,0.535940688130625,2.7380742875772945,+
0.1313748617529179,7.469407767405805,5.5592224578652125,0.06212836153530324,1.9239306561817509,-
5.356519161574704,2.3199426634574305,8.813601485386068,2.50400678397368,4.729386524802784,-
10.0,1.3264826357428383,10.0,0.7397422463653007,6.815527928112997,+
3.257261974489878,0.353057554846532,2.4321576499315842,5.785035593731568,4.137885776209211,+
2.7322774864883597,0.14883489738491323,0.6844022248309761,4.849976402210695,2.139780371831996,-
1.4967238602483512,9.391861541087032,3.5629377414430676,3.4197647626426377,3.7292530688979566,+
2.403450831333132,10.0,0.2946561900715015,4.878963368807388,7.02299538164379,-
8.106443088942425,2.101317448445049,7.15673235389006,4.997082912952518,5.679463099490269,-
3.387553003501364,3.0677038957250993,8.602339991933588,6.6393332477477,1.9850711292078782,+
5.731425357314594,4.545276370858283,7.386506752149089,9.018091178662559,1.093303966000868,+
1.184526151461365,1.7409685012161433,10.0,6.1980100999426595,2.005747808353614,-
4.179687075442949,7.447887113547651,4.984003883718227,1.9569273175458846,8.483403898375334,-
8.188687845805342,7.013010442532543,9.704785398049273,2.524383698652491,1.2884101372602912,+
6.4318774353451955,8.540830262190118,2.597809966208504,8.22498519606787,3.7418938894002762,-
4.056027798096262,8.046685961007539,1.5218793796726933,10.0,2.39061134433656,+
6.542176709696578,5.870002996966033,3.454251715066712,7.333701164731408,2.700201955699586,-
10.0,7.400778314256977,3.6761820260372167,10.0,3.1289625192644794,+
1.9238814431430395,8.701949716009253,3.1690673875763475,3.323970819543155,8.162893502537761,-
1.969322519230405,10.0,3.8035705110621687,6.218551237523016,10.0,+
5.965713760820677,8.656923489044065,8.786872861481212,8.726499327137514,8.843841254121457,+
10.0,6.378867122027104,10.0,2.147637606757482,5.481478704956708,-
8.10657379357293,3.9442152695525348,6.191925592886277,8.909874283779564,2.254847203257736,-
10.0,6.28529633761165,9.725675554489678,10.0,3.596279692433163,+
2.080938831916841,2.4445663481653135,2.273078083218606,3.8038618786124445,8.681875907152856,-
0.5072869681242455,3.9273546047241625,0.6993810787802666,6.526472535950503,9.950688985510133,+
7.529218932778941,0.5937612535525849,2.043505564264847,0.43967006411504195,4.607916276794933,-
10.0,0.8530059857641784,2.1001464313763156,0.5433746802218917,6.77627925263002,+
2.6416798257545047,0.9291783893022021,6.5971779115697124,6.752064750648201,0.12008845708209592,-
2.358272412672098,1.803704796407645,10.0,10.0,0.027542917577959822,+
4.383741979842118,8.863172699425201,1.4969319386099211,8.392753913777373,1.7718188507810606,-
1.1006988186167546,2.5817467615393,0.2166007217583737,0.17177843546668647,1.9880081743748368,+
8.854066967727,0.8400088927316629,2.0098660738594587,9.393835015078087,3.719394457306675,+
0.9845194890559678,1.468216491921256,1.2183730044170828,10.0,2.7152705365572998,-
5.46890544635075,2.8707390472295566,0.33387067362256606,1.0597488580562076,1.4274293646916536,+
1.2083168330638376,0.1497798736874441,0.2665868064492389,0.9628578820260016,0.8784329770485362,-
0.7144402526517812,4.352050378684665,0.14545225536539141,8.172298918111276,0.7829159685841847,+
0.43965455937616466,8.442986902150487,0.18068967171195832,10.0,1.3295722599005046,-
5.854859685498598,8.954344781339493,8.816869641067559,2.748299733485562,6.762884894243887,+
10.0,9.162042107058934,0.9882651790526402,5.245919505998652,10.0,-
7.628121410761627,8.032619637209308,7.921376686199232,1.4454531944331028,3.523198075577075,+
10.0,9.510507291813669,2.6984997905457164,2.7198261271980524,3.809864830620405,-
5.365397054926704,3.915347027427506,8.336066692029622,2.9674378153849448,0.6879170792649569,+
3.411570150011926,2.9658254707840297,8.182843120325877,1.3541291420755865,0.3857736105887866,-
0.9620813970947273,3.2324162520954114,5.07127842677621,7.383062274881044,6.240232432372858,-
0.5554568460473561,3.023405429465815,1.546591183376694,0.8902595198416915,10.0,+
0.39017914724443936,3.5105203121760944,4.7980621368301914,0.9902637127664771,3.39259949634687,-
0.18408113934356587,1.1140403764093845,3.6659686764171697,0.8897562327569123,5.745761808142592,+
5.851354196605286,4.300664945836221,9.710709822787468,4.423585801715271,2.831454744772388,-
1.9110938804074125,3.683084464808015,4.75185667629141,6.516691287234437,2.389521658831597,+
3.5903499010353768,9.063415995545471,8.452770414456044,3.9948887872360785,5.09593769726992,+
6.366444513356215,1.7398978573399018,10.0,6.968183383949257,5.638680625804685,-
7.637482213010728,7.5657604192509655,5.7914891872820204,0.982141549351625,9.488556192566971,-
10.0,10.0,7.9540469065116195,1.0568873171084456,10.0,+
8.233409844221768,8.651095050400091,8.577134029335646,1.9791944776048642,8.939908578447817,+
10.0,10.0,10.0,3.3033807145811447,5.3078450201928575,-
5.821232952645021,1.8415238731977446,9.761112598536307,9.688718440298748,9.351837357746692,-
5.974830032785249,2.435653646182276,10.0,10.0,10.0,+
9.326585732125263,5.978984298047197,5.766605230160367,2.51375750547961,7.938417972602622,+
10.0,8.198155395573508,2.467443731383479,1.851388848044078,0.6185795413684864,-
1.4118825067262852,0.8673066822257613,6.916603657561907,1.9161602155422008,2.995558412796612,-
2.262987545044893,1.5623765162457293,10.0,3.4425552824236307,3.0346192337890403,+
2.0880123461177478,1.1096133749505233,8.767768239279913,7.9472225348541805,0.30092589436066075,+
4.0027530701736715,0.6800628687922005,10.0,8.869411410180376,0.5475055255910423,-
7.515140904376171,8.72210148924163,4.623212440465797,8.162790287018527,7.895316282235357,-
10.0,10.0,4.098739665218657,10.0,1.7352859252575406,+
7.015923361946028,5.171814547775632,0.6760057516393281,5.54570973661503,7.517300911114663,+
2.5692494173244307,0.8512877016911818,0.6024284117720375,2.2214219611743258,1.484973691341743,-
8.548706584441097,0.16113589866100453,8.262854685641056,5.220855497505657,0.5184052215241408,+
10.0,0.13351499378835996,10.0,5.065753820213796,0.37998139805630804,-
1.4115087302265017,7.69615113051205,3.5504040961486494,9.017728554287533,8.037282404603204,+
0.9138345577264758,1.4306204979158483,2.4015330599621936,3.6851001966732806,5.678464167558943,-
4.046806750801338,5.896206771845333,6.764576272612038,2.8785617769061203,7.14060233786134,+
7.859438859428845,4.0868895693531755,2.6613244502472546,0.30458836105890785,7.517838472724216,-
5.21938299971779,6.273920283855009,4.832498195467676,2.658443829073148,7.7560218415782245,-
1.506638793722714,2.609411000656815,0.25049455943877225,0.9243780696635131,9.214482917962078,+
0.6573182336441141,6.458494868946506,5.835647915513374,1.0699758351850963,3.83844137652551,+
0.9795670212524644,10.0,10.0,0.8919115949733523,5.301036106018079,-
2.50721779659092,2.1881643698998676,4.796028996429319,0.6269900135488582,9.174824316186125,-
0.11044485668039032,3.2016557922210698,1.6800613272920848,0.7229076650236708,10.0,+
9.85920243187449,8.372890498086075,5.839289632756477,2.1012159961053656,9.868401989104722,-
10.0,1.6992097119582257,4.209107004957701,0.7889419672526241,6.301750633057502,+
1.2905892154970955,4.73957717045784,7.927893382962371,8.67237869661592,6.222824121400522,+
1.1784738165810507,1.4658052577421512,10.0,10.0,4.81875555453138,-
0.4086537147424496,9.487113955948855,3.0967507563171335,7.525507207486238,2.5975078271956633,-
0.1756582226637147,10.0,2.3262829544436205,2.980918706516599,1.141711931647186,+
2.270200652650216,0.8924008893821123,8.653963886422693,2.7486028236212956,1.1525034549060853,+
2.2065732263617885,0.8782566702123316,10.0,0.8338547027917933,1.1185990869777833,-
5.320957130941345,2.829246467549451,3.069261267577388,0.5867750387695214,7.617860258931853,-
10.0,0.6563410367046462,2.2812108581704185,0.09475947484906881,3.178101196739187,+
3.8608648078862506,3.1560650903652565,0.3207797199644835,4.033747496834752,2.6922034023869488,+
2.517444536995914,3.0049035958439214,0.3949790112525495,5.696952020965654,1.2391563184499386,-
1.159179548196011,0.29259594531461985,5.332212594602822,1.9192368916971836,3.963160958426296,+
0.9384595812236282,0.19241545886736308,2.654705376781032,0.7604783170982419,0.8378304216938331,-
2.2217760755968943,7.095134342869742,6.063512564471351,3.885801912662248,9.520510223658048,-
2.3510427896453683,5.475515064631877,3.325452205486378,6.022387459054859,10.0,+
9.1022377495578,6.0265917014391235,3.852642979376546,9.945773082628689,2.138818271581896,-
1.5076917538664647,6.6167371476672425,0.8026810692915328,10.0,2.8119487930118328,+
9.51834626654588,6.478479701796243,1.613833435330424,8.277397894176564,4.246632237762432,+
10.0,1.2248597635829217,0.6495384721503268,10.0,3.0885082766749123,-
5.009275504535271,8.588801399708098,3.1725751278213132,8.23666759264511,8.034764439197858,+
1.9427774835854255,8.365312451365913,0.06315451242968692,5.290621483299792,1.3536348443880044,-
7.971158198286215,9.135170622552995,2.8503330097147614,1.3104788343572138,5.607864069549395,-
10.0,10.0,4.609647058573451,1.9231429223845242,8.940015954232944,+
1.3879838353371499,2.737530240958861,9.25869774656315,5.046491963534563,6.954664370445579,+
1.5875624429051032,5.220004083560024,1.0556457539574442,5.8547912311061046,10.0,-
1.808054065221213,9.501196369616773,1.0401735694905323,4.419459045544704,2.4192771776275137,-
1.1686500568318041,10.0,0.49412800679371643,8.148925017435353,3.9658097610873897,+
5.171067926959434,2.4100596260090326,7.7526396331464875,7.429524867087663,5.365768645651896,+
0.5498523093243932,4.787703764181528,6.588580265048703,7.158010681451473,7.194049961470549,-
5.093748727744144,5.020172599648001,7.080539839600161,0.20753738152996637,9.746829734785821,+
9.14516787621004,1.2908694835226533,0.6528054328606604,0.2749141439069724,1.2466342857925048,-
9.016059237026795,5.605684543304591,3.11243338691642,4.195087954968139,3.9287973925243245,-
10.0,2.0626683772638357,2.0762080283159343,5.051615254382427,7.534752180371406,+
5.901704565822956,6.409412355692381,4.394290396279336,0.9412526583126046,9.271375278350277,-
10.0,7.141347284694666,4.0799116108589075,1.654299771346288,0.1322661892784057,+
5.86711454976709,7.5778644604356735,9.817941992733969,8.80725865347635,0.6540407568864215,+
5.012115156934189,2.717051443106578,6.028512365617297,1.5493730500196876,0.33250115472510056,-
6.330179264156013,3.113208005405413,4.989034482528504,9.298978244782349,0.2752071793542954,+
2.5250611715227835,1.8487679086852318,0.9695548938674955,10.0,0.44965194140670545,-
2.02464609643585,9.920588228574106,3.7234782911926922,9.84998608238012,4.780112194507691,+
1.9135116123042502,10.0,5.5746907038531175,8.110515148120866,3.117945920808851,-
8.986932770555002,9.391207173369748,5.838102134707942,9.308894366048454,8.09169893280152,+
4.122244899393632,5.444543971969871,1.7412726513804686,5.882664635570639,7.10978885001786,-
2.6333039807907843,4.625502013792277,7.607943739117303,2.356894131733708,6.024583951775741,-
1.2749151340334126,3.260307825996194,10.0,2.1321053397278065,0.6384787733111221,+
0.9684268386150674,9.829103127812092,0.3984323612671947,9.963711511245908,6.909083511312643,+
0.1183247322877391,3.463749546919251,0.5842736008227294,6.661568313330513,7.3519522430083635,-
1.1051196809386132,7.8820411869279985,0.27587521646886826,7.3093175881289145,0.4333065565271177,-
2.003559107674409,9.992222723237191,0.009690885409427186,0.4131065821124746,0.5460054672508289,+
2.33273859221267,2.6139964960082973,2.0384358408962946,0.37345886936018036,2.938652019412821,+
3.9760939604567866,4.394249673846391,1.9345848341950178,0.6726425700077009,2.9424931339915874,-
0.788878441794505,2.9958802393043857,4.837862194081853,3.635237495819399,1.4415111158413352,-
0.9685354628461039,1.271852981576148,3.115369319635281,6.825975274677501,2.39372505837488,+
3.919084358103264,7.199581509389966,7.81269847540954,4.886719262116594,4.9456164427702465,+
6.916658474278734,1.7642012309636912,0.1494397880465194,6.364860895834587,1.0666170685903662,-
1.582627569124947,4.940075369835246,8.847520532178502,1.6782112242258962,0.42107551177028135,-
0.3684612379029155,3.628255778298518,10.0,0.5001668305641909,0.3292732764521118,+
9.250489064873538,9.406203834840225,6.61055795497397,6.940458107231493,8.931338400069622,-
10.0,10.0,3.5514694994557074,7.841208469760079,0.7875828661737198,+
4.5505744809611866,2.90754884720808,5.751434469678358,8.005039112067372,8.604767370075031,+
3.820283736747805,0.04513430595443445,4.665879046799111,10.0,10.0,-
6.774917695599195,7.3964506119919395,6.899498980968877,1.8293999651182569,4.570775759843087,-
9.250652891439971,10.0,10.0,2.6098496917999348,8.588621557088016,+
6.375585218010146,3.308713773225216,7.126783625158093,1.1460971209383553,0.3038502137036636,+
9.47105315673429,5.3383535773133435,2.2409774094512556,0.6698638576915694,0.2384082452337984,-
6.993672121065525,5.952826057032873,7.522996899395186,8.592354835234811,3.57302205689219,-
1.527860653897046,4.186638096218761,3.0436095635747984,9.077162636137572,1.5117074524212413,+
5.887418418116075,3.737387144654467,8.271769538547218,2.93933645236786,3.6657154103620373,-
7.919545045051793,6.097674885777289,10.0,2.519856820445447,1.9727404707087823,+
3.858527887588521,5.805587070170864,0.06874666497546644,7.302366592919654,3.2356682458426187,+
0.8044008019293993,2.047589272781148,0.010360177835366396,6.2412761401310535,1.0439529352871975,-
0.031416950107232555,1.800539877094769,3.9882036916757135,2.4210733923879078,1.4095849979662556,+
0.04247385015957524,3.032468193723991,7.637644045086915,2.532241079610567,2.7579503805928,-
3.6873558362761107,1.4095509293297548,6.116842387605317,3.0493832717987477,2.7743360123567995,+
5.772740855877225,1.9805400628795848,6.331061023829906,0.6766766897452556,5.21204305516246,-
9.964004886923266,1.7395892887868414,2.865495592449628,5.985914385239031,3.400813392290749,-
10.0,0.1601207722799819,2.322800754990058,7.542995618604396,3.9545288021688694,+
6.2300568630629085,4.479682703166085,5.9837089603675615,9.772855497909195,2.662917836975953,+
4.620954995950905,1.5154589371256932,4.3068600728449535,10.0,3.938615440441027,-
4.540098651780863,2.2793370054960524,4.653264482283963,5.086220250925054,1.5031021037523717,-
5.622429425496339,1.5795374617006708,5.817767626644148,0.35702997856300595,1.5448503940690612,+
4.8284188311715575,7.608397825020753,0.4890421626371433,5.479689107926805,7.289054570814644,-
7.526753702262068,7.939579309657358,0.6487072913416246,6.108811379924569,8.510841564712399,+
8.532823601491025,0.4283649984778026,8.037155851359465,1.198953252004319,0.9838076201117185,-
2.885011825620898,0.011457261817252824,3.836035293722819,0.7171157783700165,1.0454477871551897,+
5.248444429741922,7.20149360022439,7.765589549133418,0.1236718230169076,0.24387025285663833,-
2.788363180733079,10.0,2.7689136920427555,0.025271039981371098,0.18144107906163073,+
5.947199612497858,4.202398641800883,5.32280148529717,5.751592160216147,4.1393613202604165,-
4.326347067586231,2.5085779965058457,1.0840580634044428,3.4147909167146366,7.793344338658513,+
1.3770284179312176,6.8723868638412995,0.3096646581545326,9.462926542213312,0.09074727226924706,+
0.7500333948411063,3.1927175597166624,0.2943011160538202,7.120945947988146,0.08917097989614142,-
2.767370076577911,6.253591961746902,2.257226811725591,9.797971758299548,8.902332339379754,-
0.5065251852530014,7.8046932309516714,2.0176837284945917,7.99461194024874,7.243329684830618,+
7.9128816780759195,8.573828209567488,7.599924182104295,4.370644573225872,8.627082260178431,-
7.711901227011006,5.901407755525464,1.2287557289689797,1.6439395887794226,10.0,+
6.66746024550822,8.451510125237203,4.422616277601343,5.869285540618611,5.120883473214643,+
5.969648402816665,10.0,0.5666451499739618,3.853090212998661,7.841562505430252,-
9.685293739173247,5.1540176543159,4.936690136946869,2.627707573828725,3.088970901071808,-
7.439533364105717,8.097873495449301,6.018203618476512,4.244429432185093,1.2131439894346945,+
6.41795252630136,7.300141811811525,7.154263160083273,8.806401518772295,4.7731713095126285,-
9.359608051126479,9.879757321561256,9.350195996912788,10.0,8.114512629611784,+
9.77920706682332,8.71211955982542,0.8003583755021593,9.048227254837894,4.6942998653064745,+
10.0,10.0,1.0581390942235736,10.0,2.841292359655101,-
0.6556719596490124,8.22990309479872,4.310610886170946,6.811960987306135,2.5041134462118455,-
0.13366735933646665,8.962334047007747,3.230328146915472,5.868600343201109,0.7737464383453991,+
1.7010744880588091,9.879406218797879,2.563180315526812,2.419553135220619,2.3565466440536853,-
3.0638508530830775,8.201361704551479,0.5518146472341309,4.219292489817822,3.3546506106940734,+
3.844808216241532,3.2576183137767423,9.238022321877986,9.203149077042461,4.250456230793879,-
2.3905786227811583,4.164712823196656,9.58720739847791,5.269413229756274,7.954707165139893,+
5.069594005542268,2.6743972837359333,2.5680372951885633,8.001154903823979,4.6007638625148815,-
6.822548376579341,3.7009113278838646,4.291342645022656,10.0,5.134825189233107,+
1.9873774955431855,3.613834772817736,1.566231943436105,2.3955726572775307,3.8315356902431774,+
0.5493914960502739,4.478647608344203,0.5643923383407919,1.3550526742068996,5.985288143515159,-
2.645336964151528,3.116462437006271,2.7418080152419066,4.175335805011251,1.0131232349753272,-
4.878496667553989,0.5386104794890861,2.6938702644726256,7.576685476078767,1.6730148607731103,+
4.827255651048753,4.639715759460077,5.198422032316454,7.360506545431079,7.143173989988342,+
8.46887988716948,6.862849556393399,9.506197995329254,10.0,10.0,-
3.7744052375662807,3.117835533519926,1.4504559846797482,0.8001976774174613,4.897450384075958,-
3.6229617961363885,2.0796328190241598,2.748365365034935,0.7706922412873888,3.3485399542137766,+
5.947489191805517,6.66882663059007,2.6954081792898723,1.58044102001913,3.750440170239421,+
3.07185594169254,1.2425907509065464,2.311648453154788,1.3874777042370205,1.0377430966042018,-
7.818620192053629,6.010635582882058,5.5975939667866825,7.358266712643032,9.181229531052445,+
0.8432945739922998,0.5279256697509773,4.4007428531534405,1.952995125115773,6.510248528622195,-
4.804449025622204,0.7048890831947385,4.142256506054825,9.74334634048212,6.777182798087427,-
0.35809673162176153,0.6733294752670494,3.759750141995015,10.0,1.1401584383869814,+
2.5103834183060156,5.533889420122067,8.55343698390927,6.117456632769027,0.32807060744381555,-
0.389716490747239,10.0,10.0,6.612899800254463,0.17788035557745907,+
7.828276598126078,1.8847454596427782,5.189465275429229,2.195201947572827,3.7732915589157257,+
10.0,3.051289859853008,5.295113540806337,2.8686674043085145,1.619065645053679,-
9.778301297787271,5.959707312613562,8.558710757545288,6.111955932435079,0.6886616515695931,+
0.8455958436622372,1.5213388144763915,10.0,10.0,0.2937290015057907,-
9.101093948140221,8.60706266650032,9.902371943508438,9.814825439772253,5.775511013966986,+
10.0,7.118378565070475,5.556509281665335,7.77065676379459,8.964555427282637,-
6.748632754291184,8.658451440556705,1.5086572986980085,0.4716616989765965,2.8898351607342043,+
9.528007869606729,10.0,1.8511285026102842,0.14604195720223856,5.463555434957085,-
1.9094790145584772,0.12635172668307493,9.541509835206481,7.128961229721007,9.675587554439447,+
2.132706239070228,0.11850768614486908,2.999169487006211,9.582019365554713,10.0,-
7.975309111530166,5.565243509483499,7.242587102001101,8.498634214630945,7.240690556390898,-
4.367501818859597,6.081764904579694,7.69472743513503,7.391450340820036,10.0,+
2.765901555536149,2.4261835713296085,3.07899500727403,7.572386155035293,8.099214106788434,-
3.165391465167463,4.180687891076594,3.771834093695865,2.7161649915907726,2.5547184139638768,+
8.914874661064463,1.2611204995356862,7.369927293589573,7.593829373481466,6.997146742395898,+
7.46881609958348,2.0646771554470327,10.0,10.0,10.0,-
8.985614875560847,9.162611071974863,5.384274172760981,9.417752221004006,9.017071645264927,+
7.6883203498274035,10.0,9.527562038187689,7.882327764315958,8.759043314061103,-
6.114954535503436,6.7515224121861825,7.050444632596148,5.652873880281145,5.048499765791111,+
6.990366570998088,6.864610025877804,4.990346884780332,10.0,6.924000992834793,-
0.7925516116404119,1.3261500014155003,8.152200717180708,4.038148307716764,9.044859535490012,-
1.1267009216069703,1.7189991531724473,10.0,4.399655595037271,10.0,+
5.60584685915221,1.386931513013182,2.854270824159235,3.5446894591797062,6.58914373895084,+
9.09179958723246,2.51335071072621,4.4490912054232465,3.665398862066706,3.695857630077162,-
8.40954786531671,5.073825610752544,2.8080471529814743,1.233788982378392,4.778956385616453,+
10.0,8.834884459935395,1.0947738866614332,1.0863361117365253,0.6681308629711836,-
8.012143991246061,6.735439293376762,5.2898403214811385,7.779772301870066,6.2769286486321185,+
8.277781935908667,6.583437659729441,5.404670693184589,10.0,10.0,-
4.961797921277077,2.777439443002555,8.838467648918586,4.214638993164259,7.061160593249113,+
0.7302409556421721,4.883917502154671,6.1877446984791025,3.7523456823166255,10.0,-
4.16790339187334,5.82003803755724,1.2887840222512936,6.913160439872042,2.8050742656533556,+
4.745834107406919,2.4659000075048225,1.8129348945075663,10.0,3.92820513908421,-
7.174340137551248,6.910210891370841,7.411148337116548,2.2416224302384533,9.461216122598081,+
4.500335789338687,10.0,10.0,0.6083827852042619,8.854199362607213,-
4.471790357171135,7.460479792748249,8.46495048129049,7.808130992330144,7.634119621670611,+
1.976174463545384,10.0,10.0,8.476255655007042,10.0,-
2.849118563238615,5.914256026864678,8.666202213384803,5.314479605233091,5.742232517047409,-
3.6209253763667024,8.024478251061714,10.0,6.37531105323363,9.5645807747872,+
1.4473770153187604,1.12099443526821,3.872149329137228,8.823816928877092,5.1190693894787795,+
2.0462651778151897,1.5210985896038196,3.8758584814474366,2.674582815115108,8.521821394169589,-
1.7448731023307895,7.191415234165161,1.397686349051518,9.333938988175309,5.4220741481338,-
3.2347208727173737,10.0,1.6415058892843957,10.0,8.471047764961739,+
8.834381275638421,1.3772446135080896,0.6592374277092261,5.6655298341431255,6.624310612913104,+
7.63482404712725,1.073984782486837,0.6252533298947051,0.5782781762316953,1.1066819214763166,-
4.685797291981965,4.3959546882961575,1.8198234585456485,6.64973095188826,6.934346249012738,-
2.028094616832887,2.951476130997624,1.5643167467995553,4.524592131523239,9.634475404622625,+
6.8289547293708885,8.277632213342752,3.728168791250297,1.0364037671991266,7.9214910885021155,-
10.0,3.6763517852358576,3.1477785619953864,0.9971149089178889,0.620406509195751,+
5.6743691834199215,9.716447671758402,9.030598442380649,9.476474529054988,7.040850982395636,+
2.9899560983856293,8.951960471116323,3.2791864466922083,2.272635738434389,5.8703961211703355,-
7.110894534200341,6.423562665934516,0.22563380389720278,6.380404847154784,1.1308587115403723,+
1.5220470934335066,5.006473651222234,0.21074045936238542,3.425038082725865,0.7107840298295047,-
0.8116928897297315,8.03651351250182,2.9572029051297943,9.463690970305485,3.132251153874793,-
1.4654084086116426,10.0,3.9498749555409645,10.0,4.803525768755893,+
4.307893927930722,0.6909113029339986,4.84884376444332,9.667695670810964,1.3151919334523998,+
6.302263278605018,0.5946174372987352,3.063289227519401,8.956801457161324,1.3475857584214954,-
7.919332908706322,3.6075403343389456,5.059946721857437,2.268429530187598,3.7502203742185203,+
8.447532137541536,1.5592202487942135,2.4064654214628356,2.579629690378815,0.14433225650796594,-
7.987844368039353,2.864940818057594,8.873841762360081,8.591282419295071,9.775706937812657,+
10.0,3.4260979337759117,10.0,8.621591517225806,5.317056579832451,-
9.982525445774368,8.424251874869755,4.551942343784699,4.958771752961352,5.520269216300111,+
1.9158649918554471,7.9292293790404695,3.7605923641797756,1.4183405736525232,4.382548524643088,-
7.284749208698221,6.174158603496825,9.668504220108819,6.863872861091773,2.3968550396594424,-
8.779696942250494,1.5567195895550359,4.150685442010317,7.837506043011324,3.7695982427650523,+
6.349670805246439,8.463175523318592,0.12634152135907128,1.6232624260360162,5.3718638794756215,+
6.207642632114538,5.766701960293287,0.03074500144212161,0.8031468485021308,3.7225053932989716,-
7.731946769978401,2.6736907805982177,5.650833369813385,1.4976553460691178,9.017011376481111,+
10.0,5.2826269764153935,6.27476847849464,0.23689160595666148,9.11747310807435,-
4.27836299886523,7.574518417855943,5.036061082484649,3.7704937447448628,4.239533300965173,+
3.7266974565162982,6.623471118195234,2.6608812535200537,0.4282761667189462,2.4962060258078824,-
4.735382900938498,7.709956719521461,4.9132887222893356,1.1365830113435837,0.9583320886029911,+
6.538286709299789,8.115281950248667,7.705760437337136,1.6424836045614746,1.850058774971765,-
7.082134359476827,8.072752920230444,2.1195435465939214,1.8075816781979492,7.474657092452286,+
2.182149299775745,0.3454694369630028,1.347028564853574,1.6483432010446788,5.495392067301013,-
2.6521311442131026,8.961443424419256,4.858739885578203,3.4213063872636296,4.121332703117431,+
2.22357867990111,7.962882382712536,2.067921902417828,2.9747806652063757,0.011217638731170885,-
3.648905939671694,3.970386786754083,5.516545123161097,7.932136548942337,8.896517689518502,+
1.5780750364532998,7.304508105846566,4.5201932636678555,10.0,2.7771179692215564,-
6.118055043430922,2.167930674035267,7.855011871424644,9.650427525079511,7.81779586466974,-
4.946666859516466,0.050532777571113324,3.828856898378396,10.0,1.2888925045945174,+
8.114834289185309,2.0075842116414355,7.142509384570937,3.4259363825656495,3.5575255245336788,+
1.7776800060527322,0.020271845434397716,0.6801864719548555,2.820296552076168,0.4321751438201166,-
2.823680614424541,6.486812421341939,1.4317101350617356,9.508233766166507,0.7871695714379046,+
0.4694037672491003,2.5585667795609597,1.2820272692246992,3.2355593138739622,0.7227933706194299,-
1.8830787833868445,8.954204228490102,6.584213204569309,7.211849757106035,3.3736003983632323,+
1.7798287562517343,7.086706424828485,4.382894319871521,5.08181915029286,1.2038216421082095,-
2.32142150047697,2.4240307863943746,6.087102226614648,9.471443933169985,3.1926060646637167,+
0.018929956671656818,0.5030027541969936,0.13041991090359278,8.67755722335361,2.4558231784995144,-
4.947735913826983,9.876786777608144,8.649249941138896,7.771692436583883,6.552082026378602,-
8.955199234858307,10.0,10.0,10.0,10.0,+
3.918963622973881,5.665409733475303,0.1350500467934468,3.6338750226734637,9.927187396790147,+
1.8497496325766225,3.29691339547012,0.021376732047689275,2.388118051269047,7.421987858866794,-
7.306754170054898,0.5992753590124611,1.998094276196476,5.783993066357839,8.64016705098094,+
5.965510589895905,0.04880060468225398,1.4179429107271586,1.16229129225359,1.0253009240726616,-
4.073173239654731,6.201922960110675,5.860071752914911,5.026005976693996,1.4378635716040378,+
3.073643015725449,2.126805160765652,1.5289610219514542,2.30371954869288,0.7574354440842515,-
8.599109182749592,9.354930553819102,8.91847745945298,5.9758076360201,2.9736278438504504,+
2.189259693610351,10.0,3.319512833656249,10.0,0.622153323116395,-
2.1420362030592086,2.1485035695443964,8.497323420469522,6.255275709310208,9.617712267175826,-
3.1040521877328184,1.7491339064281928,4.352121788322973,0.30276324998409776,7.604999258337019,+
2.7136508609794694,3.9155028926674085,5.9661493629071005,5.30679594835386,9.820439070488524,-
1.0058411803958611,7.552478196555807,0.6403714316329981,5.019400460935149,1.5615815557718922,+
7.123996138316571,2.102165502322543,6.814415425666828,2.453484671832821,5.233165263942238,-
2.189970084905687,2.81997706296852,3.571543946772626,3.7301081919184678,10.0,+
1.5779850404554452,2.9021500178882995,0.15078080018939732,9.886964890741869,0.8478601871504587,+
1.3032047885198395,0.9118067961302182,0.05203870690899548,10.0,1.0373052542161638,-
6.996172954571898,5.794089121982571,3.236232209436487,5.337848561888618,4.29106312426049,+
6.277845911152868,0.5249117194484292,6.393149774199274,3.4290601997014956,2.284056991289145,-
2.8883772699462087,8.780368997474103,3.276543909729809,4.077391216073616,9.623514340571392,-
4.0024335794901855,2.3740051083269593,6.145705773489924,8.050467950272049,6.940429003685623,+
4.740184055167578,2.581041488511743,0.6774252139458325,0.8162590871449349,0.6149839141146274,+
0.8580657344323666,0.3343872954503677,0.5446573761241433,0.4804665938642212,0.0070502308277169525,-
1.2232412281288285,1.698949130691847,5.218528175955967,2.2621750420084528,9.45579852545363,-
1.7121421424355572,2.0613874137154347,7.88401625616,3.119582163507868,10.0,+
8.120433360590766,2.5874095831210067,1.279053661229712,3.099390044768886,1.3431269889689146,+
7.618407380254037,4.046943993572665,0.9080516322605935,4.675881664068623,0.689017299075706,-
4.827029813638167,6.764868929783066,9.009089945393258,0.9777516048037005,4.106212704118704,+
4.859634338178121,5.668521640110442,4.716716690249777,0.7337275932692232,7.14715798353808,-
2.284593135994096,1.0960048045981508,2.5467363339039184,2.97413352249282,0.2111489486173146,+
0.21995829551731344,1.771107358842628,0.380658098461996,2.067856022809642,0.3898944872490867,-
6.992634197077525,8.03182282565421,1.0550303079206635,7.034864348087281,5.1236128437020625,-
1.6975183031744145,0.6764225737245279,0.3678446199333465,10.0,4.308140459022648,+
9.880399390059804,3.946837185612968,8.981295000040774,9.577273366769354,0.9405571204638952,-
10.0,4.589584125128178,10.0,10.0,1.7864111567188126,+
4.2653526122815935,5.076521003027849,9.146027660995186,1.8802995746614692,6.075696243194502,-
3.4298747567231365,2.5926432839684153,4.3950775770005155,2.276798140323095,3.633015226669241,+
7.761638941875178,9.176504108573946,4.647282622675259,1.2569206922291265,2.650454112258606,-
9.68810359052414,10.0,8.10723549352037,1.8594183429685491,2.652256469811524,+
4.50177193189646,9.644508649713975,6.80284263243081,8.780649186901027,9.339981662115582,+
2.483729877637727,9.719910091489053,2.7224310366668227,8.389439086629134,10.0,-
3.6198694552930757,9.436268944514383,3.6133856834869538,3.8337911048621773,8.705504493902609,+
3.3007291968223464,9.893853303870907,6.260616011652197,7.651239067048053,10.0,-
6.635453076113448,8.960543027791893,8.671034824650206,4.430379473469705,7.331740313581671,-
10.0,10.0,10.0,6.356611145770173,7.930156277661815,+
8.549218154000897,1.9958750822169535,6.803895439922768,7.236627289587317,4.520309516476727,+
10.0,2.799114378407064,3.7953511551472863,0.6398394977589312,8.987773441186787,-
7.451002071054521,4.591553627910269,5.380200102588692,7.360713402823194,1.4079403302167837,+
8.972496370647116,8.88910664998868,2.952064853217351,7.710194192929152,2.3612523877653575,-
4.154562774397531,9.305676603853309,7.649000936454255,4.420467267060955,3.681527162387539,+
0.2542848228990262,6.923888469920304,0.690857940368954,4.10154895940249,2.017517089871335,-
4.708903057922446,0.7903657393287955,4.743064592030635,0.30906270795316937,5.1816472179581785,-
2.2225224067668123,0.5060915496068144,1.8234660483008862,0.3635165338232393,0.11213655841682106,+
6.9254394493785565,1.7555087173101103,8.859540006089176,9.96763620505696,4.667671599852923,-
6.586347081363097,1.0521493760653153,10.0,5.52564588667943,4.452357389163898,+
5.112012721801973,0.14458495505580649,4.038954148656031,5.6708702706233085,2.7041839415069227,+
10.0,0.1856950577276862,5.526408885260267,8.076167121395393,0.6769484351883617,-
9.46125315973203,8.145835928053948,3.8290527847401776,3.6386558160214366,1.0747153789598418,-
0.991954847779174,4.514279038607407,5.070860143369599,1.6315271700569904,0.3749654516743395,+
4.814885349849715,7.341754183333364,1.5120364533976538,8.946893239104169,9.026212481146164,+
8.165850977307672,4.17123992789926,2.539266737328912,10.0,9.112219792419344,-
8.19523284014171,7.034788812711294,9.398685594497191E-4,4.830944327144478,3.477204872142016,-
10.0,7.165312503792322,0.0015337217873225215,4.931254375898471,4.012495448464744,+
0.17973079691420146,4.348429544900591,1.017752862621989,5.312617380374906,8.203029622240255,+
0.10510984902951868,2.9326221201681406,0.3866092348890351,4.290629029616362,5.266893604705215,-
1.8800223056947463,7.86020086549299,5.4970940691173364,0.3804700292430596,8.826204240653988,+
0.7970888465111585,7.660085313724055,5.20982663471069,0.5245018983251387,10.0,-
5.384951210472647,3.5726087393128827,0.15497652693660657,5.464846568437228,4.288500662163491,+
0.30870615278353625,3.272702535621964,0.020408594238610737,0.9988125143308336,0.3048547223669796,-
3.4025084854912513,7.108762170941968,1.7794255514697188,2.579177714233717,5.741758397695262,+
2.664861873364468,2.708971040924065,3.526807785738795,1.74463218408008,6.71721918308455,-
1.152036570659336,9.857038733900904,3.38849927849287,4.018269306062409,5.126985496316054,+
0.9645511813510625,10.0,5.165617055583337,4.74676577676403,6.913072348664763,-
1.7160969180249586,4.633011158599201,2.7218039734428268,6.042688147354184,7.508646716260637,-
2.4847784375230297,4.027263133538435,0.9605748832324057,10.0,8.499318626602165,+
3.7179097638022016,8.526410709729964,3.612373524455773,4.551860733050067,5.577227891746116,+
1.8104598919864727,4.938007996975332,0.6403967784303266,2.840125697416276,2.1925714980367412,-
7.483632616936401,4.906882444464658,4.527930626018826,7.520481689413958,7.774460710228834,+
4.369464363455462,0.28837253070884244,2.955223533771109,1.0505398636086047,3.5221379493184726,-
9.518944550743054,4.901936180667708,7.701379581349562,1.5108022506974605,3.05428043612301,+
4.10746268288527,4.435278186144151,10.0,0.15220122368401662,3.46530803269686,-
6.80871735890142,6.833539193181867,5.694568438032052,3.58366601441797,2.112431927744752,-
10.0,3.4852302644439885,2.2131518447685226,6.400933876943565,2.9115697357428183,+
1.7903131426483387,3.116585044667004,9.57794788082705,3.6981359723180782,2.2930379295713377,-
1.7116278294511968,1.8592307361600051,0.08360016426416818,4.7254474487959595,0.8742993680156489,+
0.7214112481414725,5.29750542657522,6.021261603194953,2.552261027608078,0.5043503451592279,-
0.7868361887415004,7.3140319381378545,6.20758471753348,2.7056995834892956,0.8636815172168194,+
3.4138780272791713,4.47480367527792,3.83219475932683,7.023412186853139,9.281728784071253,+
2.9326071033462444,3.9910676064339246,2.7947847190424224,3.246892536488258,2.9289917659604834,-
3.880905159374758,8.773106636763812,8.228253146745516,7.79227642638878,6.708369250215263,-
5.195127589898891,9.514571676316075,10.0,10.0,10.0,+
7.987199079002211,2.041145606830418,7.688922732167,6.596177872794237,2.051192701685741,+
5.384611241169392,0.28022204235461157,4.729802147083094,4.762266865658777,0.36496722226010936,-
3.0859757424490497,5.132059993330039,6.197929335800344,0.4923269184708856,8.413899636244249,-
2.7969759376000787,5.097700805876889,4.673740550374553,0.6570358682125061,8.035431480844576,+
5.320370052531795,9.219829236214183,1.673522982341834,5.466844093441047,2.352455609087815,+
5.00340176197703,3.5903099838924812,0.728559968094721,2.681317128927353,1.5757935116463322,-
6.221926412443603,9.943200346450679,3.909417943793213,2.6018941188410585,8.116188872852192,-
10.0,10.0,6.989966116956386,2.775143930508923,10.0,+
9.876075026298928,2.187576558937132,1.9087789635899677,4.229794859112822,4.077760840177925,+
1.4680663702340107,2.4413169652948374,3.0157941017710534,5.992240339049253,6.486172033998433,-
7.001652802253682,6.070055173538401,8.454102763887546,3.591793711768767,2.343690715576736,+
3.187395358898909,3.524706131927226,3.969368534232342,5.435846058287709,3.195022092771798,-
4.616396985023188,2.0795231635749434,0.21299735917942653,9.267332033988371,8.323097208610704,-
4.53257299974736,1.2262723074416542,0.4211750714489858,10.0,10.0,+
2.103128980104305,1.6222256395200518,1.2511605402334303,0.41694680570588116,8.932683739030603,+
2.115486714843718,0.6923849100671509,1.7220357595640627,0.707565007554815,10.0,-
1.1914293607847348,0.5128715389198446,2.967964293627141,3.0915028735945524,0.32912373089822977,-
0.24640599310326358,0.7903809731875661,0.6970436232801412,0.15130518586954964,0.25262300983550157,+
4.473252867298767,5.512509253097965,9.07840340245771,8.252504850438795,6.440907512484958,+
4.084630721200759,5.235604475120264,7.217338870525387,1.4428802794997515,4.080329935870268,-
7.921149417397726,1.327807272915963,0.8611674569097738,9.479739422536763,0.9574600816248824,-
10.0,1.458131587284676,1.4443878276983222,10.0,1.2729538775312075,+
7.831227223938467,1.6445820788610899,9.960981080909416,9.082516275280991,4.27218462979172,+
7.637993017118571,2.5121906246662467,10.0,9.8480646929335,5.998268497435962,-
4.355577475749665,0.9523346777281361,9.39490298715898,7.349100416248873,4.033386465276361,-
8.608571259686663,1.5163683330640543,10.0,10.0,6.358176624915716,+
8.442874961417353,2.5017461224159074,7.272853056897565,1.9327947900016251,6.428760415310557,-
5.964000799332657,1.1393755858210866,3.474831399155082,3.4352734792249504,5.733470464025669,+
8.112807039279227,3.5100727000422784,9.51734314315624,4.031577997261931,3.1018224685836016,+
3.055901538090589,5.934202223917763,10.0,1.3333905162143684,2.917297247447516,-
1.0818683315267175,8.932747396318389,0.2896288313934059,0.5443321656200095,5.0668696709582095,+
0.5479246656418048,5.659957815949899,0.18113845228519743,0.3558675713508552,1.811534269968608,-
4.821780824439138,0.5367823809586436,6.068175889564761,5.1136663628401235,7.966809757377572,-
7.112799162399555,0.9266869947868386,10.0,6.913540267301785,10.0,+
8.730206022796395,0.3419806471381881,2.116637357172052,4.160157152568687,5.80632189011935,-
10.0,0.5055106347882362,4.017951672061814,6.380245885113658,6.506300970324063,+
8.05324676668104,5.845465975841561,5.3601198241343955,0.2821185300269291,1.6548106390000772,+
1.0731147500670524,0.021796629060921016,3.56778838158709,0.21170176549574624,1.4344603491529184,-
8.473437612156427,9.373392806644361,5.938000424999624,8.199112518522476,0.8881640321680961,+
10.0,10.0,8.98203851715795,2.097520971335462,1.1619904956198186,-
3.7498451285252132,3.970292764636291,9.641181835240415,3.9134913039423114,6.549464757784417,-
4.233988631900588,6.550083914314723,10.0,5.035530091182015,10.0,+
0.4900050813506507,6.679242414103151,7.381954771734662,2.7321962495833496,0.2851277994025625,+
0.9735131523841001,10.0,10.0,4.683076374997361,0.4186994524305404,-
8.194657637510456,7.1923333123153395,4.3870406111916385,6.768544208425455,1.1908933093594976,-
8.950751942828045,10.0,5.720008993245168,9.587343819390385,1.381849922012876,+
5.520941548600574,8.719966313550168,6.118653499179214,1.589977368217429,7.026552137616317,-
2.123452246046796,10.0,4.358302302761952,1.1107956621306225,3.1900414507537693,+
7.449274044873736,3.56012498655633,1.7902387495209082,0.7914866476931781,7.564023572945192,+
3.4309148586465974,4.018525664237423,2.015209358120602,0.9912095934903027,7.832384142078377,-
8.676979467400837,5.914578492797036,5.384691490994717,4.946054192962466,6.436078529904728,-
4.221673884297619,2.8752356051082497,6.130650688765512,1.657989264726687,2.0935692492437807,+
5.344449563529735,5.91060497538578,9.670576711179862,2.803705784318681,9.477637173117285,+
0.7944934842414489,4.236805444538375,5.336205722627062,5.151441812479687,10.0,-
6.92975364791545,0.8580769993893267,0.8828884237198065,2.606309629376764,4.33847170729334,-
10.0,0.9220247412038398,1.5205513466028902,3.386912605132317,4.5740677505627705,+
9.451743844269744,7.858018720275065,6.250373280993761,3.106634443718832,9.320281978444802,-
10.0,7.412899858037622,1.3425076373591285,5.241968124551487,10.0,+
7.538109641426889,4.966838906809721,1.8502853530356478,6.82069626386007,6.53679968382547,-
1.7187263985653394,1.832863868746738,0.6392466945598282,4.368769170210653,10.0,+
1.501214495268569,5.834008038747988,0.5752446414020951,3.8046930561816925,6.925942693732164,-
1.9683199577952069,5.525538409199057,0.9991437358310895,2.9093256475490743,10.0,+
5.799508198606079,4.437068670842271,4.694475892629111,0.9344679390461841,8.886048329097356,-
7.106449027518153,8.737740314601993,7.959709591623361,1.144974146139632,10.0,+
6.732486902662202,6.875446029618091,6.173978945543431,4.620357639171944,1.4216568599570045,-
7.246252815056751,10.0,7.042797664831801,6.220553091794883,2.5969648335277933,+
3.2429477115721452,1.9248106576731672,7.101321943727252,7.722005792554178,8.841858589848634,-
2.833069223920451,1.5317305729707518,7.367273560865426,4.138051481324224,3.5913337702094212,+
3.3730180099172946,2.7564676113935196,9.040490657431532,8.428268181156003,1.86862451918413,-
3.8737745197273106,5.229718093690882,10.0,9.195362723371177,3.4831412283905823,+
5.879564689084789,9.353737082743066,4.9852444155274975,2.443402485240785,8.26528054586373,-
4.985342740216815,7.078938642892394,7.593119871272802,0.741432868803973,5.237971493856258,+
6.976042860105222,3.497489124722021,2.830399829418618,7.262144696099922,5.242284803011538,+
5.4336517136293345,2.665477952370285,2.226577250730171,9.556722400529054,6.911916118557305,-
7.7762958439462935,8.067580110382057,8.992474683466149,3.57041066504269,5.388833798119973,+
0.6061942275650815,2.9563045903514378,10.0,2.76149935730919,9.850754161924502,-
5.3971941809448865,5.6228086931992305,9.639890525483438,3.6399188340147006,9.551976299846404,+
5.901032561193619,6.978303376238364,8.431228131544623,2.024544113493507,0.47669884020553943,-
8.746379396649086,2.904113527446074,9.628199001443448,9.265078717049171,4.141067355394993,-
2.375369052857565,2.2695040632050065,10.0,9.992532304385964,7.2025174425430505,+
1.234346739348392,3.5144194998602964,7.9818912646221225,5.642926418018136,4.876176827878808,+
0.5980345329960475,2.1612692329491368,3.9196297078715645,3.4705855276664157,3.13084854861245,-
5.477342282017219,2.774891927044881,8.030278897388866,8.194962526205025,6.392841455515615,-
4.163348139805236,2.3805180776157147,9.98653503285436,5.7655998924522684,0.9851622036661556,+
3.1687756838130543,3.031249869141811,3.900630900536094,4.574811434044212,9.268746703494159,-
4.636178786584276,5.168030906536106,6.54222299495218,8.565800547687434,10.0,+
6.294351893330742,9.876238806423624,9.273821022620075,1.0891419026950688,7.566372402490048,-
10.0,2.6378561221773293,4.180250271456204,0.4324193843927467,3.340144365817273,+
6.880732052959128,2.616348418000495,9.332196777627287,3.248902603281153,8.851227858016454,+
0.7312408333011925,2.332251287893589,3.8823014025855227,1.5119205305509187,7.549830525289279,-
9.24540422256125,2.2964561959750327,9.311805191997566,3.1831907819726304,8.00065394134456,+
3.0909854375390853,1.69416933763493,10.0,4.276920739926213,5.131347769623478,-
4.8272076516777425,6.69864655829433,7.144995589225665,6.820062793624572,1.4948547670071843,-
9.154112715244803,2.9725047376263007,10.0,10.0,0.8047928200973481,+
8.172191855118166,7.439220149541276,5.729134299114451,7.850122001116162,7.7926108635520706,-
10.0,10.0,7.814266185121115,10.0,10.0,+
1.2722702092636262,8.895836046014093,9.32921115339439,2.9784284215401193,0.2623373251406247,+
0.7429027340646445,10.0,10.0,3.707838912170891,0.28600398589293197,-
4.888140819423027,7.779356971618121,9.56071848711135,5.0913249925840995,3.1423656406500724,-
2.4399627719002006,10.0,6.730029752046543,9.330697267015568,4.307690517280619,+
2.523089105356294,2.395953420432282,5.854849755688831,9.785048451161163,2.011890579459373,-
4.477684635042354,2.2258260795606946,10.0,6.0299241505370444,2.240483778241509,+
5.878372952322485,8.50008995956514,2.016388379930316,1.3488965971694966,2.0699527338439894,+
0.29301027011948944,2.7066123583842074,1.8704170945027832,2.1553117331200005,3.428100857641136,-
7.115943540958098,2.4307478251384227,6.043459321121265,3.363997733788555,7.419095970407524,+
1.3397194694412429,3.6246072467713,5.739292930660301,4.624628351017857,7.302075562624524,-
5.125359110656468,8.05841108758534,7.129372037723789,1.1907422419587754,7.251113362077506,-
1.0171565912263376,9.05497334908464,2.2021372645740125,2.2593956069685843,10.0,+
4.167585578315912,8.183843284273259,6.1046838419273595,8.500459925321906,7.60845329414885,-
0.7970924439151564,9.857991968732293,4.521200412042508,10.0,10.0,+
3.1757586726254985,9.7917609409222,6.0710884940226775,7.096931996195571,8.347681250585808,+
0.44683518274737233,0.6398530535225644,0.9012863795087745,0.2866474669252635,3.069870902378808,-
2.7208078598792405,4.250148191224929,1.669560013986483,3.6023948509633943,5.6734297519934564,-
4.003347987764168,7.741018011551583,2.7364448256320646,6.041389758688567,10.0,+
2.659225748749532,1.4039515525241786,0.49626826181070505,4.337757296927793,9.121642554764662,+
4.896216774424459,2.347256271552781,0.44017134161225924,4.3991237969551715,10.0,-
1.4506880028818514,2.2978009067592997,1.1011062883426104,0.1300792116880367,4.452107811306894,-
2.0981733718625453,4.059333745147063,2.05532154612149,0.055133660029989956,1.5476237006950992,+
6.01732048610165,9.19745834589394,5.485975283069471,7.839352708041027,4.876239075939328,-
10.0,10.0,5.375663381575606,5.784716134185004,7.071847167947442,+
2.148096758136381,1.1201204833557032,9.097329731779938,9.121325808992681,5.606360437037122,-
0.856044922660638,2.1154307867841715,10.0,4.468217271744399,6.783795589277981,+
9.716373561814667,6.974429234637864,7.069252018135792,5.692664963469488,0.5696972894140251,+
10.0,9.118738802746527,10.0,1.8539708832107935,1.1277526072032489,-
6.223331837081652,8.309683523423057,8.103662282558217,3.271720761158524,9.064096908649306,-
6.542623219612735,10.0,8.866309967403282,3.308036274683752,10.0,+
7.816959073915738,3.4222688502959544,1.5830678039096557,8.329665729383258,9.980155673229236,-
10.0,1.2909560923299204,2.364401362484541,6.468523622602312,10.0,+
6.6896255692026765,4.776911743339055,7.978148719393853,4.88208430307467,0.7660563818084865,+
2.1614283255668445,9.495762891399519,0.6131083566068517,4.770280012437123,1.1646535722299391,-
6.08216843121078,6.517518228141719,2.3774106943517204,8.238222883447333,3.8039315732484793,+
1.3090626289260352,4.350598941019807,2.8516419341625783,1.3372082207591334,6.2156706267648385,-
5.67976393230915,5.812336327799449,6.849639998297191,5.509837447347294,9.046073682190288,+
2.0262495949442445,5.180413926205685,2.514347570897294,5.114650310848084,5.183689541419348,-
0.4976631105291407,7.239860089133079,7.251757547694338,0.4319435032874597,6.666230968828853,-
0.8818223524560974,10.0,10.0,0.7020466726212699,10.0,+
7.668332641402137,1.1025918957508962,7.6015355442446015,4.759137998428167,2.474073523988387,-
10.0,0.5707259287481996,5.478233471549094,8.71626817290784,2.6479357005980075,+
7.786877942534975,5.852057571548065,2.554670313586124,9.601895137416532,6.011363098226106,-
3.241469803691664,0.2017017787207328,0.9276496971083483,7.120762369288254,9.967121437121849,+
8.097300701580437,3.1107504067093816,9.703000753219703,3.3088990185292664,2.6042706447802333,+
6.611731519934077,2.8150397961534654,3.5887646738166348,3.5929221661288806,3.6821975417543378,-
0.7176184079248082,3.1507016248540265,2.7158225677221592,0.13420068901538018,9.5305784568201,+
0.13507229188703399,1.1645857486705873,1.3046363501384872,0.13331101582504012,8.579544674736972,-
0.6433064644459241,2.653747444898773,0.8443020368508591,8.963715254937503,2.7752287696257016,-
0.24488589505013386,1.037634623284271,0.012779733072898845,10.0,2.529093870458548,+
4.979982216726139,5.484268917440739,5.052345631266935,9.182293894127769,9.906319840222007,-
4.66403242680557,2.7382107749817504,2.6901071954246345,6.559720251297732,10.0,+
8.284824682966104,7.053141356289766,0.8656091702840785,5.096873603766068,4.028696062141396,+
6.586973939336183,0.04030774311601791,1.3441508390416965,0.7848860997543916,7.3308880686123565,-
2.5543247850541273,7.0251135303947105,4.332771416040901,4.985598675502372,5.183132819234816,-
3.7047784624877282,10.0,1.0082649129888028,1.2679990658324916,9.916127290382292,+
0.19173357717332085,6.692614056639043,3.04907437663942,6.634395279483759,1.4445800142499665,+
0.07457395837860818,3.761406219482282,1.3081684256585262,7.891852419326639,2.398716524251359,-
3.5595234610584114,1.4451682517091002,8.141281655577648,0.2663518084951344,6.073048911433787,-
6.015539282020983,2.08065326379109,10.0,0.39581177551487173,7.873081587151489,+
7.297188906763443,6.419674477629917,3.2840424610949226,6.184842563277852,5.476454306750236,+
0.7670154296974213,5.661022135843308,5.198184778643881,3.482862381851325,6.247250536376437,-
6.571214714609126,0.5858871599142457,4.705901980837898,6.7004656299664305,0.03223093598550664,-
8.562337940731467,0.831127666237707,5.386873127134475,10.0,0.047697203508956676,+
8.986660258670051,9.30444541612953,1.2919610880579746,7.237669924331129,3.5924488586143575,+
10.0,8.314453244159978,2.0467008706235075,5.325996168322126,3.5210231884312,-
5.271461325400299,0.5749410761772911,0.2262506851702928,3.544915979972293,7.381005282347486,+
8.479374249974045,1.0407672497487588,0.4266626662272859,5.210146363070766,1.3289375244208936,-
9.085346406624598,8.67229721708955,8.390460450999337,6.249567211481094,4.6626826326709025,+
7.711300785297154,2.6871869754710436,1.4505327723382357,3.5962188843013037,4.341831099846577,-
4.769729653461599,2.6111015164932025,7.554188781454827,3.940575371825318,2.934944253554892,-
1.6642393113324796,2.7809172761450043,10.0,2.3733583233776048,5.811842801110086,+
0.05034485760350815,0.6458879157078634,6.881829911795246,9.455851652626098,9.946518932569866,-
0.053820003207419274,0.4043316747123413,6.376277130195201,5.752752354480416,6.581777934804159,+
2.7516227005979257,6.559802117698017,7.063442158654043,8.738391990981032,3.2328885977915114,+
3.149136487027444,5.124329285244911,8.4495716056336,3.3003853184571983,2.7085263286172583,-
3.203705303523093,5.865002618047316,5.781203969166001,9.894751032593629,5.647113700580107,-
3.0890163176138543,2.330662083400737,3.9329249018234997,1.9352031697956262,6.308505076587489,+
9.567025032898881,6.270676538173781,0.676135878642744,8.227978022886054,4.541627881986984,+
10.0,5.921832449935378,0.5238123869133251,3.4760430027856377,8.607205159777237,-
2.4862949846689553,2.980835611887506,4.899018943795022,0.9557646402962872,1.1304164269504757,+
1.172696306524289,1.4181474165260786,2.1831967792918037,0.5488754079206307,0.7915153392347145,-
0.45524735618149403,3.944588618993472,7.816472903894713,0.02820650484307352,3.646801258643592,+
0.26777294442641264,5.316695352276348,8.160716901506067,0.05377726143205653,6.106732146805951,-
6.115538751428026,0.8691999554243945,1.163751994022444,1.9489214556017675,4.840796717554239,-
10.0,1.032779338439208,2.2493602680694282,3.555984288799391,5.207325707507158,+
5.958104311532844,6.908996395777819,3.86014450519781,3.198810373923772,4.753569538634544,+
6.286935367445741,1.2303828748912764,3.0069622802823086,5.121677715084586,1.7485326821415503,-
9.256957305691376,8.85570935706492,8.63741425310911,1.8922298110846258,5.384395750317613,+
4.3189994673721115,10.0,10.0,1.7940128364802672,4.512971251868798,-
8.746651007031359,6.286392493966424,1.4916386679671445,7.617601871799615,6.28012953355626,+
1.5014431415774725,6.828138452868247,2.5901750837496262,10.0,10.0,-
5.769077846041293,8.149055356462293,4.601088287960236,9.004788562461362,6.840578399739651,+
10.0,0.17233968040348036,8.206997358778807,8.18797772627764,6.028345810701519,-
9.654928470933887,4.877343774574792,7.8939938397007525,3.38803167846508,4.856189392895162,-
1.2088506641461263,3.140493086095416,10.0,6.264123520150765,5.587659098040337,+
8.776416637067118,8.962514252714849,2.6642090701187082,3.896655385772437,8.874360959886872,-
10.0,5.268082074265836,1.487662648700212,3.36598219025993,1.611173773915525,+
5.638447410416589,4.310780265543903,1.420450009889016,3.518603617977253,7.818439486836332,-
1.610790103264556,6.329839739879589,0.1355369775911944,0.916230694063238,3.700290899197042,+
9.054763849508374,7.785590069766595,0.3841627168316031,4.289216541052415,7.1447693655777815,-
0.5909542740719429,7.130422820702197,0.4480745036291424,2.8799071322718754,2.6210801474793546,+
7.456816868794665,9.817434521395942,8.31091753254299,8.360866988359541,7.903135717344423,-
10.0,10.0,10.0,10.0,10.0,+
5.96775393169403,3.8158670065535203,5.319540698334428,5.145710504906989,3.0328728896722614,+
3.162265850830611,3.4027327736928727,3.6844291717182127,0.7050143735891408,0.16529758722973037,-
8.349177527781784,7.177572182876198,2.086394479191048,9.747909546067977,4.6587804726831195,-
10.0,0.8385604263289999,1.3460555529727132,4.176328430415213,2.99768726332274,+
2.6949158384507155,9.650768424303745,6.028753220461541,8.15753030469546,9.042659285797772,-
4.911033782249798,10.0,0.038160894173293006,0.6816629342600249,10.0,+
4.8184408764192534,4.857612619929236,0.6699815944974441,8.147625494957232,8.67495936578129,-
9.498611632166169,4.955316515850541,1.0790132293079489,9.542189873646764,8.855289241485393,+
0.5696240020579579,3.7096978525912636,0.10927267057705858,0.6641596460929011,5.659256207693265,+
0.10796715381790242,3.6096514219570532,0.19152849409848358,0.2542521167490211,6.340955878281923,-
6.351903982242726,7.0600884194231925,2.6862240491303027,1.7831309826962538,6.713802031162439,-
5.514457656285053,8.783157731846462,2.348690142462846,2.138945279209546,10.0,+
9.488046048374617,5.25996835666691,6.72425372864784,2.5369065311299934,4.565063571461636,-
6.7714981920043025,8.923251758156702,4.180506705567999,3.5957868803142095,6.320122532663633,+
4.615142660048867,1.0417964390811618,6.474416942492449,7.205558582334655,0.7177478493953593,+
0.7880488556440509,0.8423413760692322,4.21297277997582,2.523935864605953,0.5050914273542959,-
6.773389102369098,5.5707884488422295,1.796156992615069,3.754377703350442,7.032565337532449,+
10.0,10.0,0.33023533147309175,7.499415662160609,10.0,-
5.911126956709138,5.084715632101853,1.8675368617260502,0.05972419424931874,6.6805064177238265,+
2.257978135729815,0.4573299007519913,0.06204587989290915,0.0837047157258428,10.0,-
0.7429725856709135,3.9201994291631426,8.412779176873409,3.3161465710527596,7.654109766637964,+
0.6396765441015801,2.215390955672046,5.584313712471389,2.7417999104840325,2.185042761658848,-
6.923032125386978,9.072784460201767,5.896187018190401,2.0698569718427717,4.758679809814871,+
10.0,10.0,6.960630336924662,0.2973858472111483,6.363715941107949,-
3.768839747655175,6.254371444694662,7.24510507305162,9.283002341924298,6.287396406963774,+
3.4160002254398685,1.6918440096281768,3.9985115268385396,2.404519057697269,1.6593206409970944,-
8.2118576426727,5.364714947408967,3.6744438426198234,6.686995891380426,1.672987580338281,+
10.0,8.100541910664631,6.332827100970873,2.8830536219939136,1.120711445592714,-
2.1956779168787834,8.794389941582727,5.823165668442525,6.654972764631952,6.428750229221233,-
2.1129048438802256,10.0,8.982181903239935,10.0,3.2240671199536473,+
2.8525649843188425,2.7490194471221896,2.8842203984985106,8.512847915645201,1.7704788279095363,+
5.301795451555383,3.9667074464127703,5.265824045860689,5.315140780076305,2.8242643487594385,-
6.353434594928739,1.5280147898086383,0.3997575888016447,0.7529733074991329,9.109882206375527,+
1.2136824140376528,0.9910838414378277,0.04349863098481541,0.3191522864118274,4.252451327241458,-
6.367340428362327,3.422991243500922,4.196349426280774,5.320188492947317,1.7337165350484607,-
1.2656749914944663,3.4569458133707243,1.0011511140112652,0.6862167060671497,0.814422091052994,+
5.850611485937311,3.897053458372498,0.24082974755186948,5.556717989604333,4.53638342952043,+
3.6985643744231824,5.432087138213632,0.12020900817270704,4.781483337239931,4.540089957943072,-
0.7004425565022965,1.9094804929606202,9.592165481051715,6.1899830125880895,0.018476663436505225,+
0.9732135008107756,0.6597838841857341,10.0,2.455980915303458,0.011958142652089951,-
0.5960418515736576,2.1466759863071436,3.1767630105391307,6.435158788383076,4.515338956538638,+
0.4701186497452709,1.3507914217476122,1.0987922688385054,3.391443733844984,3.2686130958407995,-
5.601368044763882,7.99443748443456,4.287639128473199,7.4890609680839795,7.491860009156911,-
3.9535642568980034,10.0,3.0614973762384103,10.0,7.83560772631243,+
3.1343311466847323,2.3504473039229055,2.740762805777508,2.7825399743340307,7.216343617016313,-
0.2767125224282296,0.6640290251049563,0.1374721067810161,1.0524537816942292,9.305862335044885,+
4.719908367247917,1.4940060822956625,9.263052960337031,2.253443598421152,8.793996827315908,-
1.733903379016262,2.622282784825328,1.9440551839198412,0.877296823919232,4.428565154910978,+
1.3804516832430835,9.816990558389588,2.2003000318670027,4.406659602497589,0.10403601621547853,+
0.3568767615120464,8.8172724441025,1.255458673632849,2.3997975585079176,0.03971817774405344,-
6.31193148973726,9.498321504256445,4.574328802009351,9.088279129141998,7.78508336968031,+
7.725780444273519,6.014769437252883,8.583745602313481,10.0,9.02422372492285,-
1.2882836935667785,6.7421793489023285,5.984219481219599,3.1841214161680673,1.7990570029965447,-
2.4517696794085264,10.0,9.276746975964853,6.3494991276011294,2.3765764661495976,+
3.446955399994731,3.8860087300331267,7.33997660398595,6.519552658706425,1.7595995256546748,+
1.7149898488258113,3.0633533211004385,10.0,4.1914502382427035,2.0503175813241996,-
2.2479121754035147,4.860319409019223,0.30583735429703496,0.9272080776687563,8.530718920919758,-
3.72669457785129,5.716562689081535,0.5395154886339047,1.6386437655975203,10.0,+
0.4741189014774949,1.3273547778731798,1.6937317463800483,5.491103510634491,5.05600882154404,-
0.6127514068872311,0.7687872406063699,1.9356392120516273,7.841834118814205,2.5776324703248,+
8.374456051997223,7.8909056593182285,8.005862543107012,0.5840237460683007,9.036388627682362,+
10.0,6.751020420174099,4.546071695974321,1.0257122979643831,3.0884450157670984,-
8.116301509557216,1.837163201607347,0.26356153316245523,4.793319454209363,2.976320359708271,+
8.171968540162078,3.2922866889778883,0.3965027030511951,1.1846406523842594,5.8543822610643685,-
1.5309388961652415,0.655138939683011,6.299256641986897,0.004506484995863147,5.761739730109033,+
0.5466737633617254,0.07158564463310331,2.2005989768749097,0.001000671568829791,1.7354589481285474,-
0.09119253573003694,2.325963521597385,9.786850971880472,0.6606698356440743,6.496317021164872,-
0.09537444492389652,4.3205865632664615,10.0,0.8035913313404193,10.0,+
6.08043548911361,6.648609709299369,2.2131157751186925,8.901053431876122,7.850784253113527,-
1.6773657970198028,10.0,3.976330903248111,10.0,3.066976201114518,+
1.1980288454894172,3.460902751652708,3.547360812321949,5.43970299923336,4.942501311502095,-
0.4571206502015114,1.0785481163482826,4.578652691874173,3.470785289661056,0.8009287205764217,+
1.2187556362831753,1.098139024717496,7.512675542227811,7.966747115153442,6.5796010737754775,+
0.19523025393595803,1.5239901719745115,10.0,10.0,10.0,-
5.22446472334252,9.304102780952414,5.478204948913541,5.738961119174647,0.8023579272854686,+
0.4019895410981191,7.283209940210993,5.289733125234883,3.7255877933675365,0.66213299432076,-
0.5171341231670645,5.443791741524647,3.637305006776268,8.01116830565318,7.052582155593906,+
0.7669041483675589,6.3257279951813965,1.770172348310327,10.0,10.0,-
6.113484799845988,0.5415874583010816,2.782448109154857,4.822187922671084,6.658764825553938,+
8.421038398493328,0.4300397204965758,3.1226619904627277,1.747039440326607,1.8390176383185846,-
7.905563464567708,4.198686233322365,6.739690557354101,3.4767339996693494,0.5813002979142168,+
6.844476032591955,2.454914423320849,10.0,5.927825594148669,0.056186824287987866,-
3.6561668010960657,2.750143705885871,3.3943669423823097,4.490544104773553,5.921579943463804,+
4.791024528699268,4.772692160818116,3.7799239560675635,0.778127795892453,9.225539442318134,-
3.970824934527913,5.585978957650192,8.568349125075086,7.574571708647103,2.157649554180324,+
4.018389322640034,9.308529474631277,5.072740378553455,7.61059892814669,2.6439617341516226,-
4.246349284232655,4.636345064801123,7.748867504925286,2.6582402922269766,2.106428437724659,-
4.558805344802952,6.108418395577483,6.423114256548284,1.0123296861628026,3.048121957876324,+
6.255575496094078,8.827687092416582,3.7245710885111394,2.6389423834354755,7.366647016497955,+
7.51967609043649,9.418165440292073,4.079061039601725,3.3283635526844018,1.860724655343935,-
6.951741150681491,1.835162985152412,4.853907134603588,7.7754058406261155,3.7699743865955195,-
7.550559288290729,1.148979760233581,4.3454560054755955,0.028450711425881316,1.9487928172311932,+
9.522999161138696,5.752243826860246,5.490439645093273,5.919161669391858,7.02900598466225,+
6.389250934409932,3.1523490021774943,2.6370665322657807,2.4429388450183476,5.8073077914168385,-
6.312611283802571,5.084156554238931,0.8133706028140475,3.3239311356789667,9.510704452463042,-
6.829759963823058,9.408394224324335,1.6083661591568614,5.300363767147111,10.0,+
8.055138253563324,9.037167330211307,8.02710645644756,3.672013096158704,7.838216589305169,+
10.0,9.252874813763812,8.254302596917409,2.4605049689478298,10.0,-
9.648317305637242,5.173958224747814,4.634643786442418,4.362631065905834,0.984944965729877,+
9.605850287053926,0.4587168556327295,3.586644714724824,3.5609600694988064,0.2985120471487534,-
3.2980949292885144,8.40699442153357,3.0214432369198594,5.377387857471353,8.01107341504846,+
1.9090313736495323,1.6768828559303004,0.6966994050716616,4.755808994895186,6.119651103379813,-
2.409252080822437,5.971419273277684,6.389347737355958,8.071582082303873,8.130262703583934,-
4.670628533558068,3.088689389600872,10.0,8.244562032541067,7.030979791334983,+
4.016501857196997,6.48576525204133,6.684990839993617,6.506258418314969,6.600944371180118,-
7.4897454190628,0.5670040768451969,9.021175564062553,10.0,0.3859140652661371,+
5.20317019799815,7.722077985428015,6.6381538069214105,2.5533160441442826,1.8913496423612652,+
3.9647498436691633,0.6611799024994454,5.340568672589444,1.007263820867359,1.7363422026185051,-
9.137896164011881,4.136947577196558,7.523971850928703,6.403130481730291,5.187928812391544,+
8.80215936182232,0.13212418100973206,1.2307414474981342,2.4134691731594065,1.3049945436651271,-
8.901891907152844,7.751648041334955,5.762728805195044,4.276558115655233,9.81462721140838,-
2.6637045966282327,3.0640187419293836,0.23392110644232228,7.041492523481766,8.878736199776208,+
3.681156721793941,3.270974919664673,5.863731097927411,4.090747023071851,4.041563730757122,+
1.1965610543020344,0.25962425109687565,1.6311739619724632,2.9721960184889946,1.622475015053468,-
4.493869026100654,1.315298330895911,0.6053267058087652,7.11835048598174,7.105826766531377,+
3.4096145815200334,0.6043040544583633,0.08246097806734548,8.928394554165665,7.9010487278071135,-
2.843932178011964,1.8612647507216773,9.568556132025604,4.688748157157304,2.377528910700133,-
1.256215163395811,0.09049382167351659,2.762415754565098,3.2951635343758485,4.6372574187815605,+
8.334978403908295,4.821511446578576,5.582649215497007,6.458651598481553,5.4662970940310895,-
10.0,8.065969013989113,9.800640282009173,10.0,6.803859866510026,+
3.7027740598393253,2.14826917955689,9.661974673494177,5.101256288139893,0.01273305585349993,-
1.652294836821772,3.348364908696088,5.02620519073218,9.356227777206158,0.024412991170253147,+
7.812617577791421,1.8888052119168464,8.151319663679608,2.106882016545246,2.48787466012927,+
10.0,3.1885308451697734,10.0,0.7955822214558497,4.411514290762863,-
2.565117043704489,1.0305811707443946,2.7879867462294285,4.899796347136722,7.838192199445925,+
1.9148439242531035,0.9775760854664233,4.129695584705017,8.156890269347658,2.604087115446287,-
0.49465309358089904,6.915423927659795,8.963758128847783,0.6672266863346521,7.853413331168692,+
0.8139790581697014,3.920967659468211,0.635272832284257,0.7062558789655334,6.841603778144429,-
6.66997354556691,5.491425210689508,0.11481414802583689,4.299278432269488,4.527355646524461,-
3.2691970785048503,1.9403691859374017,0.1058356603258434,4.067307822791498,5.007872068859572,+
1.3200851585368123,0.6427107607384641,8.48782953557088,8.900433742731348,7.7966830087488805,-
1.720689538750991,0.774731435234171,7.351663179506144,5.112510686481735,10.0,+
3.0378932995524357,7.034586002018431,3.665462324152009,1.8549614233376521,4.985754140879296,-
0.8031723866070838,10.0,7.0596980510978025,2.1520590285762338,1.9342099689035164,+
4.5329378964026725,2.824786359594916,4.081742679689141,8.152913452262652,8.749395841228644,+
1.0327555936761987,3.468296991529202,2.8468096465804953,1.4814551997465317,10.0,-
8.371399804699525,3.452453630574581,9.253421206877125,9.408848232597983,5.8031914332662335,+
10.0,6.073553115973775,10.0,10.0,3.141838850182066,-
3.9231881757772835,3.857115807520606,5.245170893846179,4.804035135253547,8.123016344817673,-
6.050614600466363,4.728380244415534,8.706132982488315,5.899146227442829,10.0,+
3.8474014346865912,4.839432192542429,2.5088048799856133,2.495571573320733,7.728159684623117,+
1.4579837789527832,5.523583932123551,1.0638799376923083,1.113024547559923,10.0,-
0.88317074566995,1.6028096439273554,1.8900071210224323,7.428754607370582,9.289251188297968,-
0.9935106933573806,1.0899473622805564,0.22163199201628955,1.5397865534114235,1.8589672578517815,+
5.402422603419991,8.9234144879333,5.381307869022239,8.607315602175753,1.5038066171052955,+
3.290299227134685,10.0,8.752993737003326,10.0,2.4152816859521073,-
8.655035643156259,4.987901214683697,0.3072733064041522,5.038196150477496,3.20574391208452,-
8.403363043488437,2.714791441517187,0.6065393098245193,7.8209550270076145,4.009054177022432,+
1.5660496839922922,5.867494159438953,3.2736686868875484,4.390292672624048,9.330141917820693,-
1.5031557778602982,2.829075840082632,5.856720729777797,1.0580573238855295,3.5509585020297454,+
2.4246132425902056,7.734984532499434,2.425594612910934,1.8981276394193203,1.0866693186616883,-
3.488261237306353,10.0,3.7698337843785352,3.0829307520701277,1.6992686775460326,+
1.5577481203010557,0.1846707059745667,5.398940770824376,0.6542201378782297,8.376289838911577,-
1.8505971944560906,0.049103324320518844,8.529745569874455,1.170685815456919,1.3259179729543777,+
0.18627034749388982,3.379248866351218,4.282297948297842,6.680845644354237,4.1301957149184005,-
0.09555100764608844,6.124219087757921,3.289176579816636,9.284250879688411,6.994277378546964,+
9.956302434342426,1.564132803066225,1.1656628843270977,8.993989529006848,4.395319943501388,-
3.9099050120579557,0.7262626373119316,1.025733155731429,1.226841001995884,7.544664926276008,+
3.065298335098978,6.867360034197639,9.71004370001211,7.328233693571576,4.51186459039329,-
3.1830076764094017,10.0,10.0,10.0,6.303102032474902,+
6.5083957059821165,3.1032627092175447,1.8094583186908086,9.09661367778883,1.4836774921234952,-
1.4697885914459128,5.324179392782853,1.636468337556249,10.0,1.981227534720331,+
5.702908705592971,8.506133544505426,5.260776744142959,5.774332040389663,7.3057658871144895,-
9.700569224381374,9.887245422049437,6.479489428788126,6.2766541222367875,10.0,+
8.394642550766719,2.957777627381314,4.4070137435629295,9.57295481138266,7.691910706112541,-
3.5662540426209977,4.7388797985432385,1.7897362947570714,7.56202076300831,7.0392105843402355,+
8.506246755099365,5.997733552391785,7.126417586950807,1.6824526559777309,6.590145403968942,+
0.28524213956626987,9.651960317177673,4.973115832172521,1.4798472974979224,10.0,-
6.528373648594631,7.122643382370936,9.527025317407867,2.726619964518581,7.071782760236997,-
8.4750992157118,0.7900613392606118,10.0,1.643355292114229,10.0,+
8.23874501938149,2.3160336962573638,3.373967581073952,1.2502011677254066,1.727139253383383,+
10.0,1.2321012819382844,3.725956925400278,2.2792154813394765,2.0169785171042167,-
7.457029339990226,6.581369033409615,1.3153848879107055,5.965977100474229,9.768212089365562,-
10.0,10.0,2.1742612496793052,10.0,10.0,+
0.9634789031207636,4.254712026997755,2.8596394194188877,8.55160360117048,2.7976237931490013,-
1.3460693176185816,3.2744903863028805,3.2018129382026985,5.366981126319307,4.228887291601163,+
3.672875595403007,4.5291783909036205,5.375255692187666,6.474604993053363,5.783373275501865,+
2.621829319782813,0.9835622608993208,3.6232565649135577,4.354412777313217,5.087611963421368,-
8.046910683446146,7.403946750330844,4.488214620937672,4.609997591003713,2.5415377530814087,-
10.0,6.775547199343306,3.345548704347611,0.9391733656899866,1.4147225770386724,+
5.241457189085202,2.1112493144977327,7.202749913010564,8.776489354159413,1.5313141331355329,+
7.552724797533555,0.1427105406160783,10.0,10.0,2.805165271373425,-
7.1882541915513425,8.410091162906944,4.356082805003737,3.5960492107991526,7.2329477969168,-
9.204786346796496,10.0,5.654602797185016,6.457738430266094,10.0,+
7.466390236199077,7.193549881725016,6.917695571370849,0.5384139725623949,7.272754272547863,+
10.0,10.0,0.04607145465327423,0.6301779629139056,10.0,-
0.6256160532498001,6.063149242655128,5.023529108186637,6.0441391315068795,5.605640154663498,-
0.5730373202378682,8.489888058055351,2.4055501977132647,0.9979408930078884,0.08380006948797904,+
3.4157897007360205,3.454068391522196,9.665352213203356,6.346242936132526,9.153041614254908,-
0.3317587638783003,6.383947636602893,10.0,10.0,7.139334185111005,+
5.763005406812267,8.549661526584591,2.9922163440023186,9.728096298033545,5.794354362415476,+
3.8903637220586145,10.0,0.38962235287949726,10.0,0.5609571602768509,-
0.40059458839441286,2.133788521743244,0.30325956356039296,8.841532000656787,8.89771127026338,+
0.29359487768589243,1.7923338644583944,0.2719924715509835,8.263980148001892,2.2659882417799606,-
8.793790520530028,1.8930007191599574,7.84698766277975,3.407889644925741,1.4808978266304185,+
10.0,1.8168963992825429,7.006288982458086,5.17114957392787,0.45690517716935086,-
0.7825896631967177,7.417060088258225,8.035049147959228,7.968853072608373,4.36767459517601,+
0.5438444122071843,4.073999975351042,1.8538177339147552,4.85111147695336,1.0676511337036514,-
6.902561986697279,5.09174845426406,4.051686014161521,3.244869051938819,4.022063167392636,+
7.100648915235435,2.959955109766261,0.3076152950926327,1.2281209847557664,5.400282055453541,-
0.7899424044933001,9.388233959689035,3.953159434436783,5.564163364546028,9.670233712430178,-
0.19482911025097613,10.0,3.4515108425150696,10.0,10.0,+
6.603231838712994,6.418149157719878,6.789160690781122,6.968393271337318,0.06599183340604609,-
6.1053470629027995,0.926627703447978,10.0,10.0,0.07873183981188449,+
3.3687981942330025,4.998267570019529,7.345035166519585,6.378198349774856,3.36717681814151,+
5.377824426010344,7.934688976311595,0.4442377512719029,7.124986047702466,5.3974151242106645,-
7.247665828764765,0.206269689110965,9.973881039868202,9.880791758617908,3.8732885397912833,-
10.0,0.06013692555814935,4.125127427902435,6.6848914154697905,3.591385736886781,+
1.9398878706600098,1.9024361065941109,8.16705727920301,8.006261913942762,0.6508302810184585,+
1.7301579424952624,1.5946820935442032,6.176506637336196,6.75618801217461,0.6064813466422364,-
1.4540313328926602,6.974397417422074,4.976398281517196,0.8950654889615284,5.628895107437401,+
2.404207549330021,0.4033441015847187,8.353110554532705,0.7326601567997025,3.3792079181652843,-
8.211567869010691,3.57091321044264,0.6335090522308295,5.637345538257783,4.389663992031539,+
0.6437837221415977,2.90757072382196,0.38137913661502837,0.8006431637489262,0.1568846318750584,-
3.9149180751604087,6.91756493176096,6.764769666751304,5.988402943157317,6.619429818653102,-
1.7860893575781158,5.285453618245818,10.0,0.7419206621190906,4.078642722386985,+
1.3797884736642585,6.7505961974179804,6.24469644002696,2.7133965263487636,3.3984133855840373,-
0.5086433037764141,5.945440478667277,0.4077573081086084,4.716914840818969,2.605284510093323,+
7.222769043068799,8.817850724740397,7.84874471371989,2.1477010638386016,8.628140328512083,-
1.3692109236379648,4.183451696497637,2.649049165146955,1.354829861433604,10.0,+
8.814340140880674,9.994654370590746,2.1544451483595664,5.642063147437403,5.22315376555143,-
7.959700755715229,1.8914325321529044,2.4823436950679354,4.793998765290672,3.195884965419942,+
8.788402219797929,8.823032328698055,6.291079851959967,3.1651018626577967,4.399899811277627,-
4.534790836619281,3.683917756496942,9.33862734697623,4.399885832669439,6.809213698466767,+
8.419110354348213,9.6035145625463,3.646767288220106,2.2047195263943653,0.8163321025366954,+
7.167490064829495,5.3042884699684185,3.204882961438735,0.5236318675946064,0.3042998501550465,-
7.727301053841549,0.4395319436090195,3.1582400492664298,1.4399700570837115,9.87510957506004,-
10.0,0.837002198661415,4.997013186638957,1.8429328043242563,10.0,+
1.8028185699272348,6.333430005166426,8.32766486102284,5.447262831128547,2.3643604716545576,+
2.6004416743759293,10.0,10.0,5.921721210645484,2.465063692487756,-
4.444151766537855,4.63831568954478,7.907241261208706,3.672693149662326,5.762713454635648,-
3.562771267920884,5.870549941447667,10.0,4.987206954570603,4.583461765443439,+
5.559274937793366,0.8170301004031455,7.810307830425014,5.502371647689497,4.672985722067117,-
9.265697288970497,1.3602716048578023,9.020855392388409,5.862302695460374,5.682623995959407,+
1.4835282408775297,8.130675030083577,3.780316941601244,2.021792256074866,4.743677603849279,+
1.2488969366657512,4.221820282528107,2.1474205702957456,0.3830700280090546,3.6421436732667813,-
8.460813706737511,0.39448743167804223,9.63812646644216,2.9109936920651016,9.236730088992536,-
10.0,0.2603817075899123,4.976207847077086,3.2099633056857377,10.0,+
2.9404382569513086,2.308343077333952,7.5965667427015475,1.1541264142638663,3.50905732465102,-
1.7729682721029485,1.7901076807112453,6.082434593478493,0.4895380425441692,6.454709323424837,+
4.484409038140541,6.625913603606609,8.071134737542792,2.1193297425234348,2.430149692155715,-
3.951178887268319,9.837588305754489,3.733859025260607,0.12189439910527139,0.9822762407327194,+
5.168745534477011,2.7311501697320164,1.7981510829188962,0.11728057217545884,9.517978642868453,-
7.641263630940352,4.752571601784521,3.4109716595965693,0.21094601966292684,10.0,+
9.129283531225562,9.351029200528139,8.079854702695558,8.695489675526442,7.031827827391796,+
10.0,10.0,10.0,7.165858320458947,10.0,-
5.430746665440584,5.891885072160623,9.339423281794723,4.54194460762539,9.150550742865114,-
4.890653899841211,3.7273423590412604,4.588168824673451,4.168614357025267,9.692283392887042,+
7.511134100202842,8.275458956473502,7.985209129626751,9.213212534336616,7.470316724284839,-
10.0,7.304622207024226,8.508099612374629,10.0,5.319338696851175,+
5.02923085277612,7.080341122383191,7.138267323746285,3.799004611867025,3.070757936669337,+
2.688119746828852,1.0595817339132516,5.7085905930558685,6.186098984138464,3.6154740810636783,-
2.183343347682082,4.393517542800617,9.861384243059156,2.452284433237489,9.479823499497593,+
0.525925490328765,1.733400301167333,8.00841732757667,0.05623640114595017,8.93408678749384,-
2.81175275424995,4.492431538913252,1.4057731427054532,0.9216983295726677,3.7652381936854717,-
3.605886699846084,8.88685017723497,1.5308366626520657,1.101413585367301,4.500721928591542,+
4.05613399840533,8.452750032185808,5.539054264276313,9.787095342459063,5.2827913330879355,-
5.032952865074626,10.0,6.48737139900563,10.0,10.0,+
7.748089556069989,0.4564992000473078,5.173681080313597,1.2464189187100627,4.562477433114758,-
10.0,0.17894784048304793,3.7906143608937897,0.5996519263738168,1.4320405519058244,+
