2.9541648738332817,0.7100947048995565,9.761766535991178,4.522180169876701,6.22443872740015,+
2.4250817684107537,0.6634028403017308,8.512244317539096,4.275385015314513,0.8585308805709431,-
5.350666102841787,9.137628391601652,7.788285694708003,9.385439106792798,3.680549016983111,-
3.863630075773047,10.0,10.0,1.9187605634017342,4.39491907540493,+
7.1480959956733425,5.569069638649538,6.9277731442354735,8.851465475164847,8.306044061198275,-
10.0,10.0,10.0,9.435426745593693,10.0,+
1.2993295389330128,0.08858626312428952,6.678512109604176,8.344534323858285,4.14446559897112,-
1.651180923932905,0.15160999987022716,9.197023923592734,10.0,4.306330412513995,+
8.691375551765697,3.3342586126363294,0.13948477299759898,3.5331939288244874,6.221012683800343,+
7.022155972379797,3.8545258624420904,0.11746950036849547,6.588526873114578,4.332202714679112,-
3.7072824246294434,2.8125808449638634,8.177778784870894,6.086499633545888,4.01917562264392,+
3.252976784223834,0.16822813838200623,2.5500968834088655,1.426879845136998,3.2034511664493612,-
8.567412380525361,9.959482262014209,4.829496855560258,0.15830954269389408,9.682760880860808,-
10.0,10.0,8.714933848342605,0.08814723558900331,2.361454640047371,+
9.981280429050274,9.054735769368019,4.382172115519066,2.759697636162304,1.2219972375918653,+
0.861879131987022,1.8595688259701049,1.232300077735723,1.9916309077609935,0.335789306873558,-
7.386309813005853,3.4730126194812416,3.5679575113541007,2.5265384014380423,5.778394745962884,+
4.877055191103288,0.6410632822658059,4.947832356406576,1.6643732235544146,6.257611501307544,-
5.338635725864021,5.379280775557165,9.898893531249753,0.03780793577342845,5.23363455006675,-
7.758998332617203,8.957298706664501,9.226269639912884,0.03986109793992099,4.527616537812954,+
6.355723917849435,3.9069603262721744,1.0822015270952223,4.550747106037423,5.22331718736054,+
6.594843727617979,7.811006575123588,1.2249543584687217,0.6611867977138427,3.37798468879812,-
8.849925175018605,1.045345258565149,0.21158773162400113,0.968931553642155,5.283383820872558,-
10.0,1.5410358945146414,0.34619504397862766,1.522680847890168,7.593809534376311,+
2.4680904742056784,7.068058160389034,1.1322738742238592,9.489290218098112,1.9047914433673474,-
4.579858408753659,10.0,1.6157476447964485,10.0,3.702399359598664,+
8.467519174852452,8.5708854036512,5.131880118245209,1.3390491801678872,3.96987372202372,+
3.7522640052261718,5.269130717347643,9.865348080655668,2.0240311360203056,3.2259282651946743,-
5.922987889170893,3.0900413482748212,5.314352110045041,9.608032322641796,7.9292881290856885,+
4.947868350862137,6.034771129688249,9.352898170856875,0.5605462787871313,2.383381102138262,-
1.0426008549725718,9.240025646288615,8.904995861499552,4.022166496213389,8.715189802210052,-
1.3067142467239417,10.0,10.0,5.828040398609682,10.0,+
9.212528191714046,1.771360395385586,3.0738146036016154,7.804000730938351,4.453804792857381,-
10.0,1.433134289064123,3.3332802640184185,4.328225406720256,7.299168308286836,+
6.563557252654791,6.83429020620744,5.116560875944163,6.948594092638082,7.927243942656323,-
10.0,10.0,5.73399750529642,10.0,10.0,+
8.766484181567535,1.3507862581602326,0.7338623911492759,0.4189769003368049,9.660100437748888,+
5.800113806345221,1.3146522679593071,0.6509198407946063,0.18901376045613752,5.933732532595347,-
7.157198437206177,7.885162413103438,6.251793841378036,1.7261070437839376,9.519731495945233,+
10.0,10.0,2.851851149217503,2.3903044463534187,10.0,-
7.3599061368080605,6.230918138033061,9.908499085937125,0.5824422887455161,9.393147355573294,+
10.0,0.47797442851185373,10.0,0.7293360169248381,10.0,-
7.685265114903711,7.088149552095637,0.3835131584138085,1.2479052185381145,3.79732486204973,-
6.847207603426671,0.04557382891460009,0.07256165482783135,0.13374240439743026,6.6475898798038155,+
5.159396560315567,0.70553199935806,5.916370099404157,2.6156660902833515,6.651720019484337,-
9.176867990051429,0.8028070489567639,7.579544725239368,3.544416517278541,9.366593054170316,+
0.8039730288382485,1.404727385358654,3.0060231164270235,2.708794916203199,4.01199815819406,+
0.9804480418780006,2.717460371690611,2.7105626244054695,0.4524208586174014,0.08941084143322396,-
9.828934228152155,5.328232497129256,7.861646145202757,4.956960274153502,1.5292358460745603,+
4.1471195595794415,6.621246923913933,10.0,3.2814122322273342,1.8873257414186995,-
6.698693093778089,5.301023880302594,3.60619375739905,6.428049362185316,0.7310230607195978,+
5.938574946380794,2.5031755188223004,3.221245023211332,5.204261339776225,0.2154937935770377,-
8.059933425988437,2.3925268611558668,9.755046586599525,1.4321346090533227,4.974067568380777,-
10.0,4.430913703791581,10.0,1.919693817640768,9.664118245811805,+
9.97110476379466,1.645020358787307,8.074644616556078,5.882424517616029,7.510521889519489,+
8.405561161963124,1.6460466221735812,10.0,2.718496577705564,4.752044969277587,-
3.320609662644097,0.33365608344872677,4.127275288650477,6.23199176680269,5.279664328293157,-
4.806286875251118,0.21968157731318508,6.934651629109013,6.24172915676787,1.565010426632691,+
9.410067094332707,8.693264440360295,1.932365881808552,7.816474826861379,2.2974880383333094,-
9.212231352388608,10.0,1.1153310904667202,3.0272971938123088,1.8995779093971776,+
8.00943944896643,8.459168204116757,9.908017628861094,5.7564196848556755,5.474491846972807,-
9.839307602360872,10.0,10.0,10.0,9.547328311686732,+
4.798518991294016,2.669018446958007,5.879197119369306,8.250650153675798,9.864983104326539,-
1.2770888762767605,3.122363144430399,1.69441934242692,8.153363475118304,1.2811584997901944,+
1.4301144324669834,2.3227770332599853,4.458352428751741,8.318964935486685,4.512997168247576,-
0.1013795440295263,0.9651827328377124,8.576863109724183,6.249387022133968,0.5349873749943506,+
4.473814011713842,8.950564301484661,4.839709182601208,7.4377501791438245,2.0709815387185495,-
8.196063310854685,10.0,7.786018288155704,4.976116615517447,1.565864295653794,+
4.359887606127865,8.254684683651814,8.011115766854687,3.4550222049074786,5.728147381288682,-
6.204174024805026,9.472526072811217,9.276750631528172,4.47448781121472,9.15056441770983,+
7.8843225862136315,2.3751077931656184,3.5954535603119995,7.167531588354532,0.8435491158868558,-
4.025716845506228,1.4853078903447434,6.3359035070690926,0.7231288656587825,0.26659485911959707,+
1.4944195286035145,8.630836935920842,3.6514070804242884,3.0644599845788068,4.82617806585319,-
2.832458659633292,9.99486045008233,1.082141290147846,1.6494125161695616,5.996929850076102,+
1.0449914044862763,1.6121981111054218,5.011448540720654,8.78661695134361,9.652967968670346,+
1.766587171012896,0.16706665197017942,2.946199604699879,10.0,1.2971441921278326,-
5.478122854718523,6.283026956935548,4.173443847485075,9.101341925772058,4.888077768175191,-
5.0926670370662475,3.4903021118856947,5.392047591313942,4.229249293507558,1.7637839654032794,+
0.22001665536204973,9.482527645388144,6.2654959342163385,5.965527643849398,8.876141466434493,+
0.22259518373849116,7.5936254918705215,2.7762234249234163,4.997157436496765,10.0,-
0.05154721629920589,9.6142752485243,8.126663552189804,1.519800376125643,9.910386626073304,+
0.0017437062613683825,5.737640534774512,3.9191308236963804,0.08846569145984239,6.9879972550450455,-
5.967434300634161,5.798595387959562,8.613097198656051,5.531045704009635,5.65176332783088,-
2.483277638147554,8.508100274053277,2.4548560680184197,8.112999539038665,9.345400137985672,+
3.3526205502039397,9.526753942713244,7.920486330909414,9.894897088752398,6.476109233385285,+
6.322819285755211,10.0,10.0,10.0,9.528932478502151,-
8.16595841834575,0.492678642193084,4.921285642232397,5.406018867810653,8.106466181140448,-
10.0,0.6953255147706272,8.220952290554154,6.530660775334434,10.0,+
8.732817394780449,0.8173781304916117,5.45494962981096,2.397584351936257,5.179487270903213,+
10.0,1.1143545511430213,7.076553412425572,1.641084825471896,7.2669415939666875,-
6.267134267591381,2.7312962679254085,4.759788835977632,9.084355542495906,6.536459398515203,-
4.095461597455331,0.7791898082755702,3.7509984707884696,8.107903654716113,10.0,+
4.475681181779133,1.7961560676364652,5.928783806973846,6.191799735793606,4.3849319205103265,+
1.643491624542757,2.1339687700102448,6.313949491011489,2.7584761300397003,2.766386409366584,-
4.030383413957562,5.531921797263148,9.735719240406807,6.358912644032893,4.155997366325693,+
3.981617482778823,0.6728147983921414,9.146802369465178,0.44939967725727054,2.5465738516818996,-
6.862051802706457,2.6778437972452016,5.5715349507420235,4.877190317133911,6.873564228255729,+
0.5675568783008268,0.35142371687921886,3.327395781892009,5.6316848729092275,5.066119753230774,-
8.756162237540433,9.622320815153383,4.198830758503843,5.198317631687922,2.1254840058107782,-
10.0,5.263096557562722,2.0701859331586414,3.5824513340449435,2.0096356848271015,+
6.791381448165756,0.18014625433204312,3.3765588997451204,1.0706751302906081,7.799521269049997,-
0.8159683972068283,0.08700887962290846,4.503239912822463,0.7655516471797499,2.4811941940889186,+
4.773113755642161,3.8348732105142727,4.032005094173645,0.28686347740843554,4.870495869040231,-
6.226842802031804,3.6842294253636103,1.7500178664817967,0.3504348134231256,7.264672784076324,+
3.8260794225446757,8.299827855013366,6.371389541780585,7.042305247750914,2.100788995183347,+
0.15779653715268951,8.338431408017803,2.374734886844539,9.318965009930997,2.0077585794271715,-
0.6784162630497625,2.5325965238193273,2.0853166697835457,5.076997645136226,7.415379753889061,+
1.3330098624439468,1.0453777372168356,3.456284598190405,1.4631085228757588,5.2777420224007034,-
1.487746573425519,3.5796690924994,3.868248626817569,2.961160717791105,2.691123925012823,-
2.893169337935544,5.861767928640084,0.8495911609095718,3.1425201446563213,0.22142699333892488,+
7.0543360680918585,3.7056142231336953,5.642803908114611,3.3107518203324124,9.255314897065347,+
4.234914772023861,1.4337916096906398,9.901317736618715,0.30295693547186703,10.0,-
4.148264113738625,8.220945585341687,5.882893975445977,7.596618867286802,1.1084590795826033,+
0.6746507100257431,5.326051747322282,4.307715557193995,1.3584291608062407,0.9515990875173852,-
8.187908976334537,2.8641223552937625,1.2934574356471629,8.378526402394339,8.884182715903286,-
7.374358461615924,1.3064555232834423,1.3878146408779977,0.4323416218681185,2.079725588640326,+
2.184127273347202,6.030334794681326,0.9718310787602791,3.8262307195063503,8.192629406111651,+
4.312688298294494,8.86596104987287,0.5239261336940909,5.745452314821768,10.0,-
1.9560641592447492,4.46020317758045,0.5209471091781015,7.4567544387738485,0.8980116065765997,-
3.188457449114002,6.102306347921853,0.9331136172688492,8.984014263957947,1.738550629967769,+
0.9738153317206166,3.1802092246697997,2.611196651176865,8.720428661179016,1.7625740331799578,-
0.7770652349558814,1.6405786946688516,0.22308655599725347,10.0,1.066496583743899,+
3.2028789515272074,2.244277236928526,5.183238075758578,1.154043966962236,5.808676233950339,+
0.06525394529951843,1.5992039756665788,5.079408911440232,0.9358469738703611,1.4256080877007937,-
2.32654680201956,7.838872009296223,8.87698150086464,5.17008317184931,5.6881322176153155,+
3.306269436843626,7.768908825636749,6.146256909166955,6.237686373090735,0.9497565374540029,-
4.3693853631908635,7.419081162440227,0.5986163031813896,9.689624845885586,4.07827429176128,-
8.198229127684964,9.178742283676426,0.7395301297349782,10.0,7.688981099787849,+
0.5631269861035759,8.860059303307606,8.76425172131886,8.594840370792275,2.0894690648225533,-
0.07880411406026033,6.234948688998837,9.873631377345879,2.7355035861330177,1.6930038683322308,+
0.8447873995137822,3.5162436414374145,7.867017284209796,6.13925816353896,6.331108830885043,+
0.37839320824622913,3.3769012164311056,7.1215330922304645,1.9378829683848817,2.0331663543047407,-
7.340534561749783,9.372185351028522,3.2734988153255085,4.177921917878899,1.1021918943258968,+
0.48319024923415266,10.0,5.222114997625724,3.5262120940431068,0.016244310111354368,-
8.858406997283607,1.8576957381947823,6.65747614836247,3.8035071348211744,2.1639749872655125,-
8.779510433375961,0.36649159836324846,0.19092192469487052,3.6826289644559864,3.147966951548578,+
4.4710676917760495,4.225593002122466,7.948682288743978,4.354026031708046,8.632109126798941,+
3.320829078234525,5.021420850581094,8.028000993401438,6.940765372135392,10.0,-
7.293405287041859,9.789030728947688,1.8438316880974936,6.561287056824522,2.1854469336044957,-
7.793837579489957,5.03671665944445,3.4489241285327314,7.330005168758023,1.694823019866787,+
4.19470571808077,3.917534648953392,2.7324292628890845,3.9579946872281955,5.750217344718815,-
7.036954005344365,5.749158883314242,3.487410430633351,6.4281725860753465,10.0,+
4.713115920984812,9.027952288635419,8.636147468890037,8.004731059882987,6.802459333511854,-
8.71255023785964,10.0,2.4516546221195235,3.1176903025690614,7.324779789731994,+
3.382982495145578,1.7429217076360692,5.815902018541084,9.702656918876754,3.3748991113515627,+
0.8707082319768303,0.7347088607526211,0.36768723355264876,4.090612385180726,0.5575712903258374,-
6.49701268166298,9.814865776057738,9.180828049812735,0.10303033988580013,1.382448489268736,-
4.603390170285175,10.0,2.898683945912317,0.041201341996562765,0.692294209760805,+
7.851092859760328,8.494109463508385,3.551235436367607,1.435009402799825,6.368753369414484,-
7.008493582543037,0.19233243333620892,6.322710180405796,2.424116230151749,8.856598529737155,+
6.64899293961404,5.590630683226969,3.590541087426662,6.807287637118938,0.45390100145824674,-
0.9669959400378133,10.0,1.2883147412492106,10.0,0.7903521542185044,+
5.0688791808004865,0.42493182486498027,2.4030100962226975,4.781989222065979,3.7381301094283925,+
8.986362391347724,0.2567393215976615,0.780646843953157,1.8771971418942885,6.865227587484999,-
8.740369213227092,3.7559645573064437,7.8674271088550825,5.78270545630977,3.7552687188824088,+
1.9783389229078134,3.972496805965921,10.0,10.0,6.3611140563187085,-
4.356925203246071,8.877824738993041,7.889150621346235,6.920642825389264,2.96285345701624,+
4.05415497388558,2.2339620897377164,4.615819522142298,1.8903203615301463,2.798690046306259,-
6.056439276012217,7.495322282316577,5.922276696376753,5.755905138129986,0.09684218265520905,-
3.9625648914682188,10.0,2.369683885311978,5.50118425777093,0.006223112636205657,+
4.896024938093388,9.313262727598307,5.169178393581956,7.7128433310106015,4.903669386466314,+
9.718632416065741,10.0,3.434459593154172,2.9892102671476386,0.9646364376344472,-
2.920043143013562,7.4625024710475785,1.9823401351630687,1.774454916289816,1.6846251061113482,-
4.094610229270427,2.6199783927459763,3.240406202965269,2.308771876277127,0.8169866510882376,+
7.8651777280409965,0.3873868772336875,3.2370015068515623,9.746967382223986,9.624117202576935,+
4.606424362774013,0.25583479819469424,0.7387935969953765,7.180688825458601,7.0702838554759175,-
3.6441758067035557,1.233428572863453,1.8360254879162219,8.120620637447297,0.9055381901983761,-
1.3638283142681458,1.4905710439563475,2.2904817761400946,9.395185359173771,0.34042134584518763,+
3.5195775510990335,0.28983884688895456,5.210776409162446,3.6718889156001397,3.3084206933031215,-
6.335893260028353,0.08687646730855035,0.1848427166129106,5.67610987943625,3.37296781110987,+
0.769435649828526,0.29685919313733544,7.463866394597783,3.3899082920182186,8.504141571427505,-
1.509325775019596,0.039657805662345426,9.457230723269358,0.03380610387885699,10.0,+
7.914534554009032,6.09980105151573,6.275639825608562,2.886654495430512,1.1654457530153928,+
1.508888026993348,0.043485724444474586,4.074762758450871,5.518007518809397,1.1400688788985778,-
3.4689831501201462,0.6844213027855661,3.207236287995896,2.9841039022755766,0.4675460194857439,-
3.3429821600231144,0.32072919360569646,1.745639627231598,3.125407223440741,0.3872071459783196,+
7.8848358506980585,7.576976772165393,9.014807579766899,8.802701053200028,7.322410222481711,-
10.0,6.266911569629393,2.9607767168810892,4.07391022099151,3.0106492959995577,+
3.044208152366803,0.1809868828097605,2.8761121746062024,0.20307454908970568,8.783153694335056,+
2.410256517052977,0.08238012613945207,0.24347832756799234,2.1572263799937206E-4,10.0,-
7.223721024361025,6.9887039113981615,7.096252267936909,6.575220564858926,0.6939959471480184,+
2.322415390105094,4.135124882024197,1.6116461207457082,0.42826454380817586,0.046814380284918376,-
4.2350081942491835,4.659559280508605,1.6139727634853263,2.1553116874748723,7.727597287770313,+
6.487320178718461,0.20648185095775426,2.266575071395251,1.583817034817052,6.231155164126013,-
8.648088517244961,8.54506208702681,6.595624731820121,1.8746263240684335,4.265572441103549,-
10.0,10.0,9.535346009510585,2.7479265370970056,5.2660980884192705,+
4.400862420808103,7.981989310589075,1.885252699811556,2.033214670631361,1.050089404665746,+
4.1062706033593654,4.633506505036417,1.1363325260266777,3.3287690181229794,0.698930207600534,-
1.6602263858554622,0.022008865359919305,2.8887298937533776,3.161988144835809,2.0324407173619905,-
2.000340235660923,0.043409905766319444,1.1706137127285938,1.5869302291593645,2.213857004336555,+
0.9425551016857681,2.8808009543284365,2.6543199538591598,6.152423707065195,4.332588731615903,-
0.5731443885600948,1.4154626177758127,0.2586127554689702,5.066584410762847,5.698054986165559,+
0.5371321213989544,8.766385296659385,6.342129440118719,1.1283069153178182,5.441020459233471,-
0.6738288203823122,10.0,9.293554511210122,1.6255601981807535,7.23963061492521,+
6.456262824363758,6.122054929309666,1.2090785971502327,7.660882560615759,4.084022544228416,-
8.440577663682166,9.412729320585477,1.8991198691674396,7.730965420301119,5.297277709453715,+
0.2967649480474699,4.879609095884268,4.380241994990727,5.354829884212943,6.171758502874473,-
0.22113787608728233,3.670797593614937,0.3913731726548607,3.80962877003586,10.0,+
3.5616639194115916,8.287451493345477,5.000369081660346,0.09378225766473847,2.8313069946428957,+
6.210749642824658,8.989630674059597,7.300442753731038,0.14713578429054947,5.039437788626972,-
2.5363168960736546,4.023398857136614,8.226754558790125,6.597159909629692,0.5680150670577411,-
3.830373999080609,8.021936307812236,10.0,8.645698555910922,0.5912928266577688,+
5.928392074121499,6.644522594319264,5.709374662461216,0.1972486609903945,5.570908235585841,+
6.8475893435780995,3.1725250519445565,6.233873306654575,0.014288709533451311,5.1442948751381,-
6.287436562936103,9.054497495514111,0.21028916737011127,8.777033289489086,3.5165189597202473,+
2.298050156443238,4.810799486265003,0.1444925215098228,5.438427428122474,3.0270441062094404,-
6.862306649802762,9.738135471572335,7.8607403622386425,7.209902314236519,9.949105572997695,-
10.0,10.0,10.0,10.0,10.0,+
8.743340893497756,9.489868333667948,6.8200019548026365,1.9827761163511848,2.795174619397891,+
8.958059399580106,10.0,6.217256928090706,3.3235457015983014,2.886078385084285,-
3.282511558845409,2.9789928286737197,3.256639852555989,5.072217697086982,8.291530603958838,+
4.0546659478184885,4.328158848950499,4.792270973617197,9.863150038681594,10.0,-
0.03702043624770779,5.6134712563878715,3.941578986344636,1.8586967716904212,1.068453109471983,-
0.008515255190370547,0.6091121763288275,5.57302784997091,0.6602401400645629,0.10893269450959808,+
3.1294997977249475,0.2772771798014739,0.9745959839523743,5.429479246205195,5.844416292131335,-
3.9680998734228305,0.3012083909317011,1.1514837661080772,9.762582102602297,9.454350450682625,+
8.317596907174472,2.6076941394931175,2.997846578536972,3.597361801014779,4.604753799258248,+
10.0,2.310184232239999,4.193168478478644,5.568863930098829,7.959569972966773,-
9.331976294351014,4.552215432347748,4.948903375251666,7.178516147445702,7.313847790055675,-
0.8151194187618579,7.254869840327673,6.045774076150636,7.554087082585865,5.222880409882347,+
6.739722898523101,6.401749601119192,4.421308186574721,5.437008110076498,3.8785882639176625,-
3.6173826582722857,2.698250050280648,8.276304519398316,4.157560660498629,2.3205895231574174,+
5.42402963156042,5.156690427215241,9.654826581740917,5.953498854981525,4.213118841764415,+
2.068294479983383,4.615050214206011,0.9370314478653811,4.4126216107056235,1.1457444803202772,-
6.911878673674774,7.272110677591803,1.8318347362862264,6.798622792331632,5.826858097217165,+
10.0,9.91549970753251,3.0871886702298874,6.816902117813145,9.61048138153743,-
9.17754934244573,0.5573350114600406,8.922660909926687,9.01562084594692,8.094969934138748,+
3.4798397485981245,1.0151752230801743,8.90391938377836,10.0,3.039882344818472,-
0.09216843574867295,8.302688882257005,8.961294106948278,8.862471041744369,8.399492146054573,-
0.06477704384796319,10.0,10.0,1.7029628022214949,10.0,+
5.57320143422845,8.102252968107894,6.35050442962323,4.751188486043675,2.3751383470408394,+
10.0,10.0,10.0,6.927096358884739,0.9803904777173126,-
4.983944987788175,0.7235254801192748,2.2912104621636487,2.9268189109143403,5.308574450248809,+
4.469001994137234,0.35102545385849476,0.7041138938361743,2.7591720923286442,2.319876247739063,-
0.43285560492249187,9.81579555354396,4.3318566927874,6.9258060113389766,5.95821714184773,+
0.4032899438942838,1.24001816500562,1.0508816324016608,1.5364523032661785,5.299780050137683,-
8.23571099521791,9.085374174848354,7.439099087152824,1.3088352233123968,7.186448210161095,-
7.36600125815053,10.0,10.0,2.0407803052713422,5.644794846873901,+
1.1469876820097924,1.490678294646689,9.348196831161884,3.147891571454241,0.615259858422097,+
1.360658280367994,1.2263979347989271,10.0,5.523830146246,1.138566226116336,-
7.852699628328086,2.5260482035617624,9.772477270092155,6.950158651780075,8.471642740330495,-
7.637936395100873,2.116860628312558,6.279845106871156,3.283499610668428,9.472739961058904,+
0.6062880362408407,2.620157972684858,5.262760201085191,6.9726528867185875,9.464038597697662,-
1.1968625485550786,4.220464517906662,7.225687590275655,8.096328691748806,10.0,+
3.949625500393774,2.00747098798989,1.4860815325490173,3.9831493907577444,3.016833688585133,+
2.4216615105610577,2.4687195430605064,2.755066360573884,0.6990488576598965,0.3259542120957007,-
4.892094346045016,7.702479172417286,3.238236633946551,7.506883902292904,2.800154363988787,-
8.939962880517136,10.0,4.898704012251094,10.0,4.549604155909221,+
2.390143958288884,9.890455625316127,7.351462305541751,2.6368872442545666,1.4007495881663168,+
0.033525328974265266,10.0,10.0,0.14412363368870604,0.011960453889482997,-
4.89059206670424,6.029769153649553,0.24127344829907416,8.273155208128971,7.266852101038489,+
4.270583380381174,10.0,0.469662284503746,5.677626776528741,1.9772514375515764,-
9.282872628728896,4.924105957897861,4.522713804777412,7.048262813498784,3.9247706426145355,-
8.575010322005202,4.375195023971375,4.04524578306322,5.2620303417081145,6.226390071654499,+
2.039996480278803,1.962833332578331,8.335643207186472,2.8751241846981235,9.033037324958315,-
3.9984176980054937,2.7102757853746855,10.0,4.711262130023349,10.0,+
7.373968637384984,3.539792200980382,6.7981461292206316,3.465737037124862,0.31529324437589157,-
10.0,6.693082045208161,5.219561749266955,0.7567107840790104,0.571853010304326,+
8.54051272305188,6.355399591316524,5.538098993916657,6.499223522127848,8.195639367230465,-
10.0,8.216857222190518,5.990897509133162,10.0,8.371309057127302,+
7.63465672831825,3.4869393970313975,0.48778665880622074,3.0438533632359297,6.4752279628364695,+
10.0,6.8514340623406955,0.7617063899588081,5.846815504554949,6.173701247558374,-
1.3490319117175742,3.8063014632483294,4.2686945997560635,0.6855172962838596,4.542622211952603,+
1.8461469289645922,6.392160962131543,8.1764495620316,1.040347628497379,1.0535930680412111,-
8.383470673864764,1.1410793677240383,6.55067552618159,6.006603741911486,1.6467149745868404,+
1.6877446340784277,2.150378611835976,6.967484033609283,1.79963745927945,0.4181077918346205,-
6.0507591683045,5.839133675068736,5.465305197431237,8.823028873802908,6.995597878881608,+
0.2158760377751728,1.225027417760232,2.9288345996059735,0.27389893855654823,5.771221309783972,-
1.1621292487704726,2.33049112741768,6.569966160105097,4.96322688894309,1.7575848039936648,+
1.4464171289471457,3.64487639620798,9.51136238140059,8.321382878355575,0.8247657173328564,-
4.903052048111648,3.1217926559985,8.011726279534809,8.24599455962476,8.341303005591275,+
6.3388550586589245,5.03819731563512,10.0,10.0,3.949387175013832,-
5.873094502507156,5.6422992855621725,5.730281473837531,2.1848982883656873,1.5898453798741774,-
5.087970976053215,9.697350626288625,0.4706539428670839,3.2825389962977165,2.103020972260254,+
5.081771427708469,8.181213990070187,5.001730461485401,9.960935864976232,0.8808346471902617,-
8.609265251058007,5.154197259732024,1.79099821314808,3.0988607693651757,0.3697278036644591,+
8.865484863476297,7.785814307566231,9.02323283984382,6.757492078959788,2.2976096709636042,-
1.2612285471934477,1.3369676055442592,7.978595172021634,4.475759600071763,2.710205583823999,+
5.320909377557831,3.1886261069671304,6.631920466310551,4.943296262205297,0.2587096911715847,+
4.329562211263565,2.035294446004781,4.723851157632578,6.6206560026500805,0.37481057725402184,-
6.801068074379232,5.554345170730337,6.568154409671706,0.9542329158451723,1.0723694684042884,+
10.0,5.726249229072822,1.9888752489335175,1.3777828410708988,1.8728251146842987,-
0.2157238765488112,5.622097720977574,0.6635073566691418,0.14217127574994715,8.230926117294294,+
0.059840171078326336,3.365437239358306,0.2470248568824296,0.003931544347729515,2.741315454287247,-
5.983540267988986,7.536626906949714,1.0802033137534217,4.221709237007162,6.234155933714062,-
4.073523762804028,4.802189107422796,0.5651408305564449,5.8739137639044845,1.4585008270291833,+
1.6415541614979234,2.719099689327308,2.0574780587355734,4.23397025556452,9.578387923776452,+
1.7646126458960325,1.6451007617088238,0.1451076765943004,2.6839670227393895,10.0,-
0.19014859069406254,0.005681234883683217,8.678403023905869,5.229232024583674,2.7938841368053122,-
0.08489597686954597,6.304693441481175E-4,10.0,2.2238014988974073,1.130511981502733,+
0.4315204970520514,7.880065194000383,8.457007248249619,2.2836177194259353,3.4225686646228914,-
0.35862279792523066,6.827538845466662,6.2680095977526245,2.9875227881188,0.737797207840387,+
8.399065633568934,6.073707127951361,7.340960259934728,9.813667414947968,5.196502440535146,+
7.274889273050296,4.9038225056862075,7.279006772622455,6.567276153859535,1.9399359729624102,-
1.323383055184565,6.807856908353228,3.0806249240602392,1.181141084412074,0.9061812096516864,+
0.5564625356172914,9.634229269290781,4.6564107074781615,2.127351803908699,1.055118770420683,-
6.816979055321464,3.7148151262298725,0.8575123791642636,7.351508998684547,5.260032207392142,-
9.441644374299143,3.112099224004009,1.325415130888114,5.7746835929844025,8.10434080854085,+
4.870646251658862,7.459878467762531,6.5523799077116,2.645224733455959,3.9138489713359172,+
1.4479941698604857,10.0,10.0,3.8890474866497273,6.18031860883396,-
5.154808961048039,2.2166301689692003,2.783875840400106,9.262913516574443,8.020418447048804,+
6.094406182496842,3.7421380260331762,4.977813317133872,1.2085391386822744,10.0,-
9.071558838126057,2.2513434619512984,2.674630337704987,3.4484744913658947,1.199891029891823,+
3.9659000643003726,0.5544178315662328,5.3014836164422565,2.9931492848401664,2.0616496396671593,-
7.000563794397927,7.1050177606281295,7.250031195822764,0.9156198016974626,0.16942204484913015,+
2.9768978443961625,2.295409216070583,2.9666742814279305,0.30537224432085497,0.08282742804664878,-
3.496204100435304,8.25289779756483,5.895167580871158,5.564252346274284,7.414125099720533,+
3.957345781003542,10.0,6.827549276369006,7.233755063447221,2.4360009242235603,-
1.9558450720391873,9.551554697357012,1.350252764249178,7.637508130548264,2.212767360928749,-
2.9526341607569524,10.0,2.4048551255151502,7.065131142522039,0.7014476783119302,+
2.799075019733853,6.357037467085993,1.4427735461114233,2.7312408572929394,6.9194682129045315,+
3.9117163016733425,5.9231005058867385,1.4365894425621937,3.964403978983229,4.919365880914831,-
5.947932909117118,7.757392486753765,5.498785606731156,4.037101431358309,6.192804170346955,+
4.9724401527965325,2.1447527853989476,1.189222425752695,1.3442248495626885,1.8041952330004813,-
5.927063164776926,6.878022404157569,8.804822565515414,9.678659418585182,2.858545112426283,-
3.484940128862978,0.9960658446841673,3.630631156535513,1.9278187802450324,4.191391042887533,+
0.7748863291307162,0.6859666317610869,6.914031073999405,4.016888727826354,9.407872789452338,+
0.056996063645470316,0.7583728762440386,10.0,6.62773594960706,10.0,-
3.7901518539008117,8.041142293139433,7.29544031849805,5.5310983658477895,3.9221590656588012,+
2.1425328732745275,3.6667956337395498,1.694986465404964,8.514837459331181,7.747546260625267,-
2.847353289663286,5.229378631733278,3.1882681620436806,9.711591746327509,5.776141765150081,-
3.9935623671524074,6.106067738173399,4.963234458443901,8.274059868074959,2.797187943050373,+
4.540487935380185,5.19725390057936,4.690065533765741,2.1125709563582307,2.1292970245041563,-
0.14170922442829686,10.0,6.276518980846868,2.3458023933731984,1.0220980571593177,+
6.080413016432592,7.209340931791175,6.835088780147492,1.9490647053691668,4.3765743163100135,-
10.0,9.994367003289195,9.250571709067406,2.447926561958098,4.752570329960061,+
9.630407949719691,9.896794720932991,5.010724874537064,0.6531200474948717,2.552064065749564,+
8.233165622687139,5.5013268436441045,2.519568850505043,0.0697436200133833,0.3209188680843405,-
9.990152028719702,2.112861636370116,0.12770693757982676,0.49749189240165026,8.327439524751583,+
8.713218133682641,0.4292810971695995,0.16972186752438503,0.3855463702515249,10.0,-
3.8615583422234723,1.4290429952519346,9.55838782981727,7.787263574181765,4.546377277281687,+
2.5299946951907,0.9836745508204598,3.743444635823154,3.163157974283339,1.1395187338537645,-
8.15276310318301,3.4512818835146044,5.149004516442509,0.18704290485425212,6.016901047254261,-
5.888343462651871,3.8744017425200483,0.6855155968154608,0.36240883988451333,9.394259622254031,+
5.674259863622982,8.983784748350288,1.7048559589254597,1.3507419873074988,2.555158518326622,+
4.665300210888861,5.150199838634479,0.6097729392248723,1.0629702707922992,2.118259550033784,-
9.35318734471689,6.192797643472346,4.3189545724145875,2.6408842715490843,4.015819725325418,-
10.0,9.794310565325993,5.318806958101135,4.693626860440293,6.957952202589152,+
2.5271874786273543,3.68030021881554,9.381456224882003,6.183214508378205,9.076985932224806,-
3.6599505060675117,2.884849549048781,2.196224045439102,3.5454079194394184,7.814311153746534,+
8.006607435559905,2.0924329104776094,2.322285195460813,9.774015058855339,2.648020669755895,+
10.0,4.161846676720081,1.819893229788174,7.088195689751059,0.5405140012312528,-
1.580111837516971,9.46886637882072,6.4850932063051525,0.8716824486002639,7.596339573241675,-
0.6977101416239594,6.171294947286396,4.478313602524233,1.5610082212388798,0.9035748839500811,+
6.194494621046945,0.47870385428997797,2.806858615317702,9.035472920811857,2.0314306049994224,+
8.128447486167355,0.153425397037553,3.493609824061027,10.0,2.4677683485775965,-
8.344080477355934,7.51912282188197,2.6655580464471704,6.520788679898665,3.374222949435489,-
10.0,2.5026917613722133,5.0014542684062135,7.318803679249893,0.3019629809600123,+
4.903943958152737,6.169501218103318,3.720175082385876,9.97688084565581,4.245089210188842,-
0.23851165235873795,8.837878782645832,1.2172789495125629,0.16893614443726504,0.3359397476792549,+
4.17709350091935,0.5884727535756373,2.7642978180325772,2.428097267038037,5.228238660103819,-
1.5486833368740365,0.14296141124196746,2.829671894461667,3.384312768847627,5.306910242080422,+
0.162873709440835,2.7714804058726097,3.8747268762044462,1.9452900673220863,1.585704917145988,+
0.035353965474332665,4.54683857019439,7.095640592691006,2.6520994955572395,0.23270314308899223,-
7.592934257331462,3.9157962763460628,5.068555498468568,9.066264958887134,7.885750294492636,-
10.0,5.161992682981403,1.4572243903229334,8.22341159933161,10.0,+
6.971869822471188,4.014306947697924,1.1064820851894597,1.2002020841690386,5.254241631309328,+
6.751881299547935,3.7991144972099806,0.3286630756182109,0.32897000049708836,4.888011976772176,-
8.293660426935729,9.375653921007599,0.8124024400890961,5.541917517532661,0.7584495562146965,-
8.604720245664552,6.153420034137399,0.8153812619639504,10.0,0.3168478501767138,+
8.358964466908725,1.8973824704586184,8.890432362978103,3.845687844182266,2.955626824169496,+
10.0,2.629949534419479,10.0,4.691997157274726,2.4251746217098553,-
9.491453041133894,9.359504370136664,2.014341778384451,4.479386899775061,9.646165088066143,+
4.06906745085666,0.13016081707569527,1.5706361473867554,4.209542939233488,0.35904049996958504,-
1.2458353289468782,7.64873663221167,5.171493576021748,5.770283750443882,0.2000532629565399,-
1.5421642845509103,10.0,6.302247432210277,10.0,0.3160085880247893,+
2.3273961735541326,9.205230295963633,8.193513413302814,9.330308606622047,5.958742187949014,+
2.1796297176818635,9.197798385514233,0.4066620762936274,2.0637619459507044,0.814242364937754,-
8.403040672302449,5.394797318800637,0.604351706531423,7.829723004082609,9.480136501264061,-
3.833821670097331,0.623215088422227,1.1351712213376857,4.641501253557381,0.6794297289395581,+
0.9191326275034284,3.338577315369189,5.349490389075701,9.644023618418261,9.856017351684823,+
0.6304825126598911,1.8571316207337991,3.8398654380228128,9.741903983619036,10.0,-
1.6189400548651423,9.241579854240396,1.4836109170517198,9.194780769856532,9.846508348619023,-
2.8509450328154906,10.0,2.042549266360721,9.364026675525741,10.0,+
2.456060438763611,5.921768600495259,8.648979207793854,9.148503458759583,5.628896097251658,-
3.5703639746137936,2.312878079521171,1.0603492866140147,1.9644077644014464,2.9621521325,+
5.827149052142443,9.843472363657446,1.7575698287267516,0.7432643036015396,8.738353731706992,-
8.190883615860486,10.0,3.3041010528355006,1.4791601230038995,10.0,+
3.5576790826270956,8.463327050639425,0.3874344099903959,6.866318096380502,8.91940845064581,+
2.2459245016014457,1.7067548443337024,0.536615508773454,3.2869248839160066,10.0,-
3.0782073584756486,7.43318076025449,2.903484033933461,1.9215785993625156,2.2261715080833753,+
1.3566871918369947,8.03901103369753,2.3531058761675365,3.4503526093887986,1.0874281686300256,-
7.898482797782835,3.3334085735709564,0.4455674920238395,1.101789152072653,9.213656289811103,+
3.285480666936761,1.051579693524306,0.18739469781756712,0.8338174598336024,4.483525519327988,-
8.163367875264601,7.135028917460779,8.024304131476544,6.756512279538468,0.9207724843553711,-
10.0,10.0,10.0,7.098658494304014,1.6037842234834097,+
1.510931579157031,9.190697283085038,2.8587570410123297,0.9785431394908717,9.746966019381052,+
1.5516794143995964,2.7741314445531087,2.8664014779520106,1.4750519217253781,10.0,-
1.3334913922738545,9.399545833997875,6.865992992873623,7.192909776431888,7.110951163541348,+
2.2045033618039644,0.1875569055968535,6.659486099868634,1.4234170413761569,10.0,-
6.378196909152721,1.8281340387441536,3.370358199196013,9.719902330984315,9.711131960075905,+
10.0,0.5225614698411996,6.432033348767088,10.0,10.0,-
7.469502801542326,6.284386540308238,3.490738726100031,0.509918829789141,7.9946438112388565,-
10.0,7.607939228209399,4.636947545839194,0.9744590830317487,10.0,+
8.359652150355753,6.855209756303018,1.8669054110256333,7.288011210866473,1.4473678913537025,-
9.855394522162428,8.363128647780725,3.010335929640142,10.0,2.4019670907409987,+
1.2435150827559893,5.6772649933242825,8.166364077036253,9.285862623845611,1.7020913618389888,-
2.2242926214376597,10.0,10.0,10.0,2.9620196779172323,+
8.681318324726545,9.177168732843889,7.4334529150502595,5.2410184649522185,6.6497552636963935,+
10.0,8.239042445040475,3.4636482906563004,4.123711717358794,9.410663491386401,-
3.1625938566064073,1.8741941411180718,5.926764560613009,9.405709109726066,3.143539171156945,+
2.7188968834133327,0.7298683403197426,3.3063069478997997,2.064852446449126,2.411321891469363,-
9.217118589559663,7.910843564211984,9.834551924733425,5.567202642671934,2.5354965226277626,+
10.0,3.0996339299408824,10.0,1.8567535329074134,0.971733338046343,-
3.927649986831885,4.425533473687823,0.36698527454590013,9.578837553831166,5.533660725263808,+
1.5254623750172651,1.5860624915506796,0.18627067543504508,4.840469893368532,4.228995138094662,-
6.599600838692908,0.09282290498978218,8.318149416320207,7.84815421443557,5.4754428231968655,+
6.725193157092091,0.13512411040988165,3.163056848238569,10.0,5.822921361906444,-
9.034781011465714,6.332215114078972,3.7294342689985815,2.8181568481476384,8.083795845522207,-
8.23557844410951,0.9289093923164847,4.474054636195388,4.11127839938878,10.0,+
1.3109033760739364,9.095516008530652,8.38595241347127,6.622543564136966,2.5760133487906103,-
1.6132004714624704,10.0,10.0,7.665556407361317,3.625518485894289,+
1.8022982505665075,6.475702417287506,6.394510214296294,9.826945912542307,9.131986823608777,-
2.8737094266684045,2.575180746795188,4.9279919094762565,3.2879896430608633,8.240608038664508,+
5.330779292866313,4.1224590536357635,6.594535087408435,9.644157522434094,8.459485753962632,-
9.894527954433796,2.377316844746219,9.446396123816145,3.216260302918904,10.0,+
4.385791603087547,6.023774803761758,9.55511637863399,7.798400295270841,6.289998507929935,-
1.0348603771612674,7.552775047242816,0.9436285902268686,1.1762986513343916,2.102229774662652,+
7.587142116057015,9.558898283415688,6.335830342348075,3.546817691106124,1.4226875479430456,+
6.500979494311358,4.423599417811532,2.115213674896613,2.4734970248192143,0.5260158251817216,-
3.111291896329522,8.02142350963036,7.252365135938014,3.855063681622426,9.262238902525436,-
1.1776425432793383,8.102957146780703,6.7426351980238435,3.330835564951128,8.092131166584027,+
2.7331556414145943,3.8240167728117367,4.89002031863377,8.226428141552685,4.390521426222121,+
3.6319489455406777,5.1152513099610495,3.924738066722045,0.13637449531053927,0.15663302711214783,-
1.3486647210583258,9.357340696625437,9.094153791296778,3.5796292633500784,0.9281736093192228,-
0.21961501964933133,2.8543355484401816,10.0,3.146826898269053,0.24088274846990482,+
9.275315266292374,0.555531700458417,5.189707883655109,5.539752202097077,4.395491597929592,+
6.220526636014381,0.07713918188996648,4.224311027221782,0.5268420594468791,1.212283933070471,-
7.080749717922342,4.751957015974119,6.796584442915776,1.768203778858496,9.233999480751876,-
7.784002808346261,5.680034177939918,10.0,2.5680608304609076,10.0,+
5.460995844257541,7.331466364952778,3.4069489649514906,7.468705662116873,2.364730704033169,+
5.352683444071567,5.363556111725965,0.04232947888843047,5.333952942210448,1.4609278202464864,-
2.258045284805087,1.7885929160215674,8.649508441056176,9.978864419316139,5.874555901746752,-
3.6708390701844067,0.7949974253426454,1.9557351020190452,10.0,10.0,+
9.008405561958174,7.8338023376594,7.331490747706511,5.308402097558551,8.75233534550876,+
8.402549537928493,4.60883814345304,3.548874910879472,0.9927471218162082,4.316138039856088,-
9.254730018037092,6.447129225709347,9.231603634973638,7.1502929867233895,9.636867230992445,-
10.0,3.048135919569855,7.121051250943873,1.065230418045011,3.923586885404982,+
8.225700478309669,1.426541679236687,3.4044396685842093,2.628830252071009,4.619755809036318,+
10.0,0.8552621581270997,2.316858579289087,4.536687767409481,0.36651266820681244,-
3.894700760916324,4.793268085622493,7.979195879429108,5.903761097299086,7.524959557671277,-
6.046953166060659,4.318054067725816,3.4089391323139147,4.732856209089867,6.8719836331610145,+
1.2864175019140722,1.7556288778236928,5.139794081363975,5.260663518093343,6.695263053427091,+
1.471778968638979,3.344814632103948,7.843224781217466,9.688542657972949,9.40499886043466,-
5.672880938989765,6.917633728752419,7.796397222811922,7.297178226724953,0.7117691922857927,-
8.701602672833463,10.0,10.0,10.0,1.226414937334464,+
1.877658856894201,0.2811860586385062,5.634546738014561,9.205116371664307,6.658232176500024,-
3.1227221143324226,0.4404012890124945,7.6054536371030945,10.0,7.037866306509836,+
1.13557833861746,4.164234886239702,0.8382576196820191,7.749857881698821,7.95634734398718,+
1.690598036722829,4.456672221295254,0.9034316039857747,8.537115681091716,10.0,-
0.8977437276678646,9.526649987497946,5.152528309811827,0.433527762863265,4.475582576539595,+
0.7948337356485771,2.938763667321319,1.8760055518971739,0.2920671659062383,0.4082505517133634,-
9.988325153477613,9.221957418104568,6.690845268176274,2.085586065909669,7.505038441232566,-
10.0,10.0,9.686856945915505,3.9304171590699855,10.0,+
0.5788376262759387,3.6433449887925096,4.257744175211892,7.923029591315874,1.6742443609715996,+
0.9850594007592302,6.652860095345451,2.6217617378375064,6.740105595499332,1.3894080565445337,-
8.081644429677173,4.808527765536503,5.104833040384326,2.704039718549623,5.892094138416749,+
7.31395374992343,1.2648895036903598,1.889465983781827,1.6168717040403042,5.786887980371938,-
3.922204101382526,5.984672167271878,4.397602381478315,4.915068075289205,5.054689013982243,+
1.4744279678211452,10.0,8.765171710947309,5.66407984396912,8.25661385726198,-
7.8891661636509145,9.866027086917557,2.975903868580029,3.3581306752246523,6.734202475207198,-
5.922132892589354,10.0,1.8472014179549414,3.887985740055458,9.300934344446059,+
3.9789307989507314,0.46245388452536895,2.0275740292998568,8.049858392022958,0.6021120840389482,-
5.609335719370488,0.6005528009821576,3.235080413040697,10.0,0.9585045960335088,+
6.936187957879824,3.4237172636630318,7.136380803190445,3.049290428668554,1.650831048723641,+
6.22850781673538,1.4540136255960718,10.0,5.183028825577936,0.943556241559937,-
2.137992628394646,7.572423885207565,3.23943475699658,3.9019779047747125,1.919174588972824,+
3.6534432139683894,10.0,2.6542396503449517,4.347062961367298,3.2529941872198167,-
2.295665661581612,2.881277751439506,3.9060714751049352,4.764970044376067,9.443931797906064,-
4.304067865250414,0.7549951872642762,5.996715480144694,0.6174420294599359,10.0,+
7.926607527924059,0.4405567360176965,9.51910318638896,5.514809033414522,3.2446782899179083,+
10.0,5.015957043646785E-4,10.0,0.6287882567497549,2.298444895346261,-
0.4611715548171147,4.087052949328182,9.849556321844252,1.9837530033970385,6.480240774718497,-
0.6740173457804042,5.802223264459106,10.0,3.392914580999389,10.0,+
1.4024011303329142,9.84050841200665,3.9533172571134423,2.737870191926479,1.4758014257835494,+
0.009746270111379305,4.660687964039016,0.7678873761123844,1.8085943773654598,1.1444308200520634,-
6.186795269813396,9.990184412446467,8.361225445808651,8.499180881011094,1.5482837712287045,-
10.0,10.0,10.0,10.0,2.0033931787409323,+
3.7211219878330426,9.69312358482653,9.442196633095048,9.109345002252278,0.5575370932877499,-
5.326547169755807,1.6311484834294088,5.918392242315025,7.697767202535796,0.17124172157254258,+
6.779884265148714,1.6437504379602819,7.825408264674662,2.5506194989328526,5.439192504875603,+
6.191516172372888,1.6260905345417573,1.6660123643558784,2.2209385962185344,4.102821388423738,-
1.8098871229182745,6.030769399736067,1.3835807625674434,7.304442373336018,0.20260379338328582,-
3.4788013163428375,9.088861600030844,2.510635812871207,9.06974218474681,0.28713337042553605,+
3.9158896245337695,0.8401995458090183,8.389270032255741,6.875660338974954,3.735845008047498,-
7.372899158093804,1.0612820732392279,9.386370340631386,9.872341760194205,4.472454508107361,+
3.7243356606379683,0.130863110954883,7.919328821264285,0.8660032951234564,9.549551634818918,+
3.2519546759156874,0.16664327416467853,10.0,0.15839883389328951,2.6276323011267175,-
1.139738824378611,6.982595730669198,7.246395412633861,4.7490953669070635,3.705396470674265,-
1.537487715311223,10.0,10.0,8.174597205236461,6.88636875059002,+
3.0202328610985107,8.822438846019448,1.0087757677063924,3.5838556258314602,7.111239197557966,+
1.9355312401477818,9.132875208954609,0.9955397479435121,3.767631334442059,4.457615082049701,-
1.5735328247132074,0.9957254663316639,8.745541126800102,1.499311477276214,2.646768339938621,+
0.29718266135155497,0.7752991081555438,4.061574460712743,0.5704173386981297,2.172398286090392,-
0.4969872077390036,9.355694800669431,2.2640231963923654,7.843419770309009,5.486067681452743,+
0.7888446320782776,10.0,2.250242631836986,10.0,6.296349339241161,-
4.709293132509722,0.19095573264299892,8.835655859486168,8.37740272496706,8.749864626270202,+
0.062381449881082095,0.08031997777455617,4.197186366185523,2.18967639879707,7.664690280471771,-
5.154236013439416,5.998291163896585,3.588130551245141,4.6743490533047325,9.236180933979659,-
3.8519896389801604,2.2278880025918077,1.2463477642201826,6.721530584000447,8.569596684913744,+
6.92922509140789,4.925704985896956,8.018062536259492,5.119299987417143,0.46681556417980663,-
2.2435030610396822,3.116404358915687,10.0,9.15936402303666,0.9101797820160175,+
0.42008092208266956,4.219483815318642,4.322885449613899,2.0211464632095586,7.2376931063929515,-
0.690858988439464,1.0906248310758486,4.19837717704747,0.38833530072128297,4.426800365595458,+
0.6757653437421229,6.348308635593738,9.598275745628595,2.9697419764324353,1.3164682340823997,-
1.1258914661878985,10.0,10.0,3.8559591548933345,2.072111103199801,+
7.728487728442578,1.5518613541974513,1.742544708413739,6.170992648550742,4.655545140298219,-
10.0,0.629963769204919,0.3363233008132672,0.07596454158877768,1.9321529184874182,+
3.3448257891163102,4.503797222074084,3.930930953717533,3.895574378826886,6.348403750485269,+
3.5399589456795897,8.412914440761813,2.505691541201525,1.320695380331971,8.629701225165437,-
4.424851304807267,6.970469791173031,3.6255372011276377,9.037158518779526,1.0036835943675415,+
5.578347892835764,10.0,4.267179087706236,10.0,1.9954196007100344,-
8.475185285990577,4.545712534073251,3.1421970316926204,8.437828751169196,8.051660904728626,+
2.923797244751868,6.938959616051517,3.8504721081703357,10.0,8.701319358727773,-
8.149246756273707,2.9177667947771404,9.532413365387967,0.16268359905274088,7.152156363415174,+
10.0,1.6263185411390453,10.0,0.3201383195689598,2.42024627122461,-
4.325390186084582,3.721284109809049,1.123123939035654,6.151828440572823,6.6907683085618554,-
5.154234686195934,2.9842581253018983,0.007555137909721085,10.0,10.0,+
1.4390592457423534,5.53390839814925,6.570302600269874,9.433670202293454,2.7389470104674607,+
0.39955141402788125,2.8713524215436634,1.4939139141919473,0.8796499228009135,0.4129642315853317,-
9.175018102086153,9.76472715018685,2.6407579656958156,4.685551885500868,2.2517501183382227,-
5.742485850801763,10.0,5.1531820087224975,0.7765913521536442,3.437048965529643,+
3.7666223726198056,4.001589971679858,2.9598444665374455,7.98069834074619,5.0091531581180915,-
7.4295102595273,5.89598290173401,3.7971153725577524,10.0,8.565336143479787,+
8.095353982550392,3.662102768321885,7.940388356570268,8.602992574137113,2.046508209649157,+
6.297023398979526,3.492772239255857,5.5118422135316205,5.804031501276057,1.4517876132079723,-
7.364881224923808,0.15382270427991118,4.936839699538098,1.8237687500884592,2.1332624682587786,+
10.0,0.19273112965283207,6.116308241278578,2.9924083623238023,1.6627885513645613,-
6.168759926820576,8.536101737712524,4.357074363620269,2.200370369012793,3.4397037537912944,+
3.728992962547485,10.0,4.744234758223214,0.2901483520277101,0.08925310067713871,-
3.7295334920345713,8.450544915473166,0.01711881382886582,8.94792688003922,4.421847328115577,-
4.182326804900014,10.0,0.032948098213758256,10.0,5.389216210392563,+
5.494113531249227,6.7950468538139175,1.6989988129569855,0.3398614412240053,1.8117637207086779,+
9.80474585373434,7.186498859542142,2.7910855943942163,0.4818196156676327,1.3859396871159508,-
4.227787419963974,6.309877439633592,4.026608972045272,4.20985151226533,5.235883692254415,+
2.767301982320157,3.5799017782095173,2.5205356668893204,2.7699391568190888,4.251958239561318,-
8.28681727908352,8.407390737092165,3.986277400209577,7.805168942152754,2.9052936625618675,-
9.370363842855838,5.287176102792664,1.5023910660553865,9.416095459068936,4.7833303898983015,+
8.63122636038765,0.30319761315009686,3.3389998387744813,7.312222674943927,5.284564738256669,+
1.514933170487614,0.46087390055858124,3.642917865611858,10.0,7.211733480350649,-
2.1409333513506965,9.388494722498939,1.0442389621952408,3.2922123871724507,0.6702399993717023,+
3.7164496175926227,10.0,0.4219858415734041,6.469212751065294,1.0151877950179953,-
2.0626559070801376,1.7876810837898183,4.9539874114812665,8.764470770315414,4.241485878156195,-
0.07760637498753024,1.8646577408536786,1.8853456372564725,0.19761869919225297,3.5905014503165527,+
3.400129786514594,1.6910117920214585,8.638476767920588,9.67970593647738,2.980661309606977,-
0.6629192511425156,3.2189380240108796,10.0,6.485349944995004,3.4648348993706217,+
0.239686507170499,0.8452302051337801,0.03504958721750717,6.531614324733753,5.421574446085283,+
0.1705919558231065,0.6392477339001986,0.006420903934049548,6.490707163311522,0.9993200850865315,-
9.061068023287351,6.440701487892994,1.2788775831102428,6.332517423059113,8.18699625356211,+
9.045939051790196,6.561921527252602,1.898367113331456,7.726370076453353,9.965751935219835,-
7.598985213801277,2.094658291309549,1.141149330336968,0.02703592844743974,8.464845132789964,+
10.0,2.9165777186829067,1.0587035424891074,0.039090497977714155,10.0,-
9.326673129388968,3.8181316290361234,8.482030244180907,6.610437393873449,3.126390491464206,-
10.0,4.918046206917428,10.0,9.341400641176902,4.667385580102918,+
8.012136769946654,1.2548709230037691,9.997160279847522,5.242290536860253,5.2318048683825396,-
4.580570430187226,2.1879239186804535,5.132800064200046,7.129474263002245,8.555886938305985,+
6.662923953270742,3.7433724119669733,4.481833274399284,4.924676240411339,7.116906983633514,+
0.31578490058650754,0.6319166557379539,4.175431184598514,3.727530915763047,9.749117634963003,-
4.399630534076322,9.033541869911485,7.569227659643572,9.486942749958011,3.9846643599770335,+
8.058674744950865,10.0,10.0,10.0,2.8645451567662903,-
8.168240239841174,1.1565076477188885,2.7559160531615223,4.031189611591058,0.7182104459566296,+
8.56294739727257,0.7270984502769331,3.0547920484973745,6.318425843276131,0.9243462857089724,-
1.2512188143462732,3.7222568873035558,8.225921597627826,8.958141640150236,2.142623904008599,+
0.6526345801390628,2.16861972804621,8.188335341147917,2.448375334817187,1.053045612217621,-
2.1119280360614767,1.6961253900526063,7.3379293953338784,0.8978788492130529,2.1893315561557456,-
1.2512394320179798,2.3876132128014254,10.0,0.6435085653598153,3.014788854543312,+
3.7817234397936583,6.093698935020035,3.8018289606740208,0.8416354619747091,6.97805159971667,-
5.649208278709535,8.922135343505701,0.01326293736461005,0.19792685652003578,8.747277507884489,+
3.8506197364235617,5.808692022134454,0.6049858940319208,0.9768640023142783,4.922960102875306,-
7.057189772690245,2.4982742247166425,0.8423572250927729,0.05526414677017947,8.152650569660732,+
2.2461869521017483,8.98965510325575,9.026084610885304,3.3717678698093523,6.273962566150534,+
0.02195465357733157,2.1388713733296982,5.136362403816245,1.4854591361837486,0.5264950286938562,-
3.08194144684955,1.1811938240564102,9.145859858431143,2.3197812863820233,7.078555195138007,+
1.794062277706015,1.4742167817924898,10.0,0.6187085048438873,4.011233626447439,-
4.317915521781797,6.961730589747112,7.1731686936884635,6.601436799877984,8.692837858880715,-
0.7495305430784881,7.906933699399253,10.0,0.9270319047892488,10.0,+
1.3151308997075162,9.137714814109563,3.106087246922481,7.779782493881656,1.9065313943293005,-
1.6094812635350342,4.840063799273412,1.3128646744120755,0.10550773005600632,0.03884255946998939,+
1.0421904551356342,2.7094199980011235,9.128222024185877,2.124944468848975,0.935046722325289,+
1.5064234895124258,4.774200305489747,9.539945890159345,1.2476146842124722,1.6242442329582418,-
5.8994205688054535,2.1134297601775187,9.30404458739943,7.32772341275885,9.054247396655304,-
10.0,1.4010524704268945,6.381962778190853,10.0,10.0,+
6.537016098686862,0.6072045982872687,4.539820938239133,2.430878789306792,8.771933028031214,-
9.84002178466101,0.8044017963426665,8.061476977357103,4.176771858481391,10.0,+
6.137277794675429,1.9076225179636452,6.514563830201117,3.6831301357102033,4.982625237933826,+
0.46275235965419526,0.8183293831463773,4.601785973449789,2.068279581488806,0.6441533321758464,-
9.570169988757286,1.3659939690476164,6.696089326334011,2.604217261010308,2.5642334336204597,+
10.0,0.5136786624359553,5.135348187973419,3.3928828487770795,2.878403625898662,-
3.8536446492764966,6.844478844090357,8.182118816889272,3.4697622751422044,6.582502103437793,+
7.397881262245225,3.0262597295756946,10.0,6.665270183123444,9.529441186476816,-
0.6808618575381864,0.4983536333560812,2.769572164475508,8.326927307200913,6.605509690540803,-
0.5103096700573054,0.06658365177792633,4.761879588319916,2.776501945335919,5.166830987113658,+
1.4235681580970505,5.333010454817549,0.9995348890490563,1.6033401613660592,5.119790503700507,-
1.5417587853260202,7.9170572163821245,1.868471983731219,2.5390180126895747,5.485160527356299,+
3.171463744834966,0.5317460870300939,9.323129412203986,4.169699452816586,3.012665156421871,-
6.1005430445303706,0.9154574529142327,10.0,5.558090521069191,4.3161376301749526,+
9.352791327071031,5.886488962591572,8.413107035531034,6.011456945046062,7.165275123646402,+
10.0,7.670721898020442,3.8361276436238922,3.723714645094102,2.0606857421555165,-
8.566848300945713,5.140787944580665,7.480144153422341,9.458423559558987,5.092558081228882,+
5.876354762781905,5.014411285649357,6.021684836019639,10.0,1.7506977024117076,-
4.088294894042606,5.811262731505742,8.972607066142823,3.9239691817219056,0.6382867114874613,-
7.867628883611403,5.959047708779005,10.0,4.15529208883935,1.1777931603430645,+
8.614186701199838,0.751339127545132,0.5123605482990046,6.85064550828735,7.80282603627612,+
10.0,0.8537070329754168,0.8651810830554547,10.0,0.3496632622267388,-
3.708190400498724,8.385017243355023,7.208628402013318,2.274483494444046,3.123039576386377,+
2.35987683569919,0.9114240344698396,4.528546437663861,3.074133492248158,4.977841908925664,-
4.118736709158882,4.847752264745424,8.225630648932915,1.7674945105405582,5.726266386547588,-
4.563065053379663,8.372115222333656,10.0,3.464176664634586,9.551994317728951,+
5.436930409109205,6.1045055254122795,8.695236087478703,2.4743773357528234,4.870813098463983,+
2.1400519013034156,1.9146496410043508,3.1182937727350146,1.0691177546418404,4.034397902225876,-
4.004710672335394,4.7301236732173315,8.361632258768015,7.658156599748782,2.216200181839066,-
1.6246182479706364,0.923346479463351,10.0,7.592841631499246,1.447600268276645,+
8.505847172890636,4.662548753322898,4.476804656891439,4.439063590148621,6.223755493578192,-
9.894540988833205,4.841477569373117,6.583027714491224,5.072135981214317,10.0,+
5.52764320086376,6.756364688667517,4.037530348915568,6.030297768186754,5.018401439796413,-
0.35631594108282544,2.1540922578947974,2.2806034519906264,10.0,4.0768493839941575,+
5.4650666536303,7.711605964266176,5.529233960482378,5.147824365426375,7.071959800850081,-
4.381405793560611,6.267173518854893,10.0,8.930893151105307,7.971719974945551,+
0.4419669359528777,6.420975467489139,7.558411297261204,5.699216495009495,2.512619675135465,+
0.7343290685345624,6.840783961447009,10.0,3.1084729117695695,4.01354374319409,-
4.586470467913937,5.00722446779002,0.35347034223517704,3.464682312741968,2.0451946526838585,+
4.912025106953988,8.56372276575101,0.5292048275482458,5.821770825530976,3.2970743924673696,-
9.904381740659316,7.083570871452833,0.9519119447612368,7.759498753696294,5.04655357387493,+
7.974682896262741,5.687551025203542,1.2132442615170909,5.104344849185995,9.567774950847031,-
5.76067669861883,5.614241387608976,6.499849488301704,7.568307998020234,4.262311996260464,-
10.0,3.546498299400566,10.0,10.0,2.4939320463253996,+
5.133687257389723,0.5295201840554808,6.809382073284746,7.544965005020002,1.8024206640880625,-
4.567183227999051,0.4239798852568095,3.4518598326575614,9.310374512569606,1.664146826194573,+
8.889368079675712,4.100198862831573,7.453401576653082,2.6955443009127844,8.133475722227356,+
4.82999316688955,2.7282901386876266,2.3005781927144957,0.6514096474367985,2.8924021301423917,-
3.714434574559733,5.242487805851306,6.760202970407411,4.152851437429065,8.923902848634956,+
3.8603266944128154,1.1210105905494923,9.876046049492494,7.522492858739444,10.0,-
3.1895780537028298,4.045486405164226,6.393602813364851,3.900926433047145,6.2248461430841715,+
2.204028618822472,3.9106184067202023,5.495171812191859,0.9616258006298943,2.558779710205003,-
9.082993695527271,9.74700815781931,8.585764972186823,0.6147416454619459,1.1638006914855847,-
10.0,10.0,0.17051629015348346,0.6336422597775648,0.2073250093322968,+
5.5291423978651855,7.7011418858331275,7.248580125212948,5.430998708688052,5.4160047309878205,+
8.280539095337152,10.0,1.3217884429945361,6.409411047006976,8.274683950737135,-
1.087891200976624,2.247761520534044,8.9064299162865,6.129825292529748,3.923171832438558,+
1.3990983042827836,3.4420432528000577,8.745876936263546,10.0,7.494125186731649,-
1.1052762453979703,9.19039117032274,5.603235144092976,5.734856424198609,9.092105876151827,-
1.428341622581844,10.0,8.4613703505627,6.874333714835628,9.738573638228955,+
3.8700452951328534,9.352201796616132,2.953706782413472,8.389866704764922,9.748805036358773,-
2.57855132783345,10.0,2.890921867655024,3.787847049143145,4.4054524138914,+
6.5465045171611305,5.453732967039358,7.656065501501693,4.221557097479148,2.738357991523326,+
6.429285002342762,4.179267639149655,0.45196856102090394,0.5372652293980813,0.5198694238440794,-
7.240620826653092,5.239484212592233,2.4593622548883043,8.063839956347739,0.3612930041377693,-
4.839194761052373,10.0,3.5511665391708203,6.196491778410954,0.4771838969621858,+
9.713692546100894,1.3668955204354294,6.221778231652625,5.124113024344404,8.119769245811304,-
7.02449625540222,0.0679573864827441,2.902272494146808,8.705861718854507,6.498350127571992,+
2.6981421058663138,5.804215792991588,9.05499606177391,9.919029392006829,3.4793989120840463,+
0.5031651858332321,2.323962139398709,7.3510657678744655,10.0,1.9286324883760513,-
5.599304282568237,4.756061074775866,3.1197037148232534,3.3797754189518248,0.18240125259837092,-
9.346625591948976,1.143577982332172,2.529801288119774,2.153969589375872,0.06260534930659081,+
1.118479072742512,2.9095269681845504,0.6505482697510256,1.5063832217866513,6.725345854781257,+
2.192476830602162,1.9497270281139512,0.3068808261107082,1.5472411786063611,1.2292292961619173,-
3.239667949757339,7.438667428301335,9.959220602159832,4.284131908224431,5.2432620210333685,-
3.155382917402087,7.736377703342867,2.390389210924959,1.3054552903411294,1.4585445202970662,+
4.631439248893868,9.224813586574678,9.174363658490876,0.674309709116615,1.080651107400632,-
7.035906208841044,10.0,10.0,0.9606643552337062,1.6626451295675875,+
0.3644883623422701,1.6084807169981974,5.11460919478944,4.2804543486571465,4.484596614174549,+
0.6531300814282767,2.2373824349605904,8.495946582955611,3.716339578405427,6.184013923436549,-
0.690623100387312,7.749541893137179,1.385773866246961,1.6283353671678513,6.435889757102272,-
0.7839241117380439,10.0,0.2976672747332961,1.8966548441666193,5.545363449370209,+
7.696377664706367,4.300850218521428,0.7729804584421252,9.746093325044162,6.337998860092041,-
6.269036677038065,7.593207344747412,1.0174486217775962,4.532497264854706,8.557939910508429,+
7.550415435668154,2.1060640975784253,6.698317688993258,8.13045269658694,7.478992694923059,-
7.454519712903065,0.14172905946746153,0.5625929306710749,5.666916222576048,10.0,+
8.499248951772056,2.2130426103748424,0.6628182044839992,8.959594592917151,0.026017480281800287,+
3.990609740364619,2.529894826950064,0.839943364301305,10.0,0.028059430368309393,-
7.013414021924893,9.500802294598046,9.295590469665827,5.514038857592855,7.149936352617189,-
5.946176615751067,2.6274791241485933,0.21441358240391545,9.097508189267968,1.5789034092325909,+
7.7006905368888585,9.818734321963522,4.687823839334767,5.010946324119483,5.816046436064468,+
9.652660055153392,10.0,2.354045787513787,2.7128882424396616,4.522253696049309,-
1.830736967625748,8.733811869488543,7.960254720667058,4.372690682392433,3.8648741516047966,-
3.328565905574038,10.0,10.0,6.222100613873007,5.3877590024782736,+
4.8825160660507505,0.7089962864628496,7.398948185544839,7.363821867351442,4.112689294316415,-
3.6675215249718853,1.3068165512839407,10.0,7.548868407182015,3.9986388377733886,+
1.58187193977393,0.7591893230458968,9.85149173921087,3.552807309392667,2.0050876300432874,-
2.333645723822387,0.9216715240448051,10.0,5.798175511019895,2.2800245697570545,+
8.278446154893222,9.659414560065892,6.366667125077266,6.598701122398048,7.924512929995478,-
4.672308494931633,10.0,0.977918249688484,0.7958143856255515,0.02442360496652758,+
5.519389245784954,0.8567942271057472,3.7452207731778198,5.887869003665168,6.473720932614627,+
7.032065171199227,1.5584158908379657,1.8064923611252792,7.713970144892414,10.0,-
8.118443457623352,1.1287132713511383,6.187005209626736,3.6803280994570144,6.998451162209278,-
10.0,2.046499446010197,8.999616553797434,3.9122246580147357,10.0,+
7.202223445832583,4.264752846648504,0.6930491313488107,8.232725158210673,8.202273054421273,+
3.5338640589635393,4.262457482646247,1.0387000616608366,7.411025405269417,10.0,-
1.4393509613614974,4.400721220459539,4.444671421944557,7.972270453092438,2.626198583752102,-
1.4681510579131936,7.683469297904645,2.726244145975477,3.150318554150596,4.667108927190702,+
6.738051563592961,1.5016631862676544,7.461050616511459,9.742393882548125,7.824751080619723,+
4.44164227152019,0.4663321118446388,5.80618912214229,2.80193826726504,6.883077337416436,-
8.414450069710236,0.45521338268109557,0.05579041647828631,5.375100165645209,7.951626191969815,-
10.0,0.5975404667985312,0.0408163868078516,4.412008304102764,7.976352120661086,+
6.715322735993665,2.7976403826377405,3.9236583505676226,9.552858438316736,5.866125936033902,-
10.0,4.005652731467199,4.5179693960711695,10.0,8.565187099953883,+
2.529195879010163,0.8750791320474915,3.451984182797255,5.035790870955875,5.910869712573174,+
3.7307432337634077,1.650015649828161,3.8103752211153044,6.362455256189525,7.178672447661059,-
4.894083936171868,0.12509849329187417,3.269283094495008,9.67755519424108,6.782903032574906,+
6.122639874526903,0.20561420819892864,5.44273369067808,10.0,3.8589559804727513,-
3.8709659383202,0.396497750642435,6.342633717210555,2.0791994155113223,0.1184602919619071,-
2.4640460208305393,0.04086057192044771,9.514722150046248,0.27034760212010256,0.03365937129403208,+
6.987618649242725,6.994438256324963,0.10525736444526701,4.6438685765141505,2.888905998329717,+
5.616862915373889,2.8849894386513113,0.056579352318229366,6.218714249804725,4.1746580358172,-
9.01898706987771,8.824078270796809,4.059918113778292,3.7408318454251708,7.921723524676143,-
10.0,9.506297984595694,5.834242037974017,6.407850995672011,10.0,+
9.61811514646559,1.4127980593420786,8.701004892356734,0.7876218385671829,2.151907766207728,+
10.0,2.825083985099294,8.810633983233753,0.8729073431332304,0.41529650527121803,-
8.493872964005053,7.89597711537359,5.528149635063533,2.9448000798751375,8.954258034545997,-
10.0,1.4707341961979326,10.0,5.470579534467642,1.6968975407012954,+
8.363712986959857,3.5572398386420314,0.43430386800278886,8.322238271796069,7.488465758940693,+
8.782024597250643,4.684967063320189,0.4270889778911179,10.0,10.0,-
3.7897368857712155,9.474980672706392,9.181773791429771,9.733849662854928,9.183425960659239,-
7.525173679719431,10.0,0.48132631822819905,10.0,5.2538355197285505,+
9.11840972329529,2.9998548458880525,1.6067439790307692,6.214698942503984,0.7575067635366417,+
3.1665650215447134,1.0704889642543505,0.12913855192501622,0.5778275459857803,0.37757836535528777,-
2.8570802675832696,2.5696536663038283,4.47090767718605,9.413527171429287,2.814153909110492,+
0.3495839764036648,1.8242898386568465,2.985663079529392,0.45597389693571466,1.7562223931078798,-
1.557005895283654,6.84829885077127,4.882600768074012,6.453336645137405,5.839037952845175,-
1.2796148326695336,2.4711767521081764,7.900826346373128,7.2863543407398055,10.0,+
3.375067420302631,6.291570778073046,5.935285426288574,2.396155464643279,4.86588380634993,+
4.79800936119104,0.9809652109679623,10.0,0.8755213969182974,3.1847636484702218,-
4.1013992669896036,0.268221622608249,4.039371046718622,1.6847245222658447,2.297257099496395,+
6.485255476587919,0.3847750401246435,1.7432876060911702,1.1853927001793303,1.4696012644322864,-
5.275381564825538,6.657178632262531,5.885141227100136,0.49474766532640824,8.579510465099654,+
9.340795703343296,10.0,3.9566278856489037,0.8041992558400964,10.0,-
7.008678754523142,7.186444168329319,9.38714530520322,0.3035359796528436,6.545486089058109,-
3.516756013075237,8.752131845801424,5.1321236759135385,0.2424803782440776,3.640492213964912,+
8.103200502884754,7.751513167738527,3.151210868688418,9.203322233911104,3.744738643554454,+
4.39306106096941,10.0,0.01075955921973814,2.6350806129474704,4.568534552621656,-
1.581682461536461,0.16266552736107665,2.19497639000676,4.977520374483058,3.26415482334954,+
2.441628106730412,0.14801581413679377,2.9369331005774004,9.38993090874652,6.402455432131631,-
4.988530725329722,6.681838568873205,1.2410136432049212,7.645275618703139,4.883761845127647,-
9.531986168078888,10.0,1.2418721459064832,10.0,7.909075657662219,+
4.625584732815548,2.627811127476348,4.600660920995445,5.2309045830128476,4.559041455262208,+
7.13661875167063,2.9130488048281067,0.7907723344270573,7.324239320846543,7.990517240237062,-
7.6897996123000425,3.9140345352560346,8.328570246213202,2.0493364952615734,5.759080096645204,-
7.226680062558298,3.8567704114621457,5.545059857708728,3.5234466882026165,1.856436728896665,+
5.06812607580021,7.4213439249009605,7.906779988407187,5.38249364029782,5.296531373780924,-
0.6576661921736554,6.6740195500095405,1.138321874720277,3.9168486418016144,7.861436349369396,+
3.800950811248657,1.8312048327534647,9.299471935129661,7.977334179533031,1.5981388346220637,+
2.1367119016800467,2.0200327430894793,6.910080759966477,8.421357264694285,1.8421409015393744,-
1.3341528678638537,8.518335265836571,4.334712892280608,2.963489732507539,5.913900806446414,+
1.2150702385514753,1.9573431164191988,2.618321296195584,0.12871486529016046,3.6671509419347044,-
4.325383619904591,4.126535784967374,6.911153160883102,7.025057286461315,8.32033644963333,-
2.676046967884806,0.24127699329804717,0.04491767846247269,9.54815133983709,6.9789468261963865,+
6.969542590594713,3.048532455559002,2.8421604651957653,2.344156597831284,2.3147936467168986,+
3.45952196185523,5.625551831767509,1.096856829105538,3.3914380139612788,1.8287700564743823,-
1.6119874020410596,2.6787691431121754,0.12340189232675547,8.202266378665179,8.407751383870007,+
2.368114354336913,0.23216709030108762,0.14512532576218926,1.9864033267271648,10.0,-
9.778251183111877,5.978869987590701,2.1296439300451873,3.419731382939679,3.796044197188766,+
6.930875681934205,3.423783089720491,1.0039035600004629,0.520999096567308,2.8670377146432395,-
8.750691260434639,6.453542609679315,5.193679448871774,9.84683069377786,8.931111037945097,-
0.3043540967055239,1.5163450927325162,6.225575956211213,5.330101671997892,4.4947742795097145,+
5.380271901665123,1.4960995532740284,2.842348647817887,6.132725003727193,4.456032444814629,-
7.804280718856975,2.275867153018157,4.2475303678803105,10.0,7.613552477942895,+
8.314534506250649,2.211430411684363,7.89901592198166,7.776092764681845,1.4330958160007679,-
1.8186728404526435,2.6834034879285595,10.0,10.0,0.6316210246667533,+
6.57103260359082,0.41843068845497156,7.864555631933213,9.711648275776552,9.762796455983555,+
4.105580283706078,0.5753026826879221,10.0,7.349857706484309,7.705219777627485,-
0.5779705917458267,2.809196843689329,2.8458983535415494,7.611195247380765,3.2716018266026348,-
0.8835033588547286,5.158561160903509,3.4588967176319105,10.0,5.815007172055529,+
5.035909427077905,3.9484506425530697,9.134042449415736,0.8094059234218764,4.689694122179779,-
7.316641391381359,4.452420132498265,10.0,1.1342550337540032,7.442223781163413,+
5.360961471068717,4.650212625912306,4.7377008972505665,1.4696124209094608,1.7109826560242147,+
0.9067426988913347,0.16656917988517325,4.239895334128655,0.832419277950285,1.3451125285046481,-
8.524958343704313,2.0361506143243258,3.3936753360203866,6.5716116580372645,3.734704046306522,-
10.0,2.573843116440689,4.355783576507847,10.0,6.652506055961877,+
9.550950498369899,7.637109185351827,0.27545987654516546,9.850351285438155,7.013494959878863,+
6.404703175696792,7.996375675023032,0.09903197290919992,10.0,5.876769415254215,-
7.893158493804075,9.351384640660111,3.780722956273066,5.803427272967964,8.152505539456772,+
0.4603837166783154,1.7471476272665374,6.238190188401842,9.230958939259379,5.1634141922236525,-
2.9312413438227125,3.236750788532583,2.699712568919109,8.482881775757425,3.7857819162701443,-
1.4633705229396652,6.411754083121199,0.6273701233558674,7.947241635343445,3.752227760279789,+
3.2283120646850474,0.5140549730021915,1.304857577441978,1.5363686118123365,6.897188382237164,-
5.778529077655296,0.7984879353889571,1.9242679422802471,0.2585698950612543,2.9041784860401587,+
6.0982328843757365,8.813064536430545,7.015555756254258,3.0709735891549106,4.312012169284916,+
4.689514558522219,3.80006633622625,3.0985418598138583,1.598191493220868,3.2662793612190404,-
0.45218033886926357,6.340758998398694,7.4026461019636445,7.43771656882252,6.413975450312032,-
0.30116342579583466,10.0,10.0,0.9514675983147691,7.685155700128691,+
9.240161544275288,9.021901086921325,8.100360711707898,8.482427293312176,9.814047334698339,-
7.6410584590451665,10.0,9.566539213743312,0.5961135298778294,10.0,+
3.8827366020849063,3.28198917392705,0.5463596151436856,2.0990112666062046,4.012338453584768,-
3.8161733964501394,3.998102230497154,0.04551760867039632,1.5342912353983496,1.761115248751246,+
6.088140393272838,7.7738122567997685,2.30053622326941,1.9967785713117125,9.441381878282021,+
2.8161150858530273,5.022305937824137,4.105465083476216,0.42373825319860836,9.596074265796524,-
7.464919261498567,7.105761098316821,6.762349871182599,1.9721303133759405,9.278404378280152,-
9.871672468042293,10.0,6.9630687090980095,2.1099462973386625,9.68144881402635,+
7.784865523095842,7.8785641415371055,0.5594276393165909,6.737152378340062,7.290042670047061,-
10.0,10.0,1.044046846079549,10.0,10.0,+
4.9431675178977645,2.556393814451238,6.026089040771545,2.729861667149879,3.480795477923748,+
7.632815055103576,3.716501246488416,10.0,4.2304362028864935,4.749165316833394,-
5.211049216926105,1.8583667952385963,4.700513453687893,8.447376313340426,3.868356751278296,-
4.530720991785919,1.0251285402054717,1.4340171592564726,0.00959541471462169,6.661347085264049,+
6.43984924943582,1.2070467751660396,6.694135178993841,8.025300085900666,9.073884590304012,-
10.0,0.009833369982923704,2.1097651670024886,7.9091774869962315,4.308656326359797,+
1.3503198858784216,6.846872688017411,7.457762496080135,4.010118920837925,5.361435826252724,-
1.4214997769453523,10.0,10.0,1.2025987793850887,3.7862433695014888,+
1.3502842280110816,4.859772436081288,1.388692490028034,9.358412853060656,2.5529404162346236,+
1.0209062921764083,3.3073670276183953,1.9797934004344622,10.0,0.6456176159984681,-
9.211096912775044,8.899467494730237,1.3768509193118716,0.8119648296726789,9.061836412914028,-
8.22230109527368,3.9206392566842085,1.5634837924156944,1.4767319363159892,10.0,+
9.006092356709882,0.008745326681356413,5.232771438081265,8.404471886847578,9.368002578859807,-
8.907281153991958,0.012863688505317876,2.852316566425751,6.078983531265626,7.6203780253148174,+
6.0541815524180596,2.0391793163020964,7.493298709077493,1.4597756466824885,7.256964182245207,-
0.8351727875303625,0.06546069423725949,4.2007406725567975,0.14262516821377505,10.0,+
8.049970710141896,4.910693265716681,1.2320769118440689,2.366669015268089,7.30614885932809,-
6.834868610105385,4.088209085895683,0.3557756072182717,0.6518097010861056,10.0,+
7.066395507127318,1.8980244157308213,9.91068749755579,4.505215032694813,7.110978186984398,-
7.493332892182913,3.7837332235295227,10.0,7.694312135424355,7.949940801919868,+
1.6671458387370008,1.7635723247211699,2.1215176928215165,7.055992076665393,0.021889333505251685,-
2.9958675400301265,3.179236035947694,2.6151442223799553,10.0,0.026084542928707752,+
6.99601464847186,7.714272431211635,9.934775390204017,4.905705838725639,0.4076375419475653,-
5.13366515417755,6.282654624925471,7.77998381004752,4.676160150127381,0.5736931745527312,+
8.056819393116752,7.170692820715175,6.811705736014407,3.8993527040368847,1.8170655355545873,+
2.1507146768425476,10.0,10.0,6.129014625146758,2.469486938670328,-
8.782615840769976,0.3162017660483918,3.8800599732575245,1.5966042343069853,9.922192608001875,+
1.3413004548194238,0.45267819515243685,3.6693225229692494,1.5086612906748484,10.0,-
3.642193793066213,9.985974481114138,5.188810652475996,9.54175613784001,7.9107031481367684,+
1.3882853494474117,8.155842807806104,9.047591023777072,10.0,3.9055770238094287,-
3.917414084800035,2.187032290461098,8.281588206196462,6.608053996475919,0.12240211681444402,-
7.221423409595323,2.982121332844189,1.0864528411553867,6.979289232466165,0.1170264272720104,+
1.1891095261368978,2.907542138669842,2.5736216534523146,0.9398288975413771,5.344890079396003,-
0.40315072120914563,3.0047546177951374,0.942663548744829,0.6057442138274267,3.282191995057905,+
3.186910908322196,5.923322483810937,8.702459985349746,6.506106336646253,9.488458394342551,+
1.9917021549354061,5.118677795408802,7.494890563740777,3.5667649110055906,1.5273668597034222,-
2.828039891298597,9.447838888333003,6.7433797830071915,8.387618383564698,8.788717482245112,+
0.11501109616863683,6.29964428510556,6.198650427152515,1.925984404233452,6.380595117118552,-
3.006762972469912,7.415162257114824,5.403654510247695,6.025250678735981,8.532468316126922,-
4.150542771865094,5.376421391651001,4.552040535883952,3.3143996311594375,3.184844089283724,+
8.138323113900922,1.46887575123692,2.399630245604002,3.4506929793240126,7.48243341843771,+
9.229571135109989,2.0366474156586967,4.003701237546544,1.1965309554626598,2.5409863285858734,-
8.73419257087804,6.408186251048536,1.1859985909194815,5.619257595019213,2.4038421777550156,+
10.0,0.3885298913546753,2.101045981280678,3.1831623939324,0.37528813285916124,-
4.032038056927476,4.652447472315085,3.5550658025597692,7.084587176141338,3.6149580886584753,-
0.8476166145241394,2.9003584676944785,6.401001607988548,4.076594477479993,2.956876355497451,+
7.942564113456886,7.660905202317516,8.511185691312985,0.058469796240855354,2.72027363237115,-
4.706911567632093,7.29346493526856,0.32355544270754694,0.02805081249668734,4.575389816970282,+
8.244528805084927,6.597313017015755,9.922705023147373,2.219622641188365,7.702280052115019,+
1.1525948344108488,6.38301431215285,1.7234072706253578,2.30185905675042,1.9470030850268767,-
9.880448248855863,2.0941184955896097,7.631700970224498,5.233328322277386,3.664354337946328,+
4.127123872429561,3.8984160507668038,0.7947000194363978,8.59486957396737,1.1957829921172742,-
8.675452206890137,1.0326070603677295,8.207589978914308,5.513037449193496,6.110181854156319,+
2.024460341761245,0.23033068663707548,8.015750368526206,5.197814721815943,5.5121205588781095,-
4.507681604623224,1.9891767626212642,3.5438194077923857,1.6493316321819274,9.84582938502476,+
3.4833874088193975,2.609206103664395,3.992366471042496,0.32388145638582283,6.9336385937070855,-
3.404016730772794,1.9497474105007917,1.8485167246780432,7.1214851426836905,9.041346392407704,-
3.501804459639494,3.8438024237581714,2.249079126157471,8.171768326625635,10.0,+
4.388533744464596,2.3376025446667024,5.594550386719286,6.226910690686949,3.042729029691672,+
5.658694391337127,4.64541439259385,6.2114542664678964,10.0,3.854019420947839,-
6.1215044263157345,0.8823233817517961,5.472274015781781,0.5780822886185688,9.189880226787578,+
1.6078203762344516,1.628792828400703,8.541991833878807,1.1282489455575389,10.0,-
7.72598833392251,5.430975665192204,7.865721712245581,1.3746213601450918,0.09625457471061694,-
4.360977214676516,1.7510230630760892,10.0,2.0538057974696478,0.1317546589342143,+
0.029617807036868005,7.719427914697407,3.2056201225847216,4.862834008303093,7.975344997707237,-
0.03911786873435724,6.019285461835398,0.0027591395438764975,4.769324160813157,3.707991155241265,+
7.4484424686096045,3.9344186857417607,4.662011620824565,2.7472252977488534,5.717868382914105,-
10.0,5.595459488165186,5.00178721315095,5.14457218843283,8.094234719617198,+
7.787221379125481,2.535099093043663,9.08989610340663,9.959254559081023,4.690813701184583,-
7.28280160762756,4.580124599115564,2.409360563159314,3.658021426336436,3.328930860251169,+
9.184386875418207,3.931680385333954,5.225274184186032,4.736315383966952,2.678634328092074,-
9.424244339775706,7.701586826751508,9.027111553696844,7.150074472561749,4.203259591819368,+
6.5164620179131605,0.21249405954550715,9.145096712244085,9.869156647049092,1.192544488932764,+
4.891961292012674,0.038771248628695895,4.6506000211347285,10.0,0.6222709892039172,-
7.907102698951861,1.160932521809911,0.30220367858524333,1.377091891151473,4.844922457664351,+
7.4191851515273735,0.2086396338400146,0.2920726061421382,0.4371910520972691,1.4580090776849957,-
3.996473503402731,9.603485430832928,3.2002583060495295,6.951054287641398,2.984027132713043,+
2.2853445177146914,2.623456829487768,2.8207905170469108,6.019792128718519,1.7113982705585296,-
8.653394234620503,9.347061108465915,6.263134765580291,5.393772653579959,6.649535149997706,+
0.6916607180688846,10.0,9.430061269373706,10.0,7.115761066012302,-
2.8343171001753276,8.996061774732688,8.491168951426042,4.787984703637827,1.7447719978458254,-
3.673476332354267,10.0,10.0,9.138084607802368,3.2418737132936926,+
0.8538216472691007,0.1648151753244509,6.502141605642394,3.763527377466275,3.093720188158179,-
1.554589218304473,0.015155872845168618,10.0,5.639553854052338,0.7328196979401282,+
2.7163333640786345,3.934995103708995,7.72547610839331,1.070840468573483,0.5011388425055308,+
0.32091090079615836,1.6278062235344632,0.9559392281512045,0.10816580248030293,0.03708248085784457,-
9.968478522018701,9.756934493030505,3.013866543612469,9.87759259757904,9.023969318165573,-
8.691531302595276,10.0,1.7386718617238408,4.0969139974953865,6.850449929543774,+
2.171260532246003,5.349877296237185,7.08989226654278,6.589271882915208,6.598364817165013,+
0.3248701638362489,3.0697207860541136,10.0,8.467871568409773,6.24944187703603,-
1.5303792604002198,4.686635844064439,9.860636632232135,6.474371787365065,3.9400187245434006,-
2.411162050781037,6.444156420723831,10.0,10.0,4.704156729214747,+
1.9711908048255544,9.041521766392563,9.890096265311026,0.08541643704532365,7.127422870149926,-
3.208123558570652,9.974476393593253,7.1864804879476525,0.030025241291897885,7.2155576696439265,+
8.182277712533391,8.827762762214213,1.229775041222908,9.725455046642065,0.04835141491103645,+
3.5671054973133676,10.0,0.4090034865908404,4.228816059454698,0.07779616965787221,-
3.617457229114178,7.546910786021806,2.2785658080444247,0.7527483271230839,0.40278008966212475,+
2.8452362459137563,4.919997256347693,1.8267414416283452,0.4241314700552558,0.10167596945576383,-
3.028688270573862,2.3522729272722795,4.417486720694992,6.678122715329106,6.326908555224467,+
4.880784556956478,3.496550441270507,6.626619675920954,0.27635088710547906,1.03382784137846,-
8.897562551585604,3.160493525705226,1.0688954736800615,5.459763486051897,1.130596426615359,-
1.017972220769895,5.9420208536083,0.248210665102154,10.0,2.158258325905467,+
8.941732290026652,9.143034094842605,3.619076786273956,3.5387540614998523,7.318750927776207,+
0.6979427893314455,7.970119526700537,1.714686100924655,0.01681706452501441,3.9892133273883834,-
3.412386412428435,1.2525581739460157,1.0140986098350058,0.7733243588527139,2.306670299676731,+
2.6880729264915435,0.898710559132517,0.6197748398427149,0.23817208260723816,0.6848275417267118,-
0.9549367316614066,7.822507071151062,4.698692544687858,2.834100936682309,7.701389250105032,+
1.5416620530883145,0.04455419479601358,3.8113279895828542,2.826360456531674,10.0,-
2.612711704093159,4.5172983876413095,2.451021863313483,5.848470968207148,8.542605936031975,-
2.1782812262657547,2.0832276435690327,2.0492424729314487,8.779087064199297,0.9037361589911636,+
5.004745941214706,3.884159253860547,2.6189953102946975,9.52496184875928,7.859379797941182,+
3.508018001963985,4.063331523096312,1.387767016841839,4.688642025137902,10.0,-
4.32465555081219,8.303236987197005,1.287640653530635,7.917532875637789,4.207786566250251,+
3.4189785450700976,10.0,0.1911589914588983,5.924686611056185,4.610639046186026,-
4.132238156094651,0.00815480131666102,3.067955321295109,8.924786660262662,5.439405390066835,-
5.320581784839036,0.012667307511122319,3.61973954910913,9.945172638099429,8.112956224036257,+
3.8255581436039874,0.9067309714943395,9.95792099710478,2.1559563788150946,9.058607870897323,-
5.34021930657718,1.0882511554471794,10.0,2.9751862684769153,9.397763131446899,+
1.1538648152242503,1.8008290744359579,8.240044425007781,1.5497567444531635,5.37110059532683,-
1.9435825956142383,3.079941127143999,10.0,2.714812205080046,6.8443148576031065,+
7.951988385336954,5.9338955796346315,4.1081149489384785,4.692195935512994,5.558107966578197,+
0.39753240646168675,1.8174122841681566,1.9953935792245148,1.058694214986206,2.858484414451487,-
3.860726650914197,1.7708157841232197,2.1037529482464445,5.936299695699807,4.870814966345725,-
1.6367174986911806,0.33292581171924956,0.7941882116705226,1.6527282545461792,8.451574388114834,+
6.179303020315613,8.217325527624007,9.139347817641127,5.6029918359913555,0.4748505028921812,-
4.483998682501681,8.40070651144489,6.2647036242014815,2.5767904920069666,0.08693983478657975,+
8.376030761852562,6.5383642016382115,2.1961402275843858,2.782701247426782,6.188023574394036,-
3.927445140174676,7.4791410969794185,3.934679693816103,5.188300416883091,1.0796817158199714,+
3.8626316643977754,8.22230835008965,1.773611418458485,1.4507862706674768,0.2548717678881718,+
4.584585436363545,10.0,1.5927439183414072,0.6628883777153746,0.22540525876540649,-
6.498050085973379,7.663595243302477,7.52576140788786,6.699316552432061,1.0790060776852561,+
4.466236949493532,10.0,1.1521530824334998,2.900020742828914,1.7171536172263742,-
5.864097182770864,6.284011664822748,4.632976564746243,1.8037083462101533,3.5440046224856236,-
8.434871792821228,10.0,8.797175738680314,2.4113301694355456,4.182634627248596,+
6.391276668544348,6.251947315935352,1.48259781549272,9.983051203714679,5.218087216036493,-
7.73372196391659,3.178390970855637,1.9121866780169858,10.0,1.2926970462009393,+
8.43876345008349,0.3734030531636978,7.698267811616757,6.029443601821899,4.109213189235051,+
10.0,0.4299909948521161,10.0,6.377825721523992,1.0519496049781216,-
0.6483114374000443,3.91818399563301,0.07722996501809187,3.256050780901094,3.7850924641599617,-
0.9164058722297042,7.068976893142712,0.08517710394932132,4.14066266963119,4.627484806396104,+
0.8221380436013825,4.504782871870148,4.357228470323864,9.570005809175331,2.753292747078915,+
1.0421146462991757,5.4599674631437125,4.874927146716109,10.0,5.365585793097583,-
7.201672358540367,2.8409582171568615,3.9683794206980307,6.28686072317599,0.7586909737668401,-
3.3404677756980994,0.4842237039086083,1.1271021125192262,8.343013377195593,0.46400652968582395,+
2.5760290215622197,0.581189677474877,6.016096641263131,0.6070729900126004,0.5858569739863628,+
1.3227928512482805,0.8992967981892996,0.29552175826744675,0.43084330513215946,0.8241836899231197,-
5.01229052758331,6.285427563803347,0.9306127315622081,5.243506466846143,0.21961252502515238,+
9.855733892851529,7.346822784993864,1.4710457753011923,6.690064247500385,0.02981829266012229,-
2.0650257451096508,8.75788692815621,9.121709774326183,8.94271126756207,2.6277894603733323,+
3.4983401922420345,10.0,10.0,1.9519891937776253,4.417289276901352,-
9.504173109396527,7.875302129025502,5.291245616384273,1.9968307202400604,2.7824798937433126,+
10.0,10.0,5.64115633491327,3.702300953738863,2.6615946089177633,-
7.014754743156297,6.172299682155643,5.091492731065181,1.155454447010693,8.681194881394275,+
5.032896181787206,10.0,1.759882769920913,0.33261380458884426,10.0,-
5.335853076953115,1.9935601389543145,1.1850146898831326,0.33148858499604694,4.5307644657051505,+
1.167965746968606,0.7578300351954284,0.5115085045582066,0.12344426790117229,1.9805361224119657,-
8.751150168085761,5.185040032405194,1.5311032372362543,5.721091057327925,3.0327987594815333,+
10.0,5.842520823017099,2.6772739006762003,7.485443266859686,5.888815059299309,-
4.42220380383223,1.456176395901081,1.7963052999030282,0.1259680407332875,7.777968016205045,-
4.278810115215167,0.7428276926231969,1.8569607183683599,0.10366273318903822,0.7931615252896421,+
8.968729690298357,3.5311244612801227,5.700558743109423,8.070676785403403,0.6880647017082575,-
3.7042552137592746,6.409824687473241,0.09888470870898403,10.0,1.218778693642173,+
0.568947852448799,3.4875651120858353,6.494022138282693,1.7299306336897524,8.840446592147318,+
0.9086376529621225,1.3909881735430119,1.7639240068097872,2.4319598455218023,7.14874131631331,-
3.1067132247892126,1.0842416080074069,0.7496948352745669,7.432175069971171,2.1950864632585287,+
2.092854634387387,0.4525575207637172,0.0627135320823933,10.0,2.6554455701235478,-
1.690814238635704,8.065578388465916,4.630561977699761,3.8171603341238844,3.6201286054450357,+
1.3772301547323424,2.606008505719283,1.620728955510895,0.6849288746661004,0.2689283228517642,-
6.878052618530056,2.873936722505416,2.738405082182356,2.2373666749685173,2.521692100821741,+
8.158087860615007,4.585458955726369,4.18418323954157,4.308676730461383,4.9185290717321095,-
8.431922495335693,8.865188706252194,0.36882551695215704,8.507918435901427,9.013160564181666,-
10.0,10.0,0.4935635794115598,10.0,10.0,+
4.789832427005024,4.832930292699271,6.790938291902286,2.72261398082947,6.067100150355321,-
4.33585920552733,5.460955110756098,5.443615873251814,2.4016246602402815,1.4003849995428548,+
7.188112737405157,6.198366153904137,7.9748478394395415,1.694979626585239,1.3723577855799651,-
10.0,10.0,7.376803078474383,0.4374530250621859,2.4791836318479197,+
8.79117705335728,9.367587071885685,9.413187515983894,0.21710831645174733,9.002806798406782,-
10.0,10.0,10.0,0.2970503359971164,9.245788939116395,+
0.6736379471939502,5.140513832103838,8.188469722324,7.164662893645373,0.5439067914872664,-
1.2615960039444076,10.0,10.0,10.0,0.8539240313042346,+
9.403670769523597,4.5433041141768875,7.34815741553901,7.663299084017194,8.446944651078153,+
0.02490226361731039,0.11747367369357413,1.9705552434051212,6.381809301662731,2.1680009355687138,-
0.7981365604386081,8.507366789976448,6.418730261706035,1.992347405664846,3.678601087863149,-
1.4165206853191314,10.0,6.384628295545173,1.2774126079701549,5.150595082132947,+
2.8880445594962287,6.843747254350126,7.220964804762029,8.245454539597825,3.6019362305230085,+
1.0178941031004036,5.590000363393122,6.094328675172288,0.5099610818387889,3.1467820779990356,-
5.490917198593902,0.9658088910230511,1.0741627389228514,8.258089002362315,5.441986103885426,+
6.528072397019739,1.5127553082948568,0.870211377555953,10.0,10.0,-
1.2026574347896868,0.7282792300116347,1.821099797486243,4.270550535313248,9.495766520459238,+
1.0747777404994432,0.10764265987171077,0.32837570948837913,3.164472697884533,3.5767076494211705,-
2.2243271474814996,2.8705228532907334,9.21177134189093,5.8821802042672235,9.325830434857252,-
3.3812846693015337,5.3373964625751515,9.340879980304186,9.439802996001719,10.0,+
7.114463585684053,9.902346352566942,0.7618483455790437,9.777722667008447,1.8985625522973493,-
0.09956302778523737,9.25087074506514,0.4000685889993258,10.0,0.4950047043793283,+
8.395027098505178,4.263014319588684,8.057984751471775,8.109728351219529,2.3186924715317216,+
10.0,1.6430821611135393,4.913020032782826,2.885759785599567,2.465203122968489,-
9.81918762600952,3.5223273607386107,3.1104116726828854,5.3421619210766735,1.210284235745397,+
10.0,1.1804113007089179,4.26507541041504,1.1129813171613185,0.8660720908358152,-
3.6791283550775002,4.423660576565306,8.478176573055782,5.352852203821668,8.440877130632382,+
2.9783913920882163,5.232013076417179,10.0,7.946941957836152,9.30347560219834,-
9.34586185795441,3.7590355582315937,3.096506240053669,7.817692787747052,7.674979263432304,+
6.435245000672875,0.563927753751369,0.13435623528652954,0.36553000909336636,1.8023150081017978,-
9.282042889883424,7.211200492189118,9.93995552665716,0.21638132376124775,5.396753839411006,+
10.0,4.346901437461399,10.0,0.1654950780568212,0.5197560333080755,-
9.764930809860395,7.417899929730427,7.697517409190979,9.231651514100593,9.240401881206369,+
7.812220347337819,10.0,10.0,4.765075917014982,7.543125556978745,-
5.710913116628436,3.3252078091661064,3.4242947471236542,5.312566481708023,4.1721091740313065,-
8.407526778122056,1.4208448959438182,2.8129754743852304,1.828800635787121,2.8865706777474345,+
0.7991455440264084,2.100863937172779,6.446883178522672,8.536100824557128,4.476110643630361,-
0.33324992383623236,2.346609691689242,9.929408555990992,7.235580333300602,8.581724719804475,+
