1.5689329453859036,4.524160833890706,3.031622582944152,1.0159768311524664,2.3533716717535746,+
2.8056441450762155,0.07913829220960761,0.5797522465808399,0.029838191801051486,3.1357578689837373,-
0.6805395789425428,9.00311352679029,3.3511628282703496,6.83920787223106,3.267403268402548,+
0.6424152298183087,4.648396051268661,5.46164227768922,3.177787517849076,5.236722623322606,-
6.503199739847064,6.528375277307612,1.1755063609607908,1.612799259769535,4.38382811752825,+
3.2027867011300573,5.191001379977395,2.2269666647070676,1.5222917100845663,1.1184316200764681,-
3.181848417420672,0.962707624724195,5.523193113522435,6.165185566763877,5.607526948755254,+
2.511023559753094,0.5773439663793145,3.4351463130907884,1.0614161236621529,9.950889999225652,-
5.1830871333248325,5.251332343718555,7.0644411795361775,9.940062228586642,4.066987192480335,+
9.346245859101407,9.727789406783575,7.848997245004753,10.0,4.200122351008568,-
2.165828713211976,8.832329025500245,5.340432517274223,2.5193011564233703,6.266821648944834,-
0.009919786654462137,10.0,9.423327093371473,0.10557105702355517,9.613916190215585,+
2.3399665697896777,7.926541812754352,2.17843820304084,6.986774284566581,1.6888519066857166,+
0.9587855779998047,7.160179333575534,2.9735739494779927,10.0,1.2656827265476613,-
3.362404682180291,6.077207666055989,2.2864048010369133,6.158537129656243,5.549925230185671,+
0.8577887177479384,1.6105387497017025,0.20157111390760568,2.9565024298840177,0.7910010798641005,-
6.524144335485764,7.9385255328787405,6.5087388728619375,5.9322310355247945,5.4547914757047335,+
10.0,10.0,1.8839237781584313,1.4874597343491938,2.6008584794011287,-
0.7705433105576853,3.960202329256707,7.18016665616621,2.914181565933296,5.21642505211913,-
0.771681123667951,6.05370411306092,0.6692210840458142,3.7525382640771485,0.5756048959479615,+
3.849549498613314,8.718624166330919,0.8071655714298154,0.6723253865288004,6.651516234774737,+
2.7326312981399066,5.196007792526066,0.574924287270343,0.16974464255730545,3.243243929798786,-
3.5037141474852715,2.404446162397127,0.5192019009879334,3.261640813800523,2.2153462952278327,+
5.9630265741536315,0.9519782207156666,0.5834367386778779,6.0306227379048964,3.9089357066791517,-
4.620308648195143,0.3045003337167307,9.822545797136922,9.577833796263171,0.36085684621574243,+
2.1158733870392257,0.12169883344799151,6.317748864196637,7.0375980031109995,0.1606447203668622,-
2.862808395066896,1.3546696933614144,6.182686594505647,6.698916229827365,0.015055282485405552,+
3.028585847022089,0.9306074289643834,6.8980267236447315,7.860768351192414,0.005939044974156095,-
5.860396747372361,5.641235736777858,3.3762469529583647,3.0056752202942096,6.3906844311597215,-
3.0323376016188996,8.296190416304979,0.5682621706814018,2.0771308749712682,5.775955172683535,+
9.142226695683522,7.610839432503893,4.421283054416519,7.179487735170348,6.5634807150107015,-
4.961975272200554,4.697296165256514,3.7575319960095803,5.786144106246263,10.0,+
9.264273686864886,5.292031058395091,2.726927622025477,1.896102672396801,7.258936191313077,-
2.053268684687651,6.229936538569236,1.8164994914397685,0.480139932708221,1.5191858625031245,+
4.657727101537384,9.25804285692393,7.720501023437323,0.24532195352063746,0.5706379032448183,+
1.7023026628996396,10.0,8.207871298878324,0.46115985226172235,0.8838263353517213,-
9.306433510222256,7.2828499268036335,6.7059267811147025,9.947236740394338,5.62222035231461,+
8.424108827883016,4.703700786581648,10.0,10.0,5.66502926185861,-
5.573403104127342,6.779494006191143,1.3974590202519477,8.177524343310743,5.724017595178993,+
5.1081839763555985,4.410617446962153,0.8127538921523916,0.9035693020404624,3.4801291454933794,-
1.0113952385103486,1.5818547979623365,9.075439814212118,0.8885367061587346,7.031154877186328,-
1.0087464005074998,0.41387621453801815,0.7108303675382691,1.194630215809331,5.7039840395413695,+
0.933236320634544,1.8303072093836659,0.9101617475679247,0.2339234274400781,8.985238010942961,+
0.27699779492694326,1.750068436366408,0.9085850894978922,0.0939617179434706,0.07256306482377455,-
1.8971233386634945,6.855813358279384,3.626111285045197,9.666391127461022,7.099682477524844,-
2.3202154591430784,9.940920111740285,6.714659889918864,10.0,8.78567156896846,+
9.670377458777553,0.7709109122091617,7.6815132381663975,1.2688064177614522,1.0969411502890702,+
10.0,0.6512367245379251,3.96547180365994,2.1945162275949737,0.42419608869652564,-
0.42016012080200116,0.6356022864739153,8.448102127531929,7.543582924128161,5.441510578801978,+
0.14115825559779296,1.1084678194920197,6.312548242882454,10.0,4.696113249812324,-
7.500689843389168,2.8188065812997207,2.867866880093448,1.0839766487332825,1.1913434433569492,+
9.46309081925866,0.39984554461623106,2.2609137739426086,0.38699329481853034,1.8999707006988733,-
5.92272479537192,0.056076813617631505,9.069041817218665,0.38072040123496853,6.895812808321791,-
10.0,0.014480353881078092,10.0,0.7596579828885782,0.8076153691496614,+
7.622115509108296,6.473618962724835,7.116199171551216,0.6877409458279038,3.5802158529119845,-
7.5751580542511405,8.472782737089833,10.0,0.07064909235903417,4.636386132535341,+
5.798847905782165,6.307200566870632,3.824898022373042,4.576780665128978,4.571575224028361,-
3.171298028499757,3.353395726121599,5.568213446866528,1.1714417307282163,3.0961233032909594,+
9.397804753122017,0.125300826161302,3.4200392206516517,5.765136318623368,7.047013303805306,-
8.976828774264241,0.07704798911819084,6.093480215056179,4.702891399618199,4.459761733536289,+
5.687947970158454,4.799946838208245,0.9966723713719761,9.479005284908936,5.530278501717591,+
3.541117296008365,0.9528727558928084,0.9256119517029556,2.998491372664276,0.4672068641237237,-
3.770103692425998,9.006548679945874,5.112630255623846,2.4647454551520243,5.1245842320742465,+
5.817208974713575,4.899756313351548,6.3351575730728396,4.597960888584615,5.299307826619606,-
5.89621634807954,1.2930784011814023,4.997318547617761,5.730409481187334,5.671824813099347,+
2.084050981432543,2.5646136800850585,2.8515246950686097,4.8613612318020225,0.6029041742605765,-
0.19751459086901013,2.895396760424168,3.024695661593322,9.043504562474777,3.3088786939187065,+
0.09088340676123823,5.399859786303489,3.902040676610837,6.623377387514528,0.7934677144642447,-
6.005410070664712,5.274808345102978,1.294041615971111,4.179400948589799,9.006223669681429,+
5.512112320834764,2.4154098266432955,0.4551290304030871,3.7414882038013464,9.047682030362028,-
4.415551797303687,2.3575291036884547,8.174126709876647,9.352832870701375,7.412049682595026,-
5.770629936552946,1.678854230421197,5.5920939585247025,4.064508945114209,2.7952019401973383,+
7.501092924840991,5.567829814056235,4.464257900385568,7.36720175574413,7.044245473226979,-
2.155031508927871,0.6520361420453703,3.246321192651907,10.0,2.665475447536315,+
0.07234587438859963,4.627027719528428,6.205171731740185,4.310331733391432,4.260148583040458,+
0.12400662508699171,7.985474631816601,7.778915218274527,2.4555217659881365,6.025313233634583,-
7.168845555936263,6.882310842455018,8.426507720981885,2.3194602410071328,3.98752361838695,+
7.2139892875807545,10.0,10.0,2.5695235806389074,5.881626962297219,-
9.10196511023223,0.43401889144804473,6.2296099124857545,3.8993307414605374,7.525830541141194,+
10.0,0.73579067341493,10.0,6.819489203877377,10.0,-
4.2399819197302,8.562868593160522,3.8602637032260967,5.403770398561479,9.078488055138326,+
1.2364311929276022,3.146616258902071,2.6765739533691124,0.3242440139041458,4.646538145900476,-
8.814415543373798,5.381830221336127,1.8615103236845165,7.024000537408682,2.515381352980226,+
7.587994007062946,7.285050026992632,2.8832645044058363,10.0,1.3476023498857874,-
8.12730894147648,4.304104067961228,6.026508485754287,9.668776516250501,8.585177561834076,-
7.238522160097965,6.7575627114981005,5.769872486221992,3.435900709272525,8.29382375480611,+
5.886490333611879,8.499025587470603,6.744305305624519,8.862388011440869,1.1554789370608898,+
2.8947579933698084,7.7184788986810595,4.280368133874051,5.332337231231827,1.1176025058030747,-
2.8802407916835246,0.8430276471652609,6.687879949118516,0.9682801821201414,0.8136814384574487,+
4.162374074124272,1.0205209011445426,7.119300690524235,0.9260567842656736,0.8335637146703915,-
3.380872056501274,0.07881241678032169,4.218157379731301,4.051276320644347,7.075851538130511,+
2.0979105012435606,0.06982931279343843,3.445049799802295,3.921828973696377,2.891405959594962,-
3.823623161781139,3.8033281452079137,7.104263141826831,0.9212928314919622,3.1191401883108516,+
0.8036867365119476,2.89739779105898,5.423218682526897,0.6489267475762175,0.33228503344783356,-
9.162813331101246,6.215316699653593,3.2553050228675406,8.940593709336396,1.5286790698748065,-
7.087745817371673,9.274562541312385,1.292658809631234,4.444069092137623,0.7947318006087912,+
4.581867622153464,0.36771278097372906,4.977087357725834,2.317767605501193,8.776791572589559,+
1.6676864110119185,0.4092950554094877,4.839938596492567,2.1647508901709145,10.0,-
7.085944332064318,7.260415428051891,9.76212389397067,2.2552788534733095,4.6498731615018505,+
2.9836681849759614,10.0,10.0,2.7016340577385187,6.447653107595452,-
3.8664977266785163,5.70234183372526,3.1891971139094313,2.3925336476851355,0.8152139450392959,-
4.111052117228813,8.450584416820732,3.5440475982321233,3.2003878785717723,1.0078506302790626,+
6.6897856927787425,6.31069841893485,8.564978317838024,2.8428072112409297,0.5984358572590975,+
4.582177657677546,1.4660733674701354,10.0,0.7730838182702038,0.3641764340025262,-
7.311820012516198,5.851522902628831,2.624209159036516,1.8284542936126302,8.320615391523814,-
10.0,10.0,2.6278208899189472,3.2273152177016953,9.018523172403905,+
6.488823876302362,7.173124593688938,5.5245154490001465,2.3675233042683477,9.563192170132393,+
9.108686064361452,8.0504875548465,5.693498938235469,4.179522141781985,2.522508249899879,-
7.761405111969761,1.9480434596889062,6.021968343946455,6.920743578523867,9.165352261771233,+
10.0,2.6383257678736416,5.916564998674507,3.1955143314896346,8.860624631725695,-
4.4989521849814915,3.708321373925404,7.806914293139297,9.355567548921027,4.264301028391379,+
4.4009587332083475,3.444569625155648,7.517987895131895,1.0919341900612654,0.4982939423861753,-
1.7087686435792304,8.978342475409884,6.133229509882058,2.7510062742775188,0.01705663575631733,-
0.619223649224829,10.0,7.147025223061943,3.229379147770101,0.016731045786301062,+
6.1797218628514745,7.581643271016228,3.880189222753093,4.206579947262363,9.417508160351888,-
6.807703572906199,4.736526729249354,1.837418382080539,2.9082308242738537,2.5653676886069934,+
4.466144678866115,8.336347787583861,6.554896183395086,3.4524148367899232,9.264764800619403,-
3.838578275764229,2.4826384584191583,8.095795926663067,3.4317673506292166,4.080269457854195,+
5.882311540411092,7.614791632583799,8.683843906068262,3.004182817328822,1.9129483036131478,+
5.188809555941093,6.027694117097147,7.667883247677962,2.2405520505081733,0.5512871884916533,-
6.898516433194544,3.9525752919071797,9.70581901367514,4.972801309249363,0.9838159602989582,+
9.84390688649046,2.882200529836484,8.628082095289146,5.682151196948247,1.904624077606548,-
4.321342601030903,4.117482860883177,6.749600186726948,6.797847886872233,6.801836175724752,+
6.696696880697082,1.5375439174622925,1.7287155324006516,10.0,6.602481721660882,-
0.3996360900462881,4.672105535358993,4.264542993307511,2.5705593729368714,0.8478088038252274,+
0.12945924585701007,0.5213898118834022,0.9894575171012999,0.11571109222986914,0.6388292912405605,-
7.819327099685321,8.38302223414887,1.4045230494957561,8.392964128423408,2.610919261393553,+
2.4047078035219127,6.940612561857631,0.9410958127961656,7.112899328308628,0.21741557720063756,-
2.173766437767358,9.953777038144084,2.698839795517011,9.209326864626542,9.138916465148618,+
0.7761265883759507,0.44196137130205315,2.2965259602804196,2.735452907095841,4.174755580892116,-
5.049292845782349,6.184855698347307,9.663241518371704,9.403497033343921,2.989367535637373,+
0.5457060165772483,1.663685248261608,9.15633072114287,0.6911613143527662,2.811062633811102,-
3.5030757255054734,2.7537758300472026,1.464293033350974,1.2733361086613426,1.033672570998625,+
2.2643099018801656,0.7983661671201703,0.22444628745994483,1.4777028549527458,0.8636557554938755,-
3.490505902463077,3.1772699969729903,9.653139819437861,1.2487802857579577,9.596377363995774,+
2.475034159597917,2.4829394649595455,2.6119418612633,0.407396512461567,1.4095882485894995,-
4.156186233408476,6.881719862042054,3.6909548396579117,2.995983560445581,2.7531738723058985,+
5.436020978803342,0.2106981861745532,4.123356452683122,3.2712095695598893,3.140253330487053,-
6.845560790046289,4.919854169131396,1.7981580424194454,4.357381011017173,5.60814076493208,-
6.5759251919862916,5.466307054189231,2.280487011509813,1.751967118055092,10.0,+
6.644976943953349,9.471922185790035,8.594728330355732,4.5819130763060585,3.5438939096688538,+
10.0,10.0,2.9726491770918697,8.631791515825222,5.738086740897556,-
6.452192769432203,7.155871256658654,5.5619629927233145,8.10639374641722,6.988074818321909,-
5.1068728760388415,9.937409822181065,2.1690643681936574,5.195941466705638,1.4087662163617793,+
8.588593349028455,8.513265708879066,9.629377316240745,0.4958511696299961,8.670317118490605,+
10.0,10.0,9.582207105824871,0.626346772703629,10.0,-
0.2794102231531592,2.942342957596795,2.5223649384681837,7.673639748542179,0.8085086066985558,+
0.5373033722255814,3.5718373862023944,3.761021486684325,10.0,0.4516587677509843,-
2.5528184489246977,9.209725227937195,7.700101118792454,3.062058588345665,0.3768664648593789,-
1.1403838469272005,2.8981198774747656,5.260630690000934,0.9834268873283805,0.718522790985324,+
5.480855694800128,5.99577516787801,7.520867093850959,2.6508961493051766,0.15627241865257102,+
7.943778448037481,9.132191956287329,9.153308409932428,5.1604570950848805,0.22214866280860904,-
3.4880014577384855,4.247054774601756,2.100357152652599,4.417329542073456,4.663384382989587,-
5.8780862267555705,3.8871976293631114,3.432832746774548,5.120182394945117,2.139540184230127,+
1.008115211538081,3.0640628236425105,8.456378254589719,9.939378428050913,4.89775841879137,+
1.0040834330806176,2.382400962606325,1.3710148882091129,6.894266689488193,0.5799895151867818,-
3.2250676447276163,3.1921316433212663,6.138637827777849,7.935578076234629,3.8066625226824033,+
2.4352244178085636,1.471123645620642,7.9010690441859595,3.359291897807248E-4,5.687044736632947,-
2.7993489366307034,7.0008110009534334,3.072907400146173,3.27599913172378,2.241944181379698,+
0.5248891509196941,5.029077977832709,1.7080134236330726,5.914416621111613,1.6343111672016668,-
5.028263774013386,1.823409079045304,7.490016277022401,9.255367258225583,4.210661497008489,+
9.6914160082942,3.2494884829456403,10.0,10.0,2.654250951507116,-
2.612765238946703,1.7693114205273475,3.7308392208009042,7.6840188893931956,7.240505504241642,+
3.7919136189510847,2.2127202725228816,2.5433632378708375,9.354593883054601,6.007196055337247,-
0.3169821447786958,5.4326514100515775,6.464213809815354,4.670721528563612,0.32342625645750744,+
0.6016957917618859,7.0325245548353985,10.0,8.805337200763553,0.1844493399270861,-
2.8351763016990583,7.7530875896490485,5.83000985443349,7.489959348765762,8.017863358466354,-
5.162717269942227,10.0,10.0,8.191415640609994,10.0,+
1.4237576893064796,3.1865745892039934,8.756452608895184,8.616769646597396,6.4149155881280056,+
1.6178116387745174,6.338031001940755,10.0,10.0,5.223622946272707,-
0.9524102435961068,3.1084724126670293,9.465772919907193,0.6731310682567315,9.1585313627053,+
1.8969233281370943,4.852142010793328,10.0,0.7954754467279337,4.5777346813390425,-
7.821257197790494,8.703065830305386,6.356977261231459,7.586865528684691,1.6756938526351972,+
2.7858431499685534,3.714559834242053,0.24479610081039235,3.7228504473590704,1.0818969233374576,-
3.5445569896663196,3.1521734060194353,3.2640969556503876,1.725573315705976,9.280597106157055,-
0.6649255756033238,4.176766836727417,1.8259218045601013,0.7691269233501393,1.0359028734827196,+
6.0469760506389525,7.756852381737912,9.480139609323446,7.597682896693859,7.666999928265911,+
4.710525600790991,10.0,8.743563363143615,10.0,7.0968235241829545,-
7.969594506500214,3.3535564624828296,5.853494927607069,0.4605690313239774,8.854996562604802,+
1.6188956168725452,2.338094958448181,0.8887935972335246,0.4320252184626886,6.089494448362263,-
9.39737031666031,1.471355607941649,6.316136827722944,2.8284793488347493,0.82674185718149,+
10.0,2.2208226215545337,5.863170189774182,3.144854177064985,1.0646848959960913,-
6.9727095990784775,6.3948464816378205,6.108928845631409,6.462214822670336,6.58183191588498,-
10.0,2.477371907906042,4.927279125662495,0.7475955859183727,5.715653706925257,+
0.923018795365772,8.977328254123224,6.850453697465618,8.975939284284348,6.581791097267324,-
1.6395489699844248,1.359180713697129,0.9743592049940628,8.886869213283807,5.661767358157371,+
4.52392163048304,6.235111647586354,3.0569504214960186,0.7720753685616211,4.383788256840639,-
2.296131358246589,4.569615536341108,0.6501224063162371,0.025878605288853156,8.73143660153403,+
7.744374146588937,4.731731420300913,8.549922276090667,0.8839335135823823,2.8987709787729465,+
0.694351138729108,1.1482788686849363,2.3076442770972148,0.711733742486964,2.552240100139055,-
1.4208804932645358,5.2020649513936785,6.048863065066884,8.586879993852675,9.938986321601917,+
0.8004521956302102,2.2757438350272783,3.2504808178752262,10.0,10.0,-
9.378686639384664,3.7359507584193166,1.631814264071898,8.947474242353389,3.270485788177775,+
9.56929159383558,4.995413318312543,1.2890604198529059,10.0,4.859177897767207,-
0.1737201234006136,0.5089215502891853,8.67900658063068,0.4945399898433578,6.686568241749823,-
0.13218884633613287,0.43055511331350743,6.276674000114207,0.5532156826453919,6.521482399659256,+
8.16228476352728,2.6147722188134983,5.87873422532825,0.21492690654645874,4.275104525129393,-
8.601222308644042,4.439816775847654,8.705472270697031,0.36998964269407997,5.638791636108439,+
9.063030321734596,8.648072387241449,6.945964737240673,0.9665859053517312,5.335489213835363,+
10.0,10.0,10.0,1.104656669639901,8.762130613623286,-
5.448848067162658,1.6078187899722685,0.6220026867553974,1.4917835557743098,3.003943882023108,+
10.0,2.464585326707227,0.4985764950358461,2.1922727297714264,4.375892261584503,-
4.8324679198493,5.853390929415449,9.60519938711949,0.13464664974324525,4.947767865018155,+
4.3169825518086995,2.318029668000289,3.0794193327778037,0.07649839185059444,3.689851388018734,-
5.4694618855726045,0.47572975395921757,9.564959714394158,9.227662483819305,0.9024990214236406,+
2.883579851919785,0.043870301061359133,3.006305729124588,10.0,1.5719723464810125,-
3.828673008218506,3.4639974755077296,6.132821032244608,7.288494153889583,3.8786591287730507,+
3.061387488089478,1.2802368632749472,10.0,10.0,1.8552077653571255,-
8.204451416533885,9.076660863006017,7.720226436878368,6.720190625421274,6.275981680498165,+
10.0,10.0,1.0872693074868487,8.189382147327576,10.0,-
7.256997763202974,1.184081813800223,0.24539218244719718,3.8481131258338186,7.749928713259141,-
10.0,0.6971307174357088,0.19453672173607406,0.7676256829002398,2.5326343796556894,+
8.06616893981242,2.1878041387928713,5.453757784368943,7.387974740944914,3.69734540778183,+
1.1896227077634434,0.3365415215127382,3.9561972195207953,10.0,1.5786171617821816,-
2.1591743146585585,1.2015724523164006,2.6983092411732876,0.10263431627744013,9.84274318872956,-
0.8986090106107926,1.3004790434479254,3.7847868151119153,0.17388312887244775,3.6851262474446034,+
3.1450826051946237,9.339189050534545,0.366736114421331,4.562648179110428,4.718907001554184,+
3.0159829145960853,1.7204092103836162,0.05566546717464681,1.1863405315453999,0.7503773339421205,-
6.351216458790274,0.060898527088759646,3.459340675083512,4.027841151198742,2.3550577580259424,+
4.81704239926303,0.06579084849320074,0.9311797505877025,6.609182050069639,0.5932652179095714,-
0.5573802603574463,1.462796326529221,1.2364563468916023,8.370331033236573,1.8903080696414054,+
0.8136580126873676,2.832526766546057,1.5801677812297767,9.891273372758622,2.401047968024767,-
0.0467301608455406,2.0048986681204637,4.119698284390783,6.367868332153021,8.842682033330687,-
0.0628775841646612,3.3121466243964655,4.393364578017667,3.4531254330263432,1.8396370897745797,+
8.470288232614235,0.7626598261889506,2.6859057655186227,3.1466256325976802,6.211026510763449,+
2.5785247622376786,0.45120534282694824,2.9413795139377514,2.2876555830420435,6.264642240973108,-
6.096200124089194,4.996642362503502,6.882118976751479,2.9292585609746613,9.772075216606291,+
8.614045167926566,9.548273002482164,10.0,5.713240117185098,10.0,-
5.500564978574415,5.637571035274675,8.523677516264483,8.509327622329126,7.92797233870062,-
6.240624041895684,0.20544493740717396,3.097515293718778,0.3779208541038465,2.605990271930407,+
8.455777861123961,7.999362758339938,8.746374174640087,5.502167227346808,7.061467353718029,+
1.9983276332090647,1.8305461814925852,8.211817566938226,8.25123487028873,10.0,-
0.6629528820636099,0.6746089056979532,1.6350075003062925,2.536218775428667,0.9848225862649296,+
1.2726160478424118,0.6120704183940182,1.1337271849057535,0.0780515303581685,1.7560778599080913,-
7.183706866623164,8.435994860806703,0.727339457943128,8.322462213721156,0.8724439248357763,-
6.60325312722258,10.0,0.974745181384168,8.570747792572535,0.5948907357028131,+
6.043899520540592,9.111303451354214,5.651719834057614,9.929585542916303,4.50911515287411,+
4.188722864024596,10.0,5.795361786245677,10.0,8.017480776974152,-
6.961249455150039,0.4497683683876341,2.2388321087370135,5.790550763416864,4.859949977443439,+
5.947367655468712,0.3110479098207822,1.9291850297958049,3.98723004091896,1.7748786422929506,-
1.7820979521796398,7.851360959935356,6.4701690630776545,7.193045464719102,1.7348473923466057,-
0.5781996391550759,6.034067551252676,3.503694883902048,6.9639284332052895,2.8184293570743577,+
1.1511486472932309,2.46693779160295,3.2292815622006033,2.0843673132209775,6.186684774456307,+
1.7958089579702683,3.0097951094283264,4.546410995921626,2.1403924221716903,8.199699458203064,-
4.163467211583214,7.56200956359425,5.906788611076386,6.7668596281630125,1.1244129414088666,-
5.899935333486474,10.0,10.0,9.236735839216083,1.2727029722221632,+
7.446286875471323,4.395241948237957,2.2532400191864186,8.16571156809537,5.105110199657031,-
10.0,5.519319097592893,3.1097510418852488,1.6735830865400159,4.495250285821946,+
9.536989378037198,1.9209920259100466,8.001225455691914,0.6981437619716635,5.433441106698135,+
10.0,3.1562572415384964,10.0,0.44913939644955325,7.958946497311011,-
9.82461022768791,9.855507902608245,6.546547679262542,5.8767973867415915,1.3730324814988637,+
10.0,10.0,0.3106974308045194,10.0,2.3064704673543304,-
1.579942169551567,4.897164814960163,3.1180187855090002,0.5816557353235363,5.918979053705716,-
0.5940683861542128,9.220494985689271,1.6547719698957455,0.3577521286098916,4.82573022947821,+
3.853755755442534,1.3334497443154592,3.0955258687790965,7.990962829798615,1.3120029786719778,+
5.617028437333066,2.226899959087489,5.079784100990899,9.719640560635039,2.148345912332773,-
2.223505906093999,2.480539007062972,3.1435768382839746,1.759746518397709,8.332747500053248,-
1.8888742483463563,4.870724264853051,1.8268765826387072,0.7235817763845391,3.1113939818133667,+
6.325192803322899,9.198503888978278,0.8559570345466627,9.941466816391483,2.856670968602634,-
7.114764826064377,6.2877510873336915,1.3926045413543786,3.57708616596681,3.2324416338983264,+
2.772196286088271,9.092136982251505,3.5513958652708775,3.213094936328745,1.7218529031825802,-
1.3200286841211206,0.4287333092736665,4.631160141392416,1.361186708984556,1.1663987536343632,+
3.4265369502040652,4.211140526961122,5.273120215464244,1.4141907960771583,7.809495752912479,+
3.5570678744295305,3.7366465652436998,6.1260712341064725,1.9155634290277757,10.0,-
0.5071571251486651,6.386727300231785,8.991618446916199,6.785623369140106,8.697100667539951,+
0.5506383098655054,10.0,10.0,9.308822966032315,10.0,-
5.627719490148171,5.461485389664902,7.7272881939062446,2.628572972090609,8.018824322766108,+
6.872944995243153,5.14708185238441,8.511209793786795,3.0285182840601483,10.0,-
8.67468036585693,3.731646017035082,2.4086381416808553,3.0010285713517293,8.860092130578016,+
9.021099863240481,0.20567223969200318,1.851074946228096,2.743043416670509,5.336414443317662,-
3.2645961117150324,0.7023425972439812,7.540206880336216,0.7852575381860261,4.286955541265238,+
0.4179387285936757,0.5042858731678971,4.415024976388918,0.5350718050945144,2.319080959824866,-
8.61532018509125,3.6280720246522478,1.5641661590956124,6.106592648066371,1.0561058671263956,+
10.0,4.684547367614024,3.0791710777915675,9.830100821673419,1.632643810470015,-
0.3589661082071105,8.806839726978806,1.602241416744633,8.648705205418171,3.1701134596846234,+
0.5915984795814989,10.0,2.060540937964283,10.0,1.6298107781832019,-
8.264066242779165,2.3284737097415267,0.33493627648605084,0.1657557958696576,1.4530307669852438,+
10.0,4.645634194055607,0.5235098902422617,0.13355588508712513,2.2162579002874283,-
9.430221146310485,6.255111990113537,3.167044861526925,3.767701864158189,0.6728448028168899,-
10.0,10.0,3.7426955501601227,5.473658684401552,1.0988814690309454,+
4.819734057923746,8.405955144470855,8.953660217713008,1.2029980719852484,6.292367060964565,+
2.808496538920048,5.693276750670368,7.82449626283984,0.848964413297271,6.243413691347746,-
6.44109542439823,5.383165420838085,5.816413309766188,2.5446390291519974,5.455845038551077,+
1.7117326020347945,4.107884789681696,9.452047360966002,0.5958536453070282,0.9333349648040631,-
1.1912945670421682,1.9751327659315965,9.990251795021068,7.538604249243985,5.359118457210402,-
1.893848487206651,2.214621495489719,10.0,10.0,5.571083292398024,+
0.03566317920833284,7.400211047182582,1.6648319678496004,0.3989307944857512,0.6568294076225945,+
0.028430330078487973,4.415055407169918,0.9517113530535187,0.7952866744544451,0.5891420661808505,-
9.154188745027081,4.73449171929783,5.962211876448011,4.805355583354094,3.884120819931284,-
8.428071243139645,7.211922770007974,1.107599562344502,2.4534914761898907,2.298340208265138,+
9.258319556708104,2.115743108641314,1.2067191048965575,2.8948925044246554,4.64722451661588,-
6.630962008374719,3.080453294636981,1.8547775582138568,5.3047116456282195,3.0184510805479086,+
2.258461309713428,3.4245469741398304,5.910462561913676,3.9875812857566793,8.38212521336185,-
3.8566240087259316,0.03390701020677122,5.456929062274715,1.2187086912367926,2.6842336326584895,+
3.146671522221931,2.9381603463883375,1.7932730329221869,3.785992781314519,5.4596898633173785,+
6.034764093103268,0.49015664552952615,1.7772081938048159,2.403234001504864,5.043213081740074,-
3.6615733281452068,2.1618854521483986,0.9516894253951746,5.049843997844898,2.517553343878064,-
1.1320309438101541,0.22703188691411139,0.21302729678152615,0.06494861948266029,4.863854217484041,+
1.8916243887862505,9.164574070338276,9.344093467094671,0.6673752071308248,6.068447157254672,+
3.462910966491808,8.939851701889854,0.5144523624391718,0.33349909087154533,6.886745396119706,-
5.331513542009066,7.353557489658352,8.238110486690232,1.8418338349511454,3.8837393422113786,-
8.063910332338473,7.364094590527604,6.161746005814087,1.7283012472370205,6.590320166453853,+
9.951960447500362,2.6746513148599247,4.007533864039379,9.769040191470816,7.727193750899019,-
10.0,3.2048030729783172,5.237541981294852,10.0,8.447486536670343,+
7.921449503454375,4.539296473291148,0.3781664181351829,9.784417328696527,7.544977001950254,+
6.893747605561124,0.744764109676676,0.22359153420039068,6.933626885430999,3.5660967807173964,-
3.1034885416395497,1.965101274020552,9.444306438761373,4.005273117511145,3.6352850063108653,-
5.5878478556425035,2.495979946445802,10.0,4.832662904851637,6.95917542259887,+
3.4114560899832225,7.908919936069836,9.708235936159122,6.603821927051003,5.181493371638427,-
0.5357023550485135,10.0,6.672105314433504,1.3927899627296818,3.2676989080224117,+
7.200385954299369,3.5577018991236207,4.835802688296882,5.318827891936334,2.5572642757172637,-
10.0,3.638118179470902,7.141522204368952,9.927775996537779,4.358612565927407,+
4.479968022338698,9.250463292694413,5.207732308176235,5.28515624873017,1.6577633829508975,+
3.4217278104280826,4.9224174626667025,4.097871265042752,2.409496770639411,1.3975578262049273,-
3.9962137319580537,8.052562898765798,7.492869569341258,8.818291357782314,5.912944205272134,+
4.490466954197256,10.0,7.692419945253304,8.978498574020428,1.460556415586674,-
8.44815255422036,9.697598117514039,1.5855876751391784,9.78794487226918,9.40985741551814,+
8.74236031180467,3.377838805586802,3.029709035504482,10.0,10.0,-
2.674989365858851,2.520798885896304,9.374762215361919,3.4017411889996376,6.139965130022629,+
0.7119691956121711,0.8686622986497544,1.9016243669026789,1.3205916014807975,3.284661654605319,-
5.628155679291174,4.885281948038553,0.8597186775912191,9.954510563179843,1.461823168470463,+
6.18637746520421,6.039943541475431,1.0362588026768214,8.901131509808769,2.004287088675754,-
2.1196626402073635,6.068588077071616,6.069482259966332,4.518537001085482,2.3943564688355123,-
2.306082128633589,8.380550663572983,6.815133648453222,8.299633341105295,4.119033339522656,+
5.458978792029889,7.654885199792945,4.100284200158271,6.568824707337951,6.083253520959284,+
0.17016755249499227,0.6058148699059864,3.6706293649541943,1.9629655980494503,1.6067307831837014,-
8.456376780029577,5.088530925416598,8.448954638273948,4.59839964149551,7.03158279383071,-
4.510123421303649,5.103526746156665,3.466879082145067,0.9474679089708314,2.3680446395367785,+
5.319230617162576,5.165647106252724,2.874339941364994,1.2488676872742654,2.489504986436828,+
6.807044579782263,9.911566093953699,2.0504788449164075,0.5446155245463218,1.924749981706742,-
3.805343729436906,5.595870330377366,2.410807067199662,6.036657009222308,9.286195339675405,+
4.258627356703983,2.550858171843887,2.0036232579843793,4.291284572404839,8.883453281800078,-
7.897644971062185,0.4889549339065835,7.383350159793518,1.38594404572292,4.901142807156661,+
10.0,0.2845354663177662,4.160537893721414,0.31048236954526115,5.627926548531243,-
9.577197557824903,3.2395877581837675,7.385058533845168,6.906843833950971,3.3398202330742475,+
10.0,3.4349266719567906,3.850860475886614,6.654250356326755,0.9263041022468771,-
8.294333747320382,9.544963461847459,5.606529397967174,9.624342507407086,9.317924599902042,+
9.31165838866638,9.748371781828576,7.517742491572215,10.0,1.8531935841155467,-
7.2447650029913655,5.952223570331109,3.8760469004522724,2.5856738562584702,4.41638871053475,+
2.450230041660614,10.0,1.648348766430537,3.9581078367800138,1.5388373509749442,-
2.7752593247554103,6.506775667173171,4.644379972289333,2.7082174674122363,5.532347924247144,+
1.789411070423535,7.316678146938041,6.315499151420343,2.8308820193638984,4.029049645777586,-
4.301049677071633,7.599478277768666,3.3452062091323476,1.8433674191231508,5.345118097821043,+
3.467863354625058,10.0,0.9739906986828031,1.135173622521631,8.804468593091812,-
1.5301734299586733,4.945450754357207,3.228680716454421,9.657401689120533,5.009867889456249,+
1.3669749342685218,6.919814905165743,0.5126665431861612,9.707248678388137,3.2706135300240167,-
7.364343601867473,1.288495801802061,2.498673997648009,2.5040483476015507,9.425722505813475,+
0.4046080731765906,0.3692865191777655,1.382533879120814,2.268695855824733,1.888832473449502,-
3.357722272699688,0.3529394950359066,1.0637888019787634,1.74898644595752,5.904764364378119,-
3.4390367211044,0.4104957004536402,1.7824123448327325,2.1313695103221697,5.967927178155131,+
5.46083057081438,0.25481061754326184,3.787924144718715,1.1855118097508366,2.105876442506931,+
5.406024259952775,0.48117841035359393,3.630146757957878,0.47035945051591815,1.7606511047715379,-
0.4184083522828863,9.738393121415786,0.011293680791634175,3.982047511788881,5.763025084384704,+
0.6662556214464396,10.0,0.015103609042328981,1.6171873741791276,6.0479011028277405,-
3.0474275741235477,5.735457671887863,7.503770076557224,3.9136199084905776,4.642882541028179,-
1.8922664858527203,0.26715806042003143,7.896636955483092,0.9670655163081097,3.7888698944110124,+
2.546817141628864,7.340452272468271,9.980755003923631,5.5633740366914015,6.379432071538375,-
3.286578845939903,10.0,7.3347629800794865,5.426533527481361,10.0,+
2.2041330250275806,5.056700390683123,0.4728503658972205,4.951878452995492,1.1674210605783986,-
3.0313717843439605,3.813748207813816,0.8065557161192948,5.426567629755561,0.47961463128714504,+
8.842850331226483,9.186316806054826,5.504030049274071,3.064427967502793,5.70503311703491,-
10.0,10.0,4.836891055761613,5.251066905612768,4.979227309132039,+
1.6286338655654797,5.158056355692121,2.5606135128573237,5.252482990120945,4.161286928896841,+
1.135638509981224,2.150553320668577,0.5102691855754425,4.881973293527698,3.235667384249768,-
1.1662902614601833,3.6828799780160724,8.580972392326604,2.6679192389229534,0.572479759739678,+
1.8674909380807525,6.401352949024402,9.789216220830589,0.5711969115728235,0.9799158259174129,-
0.22528062575962182,9.302667729042923,3.404820612289411,2.682846573367409,0.9587002147060419,-
0.3931079036113241,10.0,0.4339508685520151,2.0091722805757675,1.392277638660503,+
6.683393431110293,9.457645348984867,6.313420673564151,3.16106732912796,0.1316985895213596,+
10.0,8.449289248973296,3.7601709512301245,3.4453785873821636,0.06490530324218627,-
1.5846918116037134,0.4235049757805276,1.5214337900378083,7.277422811903877,0.5411266696602324,-
2.4970068643403667,0.610959644015169,2.0953019405505318,10.0,0.6628868580309866,+
3.594132516190748,7.310974885258651,7.205471340212482,0.12811983044384356,1.588625595774945,+
3.693363378128355,6.840825006718519,10.0,0.1529719829916883,1.8479542372922986,-
1.2284337353708386,7.329382639319136,0.6607048743405453,7.986425899616623,0.5047679067967636,-
1.9315047326443986,10.0,1.2135148315528461,10.0,0.916058099999264,+
8.219065813678792,5.848392999514591,0.16950916456248133,6.921988489400709,8.380706618624309,-
4.455751263857178,8.334094840294114,0.26542422290675044,0.2631836541190877,10.0,+
4.5134116010426055,0.30611780209289563,6.725336099587692,5.331219335289326,3.036385845272843,+
4.217148544580301,0.1860704592718417,2.71519222746814,3.427900847654347,0.2216392033742232,-
9.532634736201201,3.1891811121316573,4.749938578224484,6.381446754663629,7.679368411455202,+
10.0,5.000620953311364,2.9310048027946416,10.0,9.902034173443495,-
2.181433230336338,4.560199747887539,7.448097984190355,0.8631975603721365,8.128916917853394,+
1.1856641514872337,1.8624323605578812,6.297458232298687,0.614819017926274,2.0942212488849914,-
3.47499704423882,4.236252416792812,2.08952539169713,4.791759900066004,2.1582685468008944,-
1.844155051913145,2.114164746645467,0.5844614511737253,1.0508889920719153,2.5052356607227075,+
7.438010172496366,0.14739640147727995,4.124164323431199,0.10234214544987963,6.244047510070871,-
1.4224012611441992,0.26142651536825123,3.10110336862067,0.06611321569696273,3.7987757434124014,+
5.065426840631936,6.42390655914021,9.67624768197415,7.963933090337159,5.257440606862767,-
6.843862407896124,10.0,0.47202345116932115,10.0,3.5096927951886427,+
0.596117119314099,6.281150182272317,3.457738817904552,3.185476312033485,0.2202059867382944,+
0.3682008078657971,10.0,5.94879152616886,0.9925656883222654,0.12074328619927718,-
0.757384776547052,2.9085410524632618,8.48550695326122,0.7661786148987404,9.812942338166016,-
1.3090250171588753,2.001626460714535,6.944017513363143,0.4379391738428434,2.1912139045219536,+
0.2761869089086566,4.276292086376786,0.32165912844226763,8.733283916766124,1.9572145419672582,+
0.1339809939856167,7.252338518787648,0.09210944876057127,0.6593294265510562,3.124271431952364,-
3.536561619583888,3.996584437525743,1.01580048679492,8.497958903896865,0.06753745436455127,+
0.3124200185473303,5.965099260769861,0.3808624791409076,0.44473729271793827,0.040557602750611356,-
2.558063684926987,5.456367913064205,0.8456393656077243,9.729708773568989,8.406831430658176,+
2.459747969766754,2.308040745734032,0.30596264876963913,9.578125770093495,8.296855755076344,-
1.2103724580228636,3.8029793464085238,0.8105120068985794,4.259880281889348,6.144906448987927,-
1.3848048770806909,2.7192434776903824,0.3307835981550371,0.6619721833082023,4.058971736290653,+
7.801428137591129,1.9900468628897405,0.6355295032781128,8.20123225304147,5.701074756063507,+
2.9706512427520777,1.8171590133619686,1.0968173468898372,6.587143385578311,1.2213276767882457,-
2.046527704168698,8.806390119429361,8.028170259651127,3.1562899952738332,5.266311629377266,+
0.008195236516757005,1.88410429273253,1.7645196616550347,0.5117029451637546,2.3227351499522966,-
3.7663678054471603,4.519178505004513,1.1634403444126895,8.148094107047978,6.444217823940401,+
1.6712884958878154,1.227853956235969,0.016715250823427345,4.297323505641114,3.6605607830202462,-
6.007204418651643,1.913258220002203,3.5380865171154827,9.51144394359994,5.198498197033868,-
4.439094071969643,3.3270380371481827,4.006810508327226,10.0,4.292422252132766,+
0.08038071612450515,4.555717062263262,6.337681858468359,5.545831125215676,4.254758913572988,+
0.027236121984759776,3.843696080326617,4.644204036653743,9.16022463313145,3.45478547775528,-
0.11276111868932848,2.90650476455538,2.780357498702691,2.3591999499162464,0.557429085130603,+
0.09754273123140707,1.5055044904129473,5.018279702295401,4.194038589511877,0.1643768632317135,-
8.1012746099885,6.36084680265863,6.151437119194638,5.016966162061333,5.264499161360554,-
3.8758149878230754,3.294243300128014,1.882814015189362,7.244304790033549,3.717237571653303,+
0.22337391312720056,9.932386825397012,5.592068122483208,0.18137365711916154,6.052409469941336,-
0.20385182831032084,10.0,1.4538447002205714,0.12045500778374511,5.706916073397026,+
3.9711423358840836,3.749467647203187,7.48737778201109,5.2791283696735904,6.917035378650295,+
7.332743333286695,3.878562185422071,4.899416184400441,7.838376136227184,1.0018054402387802,-
2.6443152554726645,6.609896583027005,8.62558172773397,7.084978734321185,9.174684205867399,-
3.6614478089349856,0.19359233613671276,8.026405007977205,10.0,10.0,+
3.670280267819146,7.514414497137962,8.842307439921886,6.824424693299413,4.662648145562521,-
6.287456226880603,10.0,10.0,9.405880830199486,9.222193772877356,+
2.791013588990446,0.25550559054638433,9.728958390585845,9.123913676302264,6.193666507620793,+
2.7213467392963673,0.28209458263426623,10.0,8.695346915683762,1.5854551009375335,-
8.469950882380113,0.8304376750466769,3.565912075295725,6.596851676994565,4.9519238194765265,-
9.858507574448977,0.4341765286211186,4.170236899435955,10.0,1.694845792434643,+
0.0053826081097585465,6.503816207918943,4.590593342124282,0.8749570061141199,9.711582038539895,-
0.007535080279940477,2.146270467030122,8.00873718354266,1.1190491697839955,8.307796764912963,+
8.055612875216152,4.140541584234936,3.0587050530075697,1.6541517670192107,8.329280378553673,-
10.0,7.356715475578272,4.901665590910667,3.281362649270133,10.0,+
7.267561170658694,7.705961746490205,5.339837390273915,3.0999843233901525,3.798543654281689,+
1.6282891471336534,10.0,9.837139460239067,4.410231925891359,5.165197646037129,-
1.5918288215565413,7.146307381116019,8.599498647545664,5.6162837653996975,0.28067368942673254,-
2.0227789478108407,6.346770187643261,3.0206460762089353,1.252779550759967,0.1400498331085235,+
2.2686426565999076,0.10080332254621238,3.1401468126189713,0.3140222018892369,1.4450195599530447,-
1.6864684585458762,0.00910799766624115,4.248955583531122,0.16377962325292925,0.37305353300134647,+
0.43083509186214175,3.3147817924786716,2.5674991943996894,7.255385731022489,4.692999305353519,-
0.32041258328645034,3.660474927212288,1.4549577861889673,4.13723187230639,0.6351643901166399,+
1.5494787595327775,9.12548255269861,0.7995582088499642,0.9241852839355813,9.846715370800887,+
2.8434539376109136,8.883458491109751,1.4498458157422172,1.3471103652120855,10.0,-
4.760130855041176,1.9537841879524698,5.198256587723033,3.0706915867855478,7.3215077811126665,-
8.310426091209687,3.768012514463847,9.43824573126102,0.6727664060679976,0.3981776572602483,+
6.062671491624613,3.4428654449926874,7.753951281282681,7.231414410283987,5.27738946151274,-
9.309617055450666,2.021296736995931,10.0,10.0,0.15089946272697663,+
7.368256483537616,7.501311281593078,6.957254029149464,2.099393564329204,6.555562138509975,+
10.0,4.249244967681414,2.665296985403555,2.6996417526935548,4.536700142636468,-
1.4008772149028215,2.799292980714224,8.42422099555884,1.6153681538325937,7.6670041102608675,-
0.16106808464470718,3.8670958003631037,5.305803315478079,1.8104253407431745,8.562752493019373,+
9.790688944225998,1.5783402508302014,7.689201394682583,3.9724591518752295,5.223081613268606,+
10.0,2.1876464958008004,8.873571271916413,0.32721427548369586,9.483179827231158,-
3.631980252384659,9.084150254283424,7.6841578041630445,3.6790002987094086,4.011247576000333,+
0.720052947441189,6.608551321042127,2.185124271068547,1.626127901368574,2.6398693048146646,-
3.6120691179203748,2.815965429579718,9.895226719337636,2.2667963516526246,1.2547860988082638,+
3.6269316723961573,3.9116989589861375,10.0,1.837261509874265,2.263295968423627,-
6.7345461701555696,6.46765509644562,0.7604345642363719,9.306997461986914,2.572411182556842,+
2.852152214264471,6.445517580822127,0.5055181526545492,4.6386488827958186,0.5074155347613934,-
2.1558667065514934,0.484323261709112,6.710142824842262,3.6675742725412785,3.8029474079640693,+
1.4156896380678317,0.4601004884114748,0.598186053045303,3.5115709987530863,2.621259776766693,-
6.451769161039941,3.3223792757849746,8.471552270914062,1.506787405670147,8.176044721158318,-
5.635046806392548,0.7816062706336353,10.0,0.1124823999343269,7.852290827634178,+
5.334998101892788,6.052370104982976,9.873707150361929,1.2814941099439925,4.320153494916078,-
2.368114428224423,2.7766642369625196,10.0,0.5898772632058988,1.8886828527105746,+
9.655078908474389,8.8793608396648,7.799324794397467,4.754462961177978,2.0505977688212096,+
2.347754652836429,3.4798081939553436,8.521919908979491,5.416331579177945,0.24153096791583667,-
9.005737244992314,8.505042792630292,5.997119211431583,0.39849907157712083,6.499335489252244,+
0.3233513755814582,5.127671952864975,10.0,0.6154504948289519,3.7230958805241854,-
0.2840463983937891,2.9163948908736304,2.462938433566455,3.986321920417807,3.494049415225896,+
0.09867808039758964,1.3946642462725831,1.9180279604099104,3.3002345220051468,6.489341625963508,-
4.196220449975218,1.2555654056021825,8.497004882223512,3.038761542351638,7.788472563711406,+
6.865943353405595,2.3042187093290893,5.8572636755806435,1.0596571203108007,7.11052029792671,-
3.5429679180128923,5.992696853062008,3.05857735139067,3.8300019509323366,3.6465201408899994,-
6.083427648497262,2.902137626493834,2.830898938870106,1.1682753255657088,1.4870060847966298,+
7.213191531629563,3.4394711778350837,9.200127417001069,1.9303187747582717,8.29076705999788,+
5.968968733263755,2.626293825424212,7.721033699031159,1.8651718980272922,8.214259828728846,-
6.648582766032183,3.5891996024463513,8.290423175988671,2.264911002323898,6.57348022153811,+
4.518491072577252,5.687802423223381,10.0,0.578463975719254,10.0,-
1.8315538060126335,1.5179346989222087,2.9702400583303668,9.13884705522657,1.9489927740712332,-
2.94467107316781,1.5426082826291971,3.4821005103904503,1.4023589561671448,0.9540941860025073,+
6.079022483231286,7.9687780640533,0.3662245187730495,8.921946714093917,1.1232879232436332,-
5.697796250014366,1.5193740890413556,0.316463954981659,10.0,1.0364442174152813,+
5.9376760240632995,2.2637276290518327,5.123226245939199,3.2640152169787697,3.938818547674888,+
5.420611382186119,0.6663731637226757,3.2967115884015588,2.939328568075505,0.7252444803650759,-
6.281748201305933,8.688033249353635,3.1050271524319206,1.1959860025422064,4.929695241828123,+
5.544391626656869,0.030544685895130826,2.523371343857552,2.0947402890380555,2.45386519043282,-
9.326560118336694,8.091518354191582,0.43843925680845386,5.541421402976327,1.3092095886818012,-
10.0,10.0,0.822105259048195,9.241510548887021,2.344410574705443,+
5.165185768876981,9.170391917388326,3.088018450921642,3.4381678837111087,8.719588523041601,+
3.374348993577464,0.6838725003632675,3.9307188931728962,4.336606805773268,7.100488593520272,-
2.0565670277497015,3.109096283948695,0.9705715588561448,6.391915064309108,8.435077720101049,+
1.2012080953071662,3.080718050015699,0.20827393666912553,4.583590825304694,0.791530699900993,-
5.265253504891083,7.227026575199237,7.978259830809293,0.7859437361499133,1.2852964263805389,-
9.909050479036626,9.707611444149508,10.0,1.4550420348320445,2.366607302400435,+
3.5462788676305115,0.6726616601651214,0.5655326225454793,5.217864182689444,2.6303338478521976,+
2.7505368462079938,1.3432853020158493,0.10391080637580809,1.6654566933898691,0.3719492238321799,-
5.4023071423445135,7.767579172613442,9.194696972626481,2.1160780417657743,8.205042659105153,+
9.898229934295337,9.247942093207788,10.0,3.098379936753306,0.8219188254359873,-
5.894649241952283,3.6822135106893974,7.00470773682328,3.033236768520128,9.389887861131061,+
0.7523209510355299,0.09469129367518993,10.0,0.24842208648529301,10.0,-
5.32870788022203,3.363491825542849,9.192102457077462,7.5698508328970435,5.381844969557939,+
9.367143987517027,5.5681360177381185,10.0,10.0,4.254853636356424,-
7.120593977430695,5.513576478380244,2.24030992830482,8.630075805016242,7.2878712173056375,-
10.0,0.7677492704191518,3.322040812436466,10.0,6.766100977804732,+
1.5048910212071587,6.512741804653192,9.203428435711484,0.12221667770315192,7.049129034067995,-
0.752826688349608,0.21259755996385532,10.0,0.013204250981716095,1.563694704770495,+
4.801555664535643,3.8467456643477127,1.9018577772089673,6.66673304726396,9.16953478132438,-
8.324183301662316,1.2968117573352254,3.09034980702801,9.428727040930408,8.234117528308149,+
6.364746419210052,4.878906866710901,5.310544547468517,3.8819633543500442,1.892675559075252,+
7.438016667852969,2.9614674759885182,6.3250310022556056,2.4386369710625653,2.551299680747381,-
1.1785572896452057,3.596861363830579,7.686997721855757,0.17268579161956676,4.331669297477242,+
1.4166858320645095,4.452116719387358,5.11763378674453,0.20055850471341094,6.416031968569991,-
5.644862043086947,0.5951907507339294,4.079656156638055,3.7944019900664983,8.176730256367849,+
2.6506092086796578,0.3589334625017601,1.9665099133996755,1.5995355071590502,0.36657851811613984,-
6.666260862061087,4.063539877458538,9.357091866581781,7.595556032710892,9.224542307447223,+
10.0,2.697441689054613,10.0,10.0,10.0,-
9.166054592112626,2.6334785400821814,9.638728472928477,5.535417908157324,4.146698129872616,+
10.0,4.911190973110626,10.0,2.929448029096058,3.8208910885165768,-
6.971223299851854,1.2619192303518967,6.194105261953019,5.8253613095133785,6.567075312850667,+
5.85222616750428,1.1419385044405217,2.4049682308787954,5.496175596314896,0.1877864335311316,-
8.915581831558972,7.104856305055315,8.997963852480911,0.3851858827068322,9.643052777747506,+
10.0,9.47984323838211,10.0,0.5782103585568042,10.0,-
7.119905420061024,9.706521163193223,2.262480380743227,0.20067333854660863,3.226381194820558,+
7.418703580263538,10.0,2.374065185679552,0.17178766655931754,5.652952668590897,-
8.322327439626886,1.4332860562800709,2.8554992571875095,2.077738590485183,0.18397241043130896,-
10.0,1.2240670768983604,0.6924558280684955,0.12601628830144065,0.13860160912844466,+
9.074823991402116,1.633717831241135,3.8941116312497135,2.4633767283330776,8.547809505095996,+
10.0,2.3783276814411014,4.278536850870156,4.205000636977367,10.0,-
5.984758052388123,8.285573594730524,8.650314293485316,7.998246710281599,4.3998040235913844,+
1.1536603996078885,10.0,7.9672505021396605,10.0,5.471065026828802,-
7.515900601316123,2.231478012749255,9.749418976185865,9.463188728931254,6.440413526219557,+
3.7969324356081553,2.40528377001284,10.0,10.0,10.0,-
7.25779160112141,6.607689433424872,3.755087068166482,1.4025972364981942,0.028565078321309834,+
4.503938549753127,5.1689288178578225,2.052980504040568,0.5389092012183911,0.01475538605711591,-
8.422105963883455,4.528275655512682,9.969680409867735,4.29018023709704,9.522527362465617,-
10.0,1.0716880338445383,7.0657256493653,6.877804573387299,10.0,+
1.0518380297233687,8.32483320685917,0.5593645230618272,7.591747939350096,7.097952939805056,+
1.49518843862102,10.0,1.0999526437730467,7.720815029225118,0.1569923288045052,-
1.2486085993998763,3.566544253713466,3.563357806374926,7.392260950517654,5.4358449667797215,+
1.6751241422736318,5.201480887378536,7.001886661553981,10.0,5.871254571716138,-
7.522590427775161,4.597762213841187,5.302101786687629,4.3652466465941835,6.590289578494496,-
9.166331669660776,7.976315438549905,7.332199416189422,7.693497823526739,8.349116111646833,+
6.095089709502207,8.414179672117122,0.8330814533794884,7.620778470727033,6.881740448363595,-
10.0,10.0,1.0100513406823322,7.725975582945733,8.946210558601301,+
8.260581569762444,0.6915501967600535,7.200043436627974,0.0010652039446734651,0.6985907463308372,+
10.0,0.9718599256468418,10.0,0.0016749676678188905,1.1945738176706273,-
4.802830431522667,4.809800389273681,6.921375230221937,3.6035677401076613,9.827976793066464,+
0.43115450312738973,1.981854990870176,4.5668839143915685,0.7154893788421032,6.98977351727824,-
0.6731839739707102,8.471098689427883,1.2948808701449954,8.73855103624562,2.2177911354824587,-
1.1046539103466624,1.6437430620926021,0.03806618738701537,4.73979200361003,2.1393665380837943,+
4.524401835499601,3.171740866788845,3.8896278132412343,5.842068595444872,0.6587712577336735,-
5.393146162607589,4.153622349276275,5.099273426456971,10.0,0.8172115024492622,+
9.193725183940012,5.674759165350056,2.717083177502576,7.140762832624198,0.08662269944444301,+
10.0,8.532559547756295,4.618143360139583,5.611159667081379,0.04539849784696476,-
6.115477702441443,0.37151341496694745,6.614599119259349,4.898974943486206,0.16218397069134638,+
2.228043540132204,0.0160320133333911,3.848453389439021,0.1736276191409908,0.28459956517645607,-
7.680822409837887,6.411218763578247,1.2492861551724321,1.9179759508045702,2.4142639055937565,+
8.7581414487998,6.2970521292794785,2.2965570063967076,1.5695534306423755,3.940037129533208,-
2.4974442213906514,3.4271611712370245,7.297075909950258,6.450643869973183,3.1172943298848574,+
1.447774374479866,0.6578654809112601,7.312434468951895,0.1512601694927632,2.282436048657287,-
2.70152513107603,5.668278489756262,1.878558103931095,9.199443902544534,0.633845575664369,-
1.4013528268319317,4.075288658524691,2.9905159174277567,10.0,0.8297137978529154,+
1.5032968140187497,6.43582804265571,7.412981071380535,9.567420029390792,3.328340745115026,+
2.789821575748961,2.613020984048609,2.816429247515285,10.0,0.23339144937166506,-
1.8950685572419734,7.503701677127378,2.4700444511692057,5.031553223697273,7.789481652273539,+
1.4927944822091217,3.564932614750537,1.164339414690357,2.6114771124705207,3.716117507148293,-
0.7243967700507081,1.9991919095570898,3.3127304738112007,7.306095859572142,9.323083619379865,-
0.4932518172138439,1.912743297233887,5.192477113153764,4.825737505849168,4.974640649007906,+
9.161021643319977,0.3820078128683768,4.284923675341284,7.626842188372071,3.2075878987033732,-
3.7584885606074234,0.6338560444459421,3.772910287012124,10.0,5.718796680706925,+
2.823473139614503,4.528425229028886,0.8495952039419896,7.462624809832972,1.6115133438949447,-
4.076866550919287,2.241689688934958,0.11340629939367312,5.080777961180661,1.395302514333155,+
4.792883166061102,9.7612808853301,4.794224331742491,8.780176667514796,3.217456853404086,+
4.652084655907606,6.754866583490998,8.08626150459771,10.0,2.9290624473084463,-
8.535474687438406,0.392305453476548,7.004631212145336,6.01912827940689,8.939583073005387,+
8.605869967249689,0.6528586050969436,2.72952942933384,10.0,10.0,-
6.027017533392346,3.2031393404337463,4.2770417189009144,6.883688434346054,2.984768294797151,+
8.108087131396564,4.864277206662929,1.0066664948664767,10.0,0.4595888684257265,-
4.182025145839026,4.5018159794082955,0.3232788410427001,2.9437541413520396,0.0015820425113866055,+
7.133248654455235,8.846580177620211,0.012850074119928395,4.610114691406935,0.0017138862228471032,-
2.5858466358688292,4.1299215293949025,3.0285880233843896,5.370002690295502,9.369113655498245,+
1.7371778308788173,4.118134175897742,0.7439795517707799,2.0995137474403394,9.360071579368986,-
9.379194469105176,2.524573619052183,9.147516036510545,6.070430317975997,2.501546384521711,+
10.0,2.0348738975033225,10.0,6.702040322961752,2.7476313423568417,-
4.335373021295531,0.14032496586049104,7.252532105069584,5.960487507242577,4.109692246447545,+
1.6835422573582899,0.11173364876762872,6.009739774277826,2.7705519996907815,3.235891202615686,-
1.2849246106057644,9.133601137107059,3.2852263779117985,9.396198073379313,9.649451700306354,+
0.7975238656704949,2.450530156330574,1.7231303438655805,0.9675781922763511,7.801647558023044,-
2.532438924627286,0.5700364327944141,3.2299532436140685,3.5836433732643034,2.580421063249847,-
1.3419984945031593,0.5664819166407212,5.402522207655266,5.5833920507675785,3.00059442043559,+
1.8559839153727975,8.375883380294152,1.4375839408097046,3.752383209201504,5.6083361685733255,+
2.9200886337100913,2.448655641002186,0.14878834967098833,5.549234298665047,0.4931645731330919,-
5.407106318717336,4.491488818405625,8.993722287535528,3.9527181500326334,1.6388307163910376,-
8.941148107927456,0.41678423906329853,10.0,1.9080082150586284,3.0203960226827395,+
6.198966645832622,1.4907498491351245,9.36384659365898,2.419575994473603,7.757810072995196,+
1.9025789493992915,2.2801692619247222,7.422798416505365,1.7021968385693063,6.742991361590663,-
2.0244487653571843,1.3184345535587427,0.6868451966787137,9.800823579615766,7.805223909844262,-
2.133284493669252,1.1830285073036462,0.3808095084191193,7.436961138597471,0.8690407029218071,+
8.020371263173868,9.328516707031774,9.93771665348238,9.760177169004214,9.394468252288798,-
6.687022152195001,10.0,10.0,10.0,2.348056932822825,+
7.847132443165698,1.4116156035224992,0.9031466922432851,2.0036269779199967,6.9259268964991785,+
3.1893294235527354,2.797477322442542,1.7906609434557608,1.221616108194753,0.6137543750416522,-
3.536168463350707,5.2618855934350535,8.52489057454521,8.338714465114133,6.805194549728285,+
0.30469780487148157,7.077172054994754,9.973539524682693,10.0,9.814412948551382,-
8.722818937578317,0.007807348418954474,7.687894613351465,9.214713963761755,3.8015018696983494,+
10.0,0.009027868768056455,10.0,10.0,4.623487327007334,-
9.39707847684177,7.50517345361768,7.7314950415036705,6.361122880238104,1.8496463475378233,+
10.0,10.0,10.0,10.0,3.188139864153598,-
5.961528830555368,6.600877614628345,4.367403670350982,3.0446681386314878,9.452473634894144,+
6.2101517925063074,9.915590029758077,6.192263544724137,1.126598827348582,10.0,-
9.484378463447841,9.9776717108343,1.2398845906609812,9.748296749600682,9.917500638260512,+
9.386576809674969,0.8079378285981066,0.0918274718338933,0.22447262552227254,1.1647066015285754,-
4.826890366011456,6.693587273642309,8.236999943901754,5.0897291649320655,1.5987537797122886,+
3.6786983075267097,4.932278760307911,8.31109578219675,8.89859415012539,1.0039374122154279,-
6.930390513909522,0.3309147590376793,8.784798310320935,5.650169253085967,3.9361143847832905,-
10.0,0.5967744236484457,10.0,0.06528815963201803,2.8696256926983206,+
3.848497953268517,5.1902484892369225,0.7276424269346904,4.307644672410142,9.19920928004454,+
5.525879760504403,9.619530150926302,0.9040596304479371,1.9056073116648649,10.0,-
0.9343975155513351,1.26657048626315,7.384230871553412,4.791450833066425,8.656733901604346,+
0.7947028952289585,0.2605876167773895,3.0547726307953202,1.339307109171117,4.109262783516919,-
1.4529504236486024,9.99629681497305,9.323638967041607,3.135528598685081,2.6064635407475887,-
1.5416963550239922,10.0,9.629212921575105,5.794635273686705,3.5685145965742877,+
8.875587354918359,9.080691904163197,4.145668757675448,7.255878939656056,0.26839894462697855,+
10.0,0.8263109312669542,1.6680590136889606,2.8652047175213213,0.32924421533096077,-
5.464236284282922,1.0351779563250163,5.176601584490639,7.423491548467437,1.5802816198137926,+
0.8222916240276152,0.6796009639197506,3.126148973365672,6.17121874009094,1.1969269076938924,-
9.400764323976752,5.878358564739477,6.843388663881135,5.527512974400567,8.18478136363417,+
10.0,4.113342684755182,8.26292909772573,5.120924242788101,2.580529832149441,-
9.790486162371042,9.107230676068983,2.9807785769990245,9.856729868266248,6.839329985260893,-
10.0,9.839714100395081,5.497522147222341,5.478304524207839,5.5822443182186525,+
9.848627065800459,8.373035246610863,2.8906171277330284,0.7311969476804092,2.831338718477446,+
2.4112894389765813,10.0,4.267101525113911,0.42148441350644944,5.459315526913995,-
1.664503329837499,7.3611325441509425,6.325269381587697,4.552228224948963,0.716539412190621,+
2.2072648537572968,10.0,7.8912186223957175,0.08957494084499994,1.2610626598308907,-
1.6928222425645345,3.2913736977797416,7.709978933955618,6.328947637094805,9.579266797631004,+
3.270672752511547,5.031853551191452,10.0,7.382801811481131,4.956486455907459,-
8.205347825450957,0.27823265634315253,4.037456047434106,1.1518100139096377,1.716229525966294,+
10.0,0.2581340485691518,1.5956007317463372,1.717692067975477,0.5002197173265887,-
3.6816261538909014,7.902335617740111,7.884316965044861,6.075633592512466,4.05889336591375,+
6.443922695013997,5.824358025827038,3.6857593398990196,7.93548905092804,2.9899876081262526,-
0.9491625190262276,3.528315042292185,5.801046215944675,1.1047625695512564,7.525829682338369,-
0.8800740062379321,1.5342182174590684,7.2085018496382895,2.1124066326352358,10.0,+
3.340881449467653,3.8680059718632753,2.7717291997125537,2.932773034320669,4.637969311544677,-
2.571585288643558,6.36362392967224,1.2920712793711906,2.30796295748297,3.446567281986945,+
7.572358704719728,2.3039824793969155,8.38459010790385,8.397320494439489,3.7623455059360955,-
10.0,3.8254725486757484,10.0,10.0,4.735335366787601,+
5.30251556113786,4.358268359951076,9.810579126479452,3.387762375015223,2.452719697920948,+
4.983718207266637,1.3542148536607117,4.441936844381213,0.6390884028921455,0.3521405417153316,-
1.758004551098885,1.442860614211986,8.326578748919694,6.432855931643547,3.7968974727643126,+
1.329235854945369,2.4725375538862524,10.0,10.0,5.99517660449757,-
2.341051558435989,1.5358248537378738,4.541053067313923,6.076784955023195,9.268078002004135,+
0.6750483661374932,2.2268393589331605,3.980474847953128,7.368007237353594,6.603644319679383,-
3.6926559451331933,7.649566546958576,3.4495107098140245,6.72770541057223,8.700278049701707,+
0.20276703524933068,6.048181237782026,1.0577615020068125,4.217278766182502,10.0,-
5.969234689603389,7.336171581435309,7.4306426585043885,2.9999160287561253,2.7876954260758566,+
1.935317677142739,3.697744227812189,0.06109484682170982,2.550545509390656,1.8503309609493115,-
7.511322728676352,6.0140001631018976,9.875154414892801,9.71512293548628,7.541278408926692,+
5.804997060891643,0.189602084442644,8.026680957829434,3.127979858055797,0.49123385034072276,-
2.3579370104575137,1.1771484507765428,8.412606799394046,7.934059862913444,6.839553288817385,+
4.7139287395646265,1.224491396800004,9.613612270574732,8.778841919047593,0.18346768593393367,-
6.975395227719669,3.709045814518599,4.528558407169038,8.648997464658079,8.451477679945889,+
5.205383972523291,5.257462872540378,3.030715038306801,10.0,7.704822601009203,-
6.41993312912891,9.73966782419838,5.350908581093784,6.778676456929222,8.700755822111741,+
1.7637732661007226,9.606613623941376,4.418740063294379,0.9663306008298977,1.8006030767945866,-
5.0118388101973075,9.051603076675775,2.9324277681771136,9.315586043205238,3.559894609153157,+
6.308586325037325,1.861223357323801,5.701993305749123,3.2389957094162707,3.836081839969173,-
9.51801024796165,8.026784422401231,8.211373926464283,4.983984575794541,5.81798954787195,-
10.0,1.3967783743827178,8.529402988192569,4.31322961704316,8.419843741732548,+
2.0770334102301193,5.673510285168595,7.232602444520797,4.8139834793291865,9.064079312208907,-
4.094841225979623,7.114294409743314,10.0,9.124414211064593,10.0,+
6.911526599724393,7.909704498345439,9.087392749085788,8.072484525406324,3.0914009452532873,-
8.889987152607532,8.586581724782844,10.0,10.0,5.629018411342431,+
2.0156308014327626,2.565096021158851,0.052144299354772716,5.033495902745079,8.64452106219643,+
2.243227440020391,1.796772818880587,0.041446325326596006,9.82308553402406,10.0,-
3.2764255456618683,0.4212496371264862,5.199978482625191,9.10487936389729,1.6220060906259182,+
0.03465168799249375,0.8366503543516046,3.95487548599106,10.0,0.28210789885312587,-
6.18013436564948,5.192031050654629,5.5496095976525535,1.8781788542138178,3.8608396458442176,+
8.422622506843824,9.778669209462919,10.0,2.991921930513268,2.0868666823257396,-
2.3776151539519406,3.4684048945786286,7.755833455778155,6.827168341687633,1.3228488023515805,-
0.5813688597798077,0.8471358483330323,10.0,2.8545442336485967,0.5842266150652492,+
1.0012972268703835,8.882003208238467,3.9664936790360916,5.196725225197244,4.374108599480716,+
0.8899683982711281,1.7825217504733135,1.586478296034679,3.710789990323804,0.6487388525183571,-
2.333043084751675,9.215392882748276,3.8978058297437035,0.8127109930741749,2.3879204851440097,-
0.21899659153877302,9.139933770702505,1.7131811889575934,1.1740413639857468,0.5063792634451163,+
3.4333526137157158,6.66019192022233,3.740177019351222,1.902222784977905,8.367076336572568,-
0.38012038312882246,0.2281133209288615,7.080244793404064,2.3452911862516257,10.0,+
0.3165857697587571,5.012088488450063,8.675182273076627,7.426827657501809,3.5914023595829994,+
0.5872395429012643,7.248685975810363,10.0,10.0,2.5783551377272427,-
5.060468306753228,2.640691429653357,6.059910245051178,9.543218952604192,6.717687154292395,-
3.3719868449245247,0.013821861583191973,4.020303887691001,10.0,1.2986213669808053,+
7.1688968267975035,5.95639676385931,4.099982746932772,6.0107692528873145,6.609840106787957,+
6.61481219045374,3.3241701451726025,3.9096471481815604,2.8820100507334825,2.3461574969366152,-
7.1260568743976105,1.8348848248722094,2.965103782480716,1.8546921055041499,4.207781512106998,+
10.0,3.592992547759474,0.9289668685502364,0.10681009371507785,4.0870331053411695,-
2.4077312646610407,4.5058770511016935,1.9332102798207618,6.979391140964548,8.191478061649924,+
0.9083385798743462,0.15699554734047927,2.7999527559099873,5.9581607951992455,4.559843840005335,-
7.226587206157307,6.979470226766585,7.883485152678476,0.26014813211959753,9.356726971347927,+
10.0,8.21456858284132,10.0,0.04132362923740531,10.0,-
4.830155570439311,2.953818931996209,3.651126466202358,9.419624944806053,4.230429441912041,+
8.497000494598728,1.7127003554967788,3.4272460157176146,8.576557671780051,1.5753934725888175,-
3.973419135478886,4.636421867416378,2.3448537517168946,9.678548462554327,5.76790432359215,+
4.47504035684745,3.8953134929674493,2.9398034953687646,10.0,9.96488163114687,-
3.8178815862258118,5.258288769971598,2.077245335865295,0.7195915567653344,5.539792544427816,-
6.976334482406765,10.0,2.675117098715231,1.0034056219202068,10.0,+
5.057874823748247,7.366208439479575,2.09247603039743,6.903019942115575,4.886158781842501,+
5.553529735656009,1.3643187945065858,3.2818580867097142,10.0,6.531429403235849,-
0.847899725352218,9.708736363435941,0.7401041060264624,8.53718052404673,0.92920958208359,+
0.3347159230255872,1.1649491849401825,0.716344567524253,5.799348424916342,0.3255053543099081,-
7.923210681897929,3.7737409280329945,3.271211981333929,0.811063685706811,8.107099822642109,-
10.0,5.7578225832116,3.7602681614669398,1.482903065352933,9.705252208402488,+
9.800807250197831,5.3274334482094865,8.746655158440417,0.2841177912943704,9.555304781281224,+
8.092538822769656,0.8549148806811674,2.218290445209136,0.020995810662611393,4.187568280175751,-
8.681780124793224,9.233012576620595,1.4130867645286682,2.012798796205778,5.550915075756514,+
2.5881837857287606,4.279978318505035,2.095162608971833,1.138080446843738,10.0,-
8.487317906338493,2.2173008064692743,9.8239403151031,7.66264853778463,7.024671403387178,+
10.0,3.491508766231276,7.329415750428978,4.94594792169985,6.2527226704005905,-
7.041032458696593,8.161750525224017,7.610021656984857,6.914351171147036,5.615657545521337,+
4.118425025045074,1.0818826673005257,0.05507900729421327,6.4026359287997945,2.4740225912219156,-
9.980411165769155,6.821973645093249,3.283996699265095,3.2687274559196497,0.2698588537852298,+
10.0,9.94046959501359,4.2855944880522046,4.028729000483527,0.19202959154822002,-
5.007611134408878,2.197186885817511,4.779272654933548,0.39957762255271145,5.895254595612953,+
9.448182612214971,2.7143395823802203,1.2410989653191635,0.6545368197985688,9.914709724015584,-
4.304314107446369,3.751220612766536,4.027938865721241,8.23308882770603,3.930968458066777,+
4.365590446239085,5.6683436770076305,4.5496694566796965,2.30992427207465,6.529973145548071,-
0.1106455886042712,5.485089367696071,6.577771755011458,3.753802951876998,9.830485778115708,-
0.10154528404212845,10.0,9.78850173057918,3.8039382335508027,4.073804979233828,+
0.6457222585911249,7.31565023942076,9.039676748095532,7.531237283156324,0.2636134411849689,-
0.1381119060402861,6.402436232136331,10.0,5.679358436582509,0.24383806540034933,+
7.430361833624783,3.303783272014913,4.8527077153643505,0.9618435835164674,5.787033775764288,-
10.0,5.093139804293877,6.556322519537809,0.708077122119211,2.5368301489481193,+
0.2013516103573798,6.798181093923055,1.429033404159361,0.20339526644017392,2.3737296554120446,+
0.2767597675303439,5.8442727344038214,1.9677397109772732,0.15887301718300734,1.3013069098570866,-
0.6358686672754965,9.126836944914258,1.6075267774162283,1.480232449164376,5.954054226973109,+
1.2280944470534614,10.0,1.4872079135521576,1.4404809588386407,3.1743507207939734,-
6.4624102246391635,6.0603733401119895,9.339572081952165,4.000623819565449,9.823450376959066,+
5.119179889372062,5.510959678131081,10.0,2.184690570513696,3.365456177002478,-
9.698586529600442,5.384223377706238,7.313140555746276,7.7484945313977995,4.522316792593276,-
0.9841340396104753,2.3837567549209657,8.511941122847256,1.7352091749897018,0.5130112403670561,+
7.310632157748843,0.47702681991456886,4.301522713084963,5.32071182041888,0.31814710818021785,-
5.2255253795702705,0.6396971463960391,5.307953596653563,9.06862466976008,0.255154968661583,+
8.42701174133385,1.1702562092366664,0.5186549809374053,4.411290751148461,2.656989405468566,+
2.846963781853783,0.7302139227975165,0.032851695831503956,3.982309414782693,2.269446470778504,-
7.616233294026328,1.849637689828193,2.5588098752831465,6.407285825588733,1.5312056349019443,+
2.583115102619887,2.8472187319427604,4.058362117034476,10.0,3.04134293849894,-
3.1178190150549945,5.0766379048405135,7.649529870342496,0.9505423558963078,0.8965728646268256,-
0.8940241108435427,7.995606356102523,6.590112273279096,0.29367194773393285,0.41334402630496514,+
0.7317707315514432,6.00212753943159,6.277433069511192,9.872047473279196,9.871185254396664,+
1.13194383956923,7.032306660685115,8.341978020524792,10.0,6.728436349936302,-
9.891088025806146,7.579260023059843,8.693150590907809,3.597115648421927,0.0016691962363635238,+
6.879684733556442,4.703194329603506,8.309570507867685,2.1754674691898193,6.507869626990262E-5,-
9.616453941209446,9.884918675794648,4.267485996407135,5.993226086653891,0.08893533320954217,-
10.0,10.0,5.445716066450238,10.0,0.16029677572200665,+
2.719863645178384,4.939532486222781,5.158128044965309,7.400032944653455,8.88287577398182,+
1.3423343295621784,1.0478666342711211,4.534060291375442,0.02755928432565101,1.7368534035427425,-
7.9350780480261704,8.91107481323291,2.559307022661619,6.732548281263676,0.9396979353125701,+
4.68944923945582,10.0,1.7837890972483321,2.04418481438276,1.8272751344439515,-
3.7456330735534915,7.123238098266723,6.87482066652826,9.540965643821897,5.312366517132196,-
1.7633760421884355,10.0,0.5232275205415943,6.208890621944636,0.10916648283602672,+
8.179595648663595,7.183977798473099,9.518341138620698,9.889382260885494,5.3325576914706465,+
4.420445832040177,3.440899409399814,10.0,9.584305809381373,0.5183140520804937,-
9.564859510923633,8.088771570553348,9.325083157210274,5.290429938472069,9.775629554486335,+
10.0,7.393827649875033,10.0,8.982213846482415,10.0,-
0.9362365855493238,4.076654458065003,2.388816624632372,8.52472265249806,0.42606906070545847,+
0.7397994688894586,0.48247066061881805,1.3020671729081175,7.0407521940804685,0.21963823181662867,-
2.1748176072181655,2.1715321093805438,4.097983528144617,2.2757282182155247,2.897559707377545,+
1.7821158458300617,1.0049584501122346,3.536473004956236,0.48887999686903155,1.0632459496046245,-
6.519011884116988,6.647784525915416,3.507336859729514,7.28542693242748,4.447601183771067,+
8.3573958270761,10.0,0.04309517597584841,10.0,1.1818143523249427,-
7.616905562776141,6.6439711318314645,1.0951585378096496,5.542968324365304,7.855987047532832,+
1.4953269514829561,5.762682803414566,0.5986835465344158,1.1519775973884414,7.605707001120608,-
3.8649553724082155,1.0313430647957655,5.295734013682294,7.558053086072601,5.422330988343064,+
5.162394149431029,0.8832293434527912,3.841149717820245,9.302474999330904,0.6817491573319922,-
5.7903962187794225,4.503747681153475,7.805709785225764,8.48082782300889,4.5292132587837575,+
4.44729136342493,4.759962117379723,10.0,10.0,5.553011531979817,-
2.928218177565661,5.567910922528958,8.019538307363849,0.037497997436765074,0.13470867446666368,+
1.6069385266816487,4.925632827834411,10.0,0.07155604998907074,0.08772865740665106,-
5.999307225132512,7.617760636112392,8.801923871562904,5.897859077006531,9.944296753361408,+
4.464571684982238,9.387905805078573,10.0,9.258000118018732,10.0,-
1.2759859637151583,1.5006498523637735,6.649260341769244,3.6702320944844233,8.571323014306602,+
0.4782085262578791,0.8867942442515903,5.944342976132562,0.7123922403872439,0.014349263196470926,-
5.299114437383231,5.622642141875547,9.07763105798081,6.310458669623004,5.799023327911651,-
6.715828051901364,10.0,10.0,6.659749897434594,5.862568768990212,+
8.211281610595341,0.734020238672175,3.510434413184722,3.1813374696251993,1.4960070381242818,-
10.0,0.4229884795916209,6.299460944548169,1.926583196980163,2.411347703725183,+
0.9468567336716283,2.4662762344121036,1.854013788320562,5.760267938369646,7.753100039746055,+
0.2207513307763533,1.532612574019995,1.4438792939937912,2.0797205888057757,1.4058197603444258,-
8.063838772438528,7.513522727349469,8.445896858292135,2.043839176262756,1.1033011024827744,+
1.4441285760419496,2.91632736547028,10.0,1.52343549544834,1.4079364699750778,-
0.49890167438446764,3.904229295784052,3.8764066911641812,7.375869918488745,0.6009478666921031,+
0.9014121418113699,7.078114790116136,4.92319482837485,10.0,0.7525223045894482,-
9.610227437960576,2.8424220264981703,4.797047906912076,7.596309376992869,0.5166559172881857,+
10.0,0.07199909594622907,1.7934454958197321,10.0,0.7818536543226974,-
8.376737686141215,0.5040138009318385,7.224275516008959,7.408253198105788,8.331746530098403,-
10.0,0.09800102608603146,2.89072247114925,5.0820725658235135,6.088666320260762,+
4.921479701222616,3.747753209666478,7.837007922796518,3.7149196204825587,3.5159045062591043,+
0.4909622347740105,0.07344219824103079,1.4582000296459556,1.8191296019268213,3.260692861646471,-
9.97495584110817,7.6553595885471974,7.770323726860826,4.122417290042719,7.079066366419332,+
6.656943026866319,2.662053418289968,7.07034256437804,0.4459261853058811,5.415676703414408,-
4.293224237444347,0.5687610064279125,2.907090019086862,9.831841372374425,1.6567521123346352,+
2.736689493218526,0.3995669840785662,2.149189544970279,9.057406148879423,0.39846018911834796,-
2.8583549261427232,7.700632326588072,7.4765497897343005,6.915866620646678,0.07673104709288059,+
1.1046950434331,2.410790708155153,9.26351515781908,2.018228478435097,0.12379855777571716,-
8.398849936689896,9.984913991336782,6.03505889636703,6.5255437259359095,8.040996875576377,+
0.9433496691104529,3.7469122018784433,1.6909638383740668,1.0006933583032762,4.41545291683775,-
1.6951241004081419,0.06344659701886246,4.684652392774194,4.485329734179691,0.08554510934439596,+
2.737344418685153,0.10263688482809219,0.9097710631107807,6.365144375499385,0.16461331992782255,-
5.049048580487253,6.124165373541324,7.3306745389246855,5.614683573744024,2.4542136216952515,-
1.6140183558143821,0.659129942455965,8.79817152482903,1.8379997934472254,0.6149709879419478,+
1.4345547420561933,1.3968900340214796,5.622236574478556,7.555182186895147,0.8724526838624502,+
0.20214880311549838,1.1205194851833264,9.994212548297988,1.5967230206195275,0.8197606016758939,-
2.6535893155281642,3.286724539246798,8.504324989497597,8.519286335882278,3.0386551109518143,+
0.9768588883996623,1.2701814607374722,2.1973829166324452,10.0,2.2025874823325906,-
5.716090093489043,7.854355884230247,4.236988358936201,3.505353094950243,4.421062403040887,+
8.938694944023903,6.44883172534052,1.905903719555778,6.742693754997708,6.044178201538807,-
7.044188531788017,1.4526064877762823,4.53938919520405,2.6065911046064216,1.3664480753314878,+
9.023776266434211,1.7551154962393358,5.237384363912257,2.491550957401762,2.5229106728011828,-
6.695449549970474,3.8602951850419753,4.4722411019305,3.034024089575984,3.113340970792585,+
6.7559205173573655,5.495175506712995,3.8910012798572433,1.197278446564661,5.749058218799519,-
7.732653993008336,3.18422405360691,0.7692231310351816,9.023817010764745,7.5780181903040225,-
0.4247334506473945,1.3865857177096124,1.0265852420374846,0.427249144856491,2.5710299752978147,+
1.6151536329580052,9.973158457550767,7.547527564948449,5.310089080005735,8.691321256410486,+
1.8468655460778194,10.0,10.0,5.550808451145259,10.0,-
9.762385731050658,1.6572512859916355,7.668683305552948,2.7403075379782935,9.195803473909587,-
1.0510904987575858,2.739969423721121,0.006810683509851048,0.1215024385607018,6.6198926537907825,+
2.8601407633308673,9.77768065196358,9.206345049166378,9.089984102634286,6.643441960011822,+
3.9478500218293147,4.051122105341961,10.0,10.0,6.9211093139203195,-
7.520861175635996,0.8759671292504789,0.3589121138657214,3.453467810170321,8.372629832166966,+
3.4649562554256526,1.1743654633050256,0.218525397813647,4.2898760467416235,6.099055130510553,-
4.692594400387801,2.2827449973008207,3.7483041826970576,0.46795710499070275,6.054832600194987,-
5.395383273341842,1.7013165380156785,0.8002589304717728,0.5834891133314318,6.435731245687965,+
1.5141313881864271,1.49351306859826,0.9505893094800466,3.9807670632405068,0.7903297442027235,+
3.019546338571526,2.1254290009266104,1.5749742033416108,4.660680607123918,1.0283420479363943,-
0.38703787809401313,5.9248843443504455,2.5629959899657297,8.310137018474789,8.08046238075691,-
0.07967475235661771,0.3162134994543896,2.1244384980775664,10.0,3.420733049854282,+
4.963652842060138,7.937201383006698,2.1803105099492437,9.532008161909888,3.2760018136630933,+
8.162241559446919,10.0,2.365350383317514,10.0,0.6881554554774828,-
0.41358405374767093,9.044109861008561,6.396879948780106,9.694067244361836,5.103782256830361,+
0.7033823740281212,1.327046188517582,10.0,6.261065700267252,1.9223018200398185,-
8.469613686259999,8.026740220838613,0.25278484980797655,2.0571904253883213,8.60428959585558,+
10.0,10.0,0.4158769245138252,0.7924451367621614,1.0983886963837266,-
0.8093738726543975,5.642509286176796,1.829393159120699,0.692052132582377,2.9559113788766513,+
0.5699721341300445,8.716403007777698,3.17174417785894,1.3783058700311575,4.859060008814668,-
3.505038040696038,7.202352038542125,7.704317339011807,6.114026453560683,1.5189793128462048,+
2.291207683890644,2.346400184848463,2.0707133912251052,5.895203789195713,1.138569946261314,-
3.222619101255473,3.2398741856153412,2.682672103165152,9.877605437936705,7.110035218839568,+
1.7352912186448601,4.154093677816887,3.190001053873278,10.0,10.0,-
6.525521630796195,4.454805518761217,4.189538477314036,1.948023288525853,8.96493876937759,+
10.0,6.409853193713295,6.537799798081754,3.0360550927940335,8.160622488040085,-
4.18407716674683,0.013426764700306126,4.978865093058995,2.8253565453731277,7.717256596236069,+
1.0346194631804038,0.019440475484870167,0.7435396829496135,2.2783411441834285,10.0,-
1.158759388870031,5.791062952710795,8.56101984217443,3.6766648245999365,7.598275339691851,+
2.000561938198138,2.312319573836107,10.0,6.721584320048637,10.0,-
8.49746192927032,9.21613823234624,8.419402138584175,9.944694190546477,4.301075817665245,+
10.0,10.0,10.0,10.0,4.702843460460049,-
8.18991135413558,4.26702478592929,9.333051777954367,7.317958740800483,4.09904298548264,+
10.0,1.6999310740500395,10.0,9.885589536316768,7.554143904809205,-
4.432217709281236,9.38451382449159,4.658563842140721,4.883470408336398,7.591868411530416,-
5.213647194360839,10.0,8.32415250571317,2.399638006736983,3.1252852331449605,+
6.106192373085459,0.03998076713377596,9.694937564880966,1.8549404541972825,9.432569397322823,+
2.646890738581533,0.01878158898258173,2.495368468465286,1.4763833969434805,7.037776353334064,-
4.791745263546377,6.861327438619953,3.9383990971898797,0.5960153356178399,4.204966950026554,+
1.0828249156688072,3.160160036984851,3.3337907821755106,0.3852430222568264,2.3307767576425142,-
9.306980443965374,3.0774829748195187,4.99973206068105,1.793820038108962,8.989508474261738,+
10.0,5.030938591362081,5.033055652424609,1.1579189410174298,10.0,-
6.979611012555587,9.021539406849527,9.23583580451304,9.583365594479112,8.236082354103516,-
0.8964429613280914,7.899094347883503,5.012419493258416,9.6096397136757,6.936166790091097,+
5.255644808339577,9.274180458425697,0.13882005656815077,4.222448231074782,1.7338996420484842,-
8.101668942858556,9.523522490402957,0.24079006395581667,4.626147741537693,3.3299101775532547,+
2.6610714171401417,4.808625512826636,1.0502850501356853,6.525915249602471,1.8282970053698744,+
3.70653266157038,6.285637067635143,1.7800119400758776,6.965423772209417,2.5384010879013106,-
7.107276556117808,3.2053745066494352,3.6354053045925063,6.750353576588861,6.09039223457168,+
10.0,3.852779928994841,4.062072230970731,8.897319787459596,1.5749716988736355,-
5.174660199855924,1.1259877397331375,1.1528008722649496,6.7880453172308695,8.051516376208236,+
2.3834022976175415,1.9246359481203408,1.9461000576244925,5.572073546873136,5.785274694925817,-
0.5289011626033069,5.031677615682152,2.7944237074537015,7.2685914926892705,7.819887775837162,+
0.482083511451632,2.96217844412985,1.0370202465866531,6.204391193131067,7.4175495629933135,-
9.115555648406717,8.779205805759576,2.686487976515802,5.271822620337323,7.296536699010655,+
10.0,8.764401998014716,1.4779503396517526,2.1435794774231116,9.2316993639622,-
1.1670818409705963,4.95237123392399,2.718480513160131,1.5668804479555598,6.331733166041328,-
1.8609393621655819,0.7240068054063837,1.8267438671798046,1.1655015081946252,3.8621916884632763,+
4.752441004650635,5.991519605438247,8.359125659593463,3.315294360399154,1.1173904488548425,+
7.78839314416196,0.009062939621735254,6.983851350749525,2.115539929383398,0.8186909867878986,-
4.016958341069937,8.839754912458268,6.28921068375015,5.427540250729913,4.894372141669691,+
4.904189797703114,9.163192096917703,10.0,7.573119348421121,7.400969063700743,-
7.717556168838312,8.984883722043023,8.950944887478098,9.136907119840984,0.4803758939672653,+
6.217935049859732,7.72250708541499,10.0,10.0,0.08524184661932581,-
0.08377714668958647,5.329648635878145,8.116948308183906,0.6867073081139785,5.967136944828794,+
0.033604210145156625,8.188862121751399,10.0,0.931185453083786,8.10318836989899,-
6.60883050156662,6.725471153139236,1.0330325034604226,0.7497917339528071,5.1503256496512115,+
10.0,10.0,0.3170979474919348,1.4657823063944144,8.425605203367015,-
8.780796205338486,6.472108316423377,2.414809684966994,4.822616502843225,7.592660153165989,+
10.0,6.226723598779062,1.9459334243796493,7.0342135542632285,10.0,-
9.409270949452974,2.565134382641313,3.982491055958557,3.233504085686408,8.839927471921058,-
10.0,5.122228603455863,7.214565006513762,3.3345374549180065,10.0,+
9.558384780686081,7.444101429506253,3.4220078163525844,1.6696108998927894,1.696057780898188,+
7.87291583613524,10.0,6.192072897850498,0.8443571561638918,0.9149648734120415,-
9.297110899018477,5.414567642707039,5.98700264277296,6.124390241766058,4.692226670204138,-
9.429983087835693,1.8123258754546057,1.4568738389969376,1.7426894812328206,2.715749846765173,+
2.460823821169643,6.796861866886977,5.29463239416623,8.647020398477572,1.2832211880704425,+
0.5348248160607113,10.0,2.962947651811774,9.268429356926212,0.6484980080220649,-
4.515730240357513,9.964332799625076,7.906230603897688,8.791790687552254,9.819355739845134,+
6.3580010542985494,10.0,9.212484960956205,3.523929611165805,10.0,-
9.36678297591348,4.790400959185714,1.2244074176096842,7.456434434723411,2.9223181637210702,-
10.0,6.52106909515326,0.2864545845461632,2.763263542275839,4.467190905512992,+
2.062291550842258,3.481414980202503,3.496292344497669,7.560104318186395,2.347866386603191,-
0.36526968034146845,3.5682948001264934,4.01368779956382,10.0,0.5237338881894261,+
0.3855615335737361,7.487098513299327,3.475259705111995,5.862506821626315,2.3454615169580917,+
0.29449122716630227,10.0,5.694474407623934,0.4935832493429085,0.8741852371155873,-
9.944668894430455,6.217299344443699,1.8828663196795226,2.1600833608760572,4.92438193238327,+
6.123380324927802,9.784562204685399,3.375775154856827,4.106169646783396,8.562299708090674,-
6.1170072636922015,1.334170174438326,5.432913355067931,9.537782672184735,4.504169110611432,-
7.817544638587657,2.608353708177108,6.196589731377007,10.0,7.755715766255918,+
7.851935918045264,2.710306724731013,5.103700303704427,8.41520853562209,5.351836546638793,-
10.0,2.839389385675555,2.4454679618281525,10.0,2.5462478818796948,+
5.414182532013299,1.2593737292295493,6.641588411241921,8.784248507501353,2.8554226114045655,-
4.249597671219404,2.049498339778215,4.478424568284074,5.466553233540914,1.2672624900563383,+
1.5198747006752777,9.081290204867212,7.184022415942812,5.790283211926676,2.0243806284227395,+
2.634378409273417,10.0,10.0,7.383224935900343,1.576262265385957,-
7.984474826497633,3.668048888195543,6.374750907225744,7.628728261560376,3.9361401131438956,-
8.155558558346458,6.664675096603165,6.9824858832398,10.0,4.432456056944402,+
7.543546915104785,2.436988702787465,4.843427350649598,3.197294098770146,2.1578435610655777,+
6.039204742119919,1.3382504149583838,1.8643927850123982,1.7611076689784446,0.906737287356197,-
0.34021846280919865,1.252337868806499,8.486220146940257,6.8671796511593435,8.952483637145077,+
0.6573621607448105,1.4895468106501135,10.0,2.3937023031036677,4.455887935028403,-
4.0777346247861,1.917331775233314,5.470655803008184,7.640486272312296,3.978058461005837,+
6.53597512579805,3.491474033718121,8.15818398953529,6.376016467502563,4.31282049063033,-
9.347144446638882,8.426809278896224,1.2869628232904684,3.433598164417587,8.920525747586922,+
2.882805141765744,0.3731258285495993,0.8115151694154397,3.3139853939735704,2.9676622847775946,-
9.15963094419556,1.260691551540617,2.6067327961798323,1.9411990356024267,4.82877300742664,+
6.487075918313649,0.7346875907741098,2.513675616790658,0.9470702957061886,4.021541596538114,-
1.6381995824150908,1.9525993905689665,0.01012117310979721,9.346835188197694,0.5336440516739294,+
2.925765110021686,3.15164353853393,0.01172723245355302,10.0,0.8789454970819115,-
7.0964382569309095,2.6546404650123403,1.2113089168892022,8.321853301624385,3.9029411875727815,+
4.003140925896075,1.5786877772666923,0.19915469418050352,4.372735487755358,3.873125359117785,-
2.0301512840258984,1.4135223904215055,2.7247225211721835,1.5353530782168545,5.949954411107789,+
2.6281046189293322,1.4682818244815656,2.5936757878719527,2.0237309055512664,7.415077137419093,-
1.3848467230174077,7.637001557230493,3.8484403287983024,5.489748434503009,5.616630362361674,-
0.23546156857411965,10.0,4.783238676011234,1.658693867355555,9.57309583920941,+
2.390128786895722,9.145514468090637,3.5674718082997248,0.20842525493486974,8.986534670148224,+
2.63829313000666,10.0,3.1751275166365445,0.35522904201560296,10.0,-
4.732027391645335,7.5524432387876494,9.838754372966674,8.689316493144856,0.5597164137003507,+
6.0243127040767925,10.0,10.0,7.20702904927671,0.7949514737466192,-
3.199962538707235,3.3134862367474893,6.517297630382429,2.582403907204034,2.3981916121917557,-
2.0024356096392717,5.647035576354207,1.5603002714266077,1.894851211095612,1.4152844976302377,+
9.191304047367234,3.0063686648065957,6.595503911286111,7.9074308182855955,2.7092951523498723,+
4.96416132517884,1.3302084607280766,3.5428654617446904,4.293937763849562,0.46028280021705864,-
7.938350561179172,4.592283416566302,3.9519832242181705,6.9006521996595644,0.5604598421080698,+
3.6658874959721364,0.0027120516799926018,0.34623128120424995,2.8135670880568617,0.2084703203416298,-
4.822267299742972,7.740207452314291,4.923751264793444,5.660942538744456,2.336620890627098,-
8.410040727756222,9.96373025339991,1.8304364533084203,9.446186039972561,0.07286612082557019,+
3.5433957678388617,0.5851367845687183,0.1952522118359401,3.4552255410404022,7.852873936367829,+
2.5253774721148314,0.23722585992097114,0.05454843373266109,4.724906847948206,1.765529313538806,-
3.4891195542852795,1.925237649987409,3.275423375197626,3.270154810695515,5.413437923140724,+
0.4917555220666517,3.6668041721828564,0.3744451206400835,6.424478898760752,5.333817740243435,-
8.001108408870774,7.417536283797882,8.53794312376399,6.654123368899527,4.762619484841916,+
10.0,5.59555116201656,4.8181047704330595,1.621600068509246,7.990506310381239,-
8.79521004063313,8.498223427843703,4.126824992924927,3.1766777437306484,9.658983888981394,+
2.410860256308391,10.0,5.192242287168878,5.579308101288644,10.0,-
6.511061285544054,6.861907173588367,5.678478520739743,5.970421764719257,4.515129277089773,-
1.8132545056031475,4.415243796067737,3.189004984319221,8.931723327838004,0.9019631077232064,+
1.8531779730172038,3.012024188573408,0.25513645776852445,7.364021820775406,1.8242682918161635,-
3.668685721353288,4.568565817705014,0.11872293798176876,5.406964403491559,3.4769752204946194,+
7.8070780685340715,9.278046216967248,8.089571812135116,4.934191625248707,0.4886930051044658,+
8.784541634830093,10.0,9.679824408432859,9.737750852527476,0.8665588923520103,-
2.834821814475644,1.956984622659722,8.892868796349644,0.07758901161186604,9.4383463076441,+
2.9646434698727973,2.21122455210728,10.0,0.06771577365459854,9.853174419653717,-
5.121008947291599,0.5510316629913992,8.138966183561806,3.78376231572098,7.1449785790715925,+
1.14663275212942,0.1497880429204532,6.020631537162218,0.14455243690541708,6.386598838247698,-
5.304724427342144,3.1969123178654524,5.687947369536735,4.907584454143004,5.0280881175724375,+
9.096283703151874,1.2024085640952358,7.357629606004078,4.309360349945545,4.038532048978025,-
5.162454071425879,9.791876749394918,1.0086430779576394,0.37330256489035984,1.003631584023701,-
6.772587535144354,10.0,1.6191846925720195,0.4803607910404692,1.4172314575809677,+
7.3757627815572615,1.1949719067684306,4.51409494232816,3.14127308409184,9.946611712379681,-
2.10236984212801,0.5434024577141614,5.3452513485901,1.749778950225005,6.2740450918564195,+
1.4197163324387818,0.070345259174317,1.5877244050612949,3.103395966210484,1.0654288384640476,-
1.7178368401877138,0.13022941774285096,1.6061999510058074,4.560085284829952,1.6422889302695978,+
0.5528856884798761,3.343300188003686,4.1620660805450305,9.631030617186145,8.451560048919657,-
0.6835501739518631,1.0330879341480812,7.183234503886,4.148195604761272,8.829555314883677,+
1.3222019942738117,8.678771089661435,1.028838247490842,5.48191205160549,4.651453851282149,+
2.0925072940840006,10.0,1.2990618487741727,5.599374011641747,8.26811230413221,-
7.77096435497101,8.78074130353079,8.511582995571137,9.813549978541673,6.306975573648578,-
0.5442937026194135,10.0,3.1282485724758367,10.0,10.0,+
7.280940846347534,6.937019230119073,8.955013593758087,3.48428009014686,5.541043323481782,+
4.253705254455107,6.816342714092961,6.3077915965330424,1.7022593320929018,3.4593587878678975,-
4.335382637680092,9.856826768141824,0.658201447779686,7.7871618400286255,0.6324043878203989,+
4.944277222191766,10.0,1.0034975322469595,10.0,0.43528994305944607,-
2.451638132996222,7.1777416928143465,9.035010062438532,7.029131017027158,7.6508030885917915,-
0.7185904827223336,4.095140225860317,0.6868605662100379,3.7953778463432988,10.0,+
8.230643312423084,4.421012135281231,1.2234493427139137,5.553432696785042,8.660859362065292,+
0.23890176116065,0.5951435201354713,0.5178880151569998,4.70482736080113,0.5784630815121556,-
1.616484434960459,3.543423214419499,2.1198138846749535,8.425015404338152,9.372618443413213,+
2.8025909226792964,4.705457241902796,3.210439661959075,10.0,7.055866885018343,-
0.9657474600006533,2.222506814146623,5.3262532049080535,8.750493891829947,2.2828777390329558,+
0.07945315750785845,0.4662868989226012,8.956469503160928,9.65825618956634,1.2081479733250113,-
0.23458270402229364,6.120503328370736,4.673157673535759,6.782756197640118,6.865200929499059,-
0.10944675582941472,0.27211453821393256,7.167926069094442,2.931712770418208,1.8313699124283997,+
0.995857592584054,0.09349290569769297,2.418994531905035,2.157598892085062,6.580632731893737,+
1.1256731491789331,0.05974300507692541,4.431082249175009,2.9470805652500993,10.0,-
3.07962157035175,4.791262272765676,7.994818826447095,3.2485146140819356,8.2860689845821,+
3.373244830014043,7.832594191481096,10.0,1.1300950041049878,10.0,-
