3.938943773744791,0.08391773476683184,9.330950265145228,1.8942204736962776,5.5026106420811605,+
2.6416333630072746,0.017022952718843635,6.235310854035913,1.833613078020433,1.1689271958522105,-
1.3716195702228562,3.1145766069302763,9.634647606858326,1.2366837736933423,0.7080610185249714,-
1.4660784923891157,0.3544468044300045,10.0,1.0039914754322143,1.168491147394568,+
8.423350836699226,6.349758688367764,4.50010210933951,9.25155292305448,7.221476213083413,-
9.624987802340227,8.138928699610606,8.665023381723788,9.44552014491859,7.365966273212939,+
1.2513558253238088,2.4498269863177824,4.978885655465587,6.209988957397647,3.539228715991025,+
2.0737029660581636,3.7053248212615313,2.2420921427221034,10.0,6.885339159200823,-
6.009768631192756,7.515385858923867,9.893802973274028,8.265027265165488,6.1168428771664205,+
7.840145395053622,10.0,10.0,10.0,9.756785718382424,-
1.3342356508906972,9.475131343500491,0.7149478572664858,0.49687534887770224,0.64202024553076,+
0.47104638360878265,7.8414592698988566,0.32383686080532403,0.426015403092723,0.420605654399167,-
1.6819912924680291,1.0751761236400248,6.1350832566808355,3.993923946793707,8.982317823998416,+
0.14420246604696893,0.4818421663862197,1.779401862764135,3.682257003348877,1.27054731613159,-
4.159312740684488,1.8949926933742267,2.854416754501613,5.710245355360655,2.6039301184800525,+
0.1597397789000632,1.470789165476751,3.239753943061625,5.252510244707405,3.154851378747326,-
7.284849021157449,2.932128529116506,4.884114883262841,2.875328336127004,7.887472538386582,+
0.2883085158221415,1.259533084680827,6.0338532009736365,1.4462923950085504,10.0,-
4.71592517320328,7.929217647870499,6.008992438777151,1.378322826054439,1.069567895932998,-
7.148992936467828,10.0,10.0,2.2474839143949583,1.1845105100195394,+
8.699636927145551,1.7254918943602027,0.8889578658966124,7.273552400874072,9.162975807731756,+
7.831780834932684,2.078758384748732,0.9400064916118648,7.436735869997821,10.0,-
2.8124614311840492,4.4647774452837545,2.2117142508745067,7.069130245546706,2.8048198141141647,+
2.0042675660568143,3.2677466078688115,2.4545696445327856,2.693131633521651,4.982859108046915,-
9.717245477570334,4.437162536362557,6.952498800500871,5.4284612844124025,4.454663302708681,+
10.0,0.9512798024164946,7.429685041905802,9.468497376663326,5.778971395565186,-
2.8480885330720076,6.019207456953653,1.584189023837117,5.170405285259932,2.243074518595667,+
0.8293700677455338,3.7600199058088832,1.107785946521321,3.149148417601147,2.122814683279739,-
3.6757354619257465,3.1170948012057123,5.369382311289557,3.106296041789961,1.7097493051614487,+
3.237724595696282,2.079312403590913,2.954449788528305,4.577646458618804,0.3375992074848351,-
3.9195961823411993,2.7025336202602226,1.4364933150559278,5.330265646267897,0.22626032397737306,+
0.675330377293525,0.7533295577436592,0.33037067432430056,3.8340662398699767,0.18207370896613123,-
3.8401268655982337,4.63718440743906,5.698100371147348,9.41372163748354,9.442023299899105,+
5.084720378885071,5.747671603700966,9.999732809413711,10.0,10.0,-
0.06603826232102317,4.667425729332637,7.6928679740294434,6.573056586680087,3.864555923387736,-
0.11450722140632978,5.57520621176799,10.0,9.761309944673185,4.246085461110091,+
8.97932502710971,5.374305696796629,4.693513502450503,7.886000435633197,9.521302168980165,-
10.0,7.177900539487136,3.161336826103775,3.1100492948425638,10.0,+
4.672314992370361,9.521879306414226,9.14517954878111,3.4653701462144815,6.419154186271733,+
2.5270377395094497,2.229597421552389,10.0,3.266273929335825,1.0491208706335977,-
5.216348381112978,7.991044416363364,3.66688215451211,7.107977235258342,0.3770698038400855,+
1.4962533483489182,10.0,4.350380735803395,6.546605627524039,0.5026617961596566,-
3.598015673677634,6.664398804388476,8.935554796989164,0.026083130959349,6.705001771299425,+
2.8923048757698537,10.0,10.0,0.004766954109036097,6.051277735359239,-
5.887293497175214,1.3128500386153796,8.61002855711014,8.483557284042924,1.3695102873637333,-
0.38333625507790264,0.5842084239333207,10.0,1.902566938832353,0.1655804507587962,+
1.1177596453018768,1.3806034580445259,6.77382610640754,8.173899048906309,9.826304578984558,+
0.02709860723994695,0.844530435277304,0.5715210879972293,3.5285887178969753,5.578554900683447,-
7.190960204833723,9.917248902856478,6.424702546197814,2.442455911022935,8.91690221004839,+
10.0,7.819247561130029,10.0,3.5248028160486995,10.0,-
0.588323544095749,0.8748765932993219,6.49914679262202,0.9938747594984265,6.656012645520768,+
0.5886870125180812,1.2507530925797912,3.80570539284531,0.11840027649415831,2.5604218021879457,-
8.776568553627692,2.529095575164577,5.660035331859014,4.308663890939124,0.9761953653178568,-
4.029265236562434,3.5104687524151377,7.4615366208652185,4.653143008090684,0.829308563960948,+
3.6528969150074255,4.541743661023895,6.721340322180952,7.632252559053823,7.7244184573726535,-
5.364701092506465,9.041486017170335,10.0,10.0,10.0,+
2.0313786057822503,4.251320166833788,5.564198383667401,6.228233395564268,0.2131224582182667,-
0.645494933297503,7.655029200283684,9.698866873241608,10.0,0.13434299521659518,+
3.7535711346098086,3.533245379198078,1.2519708803649288,9.245342315962413,4.993422944496668,-
5.046617361317801,1.2215504577247454,2.2382481050818805,4.401049363265683,6.96545608702649,+
9.725264568877165,5.014374107364604,7.064841465056931,2.0988521588393017,7.216706210015115,+
7.177043073473382,4.064898799981783,7.0395439418602,0.7534713716274892,2.447383645260753,-
3.607822699152697,5.433823841604798,7.17928253364102,5.313121499026,6.064002137183363,+
0.38459510469367986,7.055487843741619,3.856628840936758,7.641854623279145,1.7381204907738432,-
4.75693717313654,3.971053879531916,8.929382314012015,9.686152471633335,6.98678735610859,-
2.6869472696830754,5.443553540540374,7.477555953492845,5.340076452874572,2.4472227481570745,+
4.4671863396879985,8.023249112090525,1.464940744740555,1.64351282154779,4.056033014524286,+
7.677553361987963,6.227635955188686,2.1387307182002484,2.3114561183982554,6.239689452250697,-
2.8297657265915332,3.521673400039813,3.672474252501965,1.7869970495113596,8.632502000427014,+
1.9699502807821077,3.1422363033912544,2.1088525375138474,0.8166752551430271,0.4473992378763283,-
1.8034967283806047,5.092983509224584,8.084195426013288,4.553316441166837,2.3640870259969504,-
1.4053969009859313,0.09120494682575747,10.0,1.9340518280075658,0.24249106430227452,+
2.5428124174156865,2.6744894830904906,1.3653350293948041,1.3845480706746849,0.7609448015951881,+
1.7721539437248066,0.058275104628204386,0.027180767814475728,1.318097083883469,0.3516373585885974,-
9.067479804919559,7.714451605075244,7.533503422107952,0.9181042293475306,9.825793769081018,+
10.0,5.709107029845463,10.0,0.23678224043406307,0.47158467821796113,-
5.298009310568337,9.1198161647462,7.190314768800729,3.615236959593051,7.541945126233004,-
0.20011102643914574,2.648456010359865,8.089224958119168,0.4076087362208064,4.969623739853797,+
5.292701863713538,9.933612556107223,2.7878487193418824,3.941190232476426,0.20496221498301548,+
0.7349520072569653,2.676117655236659,3.7884215616445567,2.8867687039042633,0.009803963928298689,-
4.081751287863341,5.277551546203451,5.484456285888383,7.5226415276447876,3.9796730748361897,+
3.75316818772072,1.3629299763976412,4.961249860898895,3.420176021308969,0.8596486030683548,-
6.053614834753832,6.349887649301759,4.895306535626521,2.7188199941721605,6.007145668419928,+
6.2301802666234725,6.670533858558331,5.198827103727629,4.86555222255314,8.500578529530612,-
3.6951850548983476,2.588707662993622,0.27160189105605803,1.132030768811848,3.984875372771184,+
3.7896744894304573,3.061308483130076,0.3677767527961182,1.5724697125665192,5.245401081926237,-
1.5843563743926825,4.980899337231568,6.285235926965549,7.748001235002457,7.992461257265415,+
1.389358667558348,0.8072534033054248,6.666623442129708,4.978182903927305,5.471198186709386,-
6.304375946679395,5.0070771260586735,9.360548904246729,0.27162922559598845,5.755960694308185,+
0.7817108719278966,4.149045804778205,6.518355779968641,0.1637097737976429,2.0403115262685114,-
6.386411108822477,2.491201614934193,2.6069010805975457,1.1473373557964883,1.6229493500088676,+
5.425832649878404,0.04389495324018452,1.4767536616689951,0.4813554598048118,0.37229485107897486,-
0.6228193194979292,3.1132395864032736,7.160076838263859,9.60660651195151,1.0778540837251727,+
0.38650218842985934,5.190482026879533,2.2296306676479056,10.0,0.9660975944957717,-
8.407162291609588,9.182563870951304,2.6699331348558286,1.5327871198634224,9.926394975176425,+
10.0,10.0,1.6901574446404637,3.062070637751121,10.0,-
0.4156874898100438,8.019011589551273,5.788272709184267,9.269240818818972,0.4387846839113563,-
0.2638451884130646,7.260298813041372,3.8195970929488388,1.4271988142383902,0.8370251617943983,+
8.61848510545492,8.559996975207085,6.713745340812211,8.745127767190308,7.125973134977299,+
2.5638177387484844,4.033848779183602,7.66263038276323,5.757193190289991,8.820272415003119,-
4.855303449072296,2.059830400482261,2.8591530747841287,9.356537143738205,6.884646331347929,+
8.89939210080519,2.09843932055748,2.4143203045614987,10.0,10.0,-
4.47833742473026,2.972832419784867,5.758638376179342,8.174497483722497,9.989428477982056,+
8.059877440419529,4.723557560255357,5.202732135647006,6.77311975833687,7.935781457847689,-
8.858338063662451,6.195362389819785,7.5870064937627415,9.595770593209421,4.960813961877769,+
4.590329308371997,8.250571890245059,7.752790642961461,10.0,5.274948977211937,-
0.6559319467959612,2.091720799353692,0.7639784849555364,6.659155707040161,7.329921192788877,-
0.8956294539041874,3.361538346267941,1.128784615590384,7.007493846890742,10.0,+
2.4129865096267733,4.387687431216342,2.2571835374404903,5.640754455593424,9.33841237726462,+
4.502334124128092,0.6902237386501402,4.14452021274833,7.926185586937984,10.0,-
3.776348446057949,5.166752672512579,0.5551937385079952,4.236562266900723,6.731213171375897,+
5.125757919267512,2.20940130424842,0.6235563174778644,0.7993996183877335,3.3003163050305915,-
6.376272722056397,4.062091116592958,1.1407891594291575,8.810078251762883,9.68536481726716,+
5.66057685781367,1.248399224837532,1.1224484653030689,10.0,10.0,-
4.3273537600586565,2.138215534779312,6.011273927336567,9.628563990538618,3.856928585569844,-
0.4256268255104148,2.8577850336726267,8.112009774233663,0.5942932964074297,4.290999047074828,+
5.867759903245274,5.3514247624151885,1.0203727523895623,7.264870292361376,1.5771164628454049,+
1.214620760766844,2.5956174706661086,0.0907099375628662,4.7384751377380345,0.5015322824320085,-
3.40918832293829,4.211349573244388,2.210824688562998,9.171869624031242,5.401757464982504,-
4.980749940789575,7.1510174693693225,3.15346525820443,10.0,6.167815421926367,+
3.012490888359899,2.8322498878479943,1.260522760013023,7.003267173976784,1.3565241690498997,+
3.218895481777616,2.970710281561475,0.4055245097871455,1.9244992097962736,0.4953037498788727,-
9.748588463119262,8.27893937492303,1.284441225205738,5.522230895130685,9.565704831723956,-
1.8555146363757864,4.531607414950044,2.163416746094537,5.888924232183146,10.0,+
7.238306166400159,0.7768438781943565,1.733602114970213,5.6894521237288,4.142744576819922,+
2.479558701172043,0.3568832991578328,0.11797865463652032,0.7372911042028463,2.1279678985550508,-
3.7259465003034964,5.831692733348245,2.561342302053393,4.9151455855063055,0.39073584688475327,-
2.2584815904290005,1.1650396101409628,0.2607545333102485,0.20028151109390369,0.6229238675807445,+
1.194066863315001,1.0223027931679596,7.681691693357947,4.197452027517344,3.8791373202468646,+
0.29079324855426625,0.708533040375811,8.338959564144108,5.5793055835367715,2.1957784569747387,-
9.559460786554201,5.904146689405133,5.440782060145024,9.617692288646136,7.739527362495576,+
1.8603378416767486,8.781197930765844,1.9967713484176326,6.391230142299607,10.0,-
0.7833686804448536,8.64495337297059,7.211810837919687,6.299303311589134,0.9818375703153515,+
0.9969967093647524,10.0,3.2037632766505277,5.782507082073843,0.5863721472167797,-
1.016359360380844,7.845750184882596,2.2181709583682183,6.555100114905605,9.046038932371847,+
2.020445476490556,10.0,2.6166474900378467,10.0,10.0,-
8.577901843852016,3.8522148237275946,9.556366460699913,1.7072666703143025,2.4732344301666833,+
5.097781492790802,3.7669905138178295,0.3439828136932194,1.054921185971181,4.301643898159501,-
9.178315557939117,1.9974928464763064,2.9160744304569763,6.486542549903258,5.2341395036016785,+
10.0,0.07148821882069274,4.909872716314895,5.889717084051201,2.6998039520135224,-
3.7762296453544186,4.111824144348761,5.359021906893618,1.5219663360230007,5.561722204874075,-
2.2509681742040906,1.1715426142759804,7.430553297697673,0.8853430914372238,4.4493574230974415,+
9.8248953562092,8.761068221001159,4.607688781782075,2.765579779656,1.2735110798013694,+
8.525446229978996,1.0789107227286097,3.5606842638253147,0.8406506090133411,0.420703386190068,-
5.934530970016202,7.475518417592091,4.818111308042202,3.2115996895105816,1.4595769007639858,+
10.0,10.0,8.804109211054733,4.130805851736935,2.300825900980305,-
0.6604600557301232,9.915890129066465,5.323109632392116,1.6362350974470197,3.2043560423102346,-
0.014935655003165417,10.0,6.4500303313668885,0.3498774721604038,3.989579065367374,+
0.10959034156062919,1.6266308456950918,2.374619320228514,3.1852732070409684,3.439859346195445,-
0.0350288909102673,1.5891490113803013,4.603166995110798,1.302088622155014,2.84577663017058,+
6.061715652464387,3.6072503568465955,1.6153086843585285,4.035598480973224,5.654956005246068,-
10.0,5.779895782119959,3.189529816189167,6.482360405643076,10.0,+
1.8069420363923305,9.458438987431215,4.530249601499699,7.575818555340545,8.666984084642294,+
2.7450639050605177,10.0,6.342887543652034,9.895756379187949,4.158996444527527,-
6.987961830982322,7.007542730364282,1.301501394559661,1.6280694564878373,7.45661852000504,+
0.8227655982973444,5.387590482162811,0.6987642486832021,0.06699210208611875,3.080359897316739,-
2.4868757209197376,9.984467305771465,4.7468254914444055,9.847596271814936,7.152327863225784,+
2.9764502396460424,4.593465908175735,3.4611273840507297,10.0,10.0,-
5.558677765337369,4.143532104854618,5.52794782843011,5.257690368492498,5.635735293325221,+
5.005499077290727,1.5188575444606267,2.070693591082243,7.191562142577224,5.639659904498166,-
5.896467795924365,9.679688797187335,7.106629707052573,2.1256610510223717,2.559550279912254,-
0.6224094137939322,10.0,10.0,3.346949601511555,1.4354205631199344,+
2.235841037748548,5.281793553538112,7.37837219796118,4.904153082435789,9.196360583407074,+
2.4901431432426553,9.562134584832444,10.0,7.323195321913315,10.0,-
3.3185198562676854,7.392006151741292,9.727504580685371,9.16675334423792,5.725439655047424,+
1.2299219754227182,6.309988673929934,4.637262175499856,4.908707577761177,2.1477526946449967,-
2.581482090335058,2.486550114122971,8.663995975042516,1.5098844613417062,2.7022741978057176,-
0.7693902385972612,3.247953673011852,10.0,2.356746325699621,1.5530541660048323,+
4.529115818579451,8.425537519929863,6.633905618840594,1.6300243585278507,2.8757669837301894,+
3.4850172183097214,4.885792581317218,5.918867133186105,0.24491694468255046,2.3817741486123736,-
1.3704600576703652,2.3188015571710983,1.4117223248619204,0.7741507731340891,4.536501521917886,-
1.5411831248682146,1.0597046438517623,0.10389094003316317,0.06429476430729814,2.56533390434865,+
4.263280933961569,2.6982337268910683,0.4877052394320802,1.8207450290924454,1.898682900970613,+
1.2379939949102208,2.3629529377605216,0.6548378448607224,0.4139069904363559,1.8361913665971579,-
4.5598582283473945,0.8527492113490565,0.24030398051048896,8.073622566685298,0.7270532300766852,+
3.542852392806357,0.8191724850338339,0.32194840621831355,0.5933114780308908,1.0576724191973046,-
2.720688178569036,3.033984326080701,3.9213300712948387,4.49118741836916,2.006026819714525,+
1.3620332949631817,1.3505891622879533,3.235321537754482,1.9303376870680535,1.6934167064873822,-
2.917441955742458,0.7513219071110544,2.1610108188161448,4.298177265745867,4.351658157265831,+
5.369392083009183,0.9522367781011103,4.2737698213215225,7.94202977549824,0.7074445104984026,-
0.5596868728402882,4.511847989794951,6.931936523753488,6.046731812980651,4.267722274192716,-
0.16867074984042046,8.861057237090172,2.750915406746423,0.2654608824005492,1.058245107984613,+
0.604848097396401,8.326298251846925,4.571304710536021,0.9857350022981004,9.393709295083855,+
0.7523468962150124,10.0,9.069538796050654,0.6793824096609731,10.0,-
4.44347623110804,0.4603112343658833,6.4838418554233,0.6390843232327725,2.401839379245043,-
7.879649116803775,0.19999540242436617,9.235334279465416,0.362639641826437,3.5010019671182,+
2.8482140843305883,7.994280112771438,4.825759843732148,3.405060704174978,7.2996873364632435,+
3.5868574320275477,5.94730942969399,1.5557983575375498,6.368722529132667,10.0,-
9.452572708461208,7.706986651993999,9.594602274353766,4.950566866004094,0.33771816351264916,-
10.0,9.619481707616032,10.0,8.278681631724117,0.6325203335375083,+
5.356256839025516,2.230075364688162,8.246483560252322,2.654450709102958,1.8024297171548243,+
3.046075601133293,0.9951619288551097,5.360701223248497,1.9075509107103783,1.3745737420582815,-
1.7669905212931125,6.321190361385147,6.622166442174495,0.3274263437934155,9.326877964582518,+
3.329634056923691,4.688779904062005,6.323120425967489,0.3271788237358733,10.0,-
7.051134175582692,5.634688197179538,8.38440231785005,6.862920658212034,2.8878155355562143,+
6.957183578584482,0.7534485874850332,4.425169789978038,1.2828720736607193,2.3589947759493657,-
2.2690935924421005,4.746056747416052,4.157097782303656,2.842967481398241,9.155980764016,-
3.0053632831675885,5.542176664608291,4.38698055561266,2.9924561047773253,10.0,+
2.910899279092285,6.826164133421932,0.25752524569859103,4.559198681091684,3.9429459426824307,+
0.4601706191976953,10.0,0.3028756474894052,7.539324915041277,1.1595238701239778,-
6.297500836838033,3.8550182618428366,6.771267491208793,6.990298813813826,7.26392388163435,+
10.0,5.31108672587177,2.957925212480458,10.0,8.29632564277446,-
1.273792551297941,7.868831686192293,8.308588453403818,6.802027640354194,5.53445608918548,+
1.674291196545579,8.619057841684478,8.590467094331448,8.672400830732668,4.582358597844354,-
9.878552427521631,7.613342290909042,1.2920406340094626,0.5179741214076261,4.855948585083771,+
8.46933395952208,2.733983180583563,0.8637731218225217,0.0472034739355434,0.7698719396638916,-
7.2936390447691,7.325220614393978,5.387785375890389,4.980661552626656,7.431791432130673,-
4.852172962591019,1.1633297013265846,9.1356276402008,3.8668384633282797,0.21964304053933012,+
9.365781423046048,7.784502599016721,1.5163696251774628,9.279022923195754,1.1750762402119463,-
10.0,10.0,2.821405955114637,10.0,1.7058977726509599,+
8.641946188173819,0.48002176483454284,8.579772310802838,7.642995595485544,1.2695610239810395,+
5.566049217997951,0.380760063677858,10.0,8.628078492725662,2.2575988263792706,-
7.0838427082033375,8.090952165139266,7.9946435311354165,5.6883529337146275,8.087706680745212,-
3.3537653635800853,9.002047216963145,2.6098301639457615,1.13155744727887,2.3178252262040404,+
3.3858528691294376,1.8951380990219446,0.28448185814501814,4.788261371813571,0.8582337661541262,+
3.769093488587572,1.5573128153252624,0.5304648276523636,2.7263152345829273,0.46785857328975566,-
5.214382896322497,7.233351312158744,9.721614133030167,7.761985220893191,8.74801291709745,+
3.661231869679603,7.214975413891502,5.669159617891911,5.667326193244706,6.054610002918781,-
7.068360610377176,3.348509216784027,7.774936535866265,8.10625611013413,0.034299357344511616,+
3.940238320347499,3.3297110306002713,5.984567242446113,6.667399339829667,0.030153876124455137,-
1.4036534040518112,1.3387644640928964,4.1234471856498285,8.771246909739148,3.284362972904713,-
2.3359079669193132,2.4774573269866815,6.012755698055589,10.0,4.623206807482298,+
7.262289511411848,2.7177454887651,8.380536790142209,0.614929398468147,2.7795859641630893,+
6.7675772540822905,5.2745574521709795,1.1100467225055473,0.22224187902917036,0.17899416743429414,-
5.265666679612262,0.06784178426205156,4.10051110684713,3.7725040660804385,3.504521878441608,-
8.158617612913305,0.12622502414954,5.455909613426399,5.388698134935642,4.612182537242441,+
1.2719630257944448,1.5816987072639443,3.4839760736168035,1.6774847799613746,6.546704821990539,+
2.057645230731033,3.1197388826078867,5.150091431976169,1.7185253026566398,10.0,-
2.8873493943440565,2.4957109484862894,2.611519133654534,1.6039313182291581,3.7915023720543717,+
4.820820437758584,4.178982342896614,3.1665913277076094,1.4807694049294928,6.683140037910975,-
1.639910446754419,6.317576598622356,0.17080035932594329,6.035452022306137,8.781372621903445,+
0.9291543801237551,10.0,0.19037422297818957,9.607036924312222,9.370036772248937,-
2.786735673003694,9.08195849404294,0.3508007836539673,0.8993814380491727,3.4117658470058654,+
1.8141637269574649,10.0,0.1499699794046013,0.646307308543041,6.732767366830785,-
8.375300753557541,4.126852431971072,3.9838938177005123,5.746344941244192,9.828280778400835,+
3.74270540136603,2.85069104588411,0.48440456855416575,1.8493938451314955,0.015440781700448651,-
6.164038538718996,1.185624810934749,2.5303628342031628,7.963036197719574,9.703925025767273,+
8.482857038312362,0.20554143970715852,4.831120127706695,0.8758321320030148,0.4678728412710613,-
8.381189083825177,5.700062356450353,8.512057902728996,0.36163220828193565,6.738200272696332,+
2.0472650943829147,2.444955062402508,4.151116644135528,0.013304155897315192,0.2832113328164285,-
6.92896207326735,3.016233634826364,1.7663618123475955,8.027023373461535,4.351498277538928,+
10.0,0.8476749864212686,3.1537339453785296,0.13161746658659979,3.0014527887851945,-
0.03301245289822785,2.463164366744156,6.5204708207470965,9.421854927282853,3.5748108835778982,+
0.01154143551984364,0.7259106281492934,1.6189758251692064,5.501211512139412,1.2276012263397322,-
5.337226663123308,6.314322740819743,4.285985733950698,6.7493810066589965,6.13475217587967,+
4.290200947341193,1.3007491706564311,8.26657137741933,5.517117097141069,6.243157781286964,-
4.443824762588435,8.631919868047111,7.573818010499444,0.5741306858577189,7.733892412296393,+
2.728668361539037,4.754033436039873,5.358856515528271,0.012797024175724547,6.6757870854754575,-
3.898771364412068,8.994020832268957,9.429406047223862,3.700386944614502,6.526405293240463,-
5.42486070008576,9.061128018978112,8.153407706279882,2.5030209367936673,10.0,+
6.918507169790664,4.2884037671385125,9.679955370145919,9.67659098760077,2.502488152082216,-
2.695125026002156,2.66385122672176,0.6693891532447839,10.0,1.0539726119391781,+
5.772914535254614,6.773483319887868,4.2307982240111155,3.86262209127584,9.634241747946007,+
6.9604891459622165,3.8578591975652152,8.446362029816989,7.016712630373339,10.0,-
4.374030041944913,0.8231227919670148,2.841313208890779,1.0875924787011515,8.46008865603523,+
0.5182913474555538,1.547556779292773,1.1962592176856908,1.5543935923987193,3.602498657470442,-
5.691108028973516,4.263398437303621,4.350098208248152,6.700232062377908,5.361038710787201,-
3.6218568747820763,3.44500232154422,4.537722183628682,4.342727652952082,0.40354242336788404,+
7.8208946991880355,4.933941901539858,6.615959095368879,4.345022565605801,2.7904547590223383,+
7.937205164227188,0.3237622873236209,9.154535839758275,4.097099143521228,0.408149933711056,-
6.5620759180012715,0.23992879160562364,1.524544907152996,1.9754794245201923,8.623115573575959,+
9.01742943674471,0.26212241645242784,1.8611174213382882,3.7570269783160763,10.0,-
7.655983076833484,9.71105779710577,9.490688508511449,2.594535098841834,9.633577588187222,+
4.8826934915368785,10.0,4.277081832816809,0.012108277843453434,0.9662044424972887,-
5.800278258812048,4.986635598008739,5.076750515980594,7.522400138252198,8.055240340440255,-
0.3289386967190903,8.85854754808532,2.004344969588337,7.828143385682592,10.0,+
3.990150025439436,9.602986952881059,3.024237420886818,3.0060104219592656,1.6870700107195002,-
1.2845611260146939,10.0,5.468665682940407,2.5997304693875822,3.0726832040887424,+
6.860548124902277,2.750043069578485,6.865168221037869,4.985504922844295,8.690595523263251,+
3.444729982228726,4.863724343494971,10.0,9.322506464246919,10.0,-
0.41573022345415045,2.867377250461441,4.4530803253076625,6.942306770431619,6.079460330839648,+
0.8166013688913307,2.6994334692939654,6.57988975114926,10.0,5.44706256619841,-
0.47971302099227286,0.9354993026032488,8.495287074764434,0.7395578602411446,9.511167253026608,+
0.24027903575904347,0.6181458293775638,5.898033257893921,0.7783884953722389,5.765837844657972,-
5.139705034536645,0.5779614086650464,6.279945353427511,8.481741223262699,7.191736594351507,-
0.36065525970334555,0.6914181894821902,1.4836779901743709,10.0,7.237921130954892,+
1.5896416233345967,1.6646162118389463,5.331099291310046,8.033516463629468,2.764706024000323,+
0.8518667228907826,0.3855358904324778,3.682770667125855,6.3238709904567685,1.718621830802459,-
9.8796753333561,2.463735765116366,2.291083128580805,0.07213008702934953,8.685493049088427,+
6.4228780786072655,2.142637939004141,0.0911357496180219,0.012901473605290203,3.3143525723377363,-
4.279766714195995,3.4869763744578943,4.677691204815407,0.7059884177325282,0.7687787682506697,+
1.4576664160273485,1.9115726990128012,8.132708534920605,1.049174568093061,1.5008540549671787,-
4.6474358558040585,2.302688811872872,2.1487885762769467,5.990057634033613,9.63089533684844,+
5.469366682760868,4.417962920565523,3.769169877853067,7.403650594161347,10.0,-
2.3611591922400175,4.803659719028516,0.9854335755995025,1.524558230024624,5.959798023519448,+
0.053671320689048445,2.5549714750392774,0.5906616854065903,1.5195847596704286,2.9227168644328256,-
4.18121864732098,5.876351318539648,3.3015119053505715,8.977504250301369,4.654628849307764,+
5.2675398177819694,6.7297557248888555,5.197471018359432,10.0,3.7595155092898205,-
8.10336736326024,8.818310963240396,1.2483175194018203,3.6361564879974964,4.403909444428179,+
10.0,10.0,0.754163365901158,6.741117212371827,5.425460511047389,-
2.5383391289246795,3.063157068231188,6.019865343048394,8.802603867730596,4.612282435086774,+
2.6713994519210864,3.544442596319221,10.0,0.7263413461663265,8.343090405570733,-
9.226766773127087,1.5760339363281273,6.203752234007441,1.224057313068081,4.167167773514019,-
10.0,3.1163893927894177,7.299513130222112,1.591931890859269,7.399045658294602,+
3.8398226404458766,6.251294622578129,1.3926910129916692,9.382937352339514,1.0156016085119501,-
6.0299687934394335,10.0,1.3927781864311657,10.0,1.2959975963581476,+
1.3562772398342249,6.997520181549889,3.4131250275001292,4.342385332412761,8.564380085244489,-
0.4452813536928172,10.0,0.5197745001315913,7.700645284612995,10.0,+
7.6301851802030685,8.153005246409014,9.285378564520396,1.3258882728356347,8.855379964732247,+
10.0,10.0,10.0,0.898567424630908,0.5810536957948117,-
6.213482053209511,2.753686969575014,3.8239579785492293,3.264911494212992,0.8392399345778856,+
8.261780510478532,3.314786377009302,7.310657206102102,6.5078679659860175,0.3195964876539039,-
1.9465011951773825,6.248441472142151,9.06744810814614,6.366285136908379,2.6325735940725004,-
1.7049048862756009,3.434538131803052,9.51293424474774,1.0229316114585374,0.6644086722343167,+
5.788677073621916,7.948551072118174,3.016080227572302,6.881429103730979,0.9459103800247048,-
8.250807856932056,10.0,5.756816616782212,10.0,0.9928364861417116,+
7.867960311006469,6.55762784057845,4.417366713195417,4.2856763197360515,8.886398010228056,-
10.0,10.0,6.193970089676212,7.424505174482816,9.133722420874612,+
4.367751838680597,6.4926286689452315,6.693125050290634,6.091933322935869,3.6674926792045826,+
5.463537977831021,10.0,1.000372590099016,10.0,6.8325896819160175,-
9.0696876978473,4.346337310412581,9.228955003273828,6.996412967570993,8.1722779959561,-
5.594596925822946,4.115321871770365,0.10362208750707141,10.0,7.942830996675652,+
8.181348349477082,1.6924055652398162,2.2111657364323745,5.978715097402921,5.244710193094554,+
0.2928668344844504,1.8955179100649517,3.8747941237352967,4.634305257815101,9.740623319774972,-
9.112685906867817,3.01003975600635,8.265454543022052,4.592304739268882,1.4178103088901939,+
10.0,0.16399138259645363,5.501689078120769,1.9428685522941576,2.073456719878675,-
0.4761793459993424,6.772615616640197,0.08038044610722217,1.024189577802428,1.7346968805481788,+
0.16697559211675905,1.2419309560899583,0.060405518170760536,1.144053601858466,1.0947630825678696,-
1.6165432785888123,7.249357708785683,3.5794152956191425,0.100910614656885,8.016493792680535,-
2.7176144355869494,4.375885502945841,3.225910746244958,0.0768738135655892,4.8579459354000765,+
4.269301679578403,3.38373343512142,9.53900767875506,8.649852789522239,2.1396462016455695,+
6.585054892859857,4.1579812122184325,10.0,10.0,3.4043494592886043,-
4.208796406599102,7.273869624480771,6.2324023134479525,0.041789540253586166,4.563760070284521,+
1.7265630498044997,1.6136423670194664,6.2199651233545294,0.0723307686618464,0.7558521351344286,-
6.123147985875002,3.645409056618618,9.584163407154989,6.111337638078881,2.3382870993689164,-
8.461933233483052,0.3205913475355842,10.0,3.0418056404155602,2.6701242951872275,+
6.27207713253564,3.81186638859212,0.8720713025067073,4.112077920237275,4.964136675297823,+
5.310653193680551,3.735170896754424,0.9065550545897483,3.874610987543759,9.556022059680448,-
7.181545510959113,7.5898336506774635,5.364994638406662,4.102215035716289,7.31601632396521,-
9.761034249613477,7.975135469011003,6.7757955697397225,0.8443758528180682,5.733859688941077,+
9.731604707632135,7.618255850793426,9.976081282911899,9.884069253452722,9.327432356282795,+
10.0,10.0,10.0,10.0,7.633412371491065,-
9.96692649300282,8.260295851418915,1.1976882657046894,9.926066561404653,3.112440003449054,+
10.0,5.268231214450965,2.3252724490920023,10.0,4.4198121696143735,-
1.601620163898606,0.7041767133676169,7.875407822261796,1.7845960194486465,9.920300469947597,+
1.1878505885131745,0.8110866126900492,5.430861170652571,2.4603447811214383,5.0415683215504865,-
6.985470536082218,6.510779391201458,2.783062271654575,1.7836048597051446,3.8141072396431897,+
9.249353263763874,10.0,1.9551906719732655,2.866631992973694,5.935632686996639,-
2.5633713177995077,4.283233081934558,9.442680688343588,0.7019705338057047,9.825765734526694,+
0.035482101431675676,1.9996724330384694,10.0,1.2509014620298924,4.8458972508357325,-
6.4110301358048885,2.541976662154312,2.624072837704902,5.901490959378758,9.685057538061624,+
1.1267494559758626,2.300639988688956,1.6699596941353279,0.42901615726265063,1.9715818175764481,-
3.153486578852859,0.9201313870655115,0.6022136982706006,1.1501878445374292,3.6815182879225716,+
4.620400952098431,1.5826017498190266,0.6089258199003672,0.7685636048893973,6.21625824051969,-
1.2664434821730641,4.679187757183963,4.17244192344473,9.14092227080557,3.6591276735036615,+
2.3189592988906447,4.3877110118480145,6.254677756216451,8.195179196016264,5.246950939239985,-
4.916974534696235,1.8617217059898483,5.1878930385644395,6.905662701405673,9.592281410397568,+
8.626833321247602,3.243765189053686,4.30318960017448,8.386106381966668,10.0,-
6.605972292069426,1.147156889435349,6.388983792970126,5.454165728422248,2.2126126946452995,-
10.0,1.7515027197414623,8.12872214129748,6.874297287059071,3.858448548832706,+
5.642680479033468,2.8926637608941954,4.796587926231916,9.460328708810335,7.483024826981498,-
0.8245422465211681,0.1233359165235648,9.191081389618398,10.0,8.037727023793682,+
7.531811373236863,1.0010408852941877,2.1995736493141838,7.525059627476571,5.945943060633537,+
0.08084150095931313,0.78164743233721,3.686204131444372,6.012261918058018,6.263961112383768,-
8.568036753107299,5.222718670070467,2.5752722310453557,1.836308194997246,4.656284569030593,+
10.0,7.829718929026627,4.568061320955778,0.7893824113285411,8.759857786228029,-
5.9876444567496705,9.0715942603555,9.923660763989199,6.272914213361074,4.8698670194471685,-
9.29406458416986,10.0,10.0,9.974720252719042,4.887943186565258,+
5.997051326896283,7.510032994269109,1.1277089941425933,1.5277092104197776,4.871162162056924,+
5.356964043101888,2.749447856127233,0.838166054287107,1.511976452157701,1.5085478516391295,-
2.5177081917724697,0.3682131502754804,6.7155095690185,8.549670853836455,7.92289892978014,+
4.44446251403908,0.3689655588029938,10.0,10.0,10.0,-
6.724074669331433,5.436960323050904,7.2090911459785705,0.4151431040215492,8.019537280052981,+
7.0359971053095265,10.0,10.0,0.04598655636259272,10.0,-
6.9314061255296275,8.500896242664117,9.809141633337902,7.669940606642568,8.947378395786249,+
10.0,10.0,4.941403755588584,2.3128963548652783,0.34052371505028706,-
4.007652537424574,3.5642570267290283,7.428433231758732,0.8174422947951154,3.747174342852527,+
3.0054957479542272,7.045651274365918,10.0,0.10376032688156635,2.207747895010914,-
3.021779661404879,8.73745642032099,6.032454841624796,3.696186189692253,3.0110482024526353,+
4.436425440747658,8.597855640120908,8.101812844101039,4.164113101287215,3.6628761712478974,-
9.817493315639972,6.204805539075187,6.589912063566052,0.4786423197565881,7.498485700053267,-
10.0,10.0,10.0,0.8610804269252355,8.525603830857213,+
0.3622330263921403,6.76369544173431,7.543237819163625,5.097048611515939,4.4386416000376006,-
0.668378882923065,1.9560987205243783,5.9971072790730044,0.45262720996971106,2.3619684701456256,+
2.356434789817742,9.937228887112152,0.15574316924482523,9.57029364108387,0.19423661145284266,+
3.7648895496137893,10.0,0.16586348486818858,8.15968591848008,0.2964660046723758,-
6.807547234553133,4.892599438010646,5.3852730632226535,6.854559181482925,2.8639554462016514,-
2.029950182712459,8.346266360643684,9.019897646246912,10.0,1.5871964641926504,+
0.7254092739372064,9.78169036976831,8.196158308113029,8.836256806756689,7.606723034299931,-
1.4197662718606574,10.0,9.167363069916421,10.0,9.782292699302776,+
5.8261172712811735,7.703771744067555,0.3336553691511357,9.687234313746956,0.7092630233693809,-
10.0,10.0,0.5313220808933355,10.0,0.9412315253546214,+
9.069234194619716,4.767378924730327,3.378920541733504,3.813867694945361,3.1130973130705,+
6.117802664139823,2.9330634878656663,1.6510367463015536,1.2077454173384372,4.513501376505171,-
6.489733100429763,1.8395142176736523,5.096556875140562,8.722136889012834,2.359314286270756,+
5.4372320392641615,1.7567285371948282,2.191372689307673,0.4594108861635225,2.215645179709216,-
8.540098162745164,2.1397987304569224,0.995382740541535,6.26759732570485,1.91435972155928,-
4.455425067648857,2.1299613645125173,0.5574763915691128,0.21102794553662194,2.3429225042153017,+
6.858503042938749,9.465592075468752,9.890622106662967,3.3847045642132345,5.206585891458322,+
2.4347004888496313,10.0,10.0,4.69813059336827,9.754391609153108,-
1.1294279354520997,7.711763286451875,9.476215149120273,0.4513376824180815,0.938775071359923,-
1.7661550704347364,2.9391965891584033,3.2495059902271675,0.3429621216342785,0.13745741141175788,+
8.891433279731611,2.2553274078357113,2.0097653276255425,6.587449338020837,5.169063649268386,+
4.219728776264809,0.2306906737130875,1.7481656797320522,5.069058304350987,1.7895698064711918,-
0.24944820857760508,9.724309320371807,2.5038652499929057,5.216029023518182,0.26640387477185,+
0.33933005110189923,10.0,2.533216939190629,7.021353687073457,0.38165256825218374,-
4.832929309991001,5.836461603865073,7.059274551654292,9.33064747752573,6.2061575039536665,+
0.9681734940956753,2.0758154120266257,1.4172684734577923,10.0,1.396025068807267,-
3.407528144470028,1.0939467431353034,2.560198923034178,4.300356905522404,0.15079062125578302,+
0.8326541962639259,0.637736074904108,2.231683077644124,4.510256576015919,0.11230502775380961,-
3.4773567269495667,7.350168560989259,7.615838483865383,0.04165752826116309,3.0917987252353973,+
1.2898771145727708,10.0,4.972318468454492,0.02737913921528884,4.238047155769041,-
5.515795046024729,4.586331198526401,3.550322838304486,8.308255112343435,4.583137074479468,-
0.5172728527355371,2.2080792141928263,1.6940812942701806,10.0,1.9816723758778807,+
1.6816651701915986,6.847824352102052,5.334992336897741,6.019825848594368,8.193520674504494,+
1.2820924325700214,10.0,10.0,3.2724075413155185,8.748674980916602,-
7.70851978387035,2.3890048015819043,1.0363112168014577,1.3518254991656564,0.9823752706656241,+
10.0,4.044961649601748,1.3407703602490533,2.1130905877828363,1.266241938048541,-
5.56358111715746,3.8694329259418248,3.610874034558582,7.01090850025889,5.706646730961032,+
9.314063763617197,0.10477080631592796,6.825830539451749,9.728718456683383,7.407337338576623,-
7.194698532353012,9.848781071669688,7.959588134882654,1.7133849886201458,5.537071817401879,+
2.5431751130936995,10.0,10.0,0.05988988495058837,1.2235857913478851,-
4.978936478555931,8.102199236784209,1.0857172889202282,8.53143997427187,1.9042264721551105,+
4.527334442167413,3.151353260478572,0.9165124152860155,0.7130538767222867,0.5759715350326851,-
9.402213652439926,8.186060267360684,7.030665994350808,1.138781800466957,5.738002267091895,+
8.447276616547489,3.3493328987449007,1.0829400843671353,0.8491462763830203,0.15182645805011735,-
2.838887981922833,1.4816045336400974,1.7541473867256752,6.934278020263673,1.8189339617310551,+
2.534827894249939,1.3139820725801905,2.940824580241219,10.0,1.3169929967518028,-
5.239318310088175,2.007012584986895,3.074673807259937,8.08352079799524,7.112245911843149,+
8.831919451323333,2.9974159926879347,5.159782188069382,10.0,10.0,-
6.011818770850599,9.084156099431263,6.512907801663459,7.289791675137715,5.131494284639551,+
0.6088223427948497,10.0,0.8511047406648652,2.7903797509390067,3.9434704700753866,-
0.4292900198231897,8.549970359465359,4.142991746928651,1.9953055479413162,7.936796504647953,-
0.19136199833631468,3.5374937619075295,2.123928357668659,3.70851588714181,6.528589967744877,+
2.970612396915496,6.904697329188685,0.40212047980579646,3.6727428716982082,7.633977078520518,+
4.973166233422683,10.0,0.3664264954191711,5.877075677902087,10.0,-
2.1961395044400134,8.829194704150751,9.849021783001206,6.790686560855348,2.041692975606585,+
1.9149115396594736,4.68588631249138,10.0,6.898872814947824,0.9466990757906294,-
9.76596272635705,0.9143422798375467,2.7301381064192087,3.3309307733866236,5.898482478547401,+
10.0,1.0087702066532025,4.974177114463797,4.261935085400807,6.172655519490928,-
9.09974442665273,3.1147230785599844,6.9984657376154,9.312652058063334,5.439732837796835,+
7.444269322344996,4.710012497898163,10.0,10.0,5.876902644366098,-
3.16689971378774,1.347760706842186,7.201056396403232,8.292814115984964,3.4658532630544303,-
0.9139576643115062,2.2745679665930925,0.5232819100914058,1.0848147801730375,2.476434247849251,+
2.7092979997799382,9.978019504038226,7.566036718922469,6.299014873001489,1.2245739589023164,+
0.5617100802285308,6.233891548994869,6.06634660873167,1.3031098849605454,0.7086005873459104,-
3.4008979029160544,3.9795267291304226,8.305868272959843,7.988274100086867,5.815824591951701,-
3.008087236476199,3.851996592263148,10.0,10.0,7.5239502614304135,+
9.13329036724756,3.609509006939813,7.80121420799513,2.0640363633683876,5.502945032921907,+
7.267566535357975,2.7536626711662904,6.153108019157924,0.30722850953997227,3.6520023100253014,-
5.114438909865379,4.304560242326936,8.484457776006375,1.441055530606563,7.7246811719897135,-
9.99110064228437,5.262685965750905,10.0,2.0282175578726394,8.616580147392867,+
6.859725136564783,1.0295448856118705,9.22830839122034,0.7901629234787932,1.396297793098089,-
9.304285085784603,0.8300594759444875,1.0159304327433631,1.3319051506477766,2.6346328502942997,+
9.83490996382973,3.281947822041041,0.45610534304028616,1.962766700211681,5.125389420904516,-
10.0,3.09423159280898,0.4955129894490083,3.023858453551039,2.0989509894303464,+
3.4482481942809216,6.423770684569287,9.29543566674427,0.8542507758183415,2.4449592512173424,-
5.014949213154958,9.897081414355945,10.0,1.1009537188466703,4.455229037249349,+
2.4137045607362717,7.183969449728912,0.17227939523471347,9.60530096146417,1.8198581263299551,-
0.7021631935810296,4.8829861903867755,0.3162980138249237,8.891012840342846,0.48695568045273735,+
6.043229342671745,8.93687935428632,5.641655493097111,8.479735327610035,7.107924493943277,-
1.0230164611103174,4.666474467212474,1.5602390224050533,3.145249657575319,8.7602816610357,+
7.429892126840958,1.9571909133558385,5.130710415568319,7.462810428306269,3.804802927102786,+
2.5957594528002566,1.4473441238855786,3.9061850742666278,7.975668320902051,3.2483460137778066,-
9.804097907703065,7.905932675286776,9.031262494112761,3.1965829978875604,5.604872058307242,+
4.399093835289764,6.365795459066647,4.111282231979355,4.4821398187797925,2.4353162973045586,-
0.8126378178462179,3.859041842370278,8.994702817212051,5.3725539953553785,7.506118947190732,+
0.315842758125212,5.3358900063186905,10.0,6.166889872449777,9.04845538307305,-
5.9769914598203275,1.736709055039799,9.312433170677247,8.616509319923066,5.490328152098039,+
2.0265208249222626,0.6835542597103516,6.536465346635898,9.627847752729211,6.659100537699728,-
0.9166032169600236,3.402908775017437,2.1715347757116277,9.91380824783019,2.556135194569559,+
0.43244898738741017,3.0488886942128404,1.1739057968393396,1.9307449219361628,1.29405118445786,-
2.9117905927719834,2.5371823867033805,4.7135098479113875,1.2515107702428008,5.091704136882229,+
3.731485213607491,2.4041298275882848,2.965111741825276,2.1095050834018703,9.984416561840618,-
1.439601857447892,0.6323662628047988,6.6687069439011735,6.204137873776081,0.9728578001861543,-
0.8481457616981395,0.13954249299772595,0.36837770144049875,0.06678556856662253,1.0132877877301876,+
1.7498653769010386,2.2000842694131606,5.351122840326148,1.6011469280697888,2.624624477964068,-
2.8880124222306636,4.358623491974214,6.202103243778056,1.8418338415034177,4.198593961397999,+
8.54048092540739,7.714229839896286,0.46786646480815874,0.8715388681515457,0.30533362566066424,+
7.627919382986346,9.039562153716162,0.2972939682453923,0.16206709734064526,0.36490340596456944,-
9.484381027602838,3.569465801645233,5.549494706853649,2.0334796399981157,4.084686636787658,+
7.031158171357452,3.212450984349143,1.6972277705191123,1.777636501261971,1.7834050069882408,-
8.53665345642567,2.705814897697941,0.2496644697837569,8.96063409265481,8.697140231526612,+
3.391505489093938,0.8467929321781597,0.14438506859280642,5.192289088542121,0.4651627588761858,-
7.326549811708054,7.427357442748845,4.74356370592922,0.4410636224984843,3.5412205535620966,-
6.2287388232628835,7.869820212323232,4.295379556782434,0.05875114716500022,0.38657603338994456,+
3.687766404811427,8.588853533082503,6.8889641647941176,2.7925551706687246,1.3480796422604402,-
6.5998251809174775,1.053830952077867,2.5696114082865584,1.3543580420079924,1.0945986235758123,+
6.1802811494092325,7.142878046124271,4.669519474663353,5.901848133190901,7.405034475876865,-
10.0,9.60819592019231,1.9802970718280608,9.86019577682628,4.504049448501705,+
0.7111869012224248,3.1467682019561636,2.5864193027077587,2.440409124515732,1.9651005425129686,+
1.1481171200974996,3.851180228963306,4.830543009520762,3.1481106791622064,2.7112948445133105,-
4.030092379777763,5.262646255324831,4.643764745595945,9.444519980982285,0.5632549691263311,+
5.116872465623515,2.5766514021819646,4.949971690148552,10.0,0.21973146718943962,-
0.1533401281138047,8.563205617358982,4.539975200643331,5.838896676979086,2.9993975052077104,+
0.24609990993267986,10.0,5.519939715756539,7.118813022536313,4.104676369164578,-
1.1345304942438283,2.8608034889158898,9.284502915848076,0.31892413323491575,1.7751960717331106,+
0.37377612578792385,5.6837477094679665,10.0,0.3002653938621732,3.3008668092038724,-
6.919526555693435,7.0342021351413155,5.631789195000448,2.4400498552296956,1.853370168422902,+
5.902020823017324,3.63785202315626,0.9569760106094591,2.4189344671494846,0.8951094207689021,-
7.359826612510453,7.399842909269064,1.6560330765129527,7.496686696839654,0.32008472316337855,+
2.48355490671351,2.128654679182264,0.27715346322058965,0.5681072337527766,0.1528629897138137,-
9.932009075540808,9.07847734258172,8.789382168424789,6.266439841426349,8.666119325556535,+
10.0,10.0,10.0,10.0,10.0,-
4.137648272650215,9.779013401444844,1.9481331891542453,4.925572661884562,9.912157839440441,-
6.661827093857538,10.0,3.0868579593942354,5.75594696526405,10.0,+
8.20142246505648,7.079154152932976,8.592418963582839,2.8564778847343755,2.761635852160466,-
10.0,9.396499494147136,10.0,4.847148911384648,2.8367728522855358,+
1.3580708047304246,0.3511091758009366,1.9912338048276301,5.1253270476338395,2.9977042674504126,+
2.376367900093257,0.2108476565610194,0.5199716436695301,1.0144212726333406,1.1495967261108297,-
1.0664500000510424,7.233432104320581,5.708859373097081,9.884662382996805,5.6388458118486735,+
0.5887702690235561,10.0,9.868717446454536,10.0,8.130575347517377,-
6.617840060252974,3.3625211456519652,3.2413423274577946,0.7500326927077783,8.860810466039588,+
10.0,5.662128270277105,6.019120653579108,1.3780841108997832,10.0,-
5.008867926537954,3.0093691124567323,8.873978610732248,7.874735041492393,2.290852789359449,+
1.591575781979198,4.783350998143731,10.0,10.0,0.3906828663787272,-
1.4389970235814054,9.286160082717267,7.82318916776226,5.569461425204718,6.5234087117268995,+
1.6667584944856169,10.0,10.0,9.13581046173102,9.843153877314007,-
0.9262726225131801,4.5172489593651735,6.43705719676579,7.850050159784296,5.436677181714645,+
1.7510021014824702,8.725267785818426,9.319961498330402,1.1055558798220764,8.655306132661744,-
2.7634951535788166,1.8681317938828745,9.689742968278788,4.743802202261299,9.539397366999085,+
2.5411776473083205,2.7090046644559784,1.9552997472121572,0.2977331670002258,10.0,-
2.133936665222836,3.6452254350226188,9.272684721545557,5.405160275486515,7.034517595415438,+
2.7544660264093106,3.713561755757002,10.0,7.973248895172668,9.492460427028405,-
8.304425787159689,6.535395589215439,7.126167414074485,2.8924513758210724,9.058040509433397,+
1.9164146062456826,10.0,10.0,1.4394928392564168,1.7170992753487104,-
7.922114447292207,0.25002556576078416,4.619092945372653,3.8360880494319014,1.1732713325253097,+
10.0,0.44094380393653576,2.8671626695753822,4.016720350475063,2.1203341839250607,-
7.09477234558271,2.2386749403298998,0.433941837610361,7.634062350968592,3.2860800633725242,+
6.148176667802557,0.6233602966503364,0.7682937196032072,7.770486527902264,0.08305266833303383,-
4.599073689271479,9.564418035365014,7.271259573139507,8.903712803444368,8.817629743428332,-
2.10997841099655,10.0,1.9378970234839907,4.439049811584479,6.146376980003761,+
9.28950339616858,9.148192782755284,1.1822526030585079,6.560595255490014,5.182030231406015,-
10.0,10.0,1.8325117314750228,1.4260853775446216,3.4463425338900535,+
9.881541163197715,6.886532092189005,1.2933291776261768,9.055869310373405,5.423461172528501,+
0.8756478940041749,10.0,1.497713979471358,10.0,10.0,-
5.422873929044989,2.276457988379904,2.0752812257203592,8.00782331457735,5.1569424657621585,-
2.276381107273588,1.4446001338614392,0.22011166253305678,10.0,3.0938188126139043,+
2.5465803437007253,6.012189264249157,7.569598917212932,1.5747014091205136,1.7623208025537862,-
3.3807309780317563,10.0,10.0,1.7537837198631514,3.2108156040368114,+
8.020001987505884,5.9529969970992305,6.23142669635521,9.366145960631215,7.800959941392267,-
10.0,8.743983343115667,8.312250895214525,10.0,9.344896353014937,+
8.480844187483859,3.2199767960077095,5.7250672576940165,8.468145830483088,6.2864481643233,-
8.65473950645572,4.376733764734565,4.519596906812151,10.0,1.8002073353251669,+
7.373764218091202,5.9374716492767945,3.9299956403965854,7.498585169954403,2.1311009361118183,-
10.0,1.3474466662082978,0.798472927691479,4.456946376602153,0.8909477246682413,+
5.255191842419103,3.093981902389774,6.994190689067253,7.8803235593465075,9.779177223115278,+
0.04115660613322357,2.9654454859092105,0.19153864776771537,3.2422045352222693,4.257907150555883,-
9.172978731052014,1.7115953120008354,7.630731549342473,2.995165358061984,9.448753383173727,-
1.7655786781616214,0.2228784691366334,5.8931707998309975,0.040770940597772275,10.0,+
1.5457021903407642,2.5295816211807343,6.815544061335695,2.8552510993018734,5.095697760747307,+
0.45840841010704625,3.791583342385311,10.0,0.8787954790161981,3.2555092289971377,-
6.7179411560036675,4.459227658287465,6.675756787271436,8.142744553043988,2.123187232231759,-
10.0,3.5135844936500313,10.0,10.0,0.7760955241906362,+
0.7520726560381374,4.160833708935473,0.04299162654247679,8.24976018067593,3.855835866428665,-
0.8079806057798272,4.4141106771931256,0.049611830908597464,10.0,5.024385676991976,+
3.758944717591172,7.13426331350015,8.085478565282191,1.768765013938367,3.0378340175167287,-
4.593760461581583,6.450203252927438,1.112766773998775,0.056953720040408315,2.6093240755371987,+
0.6007239386166974,7.763759101032108,0.6841674994771418,7.938024863013133,6.753483348079455,+
0.5877779073512093,10.0,0.27732326698679155,10.0,5.261150094713221,-
5.276692947616493,7.2282018047678545,2.0329642663852567,8.86768360832551,1.9603313091019614,+
4.954557346478127,8.407919880787556,3.4072626058014417,10.0,0.2953008896436093,-
7.396640878622483,0.3024897191588327,6.2008843705322905,7.955737819090305,5.458052695363426,-
6.409767191848215,0.07997951144413996,6.17613820948416,10.0,3.827249153334579,+
7.289245485206756,6.190716036548132,1.7263382138519634,9.964034890940104,5.201846550128125,-
10.0,6.553620694769512,1.961400969269351,10.0,6.092666035749972,+
5.36199357169237,1.1577859592462092,4.749284736169517,2.6272631895947987,5.647210209439829,+
0.8359471610946579,2.09870112512485,2.4813971596840942,2.8677417053084793,3.239513808869485,-
2.0910875058017298,6.00999966052116,6.280874144506726,3.4159297733847573,9.485848476513112,+
1.19241372702478,4.708504862943486,4.55807092507241,2.807068585088597,5.183171626258635,-
6.723034242907621,1.3069298652497219,9.227616085952038,9.684467902694923,8.93189493502381,-
6.530935029818333,2.053821470898772,10.0,10.0,2.2328843240170246,+
4.860463093566293,4.380579600579497,2.67553156095532,6.528636875684316,9.844140777798003,-
5.821813637723635,5.7709558318008645,4.810472474569481,10.0,10.0,+
1.9561788864880991,9.780898336271749,2.5524384522434582,9.085754318738456,9.633322368244205,-
3.3929740688279586,6.599110751504454,0.46291456524890295,10.0,10.0,+
2.552341444176908,0.4727937171338359,7.599376305017419,3.312094274367726,8.079255108210448,-
0.00926916335378903,0.5733504767353037,3.024310074642864,2.02654406608335,4.1478856314782675,+
4.280024354181984,1.3941113990735587,2.9110408417512765,2.530283220959907,7.375789874129919,+
8.088365638652215,0.02549646984040119,0.2602413626918577,4.516231892431113,3.204604080189862,-
4.000560551606425,0.7834590740083547,4.460036953982182,2.7425392393040515,4.835822069213599,+
5.742736329434213,0.3220602407019396,0.5555353510082786,5.331866842272468,4.122889727166797,-
2.7731561709870443,2.3709831430461525,5.568524155069504,5.467045799942286,1.5687688978356118,+
0.00216860224808691,2.3026018218725905,10.0,3.6051313742719673,1.2206663856157223,-
8.232732973292768,3.393457558367311,9.937413328726453,1.68818482522056,2.894818662799831,+
10.0,0.3427666126932875,5.424337258890511,2.6285215279083984,2.1065384817746162,-
0.4281290406770688,4.534703053636804,2.4471102766005783,4.460387806367374,0.48753657658358485,+
0.21508600447968534,1.2509925213144195,0.5654121775180996,3.5620287205291516,0.145518788200134,-
5.686243702814146,2.589059622073815,6.872620725691614,1.5106799925809755,6.668737691806484,+
3.9172590147199022,0.670044038894271,4.477639830333928,1.5299885684545378,0.006747260051851493,-
5.91518733135967,9.328556622714492,4.865567384890683,1.7035475769191277,6.308803688733359,-
7.303673629374122,8.206842827875944,1.6340866120152922,1.016573404510818,1.9447593819232674,+
3.3407506568645875,9.324701996493548,3.1556891953101704,1.1489819917826827,2.30190444994526,+
1.3496418163023576,7.809412408871241,1.3981925965693744,0.6086605653642574,2.145022200976132,-
6.060296569881263,2.8692230549069206,0.7195028680063487,7.3760826359174105,1.4693277953610295,-
10.0,4.730669140346257,1.3717149307788394,7.486947813967763,1.6262253067551546,+
5.3885178796107835,1.3578751316996618,2.4589822477617695,9.434378070216097,0.1899791880849444,+
1.4561269298067832,1.6349874507288782,4.187061463854069,5.262604438702806,0.020615204061111628,-
5.4567119657007765,3.5271746358668787,7.487150731311409,5.246842206984566,9.1462170431863,+
3.600404763760222,2.3157648111311255,10.0,3.6202499361032836,1.4970991950021937,-
0.608165277486078,8.094014980003944,8.779656955812754,5.834202891909119,9.608802625220243,+
0.1370929231279775,6.6028069679488475,3.499264872534904,5.073015744624233,7.918713478223449,-
4.074090067868048,0.19554591257360032,1.9305522521250107,6.000473564262622,3.604520404055156,+
2.4498794717515717,0.15894853055346486,1.6465805981198827,0.8824663620949804,3.312052839739737,-
0.17823219999035467,4.710467363453626,8.860305725077215,8.383673887399917,9.00963955588008,+
0.11183991961819997,4.318268595043881,7.986052807351026,0.7187366146167631,0.34369257670545433,-
1.414971281007933,2.1563742387342466,1.113637387195986,8.88619895924361,7.265000133432621,+
0.6793761752402515,0.4965752134897965,0.827067663970311,8.430395118721185,1.1096001232985033,-
2.0508347322498044,2.9944539475144714,4.189688336161664,0.8124942824386627,2.4160343584287123,-
3.0354412276104092,3.8998936317722954,3.1854196164424007,0.15550121267011663,3.62235442305038,+
9.862599540324888,5.928096514038024,2.3884214376784496,7.521920083448536,4.369761890550833,+
10.0,1.922234731994284,3.8182032801259056,4.575564213894972,4.190701943177218,-
7.295950764660672,6.311527507815446,1.7455548403539967,3.8562007782936005,2.4691699853111446,+
7.394315924622632,7.734019950699497,3.349411618720988,6.244417132562548,3.076095264930974,-
9.625185626646749,0.46682761237679116,9.27277927094995,3.7993859720679524,8.741126237993823,+
10.0,0.6868160255321105,8.302608588764015,4.018466447810232,6.887581800379674,-
9.263600591972105,5.889476157506747,3.4507280917530467,0.3035856600069764,7.848371731444458,+
10.0,10.0,6.64977378355335,0.3356073675093273,9.955856930124847,-
5.254839485210823,0.5610539475846377,9.54736072343368,1.42475264780638,0.926549900383612,-
3.9484571983443733,0.2648609200231445,3.3311697581779014,2.225457018282069,0.6301275693597647,+
0.41018552703378175,9.080836123853208,0.4533780168002244,5.352345504752691,8.707868276446648,-
0.799405272074965,10.0,0.8816308430717447,7.225654308579581,10.0,+
9.485808788942707,6.31937169410395,6.010321436771728,5.1472634326981535,0.11636340385068777,+
10.0,10.0,8.394379180559604,2.5478941019020844,0.20970542901994418,-
3.5825099817051873,9.518325734208805,2.02857646810593,6.640222745254102,3.802383907076592,+
5.17671457268015,10.0,1.1826022497750772,10.0,7.556779257238656,-
2.811200095235665,7.02246684924018,1.339093135686692,7.110910019069786,9.564479658126185,-
0.2703539778829105,10.0,1.7598223302849958,4.460565252869631,10.0,+
6.8153742404285715,1.2687836454666457,4.46822201897359,1.5158724807431012,7.542986250075737,-
10.0,0.8492478549954083,5.5673273730902215,2.188863737892772,4.319005500383374,+
5.426860595319022,2.3620210787866203,6.569509160074032,9.376863456723491,4.806488924185837,-
6.12520413413151,3.5311704778606106,9.387414474931001,10.0,9.203552690212266,+
0.8033842751653897,5.467390253442509,2.159912981867438,1.9597273901763435,0.5573645412653649,+
0.6654209808452629,3.2467205982269554,4.295347699675844,1.024841845667961,0.16206592695435942,-
9.207796802582646,4.675913839514405,1.8101623287752433,1.0612020676427392,6.703969723276915,-
4.268324588538028,8.745735670770738,0.8230386556170501,0.20563088497602125,4.197694271204604,+
3.480809386093803,0.6340362294707191,7.76118703144178,3.86322220707217,5.8488463422199,+
0.9439191998682939,0.22847760630136224,8.407691549888835,1.520019344037213,9.324036375333181,-
5.492544967960812,6.888319868412523,9.900810948458691,4.145275352446957,7.8477459880148315,+
10.0,4.436147192035873,3.569259526988058,2.8170089792758515,10.0,-
1.8167100484243048,2.5098139563959654,0.19407962084398211,8.307526653876442,8.073511703605105,+
2.8471550708321733,2.715022567733031,0.07751871915619597,4.008322380318226,4.305730694930317,-
7.671494813271693,8.162997766784315,1.5375895661276362,8.00377350961859,8.080402433543677,+
5.201958216177123,2.2750686958289514,1.4084935343783194,10.0,10.0,-
1.0826043670010077,9.981817882082172,2.687170811574977,4.854617125458754,2.7849246195093946,-
0.9108494689656977,10.0,1.9800895043815043,4.395728968100804,1.7482341252702722,+
9.9293014553709,5.987607924818531,3.157894839243901,1.1074987192240948,9.697418197995871,+
0.2560635060103477,7.589842943832484,3.204081082673135,0.1994281191537516,7.636090762749535,-
3.9633319219668306,3.2890313627168744,3.804671092970878,6.803274864048445,6.803390405162617,+
7.893709359555789,3.6352128184828905,5.24553422994378,9.769638350529016,10.0,-
1.023239007089346,6.5069428222324035,6.544613567926585,7.19619027426599,5.697246779480832,+
1.3055453896505138,10.0,7.424283614006003,10.0,3.8987660971429303,-
9.035072635504076,5.8880002295043585,3.270086147140593,3.662243020613818,0.1352596651042015,-
9.972825805878577,8.762544883344411,4.735925004014815,5.645470189547089,0.24970732554533984,+
0.9930546959906816,7.704624051929399,0.5291841731323899,5.0292415457976745,5.411913598999546,-
0.4867368709065276,1.6874069931763283,0.6522729954667815,0.28316916419015103,3.0133320964935164,+
1.7644724470440354,2.200688209033832,1.3694325657145257,6.849795003389244,7.879117795280935,+
3.478009040371013,2.423712929789196,2.5303479493203462,7.607844636202123,0.01391459657025572,-
5.329957242666865,1.0866902281022195,0.392894286114549,0.5851966910633755,8.066616590528415,-
6.048088766984527,1.0595349079331235,0.023513071629235636,0.6800417231138168,10.0,+
4.9062792368437975,6.219228083817915,4.265151410205942,9.469697540220547,7.515968307883741,-
9.221188727737848,6.2421539388108345,6.202127076005622,10.0,10.0,+
3.000229579289292,8.187759974288483,0.1739656626276298,3.020890844775633,7.7404521186262905,+
4.032734938078081,7.056429674807589,0.13858332958981337,3.1908851313845608,8.378868366960099,-
0.3327996896639518,3.44257119563114,7.4349155007165315,0.9400357240950319,7.433543618006247,-
0.594226583392404,0.7752920413978593,3.3950731556699663,1.8416381059030722,10.0,+
3.0126872730610934,2.2229487456928543,5.282344326490142,9.980069334446734,7.3299547507147365,+
5.2864257521796745,1.5288553781918444,4.493661614957677,3.972858356483946,4.874796331141819,-
0.5949623376648017,8.544793772981164,5.093293322164381,7.4421895741981885,6.608153295930475,+
0.08028655127792504,10.0,0.8490992155903151,3.634750675358152,10.0,-
2.752136422697684,9.564686395783163,5.038032565724419,4.402555167146062,9.297323875725306,-
2.7612484898554572,10.0,9.706070526148476,4.6654362657610005,10.0,+
7.109944528537158,9.950416940067123,4.922573530910577,0.21404750893448066,9.4503495279802,+
4.724279217358425,10.0,5.418580736277643,0.3430875580499229,10.0,-
3.7554292906442432,3.3807280742637458,5.496935259060568,3.6458199768855772,2.30243295372611,+
2.7575087534630662,3.3643363700983357,4.295722102249539,2.3953307628046643,1.613430783724492,-
2.290670505857535,5.45208712210263,8.580718233829634,7.209287321843182,0.8746705822846901,+
2.461507378340733,7.196775281809011,10.0,10.0,1.5785148986463413,-
1.0274501450405826,0.3171575929724535,5.945103057018155,2.998786612463636,3.004731675490191,-
1.0920699690034117,0.2034821199911464,9.761077015657994,4.424714615182625,2.5362016404364005,+
9.406163353792081,9.926326505180366,1.1153978785775054,5.655018732718418,8.743745662911618,+
10.0,10.0,1.4406175987834802,1.8349977637162307,10.0,-
7.9071316861443695,2.3637604134357595,0.9693301309279378,2.6441297929525307,1.008089698368666,+
10.0,3.8762651676772677,1.0629142240973328,4.195834536810328,1.6246482627200285,-
9.86012704196607,4.2942451113611115,1.2197946976532437,6.096931260285906,4.176148622564066,+
5.825764778196051,0.38391007867654625,0.09751685095856882,0.3405155682785887,1.9939133725852611,-
0.04172129598107421,5.608123879996045,5.769405983137918,8.57539321005954,8.544316980272018,+
0.02109458765802641,3.2148283461431095,3.849175787513177,1.9195145415541903,8.04565304125228,-
6.525377677213623,1.5644370064619206,1.2925531290739334,7.81433421132487,6.727682687482578,-
7.3651187535464295,2.594830724109139,1.7450059073666782,10.0,10.0,+
9.083246587901058,1.8998359417917299,6.577469762031408,3.765521743584065,5.968926715928376,+
0.22206664079661173,0.4965313771018273,10.0,2.9535364893873983,7.0313104370484245,-
8.176648759440276,6.42696914570541,7.1146359433418365,8.672398576250618,6.16416023268564,+
6.945570133312952,10.0,10.0,10.0,8.790258018274681,-
7.147497765995759,6.69817880845955,6.685262455531885,2.7830392773535695,6.193444129702513,+
3.933380883835581,3.324155076698097,4.619570016122441,0.41300098470810753,1.081881518390901,-
6.088495715451919,4.968643133686088,0.8150926842447104,6.7489419601236715,6.564995022954243,-
10.0,1.1122706778894142,0.088927331281528,4.020245894784941,1.6102414156035172,+
8.567318466827142,4.17364475501641,6.329405869890339,8.590746195994587,4.120934636206693,-
10.0,4.712773598915707,8.017328784998087,9.21138617495986,6.721245770662081,+
8.723565613744475,8.299536854829242,6.582829126139327,5.9464406183684755,9.031660091393368,-
1.1265450645872888,3.9767820357324286,10.0,2.011416029079085,0.1144633826703357,+
8.114480562133547,2.3180084754441355,1.7126405884295504,2.405704788403064,0.3276246657340287,-
10.0,2.1686530555138197,1.1811081651476263,3.714322727836693,0.48278684986334225,+
3.6212937225992627,5.708608305523198,5.284833694497383,6.084889256069287,4.574394349304878,-
3.2429496653227856,0.6638114882627753,7.441267375080599,1.8239189593453418,0.31819012984242157,+
6.2167050797035,1.4885361106237083,1.2305537157471835,1.8357587470046566,5.114895945359979,+
8.663493070351407,0.6157060123068313,2.450611302114613,3.43171712855067,8.255009661565733,-
8.215783869458498,2.242577110435018,4.642855027949001,6.31538356702778,2.1363093842857372,+
3.2339522447749713,3.1928968021858006,7.039656257469293,6.0155986775865165,1.0002447911558672,-
2.447870191828301,6.985832378202844,1.3758288489030313,9.974839886641412,1.1918865265522227,+
1.5955500578700825,3.591312229822328,1.042868841399019,3.6464907370684725,0.7769831604845135,-
3.386847253083891,4.937348809110327,7.908149245271082,7.020030184602114,9.459610951622606,+
2.639089317917424,7.842235530681373,5.005482522454566,5.73517152707657,10.0,-
3.355217355537037,7.021354320810654,2.2636637745264654,6.470521012393218,1.0126386667225717,+
6.5262736779068184,0.8106405980830053,1.092497395362156,10.0,0.519030914290476,-
8.477773849046585,9.816539040264718,6.991435728975194,6.924252250025713,4.091332692248022,-
10.0,7.576839104493052,8.905565674125878,3.4134372331222718,8.027874697946743,+
8.739841925996,3.412731980895005,0.809162198674388,5.7058072884220925,3.844078528245174,+
4.08531104938462,2.933721612049501,0.2817859652278299,6.851594675166068,1.6812057842221755,-
4.324059430905103,9.080587987174736,5.318363256858856,5.173975512912474,0.27592841444507465,+
0.30514926139468723,10.0,2.9992374899581034,2.749595161258402,0.40834092103405945,-
9.75088103435038,2.3585744300827405,0.4791393721919335,5.10612914900193,7.711370064412674,-
10.0,4.491953102438518,0.7814267326910805,3.4138197828585892,0.2714477825061124,+
7.6549310001681565,3.5274858402282714,9.203427852998328,4.712374577566516,3.674905418711041,+
7.040825832680577,0.2789851423221131,5.0182954395934445,4.614192386816946,0.255279895814301,-
0.40146624081975557,1.822322519882843,7.024566662014316,1.653789194439832,4.9535825193993785,-
0.38643262717076965,0.45481004080386345,6.839868450800244,3.1450592549447647,0.7705597043380057,+
0.9558968508351673,8.174490487991184,8.16992340896132,9.481403701234168,3.933267670710473,+
1.3554640491066166,8.161793519457843,6.501103272959847,8.003364035823934,2.892377339625101,-
5.925809505117318,4.759628369164416,6.466710303044013,4.822225974351543,8.815269097703771,+
6.995549031349827,8.436839570307306,0.3256049405611176,9.1414971143634,10.0,-
0.6635471144556226,1.9298481964046432,8.624224019170368,5.692245425411199,7.295944241748927,+
1.116817028284706,3.134033636614049,2.6724569948690866,8.373112978783894,9.149098765477234,-
3.361690416248223,1.1330645061647227,9.308866299492193,9.472993009191452,5.095676036850854,-
4.4012453277045,1.994678363047443,5.4388005460005315,7.569060318175333,9.812777840554348,+
7.46107872286049,3.210980111588013,7.060157735177705,6.097550047460017,8.447039473932657,+
5.426304911560488,3.1572797714839216,10.0,3.2247514017027252,10.0,-
7.966015970381173,7.576806252504897,6.247763136422918,7.572637109606834,3.7204699355483086,+
9.443163148414063,6.580770166504105,10.0,10.0,7.21084230604724,-
9.047959758478163,4.190089318427947,1.6968009820522179,0.5182662589464782,8.05424783668048,+
10.0,0.03646525688263496,0.7326939661110535,0.7877779479692346,2.4877684155270643,-
0.5722410364094732,8.623373345951878,5.506068956268317,7.887239918631655,9.533674999647303,-
0.1280235178591797,2.5268274901265064,9.714804272948486,10.0,9.78217660328067,+
9.128456971459148,1.8577320012938758,9.099858739974346,0.8304603307151592,0.7845180455951661,+
6.169631460377834,2.2655701950939617,10.0,0.7039831552104103,0.063512442063534,-
9.957004324817987,1.0033519508291178,7.385753377561875,3.6291900289860313,9.234312363558816,+
5.082942097179241,0.45455254675895146,9.190467187136194,1.683167389580286,7.324327785047754,-
2.351228820146627,7.98185763427356,2.3426666508055174,8.859546842263684,3.6588751650663043,+
2.2775812725350493,2.551681325542636,1.4544894703009326,7.413865482562949,2.539378702129609,-
9.652527289920817,6.737768965683957,3.140902709734006,5.173235620211964,8.666007116408208,+
8.143744596103161,9.042224908160652,1.4550452970326857,6.114248389186539,4.4140278034617815,-
9.235167592363634,2.638264556883146,1.9271917950901896,2.2337379818389724,4.403859848353529,+
10.0,4.093124602669982,3.288684816725055,2.275782737848569,8.676661102623315,-
3.2127617422200094,3.9520993225827503,1.7943250833740332,8.848025701859475,6.731848126946697,+
2.8051739369148847,7.687555642487828,3.1396146075770224,10.0,7.999647269126407,-
3.058634337518056,8.438757369501724,7.92673352735971,8.951036408360812,5.284338461209799,+
2.01325282161985,10.0,10.0,10.0,6.797529136388196,-
0.7598480977944644,1.1606388468213602,1.6259065748233403,6.442156778827841,2.9405498270987165,+
1.4086942796298798,0.28025838148981636,1.000542610556904,6.88062634845334,2.583037793468352,-
6.42255490576898,4.673668381694319,7.298077387899702,6.659431975806157,3.20304004038357,-
5.438609064277791,9.120465999288404,2.5965098499719583,6.342893208905147,2.900938146502838,+
5.027809513725694,0.19078530584633047,3.0757313945416174,0.7064044976063932,1.8069132647445718,+
7.850422736142491,0.15926530046988716,3.9285167248544037,1.2080199787905628,2.1636191343933824,-
1.480489580127352,1.0818444280510087,9.196178577026362,1.3693251147402652,8.415648144519658,+
0.12472232261186071,0.20470574509682785,10.0,1.308385773386537,3.0346148875439396,-
3.797117458641176,6.170461224717539,2.803684979112643,2.4280981444442427,5.6075478746131155,+
5.14337414319885,9.401819230354874,0.11549278882024096,4.842508312204106,10.0,-
9.469956193774912,5.001105622244993,0.7743684538750839,0.6181759225214134,6.774215809443548,+
10.0,8.636960829230377,1.5380052357488985,0.6567067029166584,10.0,-
0.6322233229511265,5.488374313441584,4.869235449419782,9.806814938359555,7.715752194186529,+
0.2988173458948454,0.7586616110361784,0.3970748075743598,4.438232596236063,3.4064610174001038,-
6.664365936006816,8.993235249462009,4.256709335545812,9.533874612954458,3.596885509864337,+
3.219778039951428,5.95133743137236,1.235741901200513,8.45514663771838,1.60591316160304,-
9.656364896807151,6.573301473249539,0.5321082043790115,9.578656276635883,3.7355776780999927,+
0.7486806239158487,9.733979372348873,0.3117350828764482,0.11269020086213215,2.0338459900832384,-
8.148316867180881,2.065129066706939,4.564785585377562,7.240098552115764,0.893772482018248,+
8.494472205064431,1.3206597279732957,8.094482353583569,10.0,0.913862365261558,-
7.00961076889206,4.567491360759077,5.502366129683683,4.899010970774499,1.588042653908297,-
10.0,6.19920080891711,9.80600829082416,9.104871187215204,1.649964815861944,+
5.98978005854704,2.7150720350982893,2.0054516761637142,2.051262878753425,0.8005063152581804,+
9.76152154138093,5.415138030998529,2.3087148057632136,3.1571755498181697,1.453803675975731,-
5.027969033312837,6.504232961312297,6.134257862700253,4.816144127516169,1.3440487459278394,+
1.5127350113938187,10.0,1.8737884572672308,0.10724924368170344,2.4435110043742756,-
3.6611387753364344,0.10723104493928326,6.268526896142433,0.953976692131997,8.455981881225924,+
0.10440748477296173,0.058182921524640246,8.422470609466831,1.8442170014643688,3.621731497796744,-
0.579499909211717,9.580625234303897,9.520328180893276,8.104683363091413,3.724415668099846,+
0.10785547467818088,10.0,8.381158026022382,1.82628643663607,5.249352452297648,-
2.1720275665969346,8.561005487973704,6.058264491994578,6.730539648266904,5.30658924751425,+
3.1465004112255386,6.988429453708593,10.0,6.165934643028353,1.0282959118125232,-
4.744471435620877,3.967730887525099,4.170190346183333,2.7686287178519784,6.869091843305647,-
9.448413567498646,0.6661940233929247,4.299581634470222,3.933806874144757,1.5090177077329947,+
1.7426664775037493,3.6603583214652566,3.9710685697005053,9.42702132947727,9.27487047833788,+
1.2408735747091189,6.498062333657171,1.6556931772979067,3.945692550353193,7.112238738252008,-
4.958619556405096,5.743624545432226,2.2841726125452144,0.13267828992301056,6.969255108470963,-
9.520937371369607,10.0,3.1479476653813627,0.20062268593405547,10.0,+
2.642826179092549,2.5101084390166726,0.7240684067498149,1.746001699546611,8.320696521907538,+
4.813487373379847,2.7902219793133853,0.7340408178598904,1.1897921926721964,8.92259784220178,-
2.446361828972776,2.1592933809094514,7.309032891400858,2.741104444051279,7.507460268757403,+
2.235198865144208,0.3969282332146286,9.772985763296143,1.7383765463203198,10.0,-
8.466410439771956,1.8226130932784368,8.504090747924623,3.8324978127963814,3.390182174083879,+
9.892804129375406,0.8127886959328106,3.543473805189565,0.11624284464998229,6.32991498884341,-
6.9994239851107585,8.865065581355648,3.6887415006149737,5.712904728457846,6.440885822079341,-
2.21068151522185,0.5789985385407702,6.43935414356325,4.144100159282961,5.124252925657954,+
8.498328569559218,9.103332568792018,1.7948372092427511,2.4615148755555305,9.765791865141564,-
0.8092998312847884,8.962474948762331,0.5568795816793162,4.903238653782314,8.048861212551518,+
6.648618431307934,7.418061133773927,2.9025476338250544,2.8284937766102844,8.419468306704797,+
2.1886704488202686,1.324706150651918,0.9359114220744759,2.7639965441767362,0.02226592823783568,-
2.4122322578818145,8.874617075888239,6.011720474385067,5.731130298027406,6.217375169044116,+
0.6180835495725299,0.3360710726911548,10.0,10.0,9.443118439570075,-
1.8416033260385578,2.99017242390198,7.846055049997773,6.8585497705210505,0.14383494948824627,+
3.0281652439504807,2.691165316667432,0.2918558364206112,5.6417055349025285,0.09354021802513961,-
9.292056385107934,3.8384311245143152,0.21463085152812256,1.8487858303209947,2.956782969509378,+
10.0,5.36498788324085,0.014166339676577844,1.9446670793819976,1.5093253453156983,-
7.793393863088928,0.11810504086375406,1.9027649399546287,7.5353222305484655,1.2487904470793476,-
10.0,0.1821513029764948,2.0634318534710894,10.0,1.4938922417867224,+
1.153204752349427,9.241130593929718,9.287792922442975,1.5065763362804163,6.408249154938456,-
1.0658137273838895,7.504379917879193,10.0,0.881412427939062,4.245362345048431,+
1.1322036073247321,3.1586189460585077,5.490148236430724,4.877939042392421,5.397432922715097,+
1.835759088034938,5.149192792800468,9.652624394287278,8.776489319061337,6.219379840914779,-
8.716908611891318,7.321710279241264,5.461727828780605,4.1615006933379135,2.425395243254801,+
10.0,2.2880592459132414,6.082351039018439,6.5936513617581385,4.723476813804447,-
5.573414374994937,6.036890228082222,0.8641984402861369,8.743928447502599,6.093595884085494,+
3.53667541273231,2.594259868254875,0.40197561089725337,8.58161906648687,9.740821143616621,-
3.148926122340443,4.917845582375234,2.0706502036362897,1.9226332674644642,0.16856981810727367,-
2.367909391167214,2.771458645554471,2.3788573983580377,0.29641999351968074,0.07579389980013676,+
4.753875766987152,0.9142560421296664,1.769182149221743,3.078419540538416,7.128780572763194,+
8.76700406540077,1.5847396858750802,0.07346290090982245,5.585730163659186,10.0,-
1.5589840843945868,2.3914406269671398,5.751455995020932,5.505936700291913,2.607747445146252,+
1.0105218798320554,0.638571572177528,0.21274107823617935,0.4882502136891777,1.4011511092655071,-
3.2808484020666864,1.5255078767889418,2.293203758685948,3.425402346440892,1.4523308809243785,-
3.522594085523198,2.27134763370841,2.759513747348988,5.186211174659578,2.2635560495930167,+
1.7682928339674264,5.191452529044939,4.635548476478081,5.987847316986681,4.274390713748941,+
1.7952430382689488,8.893830862676403,4.313695378847009,0.2708582255636111,5.799594641436381,-
6.69255585631449,0.24517957561002723,2.8659065934621895,8.777175836362126,0.8284877887716857,-
10.0,0.30399272345224737,4.518226445651035,10.0,1.223801568729126,+
2.9210253676602473,2.801191605851363,9.630219880845974,4.640642329742491,7.789821923881341,+
2.7770749456648613,5.105648072720794,9.602475135425033,0.4628510954945583,10.0,-
0.526953632178474,4.43653449545773,8.571785538369651,2.4143697772486816,5.781049572897955,+
0.35813198032834903,3.9611017575761935,10.0,1.5620657864946104,7.478405910021188,-
5.284727777648949,2.113090121799095,9.710894761504813,4.148307097039588,6.683019205793973,-
1.0605196563146444,2.5665680773601016,10.0,4.922214588383906,4.109122730047746,+
1.9934261004684195,6.301121646530322,3.46141122089088,1.4934461683859979,6.0529353457435855,-
3.8484097256849923,5.443240709516106,2.005736114642574,2.2285538992093565,8.897707662903509,+
5.6412543403884285,6.626854722599479,0.13058509749062086,8.352058020798768,9.183067276076125,+
2.5389495841065566,4.90347185287692,0.013128050033205383,10.0,10.0,-
2.0957614560125224,1.1076878064553008,4.63357388438167,4.892515178903567,7.196835400655893,+
1.8780769621951234,0.04129030705586363,4.013328233505804,1.532164888104339,5.537567156168146,-
9.77214503618834,3.557806283254634,9.880297256296346,6.47603175482887,7.762547780160518,+
10.0,2.263242138810336,10.0,2.0411332682316843,5.634284980725169,-
8.504989692961358,7.0791237317563205,0.9399273204871073,7.406041525683574,1.3833428945127346,+
10.0,8.139204190360177,0.6630698429188073,10.0,2.2637478899006878,-
7.033273139072628,7.096125835830315,4.050394282867316,1.8173613901900487,3.653809794631325,+
9.22004828968789,4.358099700959317,0.243762868735095,1.2343599723678835,0.4555121335115771,-
7.640166429699668,4.394916860084179,0.7532778267378859,3.3960846921125576,8.960117474179173,+
6.405375129837837,4.209810325426157,1.3319174881455886,4.3629371930149174,4.08006817150897,-
9.126776072212838,0.6993196538804847,6.004864420381209,4.280681409647391,1.234318283102408,+
2.169724077727164,1.196287048977465,5.2119100130964275,2.591298704416512,1.1053762326139351,-
1.7814542170738978,7.169333425937715,9.779344209156427,2.933593242828766,9.764720875108587,-
0.18656908293549376,10.0,9.514471938110564,1.7929475798645185,5.936636545518553,+
8.197065805428968,3.5910981936724284,9.593441516405372,4.664281358442075,2.665752433531857,+
0.56535896801686,3.45267388751277,1.3873365703411873,1.6672808327412612,0.8630173858076379,-
5.009310184747332,3.5644486371755004,6.3497276361666675,4.328452000401674,6.085342236149518,+
7.5636149379015505,6.179090814153915,8.952962010861485,5.258753418704433,4.979087159700498,-
3.512659483620366,5.438573881392415,7.7063470264584035,9.172761654781672,3.757190207384146,+
4.547645538459839,4.178489311711667,10.0,10.0,7.007879195301977,-
6.11591599599161,6.048488177462313,7.207399237146289,3.804753544730218,3.530462355594733,+
10.0,3.0226059070551567,10.0,6.5733076705133175,6.187910056887627,-
1.3517234001629241,1.7890781008909273,4.490573543751656,9.08797158531198,7.08438745076805,+
0.7373169621627768,0.34912175752049557,4.133617073046938,7.001835918328718,6.848549188422855,-
3.1993808587407924,8.980396894946844,3.3550816612037337,1.2914356061335086,6.50693297139879,-
2.965684724395422,2.4350606044667336,6.694791988420598,0.6987849023121365,2.744882612821102,+
0.292610321516954,7.672699432354379,4.014848665928757,8.099498223418593,6.476994814863662,+
0.33074547719443276,7.413820680378327,0.929666370004343,3.4371923952564467,8.51899435735135,-
0.9651825075032161,0.36388239038997683,9.207848158052606,9.244477944610178,0.5267666277887917,-
1.8633075958316223,0.04385368922907496,10.0,10.0,0.022467991399931983,+
8.29569576480078,7.730709226386249,2.2580226241636514,6.971684683650739,0.8151134506898294,+
5.395383888713175,3.6268819536435633,2.0623021390136707,6.215595829758151,0.4759177107423693,-
0.5467002051785286,1.385126922086165,3.7240355264755243,6.276245773221771,0.7567909886105306,+
0.42496654303847836,0.5813115297155899,4.178784352102186,8.402748329661629,0.3994268266509028,-
3.313265368282481,8.547504577306853,9.940276172366152,4.568563620666078,1.691841670353983,+
3.1185405818363297,10.0,2.704878751960318,8.326896139212774,0.8523002974979003,-
2.6754172344471296,9.139083895860356,7.603721213469148,7.340751050582722,0.8444569132353275,+
1.5261502501878026,7.156741622152461,4.846561325740179,10.0,0.5756770503488916,-
6.844991405364594,9.340871310161845,4.756490227719868,9.076526171480705,2.5785983704828297,-
8.959105963909009,10.0,5.198137725218196,10.0,4.526535754776585,+
7.573765314721992,0.8867878328702461,9.2989957913862,3.0839944231828076,5.339272070591531,-
6.350251173546655,0.9469174032486928,10.0,3.283190470944652,2.599131332236347,+
1.5499002012188101,8.54518103622413,3.7095972891209983,9.713995589256754,0.2169938989491449,+
2.328236067211288,8.065303217867287,1.695683692974233,0.8407887409656024,0.23491385455471644,-
7.745043283694163,8.938226639211276,8.68542660659432,4.316467065964595,4.6570499647104615,-
10.0,10.0,10.0,0.8359068795868126,3.4900911928110596,+
2.0538683591851816,6.023322552433684,1.1102621181323424,9.376882469178424,5.072978312943482,-
1.2333552764998954,0.8617426436659008,0.5704564566107384,10.0,0.03801896834141448,+
5.254422690145898,8.460971472813576,2.8115980364675455,1.5019672439144272,7.6426275419383805,+
5.257109792019493,7.941792039587043,3.2391574184385004,2.541985837528316,10.0,-
8.783216261283723,5.5664353546908805,9.501086315595275,8.106216965307443,4.6842233580839885,-
10.0,5.7556117719924,3.117768946045814,9.067360463568077,3.629599374752319,+
1.4622485035493016,9.851228213582754,2.836490286850225,0.5383077369483802,6.134815042116478,+
1.2258278718209323,3.9532542653378813,2.6858997477048017,0.6758234399612749,5.808087831615589,-
8.872380846330895,7.271706871486279,9.266377656610162,0.4107950217202083,7.943941473156691,+
10.0,7.659216713135645,10.0,0.5000605320547336,9.564882646337583,-
8.096947757095146,2.5277055142221405,8.710907244538651,5.386296715907644,3.7729377800762363,-
8.2202257219899,4.91978243431959,2.633826853065598,4.98874761699959,5.9476841876625235,+
8.915912224216484,7.114364119897763,7.231343987480402,5.623150818150834,4.153011092537757,-
10.0,9.071792813189068,3.6059970148550358,0.4440274360221856,6.234236484559185,+
9.306829400291715,7.961565680863945,0.5846941877881118,4.800435197873776,1.6016562160565495,+
10.0,10.0,0.750872309774789,6.377181993677126,1.484823131507218,-
0.328391052456688,9.84946655770654,4.314136292896381,9.981024111188775,7.119164040778453,-
0.3432777012522212,9.146966182655698,7.116289526271662,10.0,3.5058575154103657,+
1.088571542904172,1.420062079097989,8.954485088319458,6.444713033643867,3.0734060835340946,-
1.5060452224754233,0.17775771943299962,2.1181266005527166,0.7339940279033692,0.8009818137220799,+
3.0465076445744668,1.0370145204452708,7.354710299180476,2.4205429465150488,1.8706186396356472,+
0.14086919161174852,0.858875133168637,10.0,0.5363399915324519,2.182052053076906,-
5.433121351517687,8.065923969473353,6.735804365234453,8.881591214108624,8.995971317425843,+
9.284717872189933,6.460266116798925,3.990477303400012,2.905403184134605,6.229429866026156,-
9.786271725478867,3.5864633885626085,0.5221692097297903,7.250429537238271,6.633234489275832,+
9.670093949734888,3.915485793969939,0.483888387432887,10.0,3.1093372046268226,-
6.069905066888602,2.43644311810269,0.6562062946002889,4.540299277004919,3.934317474168898,+
6.332817439237936,3.7750084789407774,0.4006952063843656,2.915552097087218,3.7300344287132035,-
1.3200873716329187,2.3528803542275623,4.8271857811724335,6.008812901049908,5.508309563926791,+
1.288866461743075,1.3370151842487727,1.3582428059713458,5.224320938923668,4.243003580882702,-
4.572826603248678,8.341813793375916,6.826800912053566,6.792013306614334,9.048273425883055,-
7.1203142625597575,10.0,10.0,7.816014955430117,10.0,+
2.379300357941342,7.7529586324393085,5.460008659808217,4.707473983364471,5.068161212435034,-
2.4838856904451916,10.0,8.021506022621695,7.980804412172627,9.48560221334307,+
9.644145458102816,5.14979374085735,2.324045906057146,1.2328648117655694,4.2293921672371715,+
10.0,3.1360634997087877,2.8002117229556527,0.426819468893032,2.6728452229590367,-
1.2028975428460997,4.3634709083855086,1.2436724659599663,6.352356089687521,4.784696655388647,+
2.2506250425636503,8.577306703120051,1.4316503379039547,7.29921259397872,8.24458073935217,-
8.307438827459517,0.46723565495861763,1.4439565645721986,3.043216314643841,7.4380458163678345,+
10.0,0.6188679474372801,0.8564916544036164,3.521316005700684,4.888382790082462,-
8.885793691734063,4.00328370303816,8.527728923497278,4.520446326874252,4.608360268560604,-
4.656165419059902,1.2117955184937188,1.2700600894832832,1.4714979035122533,5.277839505996795,+
9.429205353325415,6.52546987143599,7.054891780997584,2.183367385968027,9.140019922150843,-
10.0,10.0,10.0,1.728721058329371,6.49245911864314,+
8.637056460487631,0.3229856332986114,8.418487963508452,8.761477761474078,7.063865616985787,+
10.0,0.5203117598739364,10.0,10.0,10.0,-
8.246288263231829,6.599221849132074,5.631941428792972,3.4987936200176986,2.1518523680242776,+
3.9937568158722816,1.882317853771228,4.323188100164614,0.1275886217279177,2.0299029354514486,-
1.089760860167841,4.359005909785628,7.250356433559109,0.7099365534927815,0.8240900410980012,-
1.3359590612960863,7.134332786552801,10.0,1.0953105932748215,1.52437645301004,+
0.283201265319285,4.941474484280636,9.351458461121728,0.7321973824490047,1.1299134609773986,+
0.13580165220252483,3.916763937718104,6.190189053371673,1.2070380588128136,1.799495757172864,-
4.829059784337084,9.185167185212428,1.2335469672961752,1.3689146000380215,3.0150280278216277,+
4.9556579842986945,10.0,2.43890948934074,1.0138967628561664,2.9924780462561205,-
4.001111855592455,7.0167962938672135,2.1523431809851026,5.824658519903281,2.286029761778189,+
2.678502795300797,5.238842020398,2.076297440430096,0.7878663932006984,1.1030073998454835,-
5.909325832476798,6.466125566170605,0.7358342724250388,6.856041684082516,3.759185456125016,+
5.386528041695774,5.576561615446507,0.2236705695624776,6.496274243858362,3.1238990596062006,-
7.878277853637129,6.316218809385309,1.8780997991931059,5.6577521022435615,9.70367355608047,+
6.32525945481022,0.20109231945301573,1.8030904997708719,2.316974776962598,4.4400084774820305,-
2.612529931749151,2.3693713429251573,4.089084470426991,2.9187006316013453,4.503090032434426,+
1.2382678940974745,3.2089065191809993,0.8798278682676173,1.1109878702544314,5.514570794150873,-
6.164148297361366,4.734607832755509,1.5568260476000895,8.804776638144022,1.6367490719022904,-
10.0,7.7113581811670295,2.120379902497584,10.0,3.25845260783858,+
7.625976881084431,2.7721113894223826,2.404184578649282,4.929016180933222,4.979353629708547,+
0.23115591213099215,3.240056002496158,1.0098225193247845,2.751122900862863,9.249966533913346,-
7.61691206097443,0.4891815799403165,2.8404807490630257,5.335827480958592,9.261707811290233,-
8.497882672409606,0.7658891494073947,2.980051593328925,7.533358365059917,10.0,+
6.650379632327793,9.443532465225395,5.236860228379135,9.430525738417973,6.599588947172212,+
10.0,10.0,8.87414175212693,8.803875023524839,10.0,-
8.024193957573512,3.9069273090809165,4.390693696223625,8.622395527960267,5.693996702299884,-
10.0,6.964928721698226,4.95575022600618,10.0,8.592787687584003,+
5.954589570598323,4.565139012220563,6.164015865481306,4.043917713491577,9.838569547969842,+
10.0,4.830166884330412,3.1397182828879115,2.9837285698830502,2.6750374932773173,-
1.0374459119114032,8.593960710376589,3.0557728873305834,0.9359217807915066,9.204632886685655,-
0.5308264786176367,10.0,1.3693544236546848,0.605755844059686,4.7873659981318974,+
8.571659456613997,4.084891728934846,0.7320722864194218,9.052351065239812,3.1585215230821175,-
10.0,4.425039788841668,0.6227269782195199,8.425907082830351,5.340248831273288,+
7.683538403474496,5.267128204696107,5.643861673125523,1.2562817152333094,8.98238774371994,+
10.0,10.0,7.056294868130974,0.4546688255432856,1.6131135543425539,-
3.146555848737308,4.757005923452581,7.1295321267164615,2.234244578275293,9.245373343700182,-
0.7397560663722237,1.0780780117162572,9.767919437496662,0.23656362107772527,2.172402956274003,+
6.800184151698032,7.225604192586566,7.571062703370314,2.3847444090607652,7.193004401805682,+
3.535441438690941,0.021957918943932196,10.0,4.098785453056425,3.0022053142519134,-
0.6031648865300598,3.4733531557327426,4.20758989900004,4.014040221925637,7.56516847281282,+
0.35189045915157063,6.512647184434988,5.54873872489237,7.204857733968104,10.0,-
1.7831037998018384,4.086249950878608,5.8080966017909805,0.6763939758403581,6.542378583934542,+
2.0843899501077745,4.173184720462827,6.880952702287875,0.9786550777850023,10.0,-
6.012012721430887,0.8666075387978356,8.522970220815203,3.0355234903962636,7.303514006715357,+
2.9778498826193367,0.8752958870753015,10.0,3.1224076910068277,8.779376525905908,-
9.031981507880465,7.610724848753559,8.276576622346603,2.7037565835599207,5.15860087950085,-
10.0,10.0,10.0,4.646639129224236,8.844872161712434,+
2.458203073106986,9.174950170774832,8.62192596355451,0.6318464705077675,0.4142181148052648,+
2.8745505310743513,10.0,10.0,0.9203300009985306,0.4586773062974023,-
5.833867701511661,6.395222406705779,7.751654213312067,2.260622534057304,0.734069422367003,+
5.833350034174196,3.091939687825693,3.7749526142678724,0.4909274943764082,0.6904999335984587,-
9.779242769182918,8.322801500867476,1.3830436164098614,0.018452243710023186,8.402440827906576,-
4.241777001577044,6.171591963990887,1.6070451560090822,0.03183654932578527,10.0,+
7.940714564057398,9.196798047446425,6.194590156818184,7.493635564461668,0.9354003757188645,-
1.3052266990417507,8.432231252935503,3.8426078091217524,3.388323928799806,1.3492830848428163,+
2.0373761965111847,5.175451530639518,1.2135817834688645,8.681443383745362,4.5460539857372675,+
3.3847235906182567,6.718353399815807,1.9623363740350754,10.0,1.7022834135255438,-
5.521468080474437,8.127317914635622,9.153120822052395,5.024215787181512,7.458248368689958,+
4.734009707325128,4.550428483146849,6.608097258407797,4.005937459424965,5.48303417836901,-
3.7900857318895884,7.915150242153469,7.214110401021986,4.0872932005975,1.9045672055390395,-
3.6361052364125976,10.0,10.0,5.831792867572029,1.044982170400931,+
4.0676261841442765,1.7259582810988583,6.476097537733413,8.441741754009406,3.4026399626343498,-
0.8722796574389862,2.7080040070262017,7.053266512199065,6.972197742990106,4.147982881591704,+
7.133030204861202,6.173241660862466,6.896801752260889,1.7158205378574531,7.583596115972694,+
1.5175404504430556,2.2526335113319185,10.0,0.2146098998258657,5.87688189907354,-
2.032475723401337,5.024870540432357,0.2537136141052254,0.3740918149057437,1.4664747905736564,+
3.1523542733034997,2.9082707471313904,0.3797318607244868,0.41437034296762454,0.8550405185152449,-
5.3261848022623015,2.8099469360189766,4.2037921407556595,6.0065152314084225,4.3650865270373345,+
6.307125894218622,1.5894714753957795,5.399365660221708,2.109446347953047,2.005432962220685,-
2.9364577718493337,1.0245488404247682,0.5883520145954224,6.4141819999402525,3.190711395626865,-
3.5316060478796993,1.3543317020238845,0.5046949236507866,10.0,1.9671205444940258,+
0.9196571928989528,1.7463405994277859,9.716336240163372,4.646609046453243,2.345418813291922,+
0.8728802061099463,0.22858816665092746,1.931024097940805,4.524911677212748,0.646089437453246,-
