9.518616342667888,9.405961213033576,6.867492477380481,7.064960077162344,5.841027072303397,-
8.245219376676383,1.1942263546572325,5.629087794836959,9.542149187426677,2.368010532989966,+
5.109784226141415,0.3755041259056724,6.42974902180298,2.2172201274703274,6.917289364870138,+
6.453921378167712,0.426482361737019,0.5867351865846694,1.8954271720258764,3.6062397628946483,-
9.256780871970939,7.714367187944362,2.9673686016314296,7.688646631543791,5.7982698039192755,-
0.5386029542577858,3.0675347134240045,1.164430893811043,3.0510575143972747,7.570319517424529,+
1.6851894972404213,3.6986220200928233,2.607540122920484,0.279595300844514,9.284429308237092,-
0.34861867650444306,0.16400005582746296,3.534509604751281,0.3601251436099784,10.0,+
0.9980098996441089,8.616573797032212,4.796417961695328,4.394356518047985,4.279423277073613,-
1.3474429247677124,9.19549687073583,3.2673638571978425,3.409202622517376,8.425116663403479,+
4.547958282037837,0.15767811285108735,3.898356591625155,8.120187338360786,7.41528041586064,-
4.049817860683172,0.2640419121722382,5.50893104424321,10.0,1.7440246780499162,+
5.662253022567118,9.38847675608458,8.36363670174083,8.366377362110889,8.902069388887293,+
1.7172751951906244,6.8160341098630495,7.215530582391774,4.640473795931796,4.507337882170082,-
5.31941538319817,0.014314803506565443,4.137100430443063,8.275375420238012,8.554924636518255,-
3.5855461925854737,0.02161996597088661,2.696446409335428,2.943369418194233,1.0928005290432055,+
5.3154413105177865,3.800473368263666,5.140621748215467,8.589208248572298,0.9146907421414874,+
7.3395061583996215,0.5334500806216244,5.185654103118562,10.0,1.5709720186100777,-
1.8672799559769226,6.088587655116288,1.344251427324964,5.626750024899115,9.738675082826205,+
3.2018667210824248,7.97850451587561,0.7433937652620937,10.0,10.0,-
2.8506192421468812,6.949786382531792,5.618607870042186,4.181002981272883,0.9969985998031694,+
4.991313258207214,10.0,7.783831769249163,5.12819503896194,0.2544380198713558,-
0.6791653836520539,0.32525826028793947,0.5310440778692127,3.081378582790788,0.04324434618015349,+
0.9419029835963796,0.371040230839915,0.6978016341882963,2.294742644727512,0.07637024516093804,-
8.278855666914527,2.3567132415493175,2.7423425986607954,6.023785128664337,3.5219585475823356,-
7.679593501178111,3.471135343032063,0.43537523694306796,0.2357502238539861,2.1685803227451976,+
7.646939664883611,4.304533316390069,1.9053922377631938,0.1043549663413168,1.400136575233204,+
2.0097741972790537,3.5582012162985093,3.0687954329533413,0.1904178553255436,0.19542401276851984,-
6.99181233754011,4.169275543788556,5.101010544866088,8.300841040824166,0.9212120595679085,+
3.275806067816582,0.6598747389766362,5.704169386084161,10.0,0.49135877837278974,-
2.9053594458023877,8.35576108578381,1.8726027477779006,4.300225030915499,9.805299301679414,-
1.271757023861346,10.0,0.9285315922563416,1.0253623074313296,9.509053941648476,+
7.346395184004832,2.932738521904276,2.9405699052851677,8.905168769419216,5.594839772623842,-
8.198767991450222,3.442893939908194,3.7727538115393027,10.0,9.666322726860395,+
6.918196311083742,2.721610298727505,1.7215440845382979,6.6736671965642405,5.49413909365372,+
10.0,0.10582816585200167,0.24079222888899637,7.7806729144644144,5.068839170864281,-
9.361928481488391,2.6850679545821645,3.8508344351468358,3.749302811974309,4.100156607884453,-
8.12554983660967,2.5592550930839955,4.9997150172642195,6.405410265256378,6.721132421980987,+
9.28753274705855,0.8154625439353858,3.8333298600722223,2.951062400000576,6.5695234923359225,-
0.46374863837391544,0.28760757441898177,3.7594243014101303,1.6290252651565151,8.263736937451066,+
4.969410427287442,7.753986269780883,5.5980871304735675,5.494528023054216,5.9215812577241325,+
8.475416009965366,5.338502897913982,1.7163574305963232,5.88472455657638,2.261596613167187,-
3.357248052910352,9.377082114237862,2.5181522103431773,4.3251331147895975,8.079711476727105,-
4.916633205230916,10.0,3.93160187234194,8.011218084009066,10.0,+
8.2312465031746,3.3086487214701954,7.859261160694471,8.31714444822409,0.6875966992508464,+
10.0,1.4108468786629609,3.2978521318206386,2.869981156479885,0.9355951180826462,-
7.292240580074515,3.479790741440365,4.348616179612831,2.87784225482051,4.863898289766633,+
4.0722559181438305,0.9315886364193146,6.183980454204996,2.1136088165374054,7.432139579328203,-
2.2330476114924167,3.582579228811192,9.536754208064224,9.28627470283005,6.211946983141638,-
0.7023927445886397,4.6799889510963215,4.589969064251394,2.504661223075741,0.3571233743932875,+
0.8239391093402781,9.173676388570382,6.179970459767368,4.163912964659907,0.06658111508771714,-
0.2574056869985551,0.3338522137180948,10.0,2.454006630954743,0.039904435514074944,+
6.57890233586229,8.209045832670855,1.0330676775707814,7.038664703991605,9.819045316515343,+
8.772037328865668,5.24128276484625,0.17681643102397188,9.922105124070775,3.605079028678839,-
0.2983365929623072,0.8132785627526873,7.89556046353729,3.410479084705922,0.4668232494128477,+
0.5818317366628044,0.820277247497686,0.6898429676811566,3.776611775935762,0.7028539297910902,-
5.726730573207586,5.548443270867638,1.4624543710330362,0.8195868921626981,4.124807175786486,-
1.3772017781484127,8.273276302924085,2.5835558558095486,0.02530921072403243,5.347107588559052,+
4.565518471076216,8.214049908252782,6.6775952926455435,6.223116891376322,1.682964197042568,+
2.4791967124286933,1.0918732488328493,0.3777436391644836,10.0,3.2212732465679674,-
5.88656069898775,9.315469494247594,1.7470085435497695,6.077140612889512,2.3925989341294827,-
0.8915372234975348,1.541599567094934,3.282905173187821,10.0,3.5663462301707773,+
1.8277481152543207,9.857824825174248,5.061945325703572,1.8378149756508844,8.849826569200365,-
2.332852717355914,10.0,5.787056029697253,2.425120698981187,10.0,+
7.236545676649416,2.8177985872758002,7.560775763012595,7.781737409984645,1.4070032569594426,+
1.2869135275776364,5.03352038255237,10.0,10.0,1.6628795036131814,-
6.668886852355981,2.5257893645598886,8.765121229146501,4.1168992480435795,3.5300226156594183,-
10.0,3.371542885733999,10.0,4.3864118906519565,4.321928667738802,+
3.2285420774954785,0.42669721819006745,6.056353621496658,9.770016932048215,3.0927140804555475,-
4.29449774117767,0.2530140637759725,2.813559940341017,5.048564795507373,1.3942704502691603,+
6.838128884117001,2.1825706754525562,8.858761909280267,4.535280169502393,1.3310227587877588,-
10.0,4.225360022915003,1.2186629423674007,3.8498029401898317,1.5050354793974463,+
6.019889640285793,1.9777688291766427,1.504392762095903,1.280122111473171,1.4907041083789552,-
1.8842635182640428,3.2636883723542365,2.660121287800835,0.014568585944309074,2.782955889471056,+
2.67772147448175,4.093311989139414,8.511702220865967,5.153046347230501,6.170389984075979,-
2.7601697384428117,5.354401760594883,10.0,10.0,10.0,+
0.4109446321367016,4.797747139582605,4.734150589658555,3.3834114125370327,3.616133051862821,+
0.38801366297226586,6.207922589688801,5.070818317479473,4.166618338688426,5.629991298089865,-
2.0635461836142346,7.341638970278592,7.045370172520052,3.750615484686831,5.719808214289656,-
3.0439671035503157,3.6149117182407364,7.656969388721458,0.37489176475179103,7.245660789874008,+
5.946858995271722,5.676785837348458,5.681092611743198,4.682123549772785,2.329880585004073,+
5.908358944749707,9.379837583953822,3.2938220152680397,5.78242218035148,0.7685509248876404,-
2.1799528155483197,4.691704379178958,9.879823711959604,9.077454585039998,0.7070884742809647,-
2.175395350590658,0.47838858050320554,4.337714047073127,10.0,0.14361076217422192,+
1.0799072750754213,7.6875949486234605,0.8097821573418995,0.13807132779016906,9.699504367503788,+
2.1003111024903194,10.0,0.4709293797099,0.09735725390823234,7.209171773803814,-
2.183207119904822,2.1038264839583007,8.009599862106318,8.677576439786222,5.754710952268307,+
3.8480703553630105,1.3871869312240435,10.0,10.0,8.627175291371852,-
3.6103117530660658,9.278953365651244,3.2703181799982337,2.565435503932733,9.490935868160749,+
4.159419065497305,10.0,4.07401444793274,4.696546395118167,10.0,-
3.6144363611264687,5.980523566655168,4.858287954549098,6.38652344199048,2.429987205204205,+
2.00666882965775,1.4605475281290872,1.9944982381942116,1.7286807007202476,0.2512814942043908,-
7.200639693743876,1.3271935356272813,1.7407658364383827,6.695429073979074,4.226960581656728,-
7.101658673283726,1.7091660546933436,1.5751108573170103,10.0,4.463941986780803,+
3.917848354530401,1.9986349765990585,4.2900498738092185,1.5185474888198125,1.703913113816874,+
4.585953199223936,3.450751207598639,8.451478023008132,2.1967095705153903,0.465156035136891,-
2.6593979813761957,4.790435071282014,7.091838329098321,2.694661495744678,6.2368793432937295,+
0.8514462674115805,0.6692577724823482,3.341709990179302,2.6888587990587283,2.7672434411448625,-
9.097903654108427,0.2628534451025355,2.8929587784641253,8.027992649898042,4.364359652509356,+
0.3358901761417486,0.08391088441303629,4.41501038986675,7.533269878057899,8.338539986681988,-
6.5666313156293254,5.159664435969282,2.4661565135967054,6.645797097115666,7.705852576404457,+
2.7304565646574104,9.042893136596932,0.24335143907730913,3.510840169869714,9.714016035043539,-
3.861410252277262,2.6790834140134043,8.55640733838553,3.796482653714933,5.545491809586829,+
2.763756065644433,2.003026846263521,10.0,5.93366526606845,3.121061586640929,-
6.67770557183323,8.039258588039615,7.547480558263592,4.808653473525735,7.743728293769202,+
9.25202960039966,2.386381522694817,9.235580694695614,6.14722007927222,10.0,-
0.8055035034156943,1.7390730587587044,7.2613174270827905,6.120469310979187,8.156825033963182,-
0.9533320436218069,3.115912009026278,10.0,8.091467008936082,9.97056135098581,+
8.681738825326127,4.778271071745576,9.122688157115643,1.4680212118318803,1.8114995983540882,+
10.0,7.592778666680537,1.478500807628161,1.991248065170151,2.4796116097047043,-
9.30489369454336,5.340246530103557,0.37608096231713906,2.319685116258219,2.2424999174838725,-
3.7323435362911734,9.111454091058997,0.12742445469116076,1.5998018455410796,0.15726907738876986,+
2.235294564146506,6.52119440830171,0.6261879419555505,5.389533751499114,7.8521961563316465,+
1.859757619643114,7.805817758743719,0.9406563686506659,7.128154296471815,10.0,-
3.0409306560324376,6.094175479463089,0.39235270331617333,4.4046809453113305,5.713254164671051,+
1.3539022362058664,0.3404894735086302,0.1053019806335522,0.899938874962146,4.5253656265067255,-
0.680663308745485,4.2006085311868935,8.468995782150614,1.6372375561360253,3.6444113993478666,-
0.8286177876584261,1.2856496538742836,3.520241628074866,2.134932619001106,6.007145257287882,+
9.337314986525227,8.763248223607961,6.507294341589822,8.892523004591487,3.9240369947654354,+
10.0,8.328870468747612,7.7266985243964,10.0,7.398143882049473,-
8.968172742794177,4.58586779244656,6.037220572304701,3.1364544691436858,0.9723547708849867,+
5.060971336371184,2.0013151590920786,4.006466360890422,0.24333786185756723,0.931953381287092,-
1.785726314579178,5.234387876923754,4.04211178730529,8.212060123336734,0.7017274361483927,+
0.9361599542722747,3.094361939962296,3.692853685423198,5.6945606699073,0.09628432666839624,-
7.278185917153444,9.360344332633563,4.868788710165173,6.604231055159044,4.4700913350594735,+
10.0,10.0,6.758757817633136,5.546065763975357,7.7221047898755035,-
6.06471725763744,2.35190659408006,3.134393141003742,6.918304503320152,4.70339486157365,-
9.117703101818888,2.7690472842023706,4.736094242363679,10.0,7.874355514292851,+
0.9392553267277026,9.699880698128545,0.5663378720585455,2.1546060136042247,9.158702075654478,+
0.789519949070024,7.246602310903746,0.402921347378916,0.5424060449421735,3.356567065306745,-
1.9962438885704448,3.8772398287021814,9.226097295082923,1.5030470647422611,2.2667494488163875,+
3.565769956226023,4.532355733204596,6.572542441235498,1.7399035179803766,3.709300383046272,-
5.0781140035936705,1.3572200035025495,2.3158260375494377,9.052440181460327,0.4003056919684589,-
9.063280101561151,1.6479235854547887,3.4553876191699917,10.0,0.5776990607831622,+
6.170439587571762,5.882632536045499,6.360816732507656,3.533539420114693,5.412575873454309,+
1.3516076108535893,1.9888823461998302,3.239254521803038,0.18872513188574677,3.6715183523998776,-
1.056864067267338,4.524752180755939,5.723974141642669,0.5600123351304531,6.610219860868786,+
1.0761698958730443,6.969363410346767,9.013539982357509,0.8761538304383466,3.782813754905393,-
9.146712165497595,1.7701432034721487,3.423683370613444,0.31360937615748874,5.393078432003902,+
4.418156434267023,0.038749563497346,3.732525056462674,0.4225251129233878,0.7450355399776699,-
4.687591167923625,2.681737742233532,7.086779086807065,1.450592503343734,2.2492017640592152,+
1.5846612943850453,4.682896012164627,10.0,2.2733745859953705,3.8339978273854483,-
0.8597675843841002,2.6502959790289427,2.050183178200448,8.622433203428214,5.939433896138439,+
1.452423304489443,3.677923411220786,1.1365947920145427,10.0,10.0,-
3.5301347734431134,1.7416348261846848,6.555302207071081,6.740033266058459,9.27286346729175,+
1.0003402936268362,1.8624766018006524,10.0,2.4696026493286154,6.23438912380625,-
5.826493058206859,3.301669918928626,7.137736041811776,3.8707589687295094,4.452588491822422,-
6.802600347394632,5.516827449361364,9.575374421260236,2.1995009420330534,4.104500909647254,+
1.2282500493199389,2.8282576915944366,4.825451379538438,9.333063571685292,2.472919992636271,-
1.0047983190986376,0.22278169642768042,1.0769026378714455,6.540804552230286,4.7953997213551025,+
8.753875667942195,9.231261480966126,4.877716840137635,9.144856715891434,9.67805957663743,+
7.126334995783243,10.0,1.6483223292868012,10.0,0.29833392344425114,-
8.561575942196395,0.40197669655729795,4.708895354765934,5.547951380106911,5.515569011094625,-
10.0,0.4355585980006321,8.958680700458538,8.116263957725428,7.184300240850828,+
5.489100679758198,9.479383081619734,1.7386157193822593,9.75576195929216,5.0204196468584525,+
10.0,10.0,0.0031565085028044003,10.0,5.80533523462561,-
3.222074174503967,0.6682115838107705,5.9484352062975345,6.066617461552639,2.6874623441402745,+
4.836233158188782,0.8379592726968976,9.33460804877276,10.0,0.6414004008466807,-
0.7480030213155364,7.759129615859463,3.829583796058192,9.9387146535012,8.716368719678574,+
1.0126910470188633,3.309030929317618,6.409039984588215,7.498631317290795,6.224223039711531,-
2.9709039798168413,2.6652085272462243,1.817869551339727,2.9208623444944104,8.33485545876978,+
0.5682427519827355,0.5507735776180769,1.7470154533979871,1.629550078983672,3.20260357826256,-
0.19647411678492377,5.74263927610278,3.4630841086629194,3.253240721314956,4.5062280060135675,+
0.24872618143181274,1.156730159050593,1.271508135527207,0.9557872170080355,7.55195395831754,-
0.057445029212574994,7.9382545534675355,5.021349121771038,2.3459794203411724,3.20434401596457,+
0.10726013160464225,5.112154983240418,1.2308570367069136,3.3600815564372026,2.8548118433655687,-
3.696749330465793,3.132362979714646,9.68027447450091,0.8280462097137931,1.6963886757234792,+
1.967767965902931,0.40583293957130995,1.8788785353143358,0.5474947694935094,1.5819327912844456,-
1.2084993250302611,5.676895894697419,5.416929827769764,9.166449038214793,4.833463166066158,-
1.627879812448222,10.0,6.675501785095334,10.0,7.81829260385984,+
7.616126603185727,1.9069550874770236,1.4654502225161214,3.877013074237329,3.568161214224058,-
10.0,2.1908298343267876,2.616671198886998,5.563120704751838,6.0514074483583995,+
6.127604197509768,9.512484952665055,1.2237058079133134,5.466954247406975,0.5279786991514102,+
3.8974444513625417,5.405575643148089,0.46153460179728123,5.260002379849469,0.22879645297496956,-
4.106345629171868,1.6353736794259721,6.680402320931663,2.8943917564542208,8.72945649280176,-
6.519325462671313,2.586830268186936,8.864028668931025,4.546290902525748,10.0,+
1.447184759808171,1.515972462299363,3.3365116748933463,1.2203561804116159,8.420196767118663,+
0.5247253464872565,0.1929749384054455,0.37518006128157805,0.9061040625497848,7.383465772894436,-
4.80927809590768,7.720771591238317,1.4965963356390177,5.111730393955786,5.026250633800568,+
4.421566902812264,2.081752078331594,0.1343832018425655,3.1514102685676844,4.552172856641543,-
8.283071701240054,1.2251349689593771,9.448568138749303,3.2743075437752234,0.029197595915889663,+
4.725407167365362,2.0079465265849583,8.802721444227938,1.1434896447751537,0.05368845778375586,-
6.996223351985487,8.71179286597137,7.769610937250865,2.439326627921097,5.05032921089288,-
8.826510076012761,10.0,10.0,1.5124749599064278,2.1682256923245813,+
4.386629361592486,8.290988573994206,7.492822496357713,7.884574394543154,8.187890836406808,+
2.0626124294232144,10.0,3.3508648738089337,1.3952086876836134,8.32780853667588,-
5.7204766809728715,1.590150712024473,2.751436294849862,3.4144650844064808,8.300498509654048,+
5.66979480095179,1.4002593830342038,1.3724396930953306,1.2535833980170767,8.259779291546044,-
4.807948088002281,3.0165989516281897,6.881646067141389,9.686754950315635,2.2889763323812407,-
2.2296622059001234,4.719451418899033,9.828880450795339,8.944719186295561,2.509285458673758,+
4.0343549410365585,9.579932803261661,9.02841539707939,1.5365242021160774,3.098471578925569,+
4.325046445956674,5.641883799514887,10.0,2.5969885174979974,3.4784201672707886,-
4.657429818184438,3.412810145482097,2.6734879082324783,3.5552509174372995,0.2123741482960284,+
3.5324868683971538,1.7164084143758542,1.3393096219068945,1.4107498677423007,0.04328740364102453,-
8.76674163430801,7.156486440733266,0.4996916921948824,6.353448953359415,8.177037062355065,-
9.345322841529228,10.0,0.6102843715543108,6.841428606389288,10.0,+
7.530814244052434,3.9171449936536904,8.547967549503682,3.3816757911951356,8.282117163607642,-
10.0,7.432009610269831,10.0,5.184460696710262,10.0,+
8.072288040397366,0.03536414140701605,1.6601916816521034,2.4945623478516965,5.10191479118803,-
10.0,0.05163115609474,2.3577519588985907,4.863537185537776,8.35108652070939,+
0.09447040028807585,0.6158266010343227,3.004918711968437,4.975124891953071,9.891948029244611,+
0.16142360001103562,0.838496890300484,0.6910259707846372,3.886590215632689,5.499501870248127,-
8.093997273968931,4.210751479300318,1.4384307270906127,1.8394924389994483,9.136427155576394,-
5.168848400147429,2.4324913188207162,0.021826153215980696,1.2803659352146861,10.0,+
3.141022318721914,6.597760176713003,0.5707724317786167,6.803271111425337,3.6091018146934717,+
0.734600195315082,4.999338177502232,0.07640217995257527,10.0,3.74297243939472,-
7.9797601893987125,6.845010566422914,9.684437015228474,4.1587563336220965,1.2005936509288828,+
4.1855506152565505E-4,7.780358128711042,10.0,4.440755624617597,1.21829145226682,-
1.6911062522118048,8.067509957299482,6.351799767315345,7.470507998311589,0.05648041035070883,+
3.2537876069046363,9.439027975097083,1.2173597705950665,7.744505633919571,0.06895996258149938,-
8.399925714300124,9.340452667720161,5.54232629132377,3.497102128795768,4.943488313903336,-
10.0,10.0,0.992546686638988,5.439342150289806,0.5413142739828567,+
1.5529073970777851,4.016927995262982,7.8896282432317575,9.760023254293452,4.291955950029277,-
1.8157301701245594,6.889093642672306,4.47027606674627,5.267220521377115,5.449457334494256,+
0.5073414678088084,8.200270213041218,9.252087602443714,3.0910038284800323,2.5700941207138173,+
0.6143151414544595,10.0,8.969246607297178,3.6526974412467137,3.33896854802368,-
7.70919800115542,6.958387706979138,3.1788677547663546,7.8801263262792975,6.206032160211632,+
1.2809121581626697,9.961124432565295,0.5146946577938905,10.0,2.2357317962400183,-
4.905718614676137,8.572703488446244,8.706641794328249,2.267561724422472,4.505285934986544,+
8.360692207145286,2.4602036843594925,9.867267038942451,4.320603422563838,5.834665414788587,-
6.706508819194643,8.857679360172805,8.95288011945252,4.965725612054563,1.8786299098070036,-
7.707417523793229,10.0,10.0,6.163771475037011,3.329961755919716,+
4.290618235356866,7.843576132451342,8.733614937554757,9.46981438542149,3.380808113818458,-
4.1587491359396935,5.231783740867152,0.6452802078490424,9.229158382781584,5.240714425677056,+
5.606995317951128,0.28660834503504984,8.608361590366421,0.005039040573578957,4.00747462279387,+
10.0,0.3588011452302913,10.0,0.00891265197832132,2.4157266187749156,-
4.689274555308457,2.3226165943794,2.412678995369691,3.1873017345468693,6.479248360803171,+
5.622527067180819,3.740512897473355,2.989254929928431,5.72377259053662,4.162229222822988,-
5.586310638765281,7.227775681514438,8.344659064452305,8.711789440788726,4.1291326042396035,-
4.059530965861146,10.0,4.8982537437644265,1.6754136361208332,1.4774093093921612,+
6.152122262234389,2.571031504478174,0.20086581462476327,6.721106800786043,5.933101628399294,+
4.232123785430309,1.352421968491145,0.08884150339483324,1.3913448368217796,2.07220887058521,-
1.8268678346471334,2.4085821129403193,2.489472094936315,1.5812498902422,4.815542196267754,+
0.8664852182246396,4.512300716275856,0.026876398162368562,2.857521030995933,2.5601525465462505,-
6.213363088686906,3.8571062967450143,5.43965070964761,8.85506939724799,4.445644067441561,-
5.446559202678815,1.7573180885787385,4.759965432995631,4.454177115867409,6.957409643307099,+
3.543739022032396,2.7962009927971443,0.9874379269187727,2.1136564190356477,8.734695202333796,+
2.382467200134906,3.2618039440102358,1.9189110203269526,2.1764646380143238,9.944754105005991,-
6.9789149805245545,7.455472703540133,7.980078030237932,6.084105980299473,1.3479911433642544,-
9.265862980478763,10.0,10.0,10.0,2.6537678841856422,+
1.8924624536893986,0.9385872282063734,1.327972545528242,2.9528757143164253,9.730771136409626,-
0.4312263739509681,0.7627107831526528,0.9651727586281911,2.52318512641057,10.0,+
9.628313427468361,7.825283604556748,9.829629640064411,7.8693464748328275,1.5068920535732655,-
8.229496396790816,10.0,10.0,7.187892740410172,2.3332640378830414,+
2.0261422655919015,6.644642942971261,4.495401725368495,6.903134057722566,0.7256617847468072,+
3.763314440545151,7.0681615666042585,4.909644833969888,1.4626116918089593,1.2789778469365505,-
1.8868421167749327,3.2030105285742527,4.336332136070626,0.9845382312456652,9.592218233472675,+
0.7961132275893977,0.33842954968400835,1.9141900490007258,0.5737805660784793,9.080937574183551,-
6.217554065287798,8.736223750054194,2.578048552492848,7.382930985030285,7.7643876487767285,+
9.867350874105304,9.223245452418551,3.0316004421931018,3.670716116510065,9.535528218010242,-
5.688912396692441,6.036760516425429,7.03042365068415,1.5693149612122836,4.479979304210583,-
2.5675795730510016,1.1879456913399233,4.121703783988641,0.3869869973280027,8.238514055120472,+
1.6074267985556723,4.88580707470378,1.450670921716406,8.453263316965781,2.1815196876653573,-
2.272719905298234,2.452738345869885,1.5226670422021222,5.170093902293704,3.5250901729961277,+
2.4754135254824217,7.782551364446839,0.9589808788816334,6.98412309868305,0.7550920900270208,-
1.0529222548625894,10.0,0.7114676205407632,10.0,1.1219687845352302,+
5.273722595518654,5.3879574769880065,9.11310669888363,6.363532912846091,8.711226694930268,-
7.319232671003918,10.0,10.0,8.542345896262363,10.0,+
3.739240206792298,9.199540617022882,0.8327531692734946,4.711378803123374,5.445704255849081,-
7.362154059254904,7.7886071255019935,0.16931600220598397,1.64862341430217,3.90632430283229,+
4.9023344121301236,6.226345104791042,3.334970878026655,2.3566074736772746,3.6124464824508227,+
6.883199884897426,3.1533942799933237,2.698589798707619,2.4733545773811745,0.8104076797201785,-
9.697307438324756,5.141202653042231,5.424583118455733,2.9340817357934945,9.18235445839397,+
10.0,3.5487872134053813,5.024984253662266,2.426774340558693,10.0,-
5.026918222170799,3.9005583117677265,4.410108072028828,9.425404377955527,1.4494213513013021,-
7.186161731740375,6.025466114168296,6.968297467675041,10.0,1.4684475314901912,+
9.13499629581248,0.4150850964192021,5.633921763258205,2.456763008093681,6.59426161481823,-
8.642645280988864,0.22149018728800013,4.6825490041440085,3.634009343900763,4.491530984952184,+
7.490020407066807,8.290208186521383,3.7475346911727314,7.18290682944926,5.027818659649884,-
10.0,10.0,6.274870752733987,5.535748737582935,0.6913699844201756,+
7.566301260756623,9.493461006510923,9.806826620640571,8.084861630034052,5.578111088081411,+
2.8935090623257596,1.0589624306014835,4.387448401670113,1.8212866701123782,5.517275887927943,-
9.118256785021188,2.8840364541453223,4.79445169463332,1.525452878130401,4.765307409452304,-
10.0,0.8059802079944044,4.3881671096207535,0.46681768234012083,1.2939984767863788,+
6.113609233182283,8.003147188115257,2.264299464411482,9.992605998762743,3.538467137589245,+
5.023922483009175,0.9580461248593435,0.1388406950377244,2.8644309326965343,2.1097075604199387,-
5.272709597555218,0.11152877899166636,6.138184333965471,0.8191694600978994,7.773231433877945,+
5.515023055180028,0.1790861423046458,10.0,1.1676336940317562,4.997442484668238,-
6.055348010351198,8.000732430614486,2.9628615978573594,4.274666263076366,1.4618745744677375,-
9.659259324818663,10.0,1.718155536017801,4.090517708975416,1.5821168373656247,+
0.9700713203253786,1.4365178508716714,3.629031117414132,5.869173661753838,8.063275533521699,+
0.6088932990142922,1.0889728130122265,3.0773555162909907,4.038192143736814,0.9598451948434508,-
6.066965355884979,7.627750427662441,7.158485910252055,8.727082534237118,8.368762755000436,-
10.0,8.29148139002471,10.0,3.0759786523430264,1.4074573722645447,+
5.588665420276261,5.9065992216213035,4.755008698229171,7.548574279156318,9.056957740030395,-
9.6003115847847,1.759590206211261,7.531652393651487,10.0,8.156728855166413,+
8.599461284059824,7.24891911320416,4.535669306725008,4.98043867431965,6.11688683746412,-
10.0,6.638239467355175,8.426662865851162,2.294034015801451,8.536744669440052,+
8.9340214854628,0.8603272177830312,6.484710322212621,8.969310151888118,4.52906221925855,-
10.0,1.368407469933095,9.590440662813286,10.0,5.893333489156421,+
2.8169571366566193,1.176541953332635,3.344490845948458,3.7788604527698046,7.561101471852911,+
1.9047229764469678,0.7839781453078342,2.382390883077309,1.7490574719853538,1.8028675342229592,-
4.002200071942221,9.023184790599162,6.295771019656415,1.191934760323029,0.9564703531243446,+
3.76966315998196,10.0,5.9940390207814565,1.7122410498373697,0.10833170793492514,-
4.190258962788533,3.2280490200320577,1.3431172486988108,3.213219494366313,9.837787923193401,-
5.224458076151699,1.0440308641180567,0.24739770007348946,0.02937308114229485,7.42877715282285,+
1.5456910475215602,9.153125566324011,7.231023025855663,8.297739152264917,8.079514191989553,+
2.9977730377947456,5.8822617633601375,0.393024029038887,10.0,3.31361572503532,-
0.43153938595570707,0.4243051275824239,1.7148886741184888,3.577601614025192,3.006808171137263,+
0.2772728539182175,0.6319715128200336,2.063334778135397,0.5168259172124591,2.050714002635324,-
0.028816786119310045,2.0340714902324764,7.9931563166761945,8.632506394099517,3.995826658516879,-
0.03772294770963747,0.21918340487572074,10.0,1.219263343233772,5.291877034179127,+
2.9042741732043886,9.947096209023108,8.103409699187923,9.45556649302233,9.142701837252607,-
3.5647083702306346,10.0,10.0,10.0,10.0,+
5.0411244300452935,2.8820848481264227,7.700991621165621,4.014736325969494,3.6651137479263776,+
5.492158231907959,0.46323874694360984,10.0,1.121510875504298,0.13350635124170385,-
8.571150464865749,3.458043324450383,1.6277858271632217,9.143829421402232,9.765200489019447,+
1.6987977356452764,4.628449244370795,0.9022178825155694,2.628984337800145,10.0,-
7.633243174606747,3.2384930923861566,8.86080481610924,5.533195057776955,7.493919334296189,-
10.0,0.012871747795050289,10.0,7.236238706095624,0.7006468867999206,+
7.2090501775950555,9.01788199076276,2.7167222801415214,2.311317167479209,4.482725637750678,-
10.0,10.0,4.0962983570411176,4.150941678863714,5.197472633713461,+
5.86637891949146,3.830720526773277,3.523215648951216,5.057822353544714,2.2605832433548176,-
7.374944973736116,4.804226687334483,3.2549117086316377,8.10561154957624,0.1014198506521986,+
1.3145644227732323,9.76225301996507,1.92774177521982,7.663658849982228,0.46044786203804033,-
0.8337131465508822,9.88565972109009,1.0680253926498477,5.980074639656518,0.19716349851741666,+
9.920170047831894,1.1975653184121837,5.84719560021623,4.167997444857868,5.96215708050726,+
10.0,0.9134253458500335,4.873977915493866,3.3853884910884977,7.712778403252596,-
9.208657971669203,0.12319764704312952,7.76547187563295,1.7340057571462675,2.513473349941057,+
1.2957305076948318,0.061230849302023105,0.20229340877746949,0.8259459363206718,1.7585169003976568,-
3.7330224629513076,4.439742724130372,7.397283458655497,0.19595526870223812,8.527259056124278,-
3.4754628881550236,0.23363453106858006,6.667708114540332,0.09706707759923348,10.0,+
1.9395813066025025,8.992091281651952,7.490040833770437,2.2189120588371,6.094054601697531,-
2.234317970218568,9.189913111307208,10.0,3.6737356064936977,8.816922357115862,+
3.5511124685269757,5.074103703632991,9.742066734734339,7.346881624868669,7.8576744140578905,-
4.854839739635755,9.576770071522029,10.0,10.0,10.0,+
6.552536549309119,0.16853317760184616,8.222851258625333,5.898488197569457,0.3353784193855136,-
5.118238597591257,0.06073245007546356,6.682020642824481,10.0,0.1748905598219845,+
2.209947476174805,0.5703472971324763,7.213274458617443,3.227660116530202,8.451847421621885,+
0.11483311954721154,0.03153147404484361,3.4628701067061036,1.6396797553021427,8.125308436705174,-
6.025033804952096,3.806879883035339,1.0047066286923434,7.944283759821317,1.1599921890192821,-
9.364586147498692,6.284334643373595,1.5256546133720512,10.0,1.834771696103738,+
6.557015846126758,8.304868939957084,8.906459986568436,1.5247959125781074,0.5105770801553067,+
6.666512066112273,10.0,10.0,1.1185965988490834,0.69283126352978,-
7.081660182797621,1.5716988420855804,9.726739432803612,3.1941603310927458,0.8443083256553974,-
10.0,2.443356772393381,10.0,3.6502608904649962,1.3434164888533937,+
1.4703538955483575,0.9245912026155423,6.019051460006976,5.812793394652859,9.411545058111848,+
1.374319356511444,0.7244610924689593,4.293320103893093,4.552612914557249,7.924751355620091,-
2.008677768916324,4.047384816219919,0.9098787220392379,9.497495957035495,1.347728830469016,+
3.511100904706755,3.113254752331646,1.2380507321777579,6.606994071662349,1.0377195718904997,-
3.5193751669666917,4.314693160963068,4.5063309118527775,7.846378155496517,6.290755062350356,-
1.5540610668915815,1.6882717120556512,5.482453384949618,1.4732040210674826,0.3448000292334167,+
7.057082886704133,9.346874525914862,7.905712698064834,2.4727853650420895,0.3938624185425821,-
10.0,4.989354566009752,9.386976025591036,2.3229918951483475,0.7846713647110524,+
8.059859622914995,9.219845034518555,9.791654523292973,2.591974327858603,0.4571814192488144,-
10.0,10.0,10.0,4.067988780548347,0.6607224354889207,+
7.591224818377467,1.6779411687080104,7.186859006879606,1.467866499805709,1.6764805580755415,+
3.348367963722146,3.3246486391034944,4.056649477222417,0.36311796235204347,1.9203589359821858,-
5.357810861948707,6.573909538739526,1.5307294709227892,2.2349400034324765,8.258460956710147,-
7.85355197128332,10.0,2.166512590027894,3.3773689769135617,10.0,+
4.451806017604174,3.9895360926487045,4.222524344138906,2.4373237883272947,3.5321176185544756,-
4.140065164282216,5.075007071387064,1.393087519654061,0.9737448504216026,1.5171254367550036,+
0.5652107922188299,5.267418806777664,1.1041776186631835,0.9671505403766034,1.2010065892107313,+
0.15084818102378228,8.050912575744139,0.029793850384561386,1.361524695972677,0.9150557128446415,-
0.44169591300506794,3.627995503776126,6.439726529650475,9.322485468353413,4.448370208669524,+
0.22556633743508067,6.8035234929408706,10.0,10.0,6.1968700387670514,-
3.1894635199525476,9.253829624820224,9.323050330176258,7.5817928595138415,9.456119352556355,-
0.5283149890103617,9.017834329248135,10.0,3.2468834934757846,8.36257861893367,+
5.862618755245501,7.953426413195102,9.913089466015755,8.386814815552238,0.6013614714487681,+
10.0,0.547945196547229,0.7333098431723514,10.0,0.08447945351554685,-
9.458870926264964,7.367598121113331,5.246056649050612,7.053414284876825,9.199178189538697,+
10.0,9.306766251059544,7.339711172560504,10.0,6.1393270982218064,-
2.4032022817744094,9.077485046187913,4.560985074884866,9.487528162312401,7.150658022129179,+
3.0403719478346236,10.0,7.556024236539397,10.0,6.190001315626415,-
1.8874555239180846,7.728631278102416,5.810598540453615,8.984970565523838,2.771557672522743,+
0.6958734386480795,3.35626606751474,0.7683728510771402,5.122449507897782,0.21476670365950612,-
5.442649444405557,7.433164988228594,7.795793107626416,3.1045480402534853,3.1353128762405125,-
1.5812142156861213,10.0,10.0,4.3933624326375655,2.0161706290455093,+
0.5038894273826711,5.067179072407018,7.082546469382361,5.920416083615317,9.330830034151655,+
0.6957431357845817,5.840949998061311,3.7088907513048466,7.122916778618267,10.0,-
6.629988622852837,1.8438034617548016,3.8137696671528665,4.346205235177837,8.136432893512868,+
10.0,0.7087555039230257,3.30281176099967,3.5346566627545224,10.0,-
0.7851538656312995,0.8855592112477872,9.474460066086282,9.559146518706532,6.090044134145861,-
1.5080958893373786,0.48902747569808874,3.046472098464842,5.238508804285811,0.22887508329710454,+
7.8190939302082505,9.946891667400164,9.148138322733294,0.8885222215164701,5.418047474159501,-
9.531165624886508,10.0,10.0,1.212663494004684,6.820866422425567,+
0.24323531425329614,1.6001349941002674,6.663251647733101,0.8276740638034741,0.3152076164604112,-
0.2784333223477452,2.934144616431321,7.72090089205191,1.1751998415082423,0.553257206857133,+
7.6642880204953245,5.0840249306516245,7.046539715155802,9.252209457007769,5.146953396622895,+
1.7553894224539,3.5754174735703472,10.0,5.484473524867166,8.320806535341331,-
7.126581075368266,0.042253014430806424,1.558432434322068,5.945550356623441,9.582311121145873,-
7.03686407726085,0.07249177192162747,1.3830998487942985,5.638915145312628,0.6570361418772751,+
0.39535608605736017,4.7914502790889255,8.942381524962498,5.435961139662782,9.992699457314142,-
0.09309784072532505,1.9790324177929635,7.693665602587546,3.417021288754599,10.0,+
5.520581654272253,6.587983181490266,4.196755000453263,7.517317500601352,7.668885777711456,-
8.745205841661033,10.0,4.630411978128434,7.796666245623677,10.0,+
3.777201029406061,1.6789491593339667,1.9883863548838698,8.12765476964467,2.1411739229216966,+
0.11378097250553658,2.577849283153857,2.7541558517523295,8.430763203918984,3.0670628192104332,-
3.5456160839099904,8.918461468516783,5.5502968524411,2.4689233203467023,6.808878524512707,-
5.591778930552211,10.0,8.06658587656501,3.7260333633462577,9.85342288123214,+
2.4483236621069357,2.6646891299150366,6.151784434838168,3.700167210246673,1.5214214509223123,+
3.0572709243078795,2.4962022429184074,8.875919917624074,6.797400537555689,2.295047973430887,-
6.348230927644298,1.1190242098822911,6.429169820587477,6.101294678604256,9.713713223920884,+
10.0,1.2790604709881455,3.8817422823112278,9.368084320544016,10.0,-
1.8708967895146789,9.314562711136318,7.6876992421727905,0.5852453522095635,9.95569456763693,-
1.1380182319292045,0.5914676022423231,6.376942184922398,0.747066098275317,2.1804194174645857,+
8.139430852370035,6.8132969279531235,4.18112419510358,6.634398242396433,3.749168007520173,-
9.046732648448497,0.826264871843358,3.7326246442890096,5.066336946678011,0.8256942893288256,+
2.4539726114959324,9.892479691942253,1.4419745239467152,9.083039031341613,7.893430353877742,-
3.161965431414793,10.0,2.2411699775462957,10.0,10.0,+
2.0681616606968687,8.607248301304361,5.322638076425208,9.747921356338878,9.281492016768793,-
2.7939275881336885,4.879761875574903,4.089523362733614,5.6623799678804705,1.2937069763932172,+
8.526491933671437,0.13230465256664936,4.454315541524964,4.063884319831791,6.142733779935786,+
7.916452747064244,0.22907051994844066,3.6521934205137248,4.874022198374427,1.2715687211609574,-
4.804032087994341,3.2781299845254908,7.459692879773852,6.8124940952528625,7.154410005516334,-
6.218527742719421,6.06053414913548,10.0,9.44444015467251,10.0,+
2.4188638595747927,9.779289445129358,0.9584920364655702,1.4128876171292115,8.144373100771897,+
0.13360006862426554,10.0,1.057259618209835,1.6984073317650936,8.934999896904536,-
1.2082920113259121,1.6707664281994083,2.282000970888821,5.1830328872113824,4.945583980292563,-
0.050997462872145134,2.7842933422336027,0.3339518894695757,0.10334402678520935,3.947498614270051,+
8.444367026432516,1.8313469396906656,4.060456030428169,8.558299815320108,4.689765340084378,-
6.390872551995265,2.51042293639557,4.812837010315311,10.0,3.0052518411556215,+
3.5235100292956743,7.181796077972766,0.8177321610363408,0.39391563065999335,2.064622403702794,+
6.298465171377292,9.958499974407426,0.33157837771832777,0.7738099576215186,3.658728730832553,-
6.671698964937463,1.3660412028635338,3.9049933436890383,6.439623427757039,5.544200348138161,-
10.0,2.481818306035941,5.117071648063013,8.93953215206181,10.0,+
1.9552578671227983,3.4835477960770866,7.688906575443363,7.840841597109263,4.04554584597796,+
1.5360150865887183,2.0772779412341986,5.236623876239733,1.3946295394452937,1.6333939082229803,-
9.146917183089634,1.5254777521315188,6.3158727223566755,3.3283253058693054,3.36587489345877,-
10.0,2.9140750818566046,10.0,5.958580526699443,5.797126836709375,+
5.574531550315638,7.716987349614759,2.3717710707738804,9.170821319520142,3.1388609897295074,+
0.3822869343555451,5.3129385212241225,0.7633631761007723,10.0,3.2256166276888947,-
9.170374872847026,1.0591457650182234,2.4223205134534687,4.384967060908389,3.219837862716873,-
3.5827470572352778,0.6187525596409122,1.8047190771309718,7.093957259681118,1.6345227797992334,+
0.009893596291304929,3.829785169133586,4.680280596814583,4.769088196989571,2.872675052847163,+
0.0012704730172948212,1.6606173128323758,0.3048126980866377,4.374403758746751,1.8054558307941275,-
4.759284633348166,0.13321486920380599,7.195707772653757,3.262713587244109,3.922186788318247,+
0.8690931551889718,0.13635365904656468,8.027329929534917,2.4121456507124637,3.313445798890864,-
6.632148413849199,2.516166098771162,7.821230539808097,5.653520881977209,6.92088396749614,-
10.0,2.716585074211905,4.083668860380067,8.709129962166875,1.3922628947641642,+
5.311797597892019,4.211215814058223,7.927063977432802,0.34032707853403954,0.3793160067630885,-
5.941368563205913,1.67715170437748,10.0,0.15428434120010434,0.4229328654781509,+
1.1389112864516793,7.119141395861757,8.541653961772424,3.7328590173089937,5.37497007687636,-
0.8951788248476672,4.6968429128554385,9.41873767847607,2.7968584214727032,1.598019744053107,+
7.180740793664112,0.49230318915302274,0.5992927313134355,5.4921209920399185,8.009102429479173,+
1.160978485448349,0.6678898740605786,0.646502365369444,10.0,10.0,-
1.4464417474395364,7.221549159474795,1.7798179980183426,5.876254150744637,5.705360598599162,+
2.134874634195774,10.0,2.1725435540241826,9.001609152628276,5.2846634127603735,-
6.680603941373943,8.045719842788385,6.090011261570254,7.651272246438291,0.822700791318528,+
5.714559630164798,4.168101611097464,3.924971446101065,1.8064780554937647,0.5329163647418079,-
2.027390663447516,0.8243000185555305,3.9486974017595577,0.22949169737123132,8.331878507904797,+
2.9429487247784665,1.5290002124371571,4.536775086535055,0.40069661496931314,1.6392505157951098,-
1.2765729579293061,9.964905008960113,6.46610854327367,2.4851399895588,6.8579692512951596,-
2.497782302154995,10.0,10.0,3.7987371026673626,9.398729432681792,+
0.6468553828118784,2.3601159407454873,7.622134361819958,1.8061052002116829,2.9723316113042184,+
0.4095591577714829,1.0968318535565307,0.7484265112644568,0.8201092536739605,2.328216375123817,-
3.5265786195415694,6.9540985705005625,7.935277737840871,1.9449240567679449,9.861270992641195,-
4.891253389496603,9.708195972024178,10.0,3.0951179608949047,10.0,+
3.7793777270306927,2.6833650527267103,2.3970940544116672,6.4616117384627465,5.345861777690631,+
0.9404916196398178,1.3306403654162384,2.447408885359905,4.289792260846179,6.386307957092671,-
9.35550488672111,0.5799366438040743,3.2174335711827373,9.742879632282726,9.913208971747173,+
7.952530823527329,0.13655855253149657,0.050237527768510246,5.464011754635797,7.547947869637576,-
2.2696035303050275,3.995110386299289,4.319393624805585,0.20132225186715313,0.7311116869083489,-
3.2299698946817,6.24497612511036,5.680374965395193,0.3881012927868108,1.2509249084510274,+
2.102494108073233,3.590278946640222,1.628835925310158,7.734045204733641,8.747133087927919,-
2.8393590700129794,7.122205358374262,2.993610964904409,8.61439792274205,10.0,+
5.048913757885131,6.433821603643487,6.262839378247017,9.98884031924412,8.772130780137905,+
2.9333238899258274,5.141901481109743,4.149183089332114,0.7398135516337855,4.60091758452491,-
8.979693864100064,3.6021652964299578,0.7565802769075014,2.688379015447299,9.254127018079481,-
9.12537890706422,3.638474848566314,0.8090730213325884,5.171990471242548,10.0,+
6.606420645073303,3.8443961523322088,9.940874579354851,8.197238449861102,1.9620860335558399,+
10.0,0.10014680514032316,10.0,10.0,2.3037325332119436,-
6.2562927287433805,9.846376714457966,3.5650463854288326,9.980269083417964,2.4706124215550194,-
7.287900092004783,10.0,6.6047547267728035,10.0,4.439957737363467,+
1.9681034183327695,2.313221504349582,1.0544758837812085,9.712202405855434,0.7655204072367583,+
3.4908864929980465,2.0035861582739156,1.3431979885500458,10.0,0.8052208805780448,-
0.943377088510452,9.167112344758884,2.829969795692283,3.114542817400566,0.3345858334631624,-
1.204805184110607,1.9515802397785473,5.095191688135937,3.2017724343299583,0.31962786603422183,+
2.701689411698011,1.9661190392319727,0.4630741048449405,8.267311917893657,1.2294304917778598,-
3.5317294492848332,3.5078012052048853,0.35511201326445657,10.0,1.0832578450328398,+
1.2237433542732379,4.72188743824749,4.16517700030994,2.1342196385326506,3.4217366880998057,+
0.4127588744208417,6.687960873615314,7.002456311158624,1.8939376523286735,0.5547523701776079,-
4.327374708298157,7.545117990945453,2.4574723618713676,4.070320441227623,5.984821377684103,-
2.7865139453047107,10.0,0.27512283451426706,7.397228001739104,10.0,+
8.668855140722496,6.189779335545186,4.587974034913365,0.5042952548885182,6.346234771763949,-
10.0,10.0,7.6997747982653335,0.5366956044739768,10.0,+
9.744477109698158,5.575938633327466,4.924747880511675,7.519477988404233,1.781047571497395,-
0.5606719686253369,2.5513438513428475,9.297221778207724,4.563432605485697,0.3126904474015829,+
1.2057217687195043,8.239978670565938,5.412356550388498,1.3564416075005903,8.727492359855548,+
0.6741440627956452,10.0,2.2531004341806886,1.6735422472297243,3.6324805307478294,-
9.455054362999578,0.5753642039418905,4.546362404709518,2.276210229795179,6.779801393819824,-
10.0,0.2489096800908807,1.1084505536645455,2.058740070745455,6.1881938979342594,+
1.1596599878029146,2.186617059826342,8.576374091233202,6.452026358382304,2.886432209719587,-
0.5704577467105317,0.3633009864918956,5.041074963401236,1.5807951067399124,5.504565413215346,+
5.607230530705626,9.907063522290208,5.135210292542566,9.068655489043836,1.5034171039132904,-
7.717015442329173,10.0,7.982300763751543,10.0,1.6653553352284596,+
7.072081113085118,4.192646134690396,2.483350409719586,6.86279654601596,7.239090576510999,+
10.0,3.8257614217420945,0.5832182409520087,2.755687503511571,10.0,-
8.689644259656575,7.4111238492036735,4.8825684326180285,4.642293911506355,4.522060272031117,-
10.0,3.2726604650426565,6.476165655900401,0.6613753473623628,7.083020258131576,+
2.9278515622270507,3.0487913868794445,0.12428959218767854,5.056651518401026,2.288434425008207,+
2.455694895137296,4.007002831678051,0.15776454989396307,0.7156694988586857,0.1391684418494043,-
2.2769000576504803,2.076369203909918,6.584636214651239,3.9809800808921003,0.16343424359155923,-
0.3622557915893267,0.25237315583624614,9.808542569663867,4.63073526163798,0.2954733850570912,+
4.165328301547632,6.409434573074578,9.579616993102153,5.426185292017964,1.3408642848331254,+
1.5971897204103471,2.2335254695673945,1.6752959010583817,5.004029843526986,0.41274769901635155,-
1.4735229412261486,6.363391734621211,1.6070755692507743,9.166891489510093,6.723955703106123,+
2.6956135655284093,8.67256011859076,2.3721324001564192,7.017299900186681,10.0,-
6.896875926053862,9.020913926310065,0.03944910821895076,8.731028582155037,2.219751657574532,+
7.453010054254629,7.142800608317834,0.059771606885270834,10.0,3.188123958984733,-
0.19158793576773747,4.671092480133416,1.2912442207286412,0.5406360582591097,0.874500415677808,+
0.2979301071799581,5.2160024418800734,1.7561810894389636,0.6012496779347266,0.04766121024392304,-
8.824347393457764,3.071987228627866,1.3975122148270547,2.350697491958351,5.6665403411044935,+
5.390880054507942,2.8195564496790873,2.6358230319572744,0.4041172754696273,5.9381335838628075,-
6.518778761973144,9.250491605840947,6.039789188855648,8.692559939001699,2.027359028975575,-
5.470182463374612,6.507035752808364,9.398962781473708,5.090697422367528,1.1120298980622378,+
4.539378520914044,1.1232759773889567,8.858341988436095,5.3382702704069205,1.6229220121588128,-
7.715813420106896,1.876415564237297,10.0,5.802946433660208,2.873638902591757,+
3.9574791634766457,1.0244808074793599,3.7959838534117463,2.4985494334433236,3.4052821648821863,+
5.492774526294042,1.4009052801821118,3.763088674333613,2.53768526495567,4.684487137548198,-
4.684449685070261,4.145161510190238,5.285595377093822,5.791811172528519,6.218272064090017,+
3.9571844259233955,0.5087954362038637,9.456375501167674,10.0,1.470139603105803,-
0.9579108171345396,7.57300258875866,5.533954012894665,8.802510977349796,3.3232965226940046,+
0.27006551632999143,0.7440584135293632,3.9910319066034234,6.550063160194017,1.5880736030708655,-
5.025374426320508,6.814777947857906,2.0837665351765344,2.7414423866923423,1.6922307570309036,+
6.820384523246482,2.054667127309256,1.6368985499354887,0.5513567160479743,2.655367258436484,-
5.483947055929495,9.57560748990019,0.57076613083483,7.798100755655282,6.036849712427957,+
3.842793227728803,8.843741687990386,0.7230048552085804,10.0,3.908785876638784,-
6.359004121906835,7.833236448542379,0.8287522684467352,6.030394830445767,9.205860720772868,+
9.452603925822258,10.0,0.09947694616838024,10.0,10.0,-
1.0656766420139319,5.732627735001237,2.252446630310778,9.449667340608713,6.214750535280861,+
1.7552478469426243,8.662173351243723,4.16682988021055,10.0,4.279358692904329,-
6.253150423672884,8.300866924649084,3.4181577313025393,8.301030345639255,6.908443240685892,+
7.2941391324209786,10.0,3.8959349818408646,10.0,1.6571505293811244,-
0.5317788280707669,5.982379213337703,0.9622614516096506,4.539011387170174,2.256772093594118,+
0.3938144578302757,1.7585592261594443,0.5440626017121547,3.944451631900027,0.24327966711397522,-
3.083005906773897,9.99445946103753,2.7174912993642355,5.498513501472374,9.282763132331208,+
0.17632386301613334,2.5567627555643377,0.17966164583091673,0.40434832951613153,2.460007860082115,-
7.152103710648204,3.503114652239888,0.10704339506174776,2.761087229623247,9.62373077980092,+
4.941379027944482,2.8157152558123237,0.012576000995140396,1.8679479340267857,9.161562364486697,-
3.423721759428929,3.6192179535584055,4.796492675993356,1.216515146883549,6.725187302000125,-
5.4810220888353305,1.027259326327388,6.426976398253374,0.3245803248720321,7.657094970107369,+
9.751091975776923,5.329071460039673,9.56289581233413,4.312853082416941,2.020127981557851,+
0.7654833160882258,7.78232077246228,6.388293551487038,1.4372308325838177,3.3843586944456137,-
7.310664466397908,1.125511274866815,6.031047341004552,3.403289141806617,2.6023752333341976,+
10.0,1.53806301369154,8.167796393762588,0.8080283416894478,2.917119016055067,-
9.361192992867554,6.232723005906287,7.480341566068532,0.058346376515927556,9.754830838581773,+
10.0,5.070540761732692,10.0,0.0756251130597536,10.0,-
4.637010777623019,6.986608913500744,7.616446514922534,9.205087718389226,2.061518914394409,+
5.164160972395406,1.0398994361728346,4.261015672981122,10.0,0.940682906468932,-
2.4373049580203965,3.547412457447179,8.926398478552738,5.438690012846857,2.465796900804116,+
2.952507394572503,5.422546888026448,2.784731456591067,5.368164542377883,0.8355436356618896,-
9.636920260068504,1.4490962782110028,7.457960808962497,0.19193926348747725,3.708893067456025,+
9.973961568916643,0.9512942533416942,6.400647178443811,0.12840499481961454,6.766063436608435,-
0.39247463257765514,4.281531239828845,9.669293512861541,4.412537040824574,5.213757675705413,+
0.18178975233213776,4.182315041104333,3.678589410213254,2.1276668707099082,1.3772810669684545,-
3.5437869162292266,2.5054992912148624,6.348937143389848,1.7482205138487605,6.414224145352286,+
5.718900934791379,4.93243525722447,7.761077398063846,3.245222686513278,6.260422186422603,-
2.710618261199543,3.400509177295088,8.606106892056806,7.2396951358403605,1.5294849198793325,-
1.232770569764776,2.5430149811081675,10.0,10.0,2.879005804874599,+
8.784557148349982,5.730531318670671,9.214026592481208,5.5405903542080805,1.3081541627635818,-
10.0,5.196845949149293,3.205211723703394,5.974905665796658,2.4516608060120446,+
7.024571309070842,9.416848997435117,8.973059645675098,1.3259462509101771,9.510708442806381,+
1.857428188220406,10.0,4.549095924961626,0.6894861388129251,10.0,-
4.885923391795329,7.8367671917542525,9.529947112488939,4.297470049220564,5.349002443628406,-
6.061642008779475,10.0,3.974614456356358,2.8708139846655456,5.910679271450251,+
0.17042608577209073,6.180790807411748,9.791920452754608,1.7867386700030286,3.7879673327907892,-
0.223365126728944,8.891463352916793,10.0,3.421897759218531,6.991507774824509,+
3.580169756540305,6.504605332072652,4.631618549600515,9.732047306151504,8.629864018937441,-
5.143814976648782,8.401620035044589,6.28698328480747,10.0,9.959533461981792,+
6.6931278470429225,7.84853334347117,9.121070667643188,5.393866448360972,3.3687090303047973,+
8.395716420361312,2.888743642111398,2.4027648731256854,0.9041748416058433,3.528774878934611,-
8.433485664829448,0.7436093830907764,5.184248180701228,8.682956181931369,8.056329074663536,+
5.552836723621786,0.47754873240255763,2.429775247412158,3.35937901650134,5.627869271017305,-
2.681108131907507,6.081725347007094,5.10992272556143,2.990987709964733,6.8464111375339325,-
5.095832824764936,6.850726816585471,4.636673084988653,2.1621551377299624,10.0,+
3.3228243120315537,7.673478613538364,8.674887649057808,1.5822632456002617,4.795176304606226,-
5.146400647953155,6.556375448870808,10.0,2.748578441611163,1.5756437257261493,+
7.162859848734058,5.467231107793044,0.45109693214717805,5.118571378728783,1.8692605887108416,-
3.2221206645569125,5.446478057255422,0.366587588902067,1.0485737287814259,2.703923427867516,+
8.91220665153776,7.123309081410543,3.3388312035902565,8.138657949325749,7.242054246222544,+
2.0163782156758012,8.108230637016007,2.0406981348803255,6.8958113300967385,7.251753224450361,-
6.18558606033723,8.227987933705712,9.430569239288587,7.361906551713676,9.017032930432864,+
2.0789248005428393,10.0,9.610050985217947,2.2319912578517958,4.458281538551027,-
0.5597811137126785,4.917706346983051,1.1477656536044434,3.119925390584232,2.2008575047844667,-
0.9603121735512937,9.009052094393892,1.618039091069126,6.186748619836114,3.6940662085164466,+
7.547537008840514,8.019929012943173,8.439480395230873,6.256872913489072,8.000731414542827,+
9.973366596311763,7.206040423697116,10.0,6.960119169941281,9.080169151741876,-
2.6945753579526133,8.191810829172864,5.234488295845909,3.8081732418596417,4.970969579131193,+
3.622703515954733,9.547676370104794,10.0,0.6042337547775977,5.572036107254252,-
7.806159224401337,8.597307826979575,8.233585025785802,0.14309078233442074,6.604129334950697,+
10.0,4.02654501757066,8.533693001945423,0.10031187247080539,4.105912431782336,-
3.692372444641957,0.8092166788180499,1.739123838546227,5.852282192958905,8.581323652195739,-
0.2719335117391264,1.0493015012431801,0.003331661597719528,1.750006529227261,0.8969298085180349,+
6.848995789259291,3.5843637550638094,2.897144672712991,4.686857918895033,5.45087934540293,-
9.77672347793255,5.172269692435358,4.174924570458322,5.507799544054026,8.616597273101725,+
1.4697050315434579,9.2742590567246,8.86663870235974,2.4608868771101875,3.137491968674897,-
1.8599658729606303,7.571017103203281,3.988777964634754,4.100397105625567,4.762999551229495,+
6.9843873098456815,3.7129077830605874,3.9248209538475844,5.935673185526205,9.409758701415937,-
10.0,5.468675208491139,4.750081279974114,9.607526889555704,10.0,+
2.298268860184771,2.0283504893739446,0.568499921279012,5.808956819835914,3.5491221834872153,-
0.2863725074711721,2.519074360847165,0.17438637732966086,3.1266366592259804,2.8940964974858776,+
1.1777236707985739,8.532478023746432,4.047814266001433,2.871437595988086,0.8974034399018604,-
1.3337484468331784,10.0,4.570221351108849,4.801770328176502,1.3755414826688088,+
3.067547957051635,1.281132629347267,0.8135678485741626,2.452631126640509,6.1203378640866575,-
1.9486915917728147,1.2537557372794073,0.5723011425481546,1.30177584103039,9.511113107033182,+
6.663758254819295,3.3474368450227643,0.3512878480648274,5.756543355941684,1.300759453904241,-
9.134508819072598,3.6981943518122624,0.5112718124236132,6.654381051725407,2.3534273384048943,+
4.995083145871001,4.459154063655252,0.46359661703949784,7.788307429300758,3.855196051822073,+
7.529731410532324,0.02196745169198591,0.6076519390956614,10.0,6.165191052271906,-
1.0797785555074746,8.618656833020843,2.0354855049569496,6.603483940663252,8.703593080904739,-
1.354010908127328,10.0,1.6629267744479528,2.913889489728644,10.0,+
8.818773996185891,8.93866580335159,0.5300207314612115,9.54630948650783,9.780498078987625,-
10.0,10.0,0.5310656387131786,10.0,10.0,+
2.7068879166301283,2.0122832931956114,8.151224494148142,0.9684428037728365,8.21231941611435,+
1.5307920494528524,0.8599741418155125,3.147140391673918,0.6013927533378918,4.224299209831785,-
6.048132854857272,7.69351105918377,8.021761159575679,9.228219095937533,8.02741955385774,-
10.0,6.880670403249241,9.651055707035516,5.121365405109533,10.0,+
0.3904051400783992,0.8545755077855,9.577788360797655,5.6038196434487,0.5123197205669128,-
0.7127700967753201,1.0401994396629513,10.0,9.948646191797767,0.8227705124103651,+
3.1644254896711477,9.738766928524559,4.187196679220332,9.23970198233852,5.258175896806149,+
3.268088166730166,10.0,5.563154119468293,3.9333684793045434,7.605890707829308,-
9.342286078180509,9.158983838304083,7.985425685476946,1.333553763679134,2.3698537502063663,+
4.822531394129384,10.0,0.0111806954755796,0.4308243570548806,4.217500021340315,-
0.5580200575932937,0.5739857191946707,9.328142927058188,5.0192261160373715,4.0523711933471995,-
0.058877475968566406,0.8349617471495251,10.0,6.542047080300092,3.0570845155309003,+
1.314384900985921,9.645728194397146,7.330022929952925,0.4586140249276771,7.984247106594847,+
0.6245782544204668,10.0,10.0,0.7649186575355967,10.0,-
8.292791892977,3.9787632131712467,5.18657748140492,5.321587406478355,1.9145809947498793,+
6.075500957419732,2.2200327238131523,5.662563161047797,0.6495731953901562,3.4772006387631054,-
8.493616847141151,5.921068781858167,8.212652392525214,9.022563603421075,1.5975141445539076,-
10.0,9.531265198481567,8.422979500246944,10.0,2.322294899724605,+
7.655523225575637,9.168050523838268,6.420415166747563,1.4073679090173563,0.394674322585703,+
6.050672824035322,9.127137055168422,5.067441841500068,0.12658616945598744,0.37483789408975354,-
5.485097933501799,9.665954278008579,7.878443963620478,2.8437291204764947,9.582693589815808,+
8.578310987202633,10.0,10.0,5.155806906272064,3.3421869365829004,-
2.9117415717735176,0.1656216368625718,6.431518818373762,4.480353594168077,2.2386103301709293,+
1.3972729137203315,0.017772090131475446,4.7848717384545125,3.5641166657031236,1.4699898638849582,-
0.21486917550218143,0.5095836702717282,0.35847015091710066,9.77019059205484,2.8740694228343022,-
0.31076887809652337,0.5967964164554084,0.09318164110834354,10.0,1.6525865752087476,+
1.9007808213527433,1.2918446784231141,2.4676283854203183,3.3341217284195213,3.1054235190239954,+
1.7231202406963522,1.2631682836063265,2.2525480911628977,2.5952438688773127,1.98048941225812,-
4.391791646485092,2.2264603304069377,6.352362003901796,3.0061743645638597,6.966802268599874,+
1.5329216766672908,0.3494081024398909,1.6904398804942664,0.9022349058953817,6.491520854880154,-
8.310633463303954,7.961973038691346,1.9261608065858793,2.9798696058187257,0.7434539502153492,-
10.0,8.406981093500647,2.4092412419742764,4.734195043125477,1.425907437831816,+
3.569851044149499,0.3866513465730437,1.9431062806475219,9.734083260172072,3.853915004543861,-
2.104974670915336,0.09004851999713494,1.5305575897673214,1.1633225568298822,5.40035782829165,+
3.455526068422082,4.924908131675499,3.386281065229574,8.776008102512181,5.642313542412779,-
3.8340718857770346,6.403983525939628,3.431001641863918,10.0,6.496447908452496,+
0.6782668794959901,7.723902077013856,3.665369014358675,9.451771384462536,3.8988953371876836,-
0.6356128942031585,10.0,0.38766793444087877,0.47868070668877044,3.6317352181168876,+
0.8361819825112926,1.2738940437947577,9.97674705693791,3.050599411863973,9.093255806432131,+
0.7272123976100395,0.17193555878353287,0.18103493084256833,2.5189924173075773,6.35077712359823,-
7.75877718646623,2.8136242707624106,7.950027208851742,0.6903369897780365,7.375182879955883,+
4.098590822931685,2.425822184272402,2.0094767704585377,0.2644279363844014,1.2454141785217736,-
0.42086800516478284,0.47827339835026406,4.308429674500004,4.4824865114334544,4.2462210945006165,+
0.3316544691698599,0.20222120036606955,0.7997370023494736,1.8987508550559096,3.6247888455133768,-
0.9395553142838176,8.285451699260042,6.958080212080803,1.6440203164056988,7.909219856288003,+
1.8767665884224753,8.611881323389158,0.4846201739665145,2.854651311465601,10.0,-
6.130629201993387,8.109016745422943,3.5818803661450827,7.560925218552209,3.138809867105733,-
6.815565516684632,8.65742454208594,3.650225188270435,10.0,5.509137349150597,+
5.352680987092713,5.550724822812959,2.9509078455753013,0.6384821694952325,1.5532807768522283,+
8.388620026672994,8.501129322219052,2.7495653578092907,0.8075315368140149,1.781602920963322,-
7.606547497563433,0.0592117208121834,3.206251428267622,6.962269057562894,2.2388373685136442,-
10.0,0.06657044402093942,3.742434686980853,10.0,2.3864354497497624,+
1.2951611831096776,3.83774366440917,1.2035199328294954,0.03439692474215161,5.765148947009776,-
1.8010436885147114,7.16568118031038,0.9171303390961137,0.049262450798010504,4.66079658116489,+
2.324964104659566,4.479681393135629,5.706077360595212,7.20803874659137,9.106091197925704,-
3.4570130416591804,4.168196149756486,2.0668724945486465,6.2534004661002704,6.80772403391373,+
3.2964631529788546,2.412705943796125,1.0977391668536196,1.4628646055288308,9.393356417015378,-
2.7520959584788516,3.1678657924090654,2.028506082147423,0.17402602959229913,10.0,+
1.9330757366795415,9.914609240058574,0.12700657086388234,3.8080949548332566,1.2539434597687282,+
0.7446465902044512,6.945238197175493,0.08646552461053958,1.5195126032047537,0.6203799552183622,-
8.390569963696118,4.846093196136309,5.888792003022759,4.534238418997854,6.517617743323935,-
7.7930335561181,0.2295748132799543,4.430648799874664,8.895204275235802,3.4684735509811455,+
7.161723384045086,2.5318568511996977,5.572617816187528,7.97146911251133,0.07313480507846304,-
8.913219418554544,3.360495071525798,10.0,10.0,0.12282179176806206,+
6.922323680003448,1.5254556654366624,7.175930831504187,9.15981095843794,2.2565279592792553,+
5.348960379406272,0.7480808708710895,6.77075753296681,3.3067963107193368,2.1359348184847944,-
7.0954859370414205,3.5286553811408483,7.791631077071638,0.3436006297326055,3.9418806210210033,+
10.0,2.597151156751952,10.0,0.6049544735872459,5.4228589310618585,-
8.915144229236041,8.146922219616561,3.2402789495241837,2.122497875576718,6.968722765280591,+
9.292262326245636,5.368023980131566,5.708688243753854,3.8201586686322395,10.0,-
3.323862741988306,9.837337783493549,2.202708827256723,3.708421290801851,3.0249280515381893,-
5.549360170562898,10.0,3.524523321136609,4.393163475922877,4.8604073910129735,+
5.9491372746905755,9.962753209084166,9.211935080252934,1.2843701232288696,6.081751455375258,+
2.2618056291220188,3.726387519466657,0.18429201957120503,0.6564580944412645,1.4291420212435781,-
4.513600296708971,5.0164335120274455,1.3344849504343193,3.9532089843961824,0.4000449567016806,+
3.3085920730354577,1.1998048460414141,1.0418728810961524,1.6676454769870392,0.3777700956989106,-
5.575252723743417,3.2384592351014807,3.943105585880682,5.381719350624828,3.8202689193366957,-
10.0,2.498162756101071,2.8251908104842975,0.752657055561733,0.13403540958800328,+
2.0282549860507704,1.1862715447775107,6.6311562810055955,5.826171483981067,4.281902104486937,+
1.7486529237765343,0.2772882464704968,2.7493824273420646,3.847415648111562,0.8955738871995184,-
1.6763807716589763,9.335554958898776,5.694723835374337,0.12422047899538491,3.2809111445794246,+
1.394067832690517,6.6827674915528235,5.621529556547883,0.036652629393014495,0.12935099857311733,-
2.3092416932675084,2.60855689449486,7.179607599968656,3.8738600629011866,1.6775323721820867,+
2.259109607161819,4.424015228142309,2.7134780463744854,6.867259538685039,1.3722821297398586,-
3.310109841257911,7.891684296087879,8.411393880805134,2.473576468560148,7.204862086609255,+
2.464674210028663,7.613118025817189,3.415662205390619,1.1728550884208768,2.2991635239183075,-
9.097727384706907,3.077939786405135,5.885316345578236,3.6235794503273655,6.059122871204851,-
10.0,4.697567076851,7.1710905421726565,3.9507831203436505,8.085231462203277,+
9.910968704895613,9.369198257187344,6.073122082373788,0.7403719858179969,8.62484483627936,-
7.59235238997158,0.9522823624647189,1.8648247003679703,1.2067789180220314,6.907171206287434,+
7.283897615745973,5.632601941470591,2.394782529697257,4.89172273523518,9.277042507344259,+
6.781692662843831,4.905895552905953,0.8821840595457286,1.1164100047921905,8.569520990482149,-
3.81932669951889,3.0016564138200605,7.891749189305852,1.5932763864255761,3.617491332814816,-
6.254648580810131,0.15461211624017618,10.0,3.038222547711703,1.1682561834948664,+
6.6751462122879754,8.934853944013827,4.0600458658648595,9.496112722621481,2.93910353999295,+
10.0,10.0,4.502449237063665,10.0,1.699211266036917,-
5.01698735531931,9.637369078583491,2.2128405146947596,0.5727832373134079,3.2590174526415003,+
5.727300218716138,2.2377832891991,1.243790560302121,0.896464305743972,2.8343042462613357,-
0.691597539197637,0.5842870662215327,5.175554300017361,0.824229053259059,1.2703921418380726,-
0.2957379690796131,0.15186460379628075,9.208359963551139,0.6978179445254551,0.011619688275743537,+
5.919414780115836,6.398993230099408,5.502514364781124,8.426124533669281,3.7747298492663495,-
10.0,5.376363044467099,0.37139695848540677,8.614265762514448,5.929925736829039,+
9.095520901761835,0.3319591212398776,0.16380353165251105,7.044528238708462,1.430973986260593,-
10.0,0.42581676694071124,0.22127247138731967,10.0,2.417999651800395,+
2.866751287974626,1.0839647349358772,4.243516766520549,6.354294376503908,6.095401316632501,+
0.035817981970746156,0.2524079132777028,5.777770137644202,10.0,4.307596439608366,-
5.654607353612606,1.1771655242990553,1.0759513591926617,1.5415649118196262,0.602328160265746,+
6.7865681842367325,1.4962170026774697,0.18838999425102668,2.3579771030916628,0.9556466581734684,-
1.9508683214069267,4.833108394077375,5.935660084547497,2.3001031486295496,7.3328238855823535,-
1.7728454991936182,0.7582604818198995,0.27245669137459455,0.953609331985879,10.0,+
9.302064147610485,0.506349076856748,5.236233748816456,1.291105610361617,8.55859035937664,-
10.0,0.8611942617252392,10.0,2.3131304506822743,10.0,+
4.822926167033955,0.42820824996255835,5.897252631292913,1.303403521651001,6.744551740554501,+
7.746691350181711,0.7385977701757463,8.91094032301754,1.569792832681931,2.1646999807496403,-
4.361281392262729,5.37531325202973,4.20785661653968,6.660213856824767,4.417371123735765,-
1.0589201049483692,8.245190676333808,3.329156201731552,3.478364314912894,2.7821681470947297,+
8.434424375379049,1.450064634119801,8.463772675008386,8.6285395795803,5.139664044831998,+
8.94863643273449,1.6056142436145182,9.040108996988604,3.9691400088227136,5.749125261471722,-
2.8812328945751107,5.235535348290817,0.2559301000564185,6.549101966235571,6.016561908141835,+
0.4486661265501763,9.085012959379775,0.47191080636822996,4.09252519423039,4.1516418770319055,-
3.3427000638087714,5.388022267814243,5.562798157978744,2.931399835676997,9.897906681931183,+
0.8865648706343608,9.661435211466745,1.7947438346342963,2.438342955260668,10.0,-
4.7944888536337675,6.404096316583207,1.7655378310553393,5.122850931394247,5.133612829315998,+
4.806249032169718,10.0,1.8977164132060382,2.5772906267941402,10.0,-
8.505379774377774,5.17869723579584,4.305356812004312,0.11010945187179932,0.18194437202242342,+
10.0,6.61202149657565,7.397454075181333,0.20780269849387162,0.07941800128485295,-
8.476785937830734,6.553535127743092,3.4697048535094774,7.640710049850262,7.383013051599731,-
10.0,6.600208124453592,3.55482627457437,10.0,9.183244495383036,+
4.309803887009409,7.729463152146462,8.15422118077108,4.837583739186568,1.4231329678452975,-
7.272063029113071,10.0,10.0,4.863024189664602,1.6205684933597888,+
8.466965812097788,7.994654408338389,7.807948025548155,7.671984103813485,9.926425132073234,+
0.2712532619550019,2.487651997629904,5.234974067307575,3.013366392634532,9.771320338399457,-
2.6400856073603975,9.936346451833034,6.80082242631999,1.9444434483965656,2.7303651886874625,-
3.865323487217372,10.0,7.852295792892108,3.7703516023151065,3.0462655369779545,+
6.393115679814635,3.1729371116470317,9.746284410360918,0.6037334057102195,3.9267127951344727,+
2.7275571240159513,0.9193687739551037,1.8275181162998544,0.49093362841227656,0.04865118557241396,-
8.90418380667543,1.5330705333000605,1.5868019253044174,2.0391095953359164,3.44610586234933,+
10.0,0.5964615633406107,1.7653246343544002,0.9604156151878204,1.1079419691863752,-
9.642748162458332,7.149731984184494,7.480735131959982,0.8619904805900369,4.23666510331633,+
9.565561102145411,3.1127479078060403,6.735775002603458,0.6890835635456897,2.5578201328991783,-
7.0893846286215565,5.653739278811333,4.064033995617976,1.1496324373286648,3.820871615679665,-
10.0,6.817516870896645,5.246487684231681,2.0507848649488944,4.763411351838209,+
7.825542685335347,4.596443620875932,8.733301164780752,1.516372868893291,5.131838309334738,-
10.0,5.280359328932511,9.240161678487075,2.586560387141355,8.481505898018805,+
0.4161116268379539,3.5323055293442773,2.6080377936740753,3.828530123009859,2.510183942238684,-
0.11219533879352757,3.625190964435456,4.951189600200149,0.7720490914267892,3.120657671307234,+
5.0129968104414155,1.8232927802970722,5.848149650894624,2.5480670293826857,4.664148117937216,+
6.8659267530004975,2.423371420657944,6.833458233721738,4.146421967680505,2.5877777946363736,-
7.797379054877238,5.630257140209953,4.555654112303532,0.2677340759117375,0.050196231836197036,-
8.277293808806819,2.627816031582729,4.2479760851719695,0.2483526121549457,0.03725997955520948,+
3.987905251149231,9.01103379990365,8.1941160588473,2.840234240139472,7.6837424562057075,+
0.7510200613281901,2.647984119905449,7.028724161164872,0.24611559871767882,2.7368900830497487,-
8.254360492025656,4.182927070176583,3.0488828696747894,5.362421524878713,0.16436087205884298,-
10.0,6.399907502982722,4.015586589288994,9.935015209261934,0.25883386067321323,+
7.076727619866335,4.352082130612085,6.012602632801032,4.035352426836624,2.654532116231232,+
5.9597547591955236,3.813082063937671,2.3400712922387568,0.6851467832775037,2.924661543893424,-
8.695072312752977,7.011331833120131,7.105985141206857,9.894770739398831,4.250121248225454,-
10.0,3.9491326942767193,5.466729098528096,5.182826627478067,2.1302802729878083,+
2.0408513121687246,1.019752362407489,5.221665136536965,2.8042819590968318,5.25534585279754,+
0.2643811062581502,0.2934821857200618,3.79591397581861,1.463726424478188,3.69396986580326,-
2.5275084729365216,2.8530447013284976,7.4262416578450985,8.14747103492883,3.759933002002951,+
4.976481849131933,1.4780973096229986,0.8555149783318,9.390743066480217,3.5132931733105477,-
0.2704583902015245,8.400070257395788,7.508060102686257,4.491332385834705,0.7352267199471496,+
0.47609806831557516,4.0705428977211,10.0,8.187134419082678,1.3487501106188282,-
8.925815027117435,4.947098251309593,9.700400197263956,7.808414426701978,9.275463908732805,-
10.0,8.626972004960006,10.0,10.0,10.0,+
3.4604365105229906,8.680802688916282,6.90369290368026,5.462012586020829,8.188004851599738,+
3.3678738348200463,6.995721310980633,1.14660547846521,4.807455038812547,7.281006407596419,-
3.076992480278271,9.167444696050238,1.3721268667047848,7.557111434697323,8.782047591022437,+
2.9894977909250753,10.0,0.36881515730138786,10.0,0.939491451720013,-
8.539244407590974,6.9156002514966355,7.040188739643689,3.1937699013358922,9.208909479418045,-
8.851796512771168,9.21935968573954,8.217364572179378,3.680637755895137,10.0,+
2.1133275821619266,8.48721110325551,1.5072710260606148,8.065987796246175,3.090739719762645,-
0.3684606355446525,1.393354413721873,0.34259963253089143,9.028748691924148,1.0640006052218698,+
2.6257148637200656,9.014450396629588,7.336862972261276,5.514691348223783,8.262669837360345,+
4.393204469308001,10.0,9.925980202939886,2.3934760393543404,9.972131398951031,-
5.28513063450081,5.212089500334071,5.774663823906892,8.691875838738786,0.17022240418809842,-
4.314225261110488,9.293208817749699,10.0,9.564774222485697,0.1270956721551479,+
4.880312562984557,0.29526955881136185,5.265953429814852,6.276402798468257,6.459388627063212,-
0.9554904294196678,0.018413559008794853,2.0140231267589725,10.0,1.3631415080727056,+
3.1561205287070173,8.14072130302026,1.4985709931325608,1.9923708206808954,1.097886393611106,+
2.498467703573233,8.269642394290766,0.046572788443008196,2.20695627547948,0.24598060040026948,-
9.33057402750412,9.136832018625748,0.5103095544887759,0.9898044836405073,8.191865843340077,+
4.358243261004642,1.2364384710569363,0.09379088056905191,0.755208410801122,6.213514027409977,-
5.904649491473917,2.6001533911053287,6.125334043189862,2.8179535653543244,0.15451022892493116,-
10.0,2.978601637327519,7.563764644455313,3.4769171257447007,0.2224117552098071,+
3.5497550230042663,6.275030671209343,4.756702897709716,2.0626558042411736,7.100732855647736,-
4.004506916417893,10.0,6.029833527621822,4.1212253585287275,10.0,+
0.7740276225775822,1.4506345922841013,9.497263259573845,2.5392830478583264,4.873126515297921,-
0.2884612729671049,0.8778927482021527,10.0,4.920936423275646,6.709684117630797,+
8.521678364426633,6.087402524507567,4.544522210985594,6.934395439988056,5.41075158573628,-
2.010842089229724,5.22473758175306,0.23070528589629485,10.0,3.4700581111282585,+
8.362777856863365,7.077625710215713,4.3162795497488915,8.468446098797695,3.744451926364125,+
10.0,9.232517167560713,3.51729475203802,3.232084810094464,3.144067580493947,-
1.7401149894691514,3.6779221585459054,3.9076371379600907,6.201960082506819,2.7535912357640746,-
1.215239800040446,4.269105813909486,0.7421166335612609,9.774911292145626,3.1368747843669835,+
9.214449261597029,7.892697199803954,1.1742785010249535,9.272516486181452,3.0875956637471456,+
10.0,10.0,0.8337394734421466,1.845989259654368,0.4068247627001286,-
8.056663542306978,5.496118056983179,6.115510318323949,3.7622252981078184,2.6040522605993077,-
10.0,6.214171714211258,10.0,6.490073197023449,3.8831890922453516,+
5.6555660383345785,6.2357936767858755,8.890767724646414,2.472508754559972,4.240272172560383,+
10.0,10.0,10.0,0.9424497774808479,7.38126080316724,-
3.8212388073035495,2.6262758791304694,1.4893408716036294,3.1543436325129104,7.646475124978899,+
3.1186234145997576,1.9155005468516308,0.40762524666194744,1.6604130084397957,1.1424606674787143,-
9.012239827047768,4.077274596515313,9.715541539478185,3.3224896430304227,0.07174190162263727,-
4.312308253762008,6.935474881688225,10.0,3.6331756967407083,0.04122503540032761,+
3.964461975554724,1.6655404119899386,2.187941839739543,6.067897760560145,6.178775528343698,+
3.0497433289682245,2.1541946350679444,3.6773260191025736,3.006486719410732,1.300631269290744,-
1.3910619111287004,7.1090863413051935,3.1727150545588945,1.856744546431347,4.756120441976681,+
1.2426429774688008,3.6100190272334234,1.242402464981065,0.2178472015579855,2.3406091380793725,-
4.257969140055893,1.4053556889874408,0.30262775558776656,2.47190542894699,3.411165987351523,-
4.5824453833828125,1.1055272723237708,0.3009297902457158,4.092324590726057,6.410997802225335,+
6.430941143143437,8.935201345027862,1.0358103202161284,6.663202505706122,3.4953712417333827,+
4.95118882986492,0.15511758047510474,0.972459453786414,0.11845632558649791,1.5541561334698697,-
7.792862075145606,8.315034211304877,2.5242575085334504,7.566225501582066,1.5041034642447415,-
2.346913363690447,1.4921661091915042,1.728110675054007,9.628491248472614,0.5569446980577222,+
4.40033064416874,7.536608484045374,9.482624702627682,3.8561470714555712,4.344515550080223,-
4.762422877151676,7.108249405581642,0.20588217294958314,1.3161927607675388,3.4742651564109694,+
2.5057214719123797,0.8063640617645451,7.035979920160292,1.754972522329501,6.59316015420523,-
2.166152286024735,1.0590124617388421,10.0,2.143476877025401,4.81528620806906,+
3.7611566535369745,8.582526669728024,9.704386777753983,4.687066588952458,8.037703071257999,-
5.335990481610979,10.0,10.0,8.95081845680204,9.136159182656993,+
0.6575390912261869,9.792442796968556,7.833899086926972,3.881082175115588,3.5597148868077113,+
0.02136404188271918,9.408478912741632,3.5470867294373547,0.2673517799307434,1.9567841918119115,-
9.832601280203404,7.840665823189347,0.11502021821254815,8.039718238883353,4.982241690145281,-
10.0,5.6140813565989385,0.21568418058204317,8.349846791094183,1.850313439733123,+
0.333860350606513,9.460311596466466,9.26788521465946,4.865553526957784,8.489512509473972,-
0.4682793010315023,10.0,10.0,6.2863523434828155,10.0,+
6.905638567333394,4.279344863841504,2.1926358420257843,4.988668741841204,5.8626573376801545,+
9.78269810793808,8.064777836752777,2.9422085379471845,9.624513278075671,0.30028292732814454,-
0.7763593319580009,7.499907429006578,8.001935222914296,0.5169220357834114,0.924771280257104,+
0.2869788490493221,10.0,10.0,0.9992560105352767,1.1075363215228051,-
9.73752243243039,1.9809241835484803,1.550714571390187,3.4576601803224616,1.5353120880041438,+
10.0,2.210661705107067,2.6855887691399345,6.247442814228359,0.48138552529644907,-
9.366917208708651,3.778308788315824,7.010117713272496,2.815736130047993,8.25592786293961,+
10.0,4.993082146804513,1.1336142471809456,2.8506153466198954,10.0,-
0.2570130331830811,3.459476445206059,9.670970940515163,0.8568561129675478,1.1318637963555722,-
0.24031602980044678,6.462238706205124,2.747542107119143,0.524623836196062,0.8442461600693819,+
4.678989067779754,5.362635725242466,3.9728867826793035,0.7752913678078255,1.6034162582352218,-
5.905344377293532,4.8557008827466674,2.49421854875878,0.3088194182029154,1.1260800885968008,+
0.972358148676209,9.433282139163001,6.266468056389264,9.943338659350566,6.529166357995799,+
0.9424578685493029,8.287963277673978,4.291512372365768,1.1783159938588905,0.39948217732681135,-
1.7762609640157012,4.83957297312644,8.955244775886278,4.275399989280954,7.129582464323403,+
2.201409618007461,8.279211399087696,0.8869303559777553,3.0286452587657062,1.1655422778855669,-
2.859703791490226,1.935261077873418,9.005073669940913,1.0516824294343174,6.113411528575568,+
1.4436738732557741,1.1898058380685905,0.8091614905938245,1.287344823054158,8.846550965018315,-
2.7962646360912613,7.666704893962667,7.577251071290294,4.033102646831931,1.1899206161023612,+
1.1645818592290018,10.0,10.0,2.6628976674536804,0.2551431643058354,-
4.589979865123666,3.9094355769115117,9.732183181931841,0.8635694003575434,4.650126264166692,+
7.500959027587711,5.595222424365275,8.565885007666129,1.5330087688922733,6.548577469174942,-
0.628042031965671,8.42427332052334,8.361574613111864,1.1696542706601232,7.294101132824709,-
0.9433071205377729,10.0,3.7502543708755365,0.8061998077991598,9.480831674968927,+
6.5494006302469945,5.031725988849171,7.751024361686013,1.6824882519012163,1.079484347165235,+
4.251376526599672,2.8915152126344514,6.40965211825736,1.2002712315662327,0.12310666289266194,-
3.034984124657197,3.2832855019277964,2.7124477290093365,4.733592746410437,3.964399429854142,+
0.8061296946938008,0.8898095481366481,1.7038275020797864,0.9479190198392169,1.3461439405011888,-
7.39640485723206,7.429992900844413,6.440743090861774,6.931483822078589,5.250893876556393,+
5.150753280489277,10.0,1.926361470148027,5.089497735492309,5.33071818787918,-
0.46053232597771165,1.898643084945395,0.5847971525476381,9.294419417906553,2.778547213121527,-
0.47687799409298465,0.9659912695143077,0.20101873888612617,3.6140587044380013,1.1459609292046182,+
2.484367231896697,6.746244683315641,4.73476452240552,1.093170819143311,3.436509933947028,+
2.2931580227563164,1.4728396297854307,2.1367537260479095,0.3066483007081599,2.701993158140577,-
5.611026418868716,5.4310475143001105,7.872654258474059,7.503389906241489,8.752587202460937,+
0.6327442856218461,0.11387929078681004,2.567140161283536,5.139302064586296,4.299000382012513,-
4.769385188633853,7.345479307538948,7.188864314990431,1.790432989906452,3.9295934193282944,+
4.345890391856208,0.7024718968815407,0.6135139217077924,1.1072354443342973,2.524136422068707,-
9.432094837379498,6.673269899559422,4.716903807437881,7.123031348254964,8.478950751537292,-
10.0,0.10102160178460458,8.658205281166284,9.769287651359154,2.2483504880437537,+
4.600218391343157,8.565675081220158,6.553804972150473,7.759744425660669,6.806993125595287,-
4.6249482205727235,5.861092864865489,10.0,4.240150920722977,8.976044531429224,+
0.3887876578027305,9.576979435554069,7.301252462097359,1.3482902794581275,1.964030934224914,+
0.7105376347139205,1.6345422507649194,1.531005651255643,0.43437040003220695,1.9229481880026258,-
1.777341395104487,2.8810303565111406,8.087154835826247,2.672895189380192,7.994424355835408,-
0.2517090944144951,2.4202811542939875,10.0,0.22409294597581034,0.25163662677795157,+
4.71950459816582,7.895305529148463,0.6096135215112686,0.43120099805616263,6.6896884572493125,+
1.532442129930733,6.607106909231434,0.4803076308014022,0.7486209022554564,8.190471449728513,-
0.33266484297988286,4.007844482913772,7.112690732411435,2.9878993518942387,9.596191665628876,-
0.04744519026434137,2.945015256527767,8.094107104194967,1.0335953163992084,8.10846802244596,+
1.5006248514208964,7.260877507207533,9.8013128265428,9.051863710951878,3.1668907367534596,+
2.9572458401161414,10.0,10.0,10.0,2.796873309552354,-
9.346018451851588,8.94599852860799,4.397432109434231,4.094710882158882,1.9320973460126423,+
5.484690112546072,9.222017321126529,8.047862686694383,0.8783744011789835,1.5423412944157402,-
9.117683951436602,4.844610121370161,9.228807338713684,5.352779709050532,1.6177226750751994,+
0.39983590246711276,1.2303689184962967,6.099201426748141,5.309050388394066,1.02285859796568,-
9.856210976436646,0.5074625202231542,6.48667427951017,9.927642283170893,7.07182248295993,+
10.0,0.7710875091813951,6.534733830457322,4.300800464260276,8.44477473752768,-
2.814763514840808,3.9318544344813167,5.694434407139891,2.389659107489522,9.303314490077454,+
2.8412222441253605,5.092258721435892,2.7665578167460088,3.117088513711549,10.0,-
0.7062116966194065,1.4567144326364623,8.067089880886714,4.886927099441065,0.3443446386934257,-
1.0918832967523107,2.881444868562805,10.0,9.473951106486885,0.4570414647456862,+
1.871599404372315,6.939163062349223,5.5186281069330985,0.18653642031737028,2.437909763110573,+
2.066338116390416,10.0,10.0,0.07819671025146077,4.010026433570863,-
9.637252167112571,0.523914175829473,5.883683332859261,0.07781075895915923,4.545018997981924,-
2.002745295843141,0.7871238111880926,3.279176590144775,0.07890887781093373,8.306625776834638,+
1.6211415776754734,3.7094768228668973,3.6809515193275297,2.557185649329056,0.06547936317370828,+
2.2313465442587144,5.5026590082463605,6.865487524622653,3.001298532385482,0.024923635568372057,-
5.325085595060353,8.17508742027201,9.932988691259268,6.017205831443391,5.098477050848804,-
2.6286531901228822,3.8046931467672227,2.155181667223907,3.898633734512342,7.617589958138112,+
9.535372747218208,4.89554156621819,6.395016689213977,9.117361139776783,0.345185030430718,+
10.0,6.211700231432521,10.0,10.0,0.02317430496515962,-
5.160692159151847,2.5099841366928555,5.263231966131274,4.868297482182802,8.65697285553752,-
7.736071801810269,4.340717625515916,7.175190656563722,7.854548916526097,9.198742102338008,+
5.7379025153561525,4.231208116205726,8.669163582616767,2.6757247177408097,2.553619582953932,-
4.236048315683745,0.13868544878186456,2.810083854804786,0.08053807922974104,4.418910970047047,+
2.614591826021507,3.134308976965717,6.344830564308853,1.1632975675225254,3.5200536621182463,-
5.190609247808747,3.9037072043021093,5.9655189837122276,2.061239745435901,1.307368590090031,+
6.15194295884975,3.2908436629408433,4.833011355390443,1.0358518806735695,4.867626261142125,+
1.4307435504934558,3.9086720740645746,2.5931040698334837,0.28722859216403485,7.950718028256765,-
8.413361007719384,3.426227987188338,8.454773704289961,8.873871435221467,5.193056150400742,-
10.0,4.0638691198579515,10.0,10.0,9.18439868115513,+
8.312288208072298,7.473687356277078,9.417748845462897,8.809755335717007,4.685183486087193,+
1.5910541072898552,10.0,10.0,4.0236214836100785,0.7940636327210717,-
1.021914983438732,7.760347903895574,6.233614527963489,5.238959125574136,1.6904217874552485,+
0.6445758022009089,5.906168104238033,4.776653488019274,3.125296203168488,1.6035272740263309,-
7.503042008701274,5.6345545853132535,1.9940857940849621,6.0876534715320645,9.75109130448691,+
10.0,9.323950916732409,2.5809777844439203,2.944513464000468,10.0,-
8.842878197563415,5.510112463673033,3.8982656378387848,8.432557289964045,8.052731439892618,-
1.830447474808644,3.7615303155734336,3.741428409572721,6.585067353334275,8.721861853785793,+
9.40060461874246,2.4671461478523105,2.3740469011670164,4.858547517998918,3.34409112677546,+
10.0,3.7144336976782397,3.638629905142441,6.07624496460375,1.1109982944634271,-
5.755101193152913,2.1480773598019787,9.256178636656971,3.513708588899375,8.26893581673316,+
10.0,1.9729077103457038,10.0,6.026384232542794,10.0,-
8.299185784767086,9.2130678496507,1.090921969676928,0.9285691066084123,9.723896038750919,-
3.279023276102668,10.0,1.8225274759157182,0.19125618547427656,10.0,+
7.377040363516408,5.430954552569797,7.03025924396202,8.359795073608309,9.865154677188302,-
10.0,2.993927086166135,0.19121827455876836,5.216840752724527,8.724604111315886,+
2.1215396583586807,9.94582810936648,2.872512669043666,0.7294127675819717,1.1943669093104237,+
1.3514188432803151,1.5802095706209103,2.037827367217781,0.4332815209761645,0.6733570841565559,-
9.905017764895964,2.385073855309302,0.6375582427425874,1.636648045507495,8.091696124592968,-
10.0,3.7043428900182644,0.8451182508605565,1.88117956546861,9.172259499170114,+
7.830608975249075,7.295135057750928,3.417367010740514,2.787225658958085,3.913431582845377,+
9.285826625600622,2.391940442562315,3.67511618099812,0.4708297480243073,3.318526644855032,-
6.493317050043961,0.6739568479074931,1.9871502014570808,1.2421599810013662,2.7537028499900487,+
0.9641251813765234,0.41539352998498197,1.2341074078763559,1.0065866455920307,1.7985311948692857,-
2.317748719281243,2.514481916719596,9.677534332661281,9.0728336286743,2.860842030122077,+
3.0759646892726096,2.937219039489462,10.0,10.0,1.945021738167171,-
6.123801303225321,8.057998634150316,7.701153126903532,9.119885508377877,8.562449807262562,-
1.1016636017576233,10.0,1.3515677808996405,10.0,10.0,+
8.51521499740868,4.64528983631452,0.3226930360124203,2.1049642425542583,5.949526681168537,+
7.926727763212124,4.361953418516758,0.5922617463376951,2.6824806792250944,4.9740598638522515,-
3.23440539965554,1.6743716739363856,0.04497509498098351,9.661325442570543,1.3438976971198613,-
4.420916554642069,2.4883044685529536,0.06088571850089787,10.0,1.884362101709648,+
4.60381712669689,0.5152399260106666,6.983798799740279,6.259267807876893,0.20905842734480595,+
0.8379403634235997,0.3384290554432082,10.0,0.36868539566557634,0.32037590967456886,-
6.3013023177596565,4.467522303749735,0.7653956140922791,7.695033595721416,0.02453362876310261,+
6.089376955673934,8.31603188910334,0.1200202937325236,10.0,0.011619604255398628,-
0.19213903374304064,1.4609917720233823,1.96014311069297,5.330597344047354,8.033943714401527,-
0.33666583867391275,2.005133048268419,2.8244705067389138,8.10208208118152,10.0,+
4.871239134084724,8.470039244752497,5.335085906431868,9.852833260323703,9.49564321175431,-
5.680618655921856,8.539870348477718,5.722346130444193,10.0,9.875667858430793,+
0.08383195723394077,3.00946943240306,0.5037409820530581,3.3202855342138515,0.5392009166103429,+
0.0077192184528655896,4.664928500305996,0.8213179518147675,1.215255307417932,0.1582084913123663,-
6.0557174207212405,3.332487522467764,9.888700831729293,2.124253269750672,3.1719556634326995,-
9.667455756892629,0.13552110471661932,8.559773734422892,1.2212871542701969,0.5681369953448535,+
1.1583321153852,7.347002426068711,0.7462599116900559,9.725485523984863,0.17244012945933695,-
1.6750686583286905,10.0,1.184932822672757,10.0,0.32639979131127167,+
1.4673332941517536,2.8401888173326983,2.9242983534294376,3.7119203831517367,0.8952728766927753,+
1.0677805448517685,5.117661286232493,4.561699951111759,4.026358207841705,1.5552984877656275,-
2.7105967905560524,6.379647590262866,6.475849391094281,3.024324598484286,4.779069894481279,-
4.211374802154245,8.949674161907454,7.467604800230359,4.846237395431396,8.241975293138136,+
3.0801467662907642,5.563841855631201,1.1936880617682244,9.122539322771091,0.23065096956129016,-
2.2628923612440963,3.5463601170532955,0.8055268668959225,5.595197014109201,0.42259239301739876,+
4.473299974894398,1.2563673368955974,7.879903028912957,5.2878857246611375,7.998007501615643,+
0.5609709094122193,0.482404942172057,5.125777473341837,1.1669532246277148,5.916711265237961,-
4.965791723340147,5.078778898717687,7.256346861754654,9.604354893144283,3.6406310571482816,-
0.7677115422140899,6.679065534260175,6.803518468144096,6.910202209688415,1.3688682613784187,+
2.1310839195557616,5.663251394302612,9.073024199365024,9.192166956874278,6.5660205453120515,-
1.3062392535211496,10.0,7.678114182413193,10.0,10.0,+
2.2518381553580236,8.242185549406244,1.2851558798545182,5.992835296910549,8.801961426155323,+
0.8667362646286949,0.17093190862731691,2.300753383858345,10.0,6.592137758971147,-
2.2583894221783964,6.848844751338068,9.843466505709209,4.789639797886183,2.282431477626221,+
3.0726076684374677,0.6324235384943737,8.834185365273651,0.29846510330694026,4.211139713605754,-
5.939928467584163,2.5326403418177,4.172380133914127,2.793834317319054,7.921296365849512,+
6.627642137397596,2.7458303411466,5.2340238822305825,0.7405879199981988,10.0,-
8.868264372923454,5.155390897247597,9.20343720835058,5.625363076977932,0.15950198342450927,-
0.876862259821339,9.535083076201435,10.0,8.027497526861605,0.040543858546289634,+
2.2132341430057156,2.907944411117427,5.791293332352821,6.339333090318661,6.813041413075621,+
3.345980290740628,2.0090272820247677,10.0,10.0,7.10357322480687,-
6.706325739180863,9.874768642453565,5.487774359370411,1.9224772590462746,3.323344506162491,-
7.001344021805625,10.0,0.7275133173697197,2.717659059999343,1.7540167079192037,+
6.749802977842094,1.4142549199831955,0.4695625732096187,0.6171575640828408,9.912478937641408,+
2.027503770118629,0.22615936210183435,0.20185936463750317,0.42545040668498874,2.564462180739158,-
3.625521091281474,2.8232844749678376,3.832725276136041,0.5956516895090647,9.957455047546254,-
3.118220436706714,2.274230733918365,2.618070057886844,0.21785664577072003,10.0,+
2.1589993953341926,9.796591080258795,9.213864758167839,8.465349385517364,2.5429637838585184,-
4.278803302455574,10.0,9.224058919478335,10.0,4.315205700421391,+
4.740199487966715,5.394407140155248,8.8511614594266,0.2422465944993435,3.009309099622195,-
5.4476846615368935,9.547528858751804,10.0,0.35458006421292537,5.228746696436868,+
4.171818951372948,9.496329834489183,3.0824408636454637,1.963818123784824,8.902851842660105,-
1.4515169995178485,10.0,0.3863673440811964,3.465459263031684,10.0,+
0.7240560086659997,2.501047391126332,7.609092499852505,7.18610053637346,8.700079263122296,-
1.0831746510620543,2.6085675444933747,9.988459044722612,10.0,10.0,+
5.846068059180855,3.3052788949883793,4.344680250463472,5.728212234924897,9.151380316446362,+
10.0,5.178174666453785,3.4142261279806774,0.6034176526677212,4.140328811838084,-
1.8393108721571738,1.8511351842015022,6.75853417705363,1.7957680592249592,4.896044370120239,-
2.514906530171796,1.0444955421703657,5.929376155388316,3.3648526442805498,8.64093755847354,+
