7.642847267800834,6.281943051843248,3.454657038191576,7.9732224212162395,4.907758664774677,+
10.0,8.94505533335669,5.027279580637914,10.0,6.807952378279645,-
4.28525046588404,0.04108677315629694,4.984176488339495,3.399351627868543,8.5919315931991,+
2.3746416194565696,0.0684822749757148,6.114496387703305,5.688591135702257,10.0,-
4.914868099553252,0.9106576783091047,1.6050585323807465,3.0848452523505285,6.0956643665902455,+
5.480447856301975,1.704682692390792,1.9825299503515998,0.5725711731347359,7.111477748502094,-
7.3785217728944685,7.53173424240115,8.562797138633984,2.40063072084596,0.32903593110253926,+
8.159139631134218,10.0,10.0,0.2660564533898519,0.5629115023519005,-
6.781612396784665,7.53904821642887,7.322140650377119,7.128968429559093,5.833352030979261,+
10.0,3.3432479898483587,9.735397394251105,4.703059517047608,2.5453519121512027,-
0.5716808103113957,3.739730469424025,2.1693713713682694,0.10314033743246465,0.18046021720170224,-
1.1066230693014287,7.268063445980323,4.073113942351046,0.11553025528797983,0.21240552253004596,+
5.061121025238629,3.991378426749569,5.4245445353019806,2.3870665592733644,6.052588650597759,+
5.827748064055839,7.594518421191289,8.205943947517504,4.095697385964109,10.0,-
7.073676947290661,5.629569075934641,7.644876543843543,9.18835379594412,4.344739724073476,+
10.0,9.40779126877994,9.778361453906767,10.0,6.450495044882346,-
4.456442442561453,6.468951463955208,4.4106450883198125,7.897323293871922,4.954932676569709,-
0.747268494510993,2.8373465067859613,4.636278479622528,1.940658620253353,3.5544856062243726,+
6.862580825586812,8.256756911704215,5.43977112879927,4.254946433097814,5.621020571937331,-
5.301087245178988,10.0,2.1279621774091275,0.8412077760380586,0.595570945139376,+
4.492464386779771,9.93055558815761,4.785700608246593,3.5961447819942216,1.811662362929548,+
2.042546145468574,10.0,8.446221578377333,2.589272685766961,1.6120972956041146,-
5.599468857142788,0.2784844540203879,1.079222916642243,0.6720447718291489,8.115194933267482,+
4.939103669470585,0.013722834834180042,0.46711652766753003,0.5211269591897433,2.227145182812564,-
1.7626882012772005,3.6707298977206646,7.122894929238375,2.448474504034243,9.484961266411341,+
2.1756751266983314,6.874118466743799,8.236095802782243,3.5203343241403933,10.0,-
3.7718093853657253,5.172922409553355,3.831514347061856,4.544476290451053,4.804822196259218,+
1.6468598122801408,6.261014548287384,4.992338840921308,2.8617264600948147,1.2574560603040355,-
2.4594868713939477,3.3549865796473552,7.357848231589086,5.833206653173163,7.072807043307609,+
0.38239134333238795,2.36382869695363,2.0169700795273298,10.0,0.9134817581197178,-
8.373536163342738,5.029094995165514,3.2598766237757273,2.046413294302498,2.6473490891653273,+
5.758607507765359,0.3929211241820906,5.624649740931458,0.2639382944491551,1.8552299301347976,-
7.946084656807719,3.2208325973614285,2.070379551244066,9.620494010671699,8.782458609988794,+
2.8588700040176422,4.4288967349253525,2.947198906063536,3.0299828977360104,6.775951215511199,-
5.548206066354929,7.65057532753991,4.763000796829692,1.2603948579736768,0.9341093685889024,-
10.0,10.0,7.006260146075905,2.039234184397533,1.0792123488271361,+
0.18363495945267316,6.369713069365115,7.980289087867151,4.115085154112338,4.0480869537398725,+
0.11534018912792465,2.2987440287175684,10.0,3.4742879187177858,2.695094980398172,-
0.8565404275736832,2.1495026021391137,2.9204829810883703,9.36713578494748,0.3063505093651242,+
1.6780709671066296,3.6114957734869386,1.7287803238348773,9.127815665164615,0.2383812483782221,-
7.153770891087566,7.948433097542972,5.736078756865935,6.137833919924062,7.158844003670319,+
9.566971385315581,10.0,9.008952313748802,10.0,5.653248871198759,-
6.8620983835511815,6.780770722204567,2.4100612319352455,7.215223672673861,7.179289809955264,+
8.416481850254549,9.516073284987154,4.707096199068639,4.595919989103731,5.45102008207153,-
6.448420067181406,3.8933880060579575,6.744000247324207,3.7338933826854994,6.459252750146531,+
7.877292655232535,5.690603079098588,10.0,3.921449346761563,9.715516686203932,-
1.593605987240001,8.372517960707492,6.3096718937836735,6.995168572404728,5.128666707641974,+
0.14428512150087547,1.1845032864404186,5.87341781499712,6.627284536654976,0.6227555344099394,-
0.10865189877081294,6.759700913431441,1.5798231555163744,6.1926036387702545,6.335692287264306,+
0.003988082046597272,8.426900072075448,0.6964717059810637,10.0,2.4993827205728105,-
0.04969852125351171,1.0579802322995435,3.9892614676050133,8.665552483320436,3.025623643089199,-
0.06714947708818508,0.7406324249816658,2.399209125567599,7.84586457574599,0.7939233579892808,+
0.49144592975130075,9.29779229339688,7.290139797072154,5.162491865732419,6.246065333166896,+
0.9292440521267021,3.5034330924610595,7.159459530630203,1.4220735289151996,10.0,-
1.617915690890358,9.967807356149667,6.230083158520316,3.265214148065918,7.111820152765363,+
0.4638585906711072,10.0,9.914805862952653,3.833416146953913,10.0,-
2.152842808015847,3.0315253172505505,9.089206758138431,1.3399218140659053,2.6562417531358538,+
2.553509924941324,3.9811114277033024,1.9151190895209143,2.491939020412,4.1782683239153675,-
9.290827491065109,9.468337065257913,1.2612656667156852,4.399532889917852,8.79510940382366,+
9.3841994112322,5.2755105357982846,0.8545841929652028,3.453731182837205,10.0,-
6.307108942916047,0.862102615828243,1.7261092524555044,7.632624184564728,3.2663428982287215,+
10.0,0.6062526929208268,0.31553414913107647,8.497093606403054,6.3790558159953905,-
9.540600400703568,6.896011194055303,2.2967649165843884,5.981165220402472,0.8490632717659863,-
10.0,3.0830446889317327,0.07543491811666948,0.9700792125268044,0.06888565151620406,+
2.608579812122839,1.1823938896988262,2.8796356857999594,0.11779891889412974,7.773660701009035,-
1.8904758091580125,1.3405184023135774,5.509839840460096,0.16561775109551072,6.052571708894627,+
1.4318005602558248,2.40506415121828,4.453811523089469,8.587991374832601,6.9940072843812295,+
0.7488927322344706,4.574069234167218,0.5970400708309754,3.6500851996492196,3.5809821874556174,-
9.344133868425095,7.9229834994178185,8.627780184955466,4.086123123435202,9.051918995307439,-
10.0,10.0,10.0,1.5120155637461863,8.948667850861156,+
8.63842443400117,1.7838370860414021,7.8189000851507835,3.96249873603474,8.891099658476456,-
10.0,3.4436695860711506,9.005881759764204,2.655764212083041,8.396037560752301,+
4.246149769110486,4.826443732052135,5.275410354941043,5.0838835747564515,7.923807649192196,-
7.503494757487949,7.029495802993581,1.1066377224027208,1.1503340624599132,10.0,+
5.253790075914319,0.9029375869097478,9.14343648680155,6.150355668945795,5.81870245125449,+
5.82381837255456,1.5003340384231008,4.881095158689518,5.534076938338046,5.293373105065735,-
3.781069846873301,1.7676089205933743,2.679399488986763,6.503726936292673,6.02323095467737,+
1.733510732740782,0.29550511304144744,1.8363748647041778,3.1984796127874215,2.3301137450928637,-
2.3625976417412353,3.8918972296366885,6.667817343597369,4.834819348352108,1.3860974708551832,+
4.155835002568195,6.4804686362015165,7.724877627023955,9.139609290367305,2.386773921298582,-
1.2506332742553372,9.608349327763223,3.5773589954060627,2.2583925918285153,0.2252140920391832,+
0.6557954166336198,2.9490716261050585,5.717266631522828,0.30284892340195624,0.29768782666347837,-
2.3074529366699137,7.567962041457216,7.535762155146509,5.417577639146785,9.984645670868414,+
0.6639917595312234,9.18136719491693,2.8457924006287163,8.222463954981531,7.4121496114274885,-
7.0662815795630385,2.362819965795243,0.38679445164371273,8.511464275978673,0.6597796859290739,+
8.473194468128312,3.235970349371126,0.753293322271451,10.0,0.29039501224688485,-
9.082022298654975,8.821773305570687,6.976917741867531,0.5915431729504461,3.443744446132019,+
4.081905559565517,1.670113236602902,2.2300532991707884,0.08796674146094279,2.3452235775414003,-
9.126844953592792,8.484251955063986,4.558420655635345,8.209337018863037,6.643708732460384,-
10.0,10.0,6.501865539361091,10.0,9.994125748043423,+
9.95236887670223,4.470681132051793,7.040059657179021,3.7536206041349187,7.588268712774541,-
10.0,5.018788248270217,2.1223615755973704,3.6321827491450347,10.0,+
1.936053175692496,4.256207636680017,3.9928277736826168,6.138053826580147,9.391942523554146,+
0.6305214627941743,5.5492573933249965,6.149976841980933,10.0,10.0,-
6.874808674392302,0.13212116674485852,0.3191852507885118,0.7762048898138041,9.86886225265873,+
10.0,0.01676706957990579,0.5739488673495203,1.3034004783136,10.0,-
6.104964353685115,4.5517072479581335,8.804481553393556,3.4566132882335134,4.864737201718782,+
2.3071023556371224,0.38133488443822117,2.78793214759274,3.260985836929768,3.0679267392727394,-
2.5337915081072593,6.13566013092639,9.193310487967818,5.106563428185749,5.553106100761077,-
0.08182121226376678,10.0,9.234292163960738,9.442024464087437,0.8772657456066912,+
8.39781375389315,7.163697471814818,0.35286693556093374,5.860794849677876,4.7902638852977155,+
9.56875319818122,1.4609464958676177,0.5587568378391397,8.662163998627783,8.543949556741188,-
5.898889778228651,7.739902416671266,5.119461282312129,8.825894938830857,9.75211449313886,+
9.492254589366969,4.342145464421632,3.57896486912797,3.4030156332450483,10.0,-
7.870393301157719,7.341331883598411,8.996731102249091,1.652141831766809,3.9585738548919105,+
10.0,10.0,9.979202042259963,1.7802866254460714,7.707485820374304,-
2.003774833859371,7.859249878666202,3.3429992617977753,0.14233491656839958,4.847833060771932,+
3.598082200615619,5.835596560701467,4.690005477289337,0.21490673990127068,6.990417634603866,-
1.0141885848957721,2.975423097401244,2.4031326630178107,2.630550371153766,8.105562420051172,-
1.2306907384317514,3.9007039723729746,1.2371888271319624,4.045824920788177,0.8091952618922954,+
4.946551781325019,9.980614222961604,7.601542249680918,6.285168537008664,5.967596164390324,+
8.114139038187544,10.0,10.0,1.9871459705881087,1.9477698465727131,-
1.7145471605496765,8.416627549308854,0.07689667739512518,2.0276579468420186,4.506313565717682,-
2.7610628645056603,10.0,0.10755039360601856,3.5763641493368556,6.424121209019643,+
0.8854334167603839,1.687536025193731,6.706913570928428,8.652894460424534,4.0406278559723185,+
0.8618680425625906,2.4054302637491674,10.0,10.0,5.034071542721336,-
2.401636586334491,7.751755355713145,8.642414401935966,3.7067213271523736,2.9835553816494254,+
4.127346591798102,10.0,5.263398421571136,4.3033978531232,0.6461793877428167,-
4.074671246646896,6.062731094858641,1.9756865382835398,8.761970486128256,3.0896301180007093,+
3.5033945983151775,10.0,3.894306001672111,0.6397988859449293,1.6494086252853315,-
7.573330355213926,1.3274161458200306,7.888378328356348,3.8595872657139285,8.596804626446671,+
2.892328886232202,0.9861946713482395,0.557255884590758,3.8550070562669165,5.742859893927625,-
7.263265076240925,4.898486054953923,8.365854330868876,9.700564910274792,9.630041870002389,+
4.224065454306945,1.8992638417359264,2.1021459638816067,5.856570968816491,10.0,-
9.38008550528522,7.072406305325282,0.1358510873058516,5.799365362682998,4.630138529543605,+
4.824476828142853,6.712819222373806,0.007611134776511849,3.1917232508015054,6.818896232902077,-
1.7326431442246815,9.645924682084612,4.511568585895299,9.966941959232123,3.3689639530083637,+
3.244832344377586,10.0,7.788366373048479,10.0,3.655375830651614,-
3.691074747599049,7.1164676024373925,4.014848065277206,0.6113165192869385,0.8329446659955075,+
2.6383079617592693,0.16321429522344236,2.800308314244649,1.0072621401164739,0.6094967013874318,-
1.4956505732145364,4.143353466477616,0.7137606361537896,0.728344786719276,9.65175891775787,+
2.208278377909838,7.220747124786814,0.24161919511707386,0.9816060174579387,10.0,-
4.468556053559512,7.953686564891333,5.0669679405242585,0.5108891987172026,0.17490447262460962,+
5.259387951375661,4.8859832369346865,3.3188831380217474,0.8665491831762632,0.035845589992448065,-
4.920817101303124,4.590918060306736,0.6482590309329228,4.780594489722255,7.563146529729227,-
8.952485826352772,2.4683842637524687,0.6501922352183042,0.42482553985307403,10.0,+
7.612949298724293,8.158680195659613,0.700458303256124,2.480380271078728,9.093634695746303,+
10.0,7.964223553668452,0.6664513136576379,2.1877332436579633,10.0,-
3.5267035289875226,9.26471124236023,9.66988228233986,9.53423634648319,8.176575724525962,+
1.1260986592818372,10.0,10.0,0.4368353475391622,4.197922592989422,-
8.075404668541196,0.8169400395080118,9.664040893362206,8.940740774866956,5.422090033133954,-
2.4549162104774136,1.1641234852523887,7.232216338045407,10.0,10.0,+
0.7266096740163563,8.414360397931537,8.344876152794352,5.44264126278345,3.2495809748178575,-
1.074053906590141,8.493087245338758,10.0,7.432673131702111,3.9868254411247426,+
3.2575385274483915,6.902346918519084,9.24192373480776,0.984741054173307,3.3106093112950754,-
3.828871933460027,7.92350126121136,10.0,1.376177726095394,5.079375685419336,+
8.11269388590883,5.219852927976927,7.601218576138569,0.917771870552937,9.957154222275879,-
10.0,9.713096763323882,5.133176922207786,1.6577574080236184,9.350176856830753,+
6.800774782574953,2.9473049622023852,7.17168943368662,6.52795982824799,8.25731194466559,+
10.0,3.289059711367582,8.256956561714206,9.481550036339621,3.623347758964199,-
4.8764350304834,5.028499192970164,6.437781856339408,2.7814849648159345,3.8685221227180087,+
0.2624736279939184,4.830796719365083,5.810963416689568,1.1359296163035952,1.7839911008789873,-
2.894030362862935,5.169833049474743,8.688668502671156,2.680066430888708,0.7908171117693608,+
3.174606044776733,7.041586915554078,6.725669276557623,2.5533037881674945,0.9315414991594859,-
6.642970517303162,9.283857815968497,5.567633321474958,7.3423898705712265,3.4329320402823535,+
4.129031906327525,0.4620952202737899,1.6513455896231128,7.0650391078633445,2.161791163013409,-
2.7900064175430463,1.7531645215714575,9.697158957829574,4.445088403388285,3.554848708641626,+
3.474132087174264,2.7262873631728954,10.0,6.820010733745744,3.044152982342913,-
2.223468213875327,2.438902618119958,2.3107330837957396,9.573310512816475,0.999626120249959,+
4.027425091021681,1.006961251166614,0.7889743570127188,6.4224601901285,1.2010731405392627,-
1.5973466390963431,7.640981119605837,2.054698390335755,2.748349654743951,3.438987676953565,-
0.9053175207638088,10.0,1.1777050994022449,1.3371111198706715,2.294308079833151,+
7.62434046010291,8.00341328325745,5.681158633689871,6.142345236206536,5.408773784438262,+
2.23656114121197,3.4553064576168815,3.6732880534763668,1.4202968758805654,0.49534087815570294,-
5.3639506330828945,0.14398823775159997,5.081050540938701,0.028560860669787358,3.3535970960593584,-
6.1384177394958614,0.14951619645934341,7.807322243698044,0.04294031385033908,5.045285273138639,+
5.849611180770618,7.242263067542739,6.4004061721008,6.174066287313322,9.73438686989751,+
10.0,4.432367028776241,4.6679961559912755,3.773555594637552,1.5923678544407842,-
5.434486855493189,1.1513282164734084,8.525600861428538,7.403756175570791,5.222466475779257,+
5.5576761366814145,0.6259531712200811,10.0,10.0,6.270128693311039,-
3.4935130365515397,1.211373299405799,9.634325372138207,3.0889013151287017,7.9693280125970025,+
5.778786149519939,1.3269351367415738,10.0,1.0966089763610667,4.201686991177187,-
1.4472304577142714,7.752373962118291,5.634961253479447,0.6490802742308766,2.2189706184008995,-
0.25603524604712735,10.0,4.097856653665602,1.0856066343256616,2.389480658160951,+
5.337252754043481,6.203701896658452,7.2916868690521595,9.88749078081167,2.5508712438036496,-
6.233472395273888,7.628141217701878,8.532099553032488,8.506745156503552,2.378946904856814,+
9.28081449758901,1.0069061818217218,8.778757751706914,3.533316798244732,6.03075089359826,+
10.0,1.398701542866074,10.0,2.3415995716061393,10.0,-
2.275921984210668,2.3670759031053623,4.5011027187879185,6.810156645741544,4.503995259954282,-
0.36647147598070207,1.9455336079633738,4.051748691005436,1.7189295967385727,5.890540463744322,+
7.2260600067046985,9.281718597593205,6.643871900918798,7.694734394754045,8.840517886385435,+
6.512681443056046,10.0,6.745055133819781,4.814260779430757,1.9516387526746886,-
0.6648826401392449,0.6885049439260438,8.969379580748571,4.898820964292895,6.702790559580263,+
0.005219490580200189,0.12891468231702474,3.7135106584417468,6.842364284560818,10.0,-
0.5712201051309018,8.316876564872603,3.8988496169972797,5.7390940273005135,2.668906641045937,+
0.5111773375349863,4.636271083332477,0.26570026492451604,1.8106001697644059,0.6500272171395958,-
2.1770382499293883,2.298786683450774,5.484233042601996,1.1631536813743981,5.9424985487098265,+
1.361051949713872,2.0687028179064546,8.09927330503525,1.2498396084542285,0.5313961439314587,-
5.064614528642969,8.803264272058195,0.09314724176637368,3.8825656452601134,7.564006589633831,-
5.214918110884917,10.0,0.11367509271468965,0.7556230551563926,2.5293374732348237,+
7.259009539011045,0.5774514447867984,5.973900084868547,1.7114833654726036,7.7356603370999855,-
5.2519004026956475,1.0355921913448756,3.9887027347168744,2.804074540603216,10.0,+
8.480156397474504,9.71426495498665,1.1206274030384422,0.9310256775999703,0.019134782977571207,+
4.327715908979966,5.699748990921139,1.3707827293396526,0.24213607002747767,0.03179110904684898,-
2.646816068156289,4.939398478035152,9.333580823930749,6.209892131111349,4.569634903901779,+
2.7714958729304997,9.389726129570773,8.390853190882675,10.0,8.330034686240309,-
3.876463152296533,9.59238616890403,4.7271502368233,3.446573932635666,9.951470651343739,+
0.7628655708977383,3.595647994523292,0.978932609568493,0.8901726027031137,4.057930813421228,-
6.859520886100226,3.441315563548236,9.23298893793466,7.352264884062731,2.822557512424612,+
0.5285615427625354,1.3436855522991689,5.920670901191577,2.9380859459007387,2.4794220398908653,-
3.6413710250500486,7.586950424177853,5.732335429848816,4.042817847654464,3.6458869634319724,-
2.657378699941303,2.6554335637103157,1.1356686428087774,7.566633797815987,0.30370770231463234,+
3.0375684685163162,2.3267547900446397,5.1455157570585355,6.263169602894885,1.969619870908228,-
2.7323582831476054,2.9984053489986473,3.6793762757282455,3.3568878397217192,0.4859375510776496,+
6.5813261547086865,8.94537276288903,7.652552103990695,2.999837843005352,8.217850008355422,+
7.295691661688852,7.300308985966876,4.164521338874385,0.3969976010789151,2.373817469592002,-
4.052179123443127,4.620451981355948,0.56703065598802,6.055733013365349,3.319503756299106,-
6.140004645022761,8.414218749110358,1.0618859254199589,9.522082472209354,6.15552136050142,+
4.491670531703046,3.2879095795343503,4.072347486914067,9.4456837849267,2.117213407290249,+
2.3541083930100886,0.1655141162990621,0.6680198460575075,0.9291140343080551,0.8193912308559606,-
8.031826321891122,8.436062552002989,6.086399797228427,8.920886519841497,1.4998961739194572,+
0.593293694903415,10.0,8.555265468697197,5.561904065398784,1.7203448054274504,-
6.685509075321029,4.750956627936369,7.564821015922799,6.872558669133525,3.920544037921866,+
1.899463911471118,1.5930939154484924,0.697889206721456,3.149279023220473,1.9981717835100368,-
8.469064050806969,2.9225053464170703,7.235642431583528,4.646170826714913,9.35748443849144,+
2.8232244083100553,1.0001031741938882,1.472793709210058,4.3894698072474165,4.600870407972521,-
8.609794533736475,1.5713126855416404,8.27023961592137,8.36227639247611,7.077365869727555,+
0.6370943789553957,2.2001231485730557,9.929166749367734,10.0,10.0,-
0.7085805509241205,0.69267349310972,0.9319918701376506,8.079723283636824,8.741351331182369,+
0.17597750223427527,0.09207777233379741,0.8111185987973649,7.590013864386983,7.335924243947793,-
7.49396872656165,6.119660082241342,6.499724898014291,3.590056597910314,9.995982235036578,+
10.0,8.373144238385757,8.593829105543476,3.8377192022146684,7.572995203984928,-
7.9745775621802615,0.0812871808521487,8.985544881270922,3.0176761837618793,5.8970684573103735,-
6.835617904212466,0.003426469594365422,0.5470474439504213,5.940977742368172,5.891201825417848,+
5.916217922938449,2.877645726996949,1.6751099167938777,4.26109612998915,7.116997284893564,-
6.518780191283844,3.466983469710665,2.5215111187629184,4.646251889829899,10.0,+
0.0994102336663849,4.6783924493535665,6.905149435193648,7.23236354313638,3.0708392160423994,-
0.19748462358297478,8.32761364991835,8.315220393635009,10.0,5.848180106827813,+
2.343557027546155,0.615073739862021,3.363177595177019,5.046594365468481,3.5390117214077756,-
1.774614157685157,0.5212556616552834,3.606916961931177,6.105899182352037,4.7499758106324155,+
1.0910538919969148,7.8626628731026,2.7368674241465776,1.0576832850158924,4.181231546791388,+
0.36859897213616855,7.230413053016419,1.62827858210203,0.16424867957729872,0.42934872580608296,-
1.8077908799199516,5.76161289481861,0.9861005431343473,6.237753316857305,5.619924323258872,+
2.6035958366492062,3.987261197642995,0.6037820911048363,10.0,3.3784475171818866,-
3.2021496794418205,4.213257397648197,2.5794206913326825,8.771622448058839,2.723803007831483,+
3.6441328397061388,3.2222896788533686,4.095263280023628,8.951033295016039,3.7193188824935075,-
2.420623832548623,8.81961993974903,8.050931991919342,2.698308755784009,0.6661325682906083,-
3.681010063507756,7.905518420767258,2.6204005156442425,1.4462485043039377,0.5709443869697216,+
4.721337849068981,1.7311593733597397,1.2498845052706065,0.5452995877817468,3.062337468510563,+
7.973341647214377,3.013902484725431,0.5182103797976444,0.1534497697020006,4.025544939320848,-
0.019710474037305525,7.173973456971414,5.087302580925498,3.796632609735029,6.140619371280735,+
0.036004533696104055,10.0,6.505736394998337,6.840376009856247,3.1440123644248525,-
7.941265072094482,2.848828473306276,8.407779192117108,8.326284160794774,7.536046442991485,-
1.6748125816722077,2.7471529840333453,1.4982150852993188,5.784260129543987,9.851764929543446,+
8.650918317734476,2.1882225033806577,1.0003268123725273,7.295770182921167,7.905461066701751,+
1.8439001274267082,0.1935679285065094,1.8392091557775958,5.218246092380473,1.6541420425267288,-
5.224566419297966,6.403170142401971,1.5730345960939918,6.059841770431356,9.148106316523489,+
4.1200792736980505,0.4729197542650602,0.5503050441915256,0.5946456416266238,3.04882877424577,-
8.598551469626823,1.587943793592651,2.815318310337147,6.246180440695088,4.251703972169408,+
5.366474964064138,2.4032629798797696,3.553309073393776,1.4904409773108904,8.417596152225604,-
9.808694930100009,5.302103928233404,8.252997357998336,5.289199476388024,2.237240043551366,+
7.482332325878081,0.5125095368562731,3.2069880814425242,2.4394486783355402,0.5328374098429453,-
8.094892668227955,6.593918724835339,0.12815646892899157,1.2017860647206313,7.857454541410979,-
5.296756037094529,9.923932405951852,0.20831486770489713,0.19807782100204974,10.0,+
0.6659823008198085,7.498626116429596,3.0741585655313353,2.7834098284973416,4.252844264529339,+
0.8997674689046351,9.584261141520043,1.6520791589393788,3.7184156054194215,7.275378596989763,-
6.690499403185591,6.9624482601913416,4.076303173511676,3.766246448832903,2.8730533126490334,+
10.0,3.386029110420968,5.382640886209201,1.7053663275795214,0.980845470220251,-
3.00724392919654,4.0327062964252285,1.4353522367133131,4.124098443073944,2.395480420945061,+
2.470501901517894,0.7038602088814864,1.4208011891144188,0.42507226050719205,1.4451523725588016,-
7.246867945007333,5.787424900513267,0.04761379379403907,3.251059631400609,8.024334030987205,+
1.3818250183494634,8.760904743596903,0.05228318424687802,0.5126049010915991,7.5766312372108935,-
1.0743451967618223,8.686450404409463,5.7821557039077724,7.213351401063244,3.8888155738417254,-
1.505908691113327,5.606579560370783,10.0,10.0,0.16598289912765657,+
7.9447021321216695,7.397158188612397,1.989993931626275,4.8111404125086175,0.4781833003369329,+
7.328889116870686,3.195508973367461,0.4021053228854895,2.8588628151463062,0.3262721919348309,-
3.0861456857571126,0.43279045273064143,9.005249556915691,8.997459645846789,1.2826504947079487,+
0.37935840555788974,0.2607933691501164,7.2874890448905685,1.1246875244786136,0.008945912510235193,-
4.035794234724353,0.5456068792613289,2.6729703039395316,2.1716663755948105,9.204966875290081,-
2.0049855552406988,0.05845623060012369,3.3390457576091874,2.3321528720055382,10.0,+
8.886643965928018,4.325308153682005,6.6796029467446605,2.4157193071384597,3.0307373613549693,+
10.0,2.504149428517287,1.1954099327569494,4.249237530209762,0.6982162327676043,-
7.787323088251876,9.187080569886128,4.3917869559426235,3.8717777939906672,3.996745564284112,+
3.799974960241035,10.0,7.999819399925986,1.5610390387468391,2.5457299077042053,-
8.59161575051263,8.584473462166068,0.746308053817476,5.413086640959147,8.281178635888741,+
1.223025521985162,5.847403892544788,0.08014292971827038,6.385131754748161,2.53924237886959,-
7.786632252758686,3.680678622104293,2.436521099099541,1.669117220077626,8.211580508334986,-
10.0,5.959856280556385,4.653254570831769,0.34181591400333533,7.540975023316119,+
2.3065500074727185,7.730164995526586,2.5743916931171293,4.244802953258362,8.590456128867684,+
4.418837200147331,10.0,3.6446693797409915,4.429509976432368,10.0,-
1.6589621798211518,6.960596901556544,0.7900940334873585,7.030744159152161,7.123609605716847,+
1.4122893857347556,8.263413198186393,1.4359169073174374,7.936017532821007,10.0,-
7.1621887199005645,7.2359850172735936,1.7031246299184033,8.840643841780935,6.936257923579769,-
9.299639626854608,10.0,2.7594461244409825,10.0,10.0,+
5.319771184980997,1.8352756262780257,3.529655022789462,3.166160238264706,3.4892049952616366,+
4.673903807137953,3.465878175979675,4.904904592057534,5.800065675216227,6.889986359393571,-
3.8088543121918828,0.8587121436049139,4.59831825070003,2.61149715226649,2.3896882645421025,+
0.9467161303297997,0.1611540913084606,3.818357553072737,1.4535992751382905,1.679069832732643,-
4.638099262592733,2.3248835470525844,0.050872119474238975,9.487497994629042,4.206219762497277,+
0.34460042543435954,0.05506332800932437,0.01308252642201382,4.23486946903298,2.938200588325508,-
1.461775302949988,2.1688381418476324,4.378088626774743,3.621613634760379,6.6972814156236185,+
1.4291002993010768,0.8237951905239901,6.619068999621917,6.359722951464792,5.915711072787996,-
8.02892032409144,8.518686626991283,6.724186542077733,2.232988206140203,6.118757932574393,-
10.0,10.0,3.9675422258755266,0.5667164386442594,8.806184233110502,+
9.175259910461136,1.3513442041352086,6.605682673385979,1.9605727779102433,1.0692436785978543,+
10.0,2.0042094833462576,8.55216632850271,1.6175924323401716,1.3942984628909314,-
3.979531207247912,4.660960335873962,4.69885975903927,8.10373266954771,3.8179186547181154,+
6.787092542098324,8.939176583069798,7.255367626434383,10.0,2.760812612462856,-
3.0911888090210224,7.275651141826457,9.362512088571375,2.2374879474262412,2.5136472038012747,+
2.8973306060386084,8.963006801204449,3.0654330062792243,1.5635036048083524,1.2621849592138705,-
6.91646736334911,2.949795855304714,6.476586635889414,7.612649927049619,2.3007842857958885,-
2.2677328603739983,4.56103055918403,10.0,10.0,0.1672751500451801,+
3.76167129599338,7.927092854409609,7.485462813069389,5.069675668801366,3.9581903273033614,+
6.97076288438757,10.0,9.376219104345118,9.465727595034211,3.9774368822365207,-
9.628650458989197,8.804687243869513,4.345934195831399,4.358929864628602,7.454002090389954,+
7.114145991733401,3.5011793602060344,0.2746394294620536,1.1284400296742272,5.970054545655211,-
2.0330937333960275,1.730262000167908,8.224758672560132,1.0204424584707894,3.600122955880667,+
0.9027929143547747,3.0226278148418517,10.0,0.7457749433685449,2.6166416913098867,-
9.298409943420157,7.694802616847523,3.004327868772908,6.009009881694734,1.3533864390792871,+
7.859466746689084,6.27632154006117,2.1147407437145134,2.2628945834725136,0.2346163610168946,-
3.2753721881714326,8.22779495183023,5.724554550259709,1.8366598371464338,8.480283166959474,+
4.106037891598709,4.551572216845035,1.07131959992991,1.4473747329914897,0.2942797356297554,-
8.28265512601188,1.088452614552522,0.922892664421674,6.666776102595278,8.867426014135999,+
6.356940962902423,1.7766364039682365,0.4977311392516053,7.00204903169216,5.337073415376251,-
7.58577463463027,4.115549557376909,1.222998935134384,8.95231754386394,6.6740520323681505,+
1.255831902029247,0.006002416184508612,2.2223354847564627,10.0,10.0,-
3.988950055516857,9.906581922434283,2.0808699146086385,6.748061059407812,8.108581724931025,+
3.50161445907949,7.95756550510899,1.3665749933838147,3.2331668922002987,5.695227855218367,-
1.9501456333417932,0.8925969692485614,6.648484706706035,9.500513325977547,0.518075566827616,-
1.9756520364756742,1.2893045708365662,10.0,10.0,0.7448109893540329,+
5.988456825110765,9.853413115557746,2.3807425287982467,7.941640842328628,9.907112718413382,+
4.051589953309688,9.678159920373012,1.0556055536922762,6.18575834643335,6.0548410437638935,-
5.324036220915767,5.920504729490149,1.5282118168555114,1.5758986754596216,0.016508840775654177,+
4.734194711186039,0.7015084713912754,2.5270734994146964,0.9632119845395309,0.02809354235013975,-
0.7161293420170278,3.247744119144582,4.2362390582597005,9.062476438162175,4.844365581672717,+
0.6985074811949044,0.6337912713699513,1.2994767636558255,2.301098435123053,4.144863975363184,-
4.951489043479484,8.863238285681742,1.5760599334463632,8.917472641882663,7.440387583921744,+
9.446288473624005,9.181329679559303,1.7776221650224253,10.0,10.0,-
1.5408229756521108,0.8328172993721128,8.252102336315598,4.356693303059576,0.38241086188309126,+
1.8461957876909596,0.15128371718273806,6.106085216083335,6.526600867740305,0.2720610985403311,-
0.7118678244635335,1.2656824779907627,9.876545596391653,9.156674860437004,4.82666301533862,+
1.2756994371282198,1.9590393920966795,10.0,10.0,1.4920690826492915,-
5.571200441099786,2.450868388767653,3.656595984065759,8.265152889850599,5.122248939416613,-
0.8590587701311079,0.057434723764885766,1.3282700919895956,2.09805891858939,8.167241077158522,+
3.2247927826223357,7.058643030149928,7.396231990647535,8.29963944409374,7.811411139329602,+
4.9012820152293495,1.3323381195705246,8.288426498780217,8.98925424419656,4.721960902240371,-
0.03771959389406443,1.7640573948956606,3.8365281207829396,5.503256983902326,0.24748984214501557,+
0.007175375828077564,1.157497711765238,0.09515415455115062,8.24675156457424,0.4661846217840765,-
0.427568971919674,7.794423747204213,3.811686997620339,7.961862785751719,9.018733355155469,+
0.07578180975434337,10.0,4.489656054560156,10.0,10.0,-
9.949939936194953,7.8405615825215955,8.644872348208505,6.878587085976459,1.8800176701017202,+
2.9888049903912686,0.6547065257409553,1.9125951869538922,6.488062600899481,0.3648661917713494,-
3.6875392168427545,5.068070590303143,2.8556958152574783,8.630103220873565,4.737575262436842,+
6.150293369350281,7.156293095112012,0.134579277367047,8.184124062476362,4.116565155831682,-
0.6994107767538082,8.68025551714802,1.5953419473531705,4.903517534546325,8.20449025232884,-
1.123312515009437,10.0,2.189446033444519,6.0912438257210235,10.0,+
0.9425177295931009,5.000830700994917,7.210382686114338,8.352528310707394,6.531138007155757,+
0.35816377314143233,4.851319107148909,3.0611421160229924,6.8335920103272825,1.3620369753257253,-
3.5389768347458284,9.62947145505715,2.6543689612389567,6.792921891576227,5.074716231284072,+
3.314603922450532,9.47689377557858,2.143816443534055,4.445754124342766,2.5369028533395626,-
9.456453315048428,5.094257939082487,1.653802762893557,9.796582168099873,9.59095092178149,-
2.3442922385773057,2.8449645887859143,1.4208000531856595,1.0416442319129147,10.0,+
9.950988077686228,7.0340619332179175,6.186795495685562,8.82425602108224,6.576766351572555,+
9.823734229939769,6.33035937602902,3.2369428950477293,8.040895502506023,5.348933176716623,-
8.1842922607285,4.791000427437433,8.705967520932806,5.153772112658478,8.030977718268261,+
8.90100982242886,2.275520454153332,10.0,1.9289651973429929,5.0384154326671124,-
3.280165056547004,7.36759297221484,6.808455277907082,3.133439573821888,2.193315433970654,+
1.5195022816307528,10.0,7.472052339605116,5.49716039400214,3.4738717000198123,-
9.437160781490096,5.466772351146567,9.06467210666479,9.3493796782108,9.79843490123281,+
4.072296150585598,1.3243553348007442,3.691246834703009,10.0,2.2800417198389127,-
3.169076568102256,3.7847949054026064,9.06140346633452,5.701807158853721,1.4848124373229987,+
3.2356796658098816,5.331945859112255,10.0,8.605718623314434,2.5950387180063235,-
9.247477000680943,7.961077943741083,2.007679658605527,7.2741780213829035,8.403313257658649,-
10.0,10.0,2.286339237397619,10.0,10.0,+
6.492163816774047,8.873306889111557,7.90030017729109,7.617343585504933,1.543290719897873,+
8.350166744225866,10.0,5.902457454706963,10.0,1.760989517145376,-
8.31872550326969,5.042292516666996,4.83294712083591,1.5024352482435577,5.1392872190310435,+
4.632154371092944,0.3456007078458732,9.244636211236003,2.351047833853056,10.0,-
7.614535815555884,0.373949261428822,2.9172490657359793,6.266733823814943,1.9306770857109734,-
10.0,0.3677423424441268,0.0031744251039555263,2.012369595606174,0.32962061882306726,+
5.178690014315953,9.450535552480247,9.693438203426869,2.2721820179300654,8.218030592295653,+
9.939834528741356,8.223743610937108,10.0,4.1440276778945835,8.996247576202881,-
1.7060734884765005,8.463394003087876,5.57109940834013,4.287042432307344,5.879693626951655,+
0.7605109037849245,8.926419896908891,10.0,2.102594600964937,5.079018896542918,-
2.505968779324693,4.045675055623127,1.386597040299129,7.680770398052601,1.6612729603897236,+
3.0368219279160167,1.0538264486567714,1.4575164442983508,0.49234429717837264,0.06595147518894082,-
7.068238548216916,5.086063345091684,4.960678033088542,6.55796998288589,0.8973530673172159,-
2.262564602969173,7.223779685752141,3.9495931402873277,10.0,0.9923755255982363,+
7.605553727802149,0.5651590565224929,7.623702496694098,2.47374942845349,6.16266868313172,+
0.32482442142556966,0.5126493065703716,4.780673783811431,1.7061640101208095,4.278096349052418,-
4.546638687858666,2.3004405938562265,4.297329379620496,5.4432275107208525,4.619938187669437,-
9.003837614052104,3.428665729844255,7.393204769284301,9.332850149479492,5.088011786745215,+
0.5702773159661456,8.00514482260345,7.94791374492436,9.558089372283229,7.771621574466868,-
0.9705939880789591,10.0,2.080239466815903,3.705815875917041,10.0,+
3.9728817775659997,7.733682536376606,0.17679899887575123,3.1931419824064813,4.740953792193453,-
4.749308481637136,10.0,0.2532400011074642,5.195870794351614,6.472602514082094,+
4.193546618061127,8.234691978590282,5.63294736666908,1.1312510701079825,2.4151175053233365,+
1.1487299098395674,7.93562491164968,3.03695740654757,1.0416272000347233,2.1729240236705394,-
3.5114148377639864,0.022121443947198394,3.8730748492754263,1.3485900627845049,9.176820188610984,+
4.571396607415116,0.025073474009527696,6.277411662880705,1.5708324637265914,10.0,-
3.8950511109433563,4.581296569755312,6.628815548193218,8.667817059184754,9.002156836226685,-
1.1604705155627915,2.4501766798716877,7.500294698592288,7.033972334120354,6.754556426753611,+
7.616956768199748,8.101578446927025,4.351227153258029,6.804543225565547,5.912446009933291,-
5.135695814849951,10.0,1.6550615571418867,10.0,9.495311414100707,+
0.7626539746919525,6.313245703064045,0.7497277755610277,3.6838553113352344,4.156221045480888,-
1.374146580947433,1.7296083986024666,1.1898343704792047,1.8626281707496235,6.876678191838668,+
4.085421616888572,4.559803533236073,5.074441239257564,4.5034922457576085,8.748195364349892,-
2.1250597898221106,2.390492934725469,3.174735344649746,0.7415252775709519,10.0,+
9.401165649105337,9.04732406831252,4.55928052765719,5.835736628374514,4.172808440951683,-
10.0,10.0,6.912025323596143,10.0,4.79197839874551,+
1.7908736655198432,8.568667558339646,2.803258390056571,3.217517085727948,4.031549606790431,+
2.774030527908272,10.0,2.67743480595672,4.466643812240608,7.111699746597736,-
6.962865813019199,5.754083761314437,8.91484086549928,3.3845478399662907,6.205123711653764,+
3.0559765436975703,3.079946280376226,0.898875799127204,1.632538330757189,6.155009174748373,-
2.76178959951757,1.2351665806123946,4.5962732666787876,9.33419023906836,6.012320615698469,+
1.02031509584639,1.4119007745679193,6.147713763568837,10.0,5.369376578146582,-
3.309424072985121,5.8078128240139915,5.429161383198257,4.26059211520156,5.912807044031895,-
5.447896992726762,3.3905239742347812,5.423595534744924,6.003666323566349,9.113262712810108,+
0.17645992387627207,1.6603534375574058,1.8518851937321157,5.012462743078917,0.390893563419199,-
0.24467013064963702,3.3042949183828996,3.6760724687035795,8.86510146719448,0.49811730512413227,+
9.139215284558276,8.279055279454239,4.060375243489457,1.5996780382041953,7.468223461937794,+
10.0,9.51356583504828,7.682179781002757,1.817983969433891,10.0,-
8.589324274664579,7.389782334385786,3.8548930979851095,6.879583767523214,1.6635225499259687,+
10.0,7.49177203444693,2.4451057341354634,10.0,0.11484888920825985,-
6.001944762435995,3.5452611923349577,6.567173377354976,3.6635450336855504,2.53313977443844,+
1.799380512156155,4.530472410234796,0.15427059755969144,5.031237028819663,1.740850833697954,-
0.999198044600812,5.735292214038216,4.583222080306911,3.171984871021405,6.450934702023484,+
0.3753796962035742,0.46836519223420864,6.924561875475011,4.152293385645312,9.819244917091183,-
3.9476010675913695,9.2892066545714,9.54501559395942,7.080791758718257,4.400917788817489,+
0.8852571812684747,3.6251445691925945,3.8409276048606413,3.011352162022465,2.1632049194970655,-
4.02255433392587,8.50497152159013,0.009007300446050026,7.389072571422347,5.36330390324832,+
4.410002622989398,10.0,0.014837128073225023,0.6648763421852723,9.062327716819206,-
4.955116440238979,6.664975262428876,6.134266100801524,1.0978150781429075,6.085806213118831,+
7.648036393673248,6.997820899008388,6.472125713717792,1.3011347209323798,10.0,-
6.006922750007093,4.696603839956593,8.626614074281258,3.2800618687141805,8.700945508474154,+
3.254579295089944,3.479914567837835,6.77473279502452,0.456196635187679,1.821182704681569,-
8.364412187483833,3.154264255856505,0.8954198611714526,2.73433149977497,2.710307114045757,-
5.446745564850061,0.8678843911093035,0.08007162223738314,3.639109220350582,1.1529902322348635,+
8.816678726597823,4.140318924336352,0.6657896832219801,2.3307987607387224,4.011683685221152,-
9.69009653210887,5.193262577387109,1.2087916858955556,3.9758234236353913,5.51151037340787,+
5.166820559448949,5.3057995624698995,5.3876316935059565,5.752811849638466,5.49368248450616,+
6.66490764552826,7.195249834062156,8.684896758542141,6.474806748820001,8.95863510177166,-
9.362384296404882,3.003713113299016,5.986937668838287,3.724392012922486,2.257708187016001,+
4.959744303284946,4.764797220597989,9.291995990045448,0.6042969862977515,0.6588368043327344,-
4.214877402062982,7.288247653915936,9.784846333587039,1.7775720999117417,0.9658430512638627,-
1.8762016341503145,10.0,10.0,1.644729248865905,1.6336900264685736,+
0.9957305401343575,8.663755394129998,4.061813699096367,5.279737425926026,8.702086850191455,+
1.286349598888447,10.0,5.804870474737544,0.09439908943114818,0.012534488579126842,-
6.092987037227912,3.5931717365495643,8.981474824089199,2.7611316141409716,2.4205675200199037,+
10.0,6.6261548297743404,7.352964311194378,1.5169940132361157,1.0474801050126534,-
5.3468800904210765,6.518196394733896,0.9941656651380437,2.3779613362892595,9.687305329872274,-
8.697387386028353,0.08715916171404806,0.8351429785697659,2.620116911787037,10.0,+
8.940806978373981,6.890378294138212,2.474722948519207,0.33625223560107664,3.1692516081875355,-
10.0,8.790695982361576,2.9554152470516155,0.4608752072889942,5.040153376086667,+
5.181205562918559,1.3104050370380116,6.427074288328387,0.4937736535430859,0.5436629608007948,+
5.370855605772929,0.3341539435652924,0.6079951084675843,0.6340548370596826,0.39631023306747615,-
2.693518091128886,3.8941938617900638,0.6667070662686869,7.274831797799967,2.2012392516874693,+
3.3477199092065293,1.1556458559056142,1.0851517993513922,9.124403729668328,3.9569795540011774,-
7.761824674810339,0.24409222326084223,6.67647691789978,2.8089442420965414,9.308953662744786,+
10.0,0.40511135390376773,7.071341067651799,5.355176570875178,10.0,-
8.088186865378468,0.9429996474925284,1.2134696718762605,3.751995244447328,7.781285561347014,-
7.436631230163105,1.512601714564345,0.3356615433960265,2.4984952787684858,4.7883851996596425,+
1.7824233440135318,0.19487328966451112,8.81965006123701,5.983133339314159,6.909718033365627,-
1.841506661776704,0.2743148910264702,10.0,8.610909373134819,10.0,+
3.597419714995651,8.90062511666799,9.65784569134299,0.1670352784869178,2.482893537268983,+
0.5716952125906664,6.320690232391844,0.0762581940572177,0.017196410891278373,0.2692555678467881,-
6.414607083100198,8.069806742457791,7.7666482702614275,5.4926210001596125,5.194599342578283,+
5.431068671676694,0.2199484838775581,6.418183772373226,0.17066016001345316,0.5589368167566415,-
6.910067198753774,7.136869753109396,9.84721747847679,0.025026186420711305,6.990101424542715,+
1.3464271177763345,2.2412188703985634,9.943349595746058,0.012898501091252488,7.433983916702563,-
2.104412165875227,5.785691145339225,0.4558967099018929,6.481088490317918,9.463451446880521,+
2.59941568996873,8.443977754555686,0.1707341459214289,10.0,9.96007826193685,-
8.76901401680565,8.145026140733071,4.1335161950279975,9.995813076466868,1.1145366818017477,+
10.0,1.950809615440442,7.552485180575605,10.0,1.8660667372760782,-
5.568643159316197,8.415033813345334,1.6447106740641548,5.072141132532263,4.325702264345849,+
5.393527268872485,10.0,2.8495924507733594,1.9950900425431752,0.3461692691777219,-
9.77442108439764,4.50161555781304,0.162551358797961,4.913529237506722,5.6586874653571515,+
10.0,5.718819473201983,0.14488708328848973,1.8544719731889463,2.2080605743075417,-
3.5470833860239392,4.658566174467298,2.398489426462916,8.139344280653146,4.4718744184762835,+
6.730925824069386,7.692064514343224,4.594290604695512,6.4117181192133,5.326346034229895,-
4.7905565946627435,2.1375370499014776,9.677612759245925,7.883067002070643,4.857849375653341,-
7.336772258921598,1.0222707312277735,4.279627759709019,10.0,5.734562105330703,+
7.9651044348397795,0.7704781001816896,9.340202475540062,3.7929089020598497,3.3465425790845957,+
5.698385611548966,0.46542929249935444,1.612761573762935,1.5546089122580686,1.0195013613511172,-
7.422735633939598,8.343702828744867,3.5043223021006096,1.7809036021190283,7.194868975266143,-
6.671632442456149,5.170864363583751,2.348717171319597,0.8446684441853457,10.0,+
9.410133188908143,5.92256243932015,2.89927141033178,8.388258503550936,1.3869007374920794,+
9.847391321647462,6.642620467300478,1.5489212984981537,1.4286094402056713,0.6560960393730948,-
2.3253781737379065,8.418282770201824,6.058480910493755,2.676583946376919,8.874695129011137,+
1.0866693729458858,5.295155736378232,5.885661656978437,0.1169095346459847,0.845576973319335,-
2.496677867116933,4.324512674841557,7.406416084560591,6.079975901782545,2.6486577852374693,-
1.6281888782531393,8.312305510317225,9.74785588116394,10.0,2.122600203816746,+
3.996339552654171,6.481331448561114,1.0820693527834457,8.146494722677245,5.551146184619914,+
6.305762818828733,10.0,2.0347772582788823,3.3779689303106086,6.349850015690501,-
9.697328765335708,8.248883152958802,4.8568141526279955,2.6797048073709084,5.6902045090011075,+
7.7962811033714265,6.199305937561518,2.0081348307039035,1.6731526234380663,2.0198559156835976,-
9.230117556207203,6.735122611922342,0.8382447641667334,0.16817707079190725,6.125968383290067,+
10.0,9.58232792097694,0.4880179128351739,0.3318427812746711,6.359585973015952,-
6.364481087549012,5.150964629095397,0.37018884257116524,7.354141323016604,6.385281935708795,-
8.203375076806065,5.360321059167217,0.5611366933085431,9.334991550413724,9.648145260472663,+
7.850194517406513,7.090012086370329,8.631995767189878,1.2020009018421773,3.353043406252465,+
10.0,8.045272443208257,10.0,1.102845050324179,5.000062607639268,-
3.82524279103148,1.3110339632160928,9.713228749872806,1.152228077532158,9.5313035701826,-
4.9271975286347685,1.7730898820116467,10.0,1.1556403470441121,10.0,+
0.9839220258113879,8.957124063323011,4.551143846325721,2.222287204443325,0.04822286409387755,+
0.8383808538503309,10.0,6.780337140792606,3.3129764505274104,0.05918404084058935,-
3.226174357485325,1.4675063682859957,9.75520878106581,4.046640849837181,1.0785154513536666,-
6.213951338189915,2.267176212328226,10.0,6.795184360424218,1.114507024267359,+
6.63894244010946,0.9124139101467743,2.3991506720906477,4.077330124217803,1.6811660930170924,+
6.0447962110724305,1.707686910189975,1.979409145309707,6.157010986767744,1.4885118496864438,-
2.2273684206493902,1.893390097175257,4.27637311569686,0.11617703483598918,6.9799094901647205,-
3.885054493486986,1.3504573634467623,2.3698247246516786,0.11498743316901724,0.9127315947640744,+
4.1528333091594805,6.362647869915684,6.043410906762089,2.7884831173020674,9.033424557947372,+
5.550089976024451,1.5012459510735108,10.0,2.2259932653508083,6.655321262800183,-
5.500246344036342,3.113352283916945,7.094613264700538,5.58176223760547,4.662875289619705,-
4.856606776709824,1.2779279288234826,1.9885299782544918,6.239760793739819,0.06135822419631174,+
8.586877468863136,4.968113129528771,4.633449374164318,6.26625855138191,4.595926045119114,+
9.255118164210684,9.361669522437937,8.951683017995885,9.767975299159966,9.1394371029689,-
2.246884102066554,2.6338503711245376,4.227428809410111,1.5101004782737582,3.3212811609645634,-
2.346352504603316,4.650483911854709,5.817265248313279,2.223479733392187,4.542602391880769,+
8.032329071674269,9.865595795423006,5.240413726229715,7.707678927630862,0.413474135341505,+
1.399247229233521,10.0,0.8161838759436988,10.0,0.09690517394914105,-
4.252970302323304,8.111022263521066,7.65531760498739,0.5436634438492904,2.539194259023759,+
0.8244365770049108,6.131062464266895,0.8315920287219993,1.0291767409133665,1.2379307085183149,-
4.7270887636915955,4.784805450311014,5.143199153893346,4.8912441535622495,5.830877374709743,-
3.115208856404833,2.942498551554481,8.543224654556454,3.3943934039848545,4.156330567080245,+
0.9531351062515359,7.33829407720231,9.544084805156546,9.147298387646394,1.927070865974806,+
0.8002582784028488,5.068076283890744,7.858406700397014,8.327418379902396,1.3070345038593256,-
0.30040050190221157,7.1352160965103355,7.362841831137611,8.15677930007846,6.786209410353758,+
0.021515445549668406,4.675663486144371,1.9620342618273656,3.114689306839647,9.352924612203081,-
3.3061722639173907,3.2286968142110095,0.9986785598142778,3.674686850011908,7.4847987641176905,+
3.2080131137837995,2.1016261736954887,1.3313114949223903,6.569609486536398,5.728859060330793,-
4.3162245534280395,8.124803384441107,5.140557741757142,1.6231389049841904,4.621864947179855,+
5.999960674930616,0.31391174523792476,6.570648602892908,3.151166699159193,7.765581178230433,-
2.6332689556823388,3.9413718886600435,1.4521116897991249,3.652234663562768,2.654857554984311,+
1.9266088640091383,1.5768588744633385,0.11591182439917867,3.2930162712960955,0.7138411543830208,-
3.0692802395836827,9.995409744712097,5.974090530883004,2.798718843796962,4.088197718437963,+
4.702278853097413,6.840141087214451,10.0,2.8285054137987964,7.416812834820119,-
6.767441388036769,2.14972828660422,2.8768152428050375,7.54097605266262,6.894400571537197,-
8.43581243100219,1.8936372773208772,4.832727640247481,8.940674890027442,0.034875358149687875,+
5.53799634976773,0.97249296172367,3.077236843288306,0.6274837945233136,9.862703621838953,+
2.5772692800454506,0.25748417927617706,0.8680966058523039,0.15815922645717334,7.939402952867561,-
8.609896555114418,7.46300975292368,1.0223219133930939,3.1321209773998238,3.256576745786599,+
7.999139101578295,2.6013384910352544,0.9037817687192208,1.2431078631186965,1.6373767767815741,-
0.40122032848168954,4.563528716312928,0.8105010069105578,7.749117437941072,3.375314340442812,+
0.49030193983314324,6.072272177299429,0.21503995279948268,10.0,6.701809195678474,-
9.780198646043726,9.898010388248883,9.053642277127247,3.103881912795271,2.122282171932661,+
10.0,1.5680805290567097,5.216343153001506,1.4084761553709957,3.509293152771015,-
1.6482851316922231,5.229926965186582,8.782540301759147,5.120781255771573,4.688019985715418,+
1.801196876135764,2.510333204552917,6.915163116789643,1.4754125423978444,0.33111152526248916,-
3.691129969922896,5.371237710020219,8.148753322400408,4.899499087735466,9.718680178224977,+
1.0979962875955012,4.763980844882574,10.0,3.282993933483415,10.0,-
7.075987559310595,8.23643963968685,1.1264040167276401,8.937744234637092,3.1182637132705535,+
5.732527085003179,5.899217247337116,0.9430753717888337,3.4288226120166683,1.8896615476060885,-
6.123253111565843,0.2723265715955203,7.8103113969959725,6.098003322162301,1.840902344825256,-
4.934482923583516,0.39690406146750745,10.0,2.067931281635781,2.6917124236394594,+
6.555040212568097,7.9797005698242165,8.719968228352638,1.467910577449667,4.056103051936342,+
4.176369461901843,7.8568105128465655,10.0,2.8861035115183644,2.1403407504582743,-
5.519620187721129,0.5056147002312406,7.168799986257326,6.407571002250511,2.27874839338168,+
9.294635502863427,0.8888121271752095,9.482419255256264,10.0,1.0160084083161691,-
4.385424801352645,5.578546774363468,8.186211330324657,8.125344215918481,8.202614475661036,-
8.255109602143083,10.0,4.9574483529463365,7.077241023326368,10.0,+
5.898761883075807,7.880278222751603,7.126738777850731,8.19721589072714,7.427327284075185,-
2.5094470477853172,1.1463797567746274,1.4282612297179482,5.251782335484088,10.0,+
9.614822731323763,9.186451611521635,0.7862166517473612,5.02779488991008,7.2023019937410595,-
10.0,10.0,0.7913881897352925,6.7070952471809155,9.589799006115783,+
0.230803282978147,6.625875975294878,1.0240093154917207,3.1927240752442776,4.063792243008906,+
0.35630361747894046,8.947077601019403,1.3894435597502248,3.925584259293509,1.4494284961227224,-
2.310360207507557,9.091318813467243,9.469433270387936,6.702983565514737,7.218261264267954,+
0.765922219589837,8.858128926495269,10.0,1.396988405124235,2.866032616751779,-
7.692710135036563,2.7531642900165854,5.946076236983393,9.804162607122752,0.4281563100499097,+
3.4155064371449604,3.214536458922754,3.3855621470969184,0.3166115695836988,0.1189488107020469,-
7.902057171669334,9.974032424470224,8.910365339661734,5.020755247095806,4.4389483772577165,+
3.436126111091432,0.24483647408583045,6.399615224350359,5.011046768615558,3.243070412053845,-
3.98614348639446,6.638922406902067,9.946944130430378,9.650652196269892,7.927128575934957,-
3.8734425963965626,10.0,10.0,1.5744760850035902,10.0,+
4.875619285341747,8.896456765133351,9.495009079085929,7.274728946141655,5.603494755294425,+
4.588415918973569,10.0,9.362081765915072,1.037740257549873,5.536453163614388,-
5.916370611158824,3.3214314247192123,5.344132134127483,9.970847733580662,1.8108146935597225,+
1.7353627971152894,5.070604138201199,3.0108692961644046,5.832127943631233,2.5630254062711026,-
7.613450451569662,7.78068190127415,0.07859633314652004,4.823690269604627,1.2185740491726804,-
10.0,3.6259423794595085,0.02103560176988769,3.3887759097735564,0.9632320358225838,+
8.529668438959794,4.236393227554341,4.5660494781302186,4.730515228407953,8.691272573692126,+
10.0,3.691014703530368,8.321142156036688,6.367776504155677,10.0,-
6.155250203572286,1.0159517599829748,9.7873510360194,8.31391606332773,2.7172240404269257,+
5.490799607583337,0.7221929228941,5.058398874584484,5.460323774201766,2.0187458449081697,-
8.330085015425052,7.190999443333875,3.5936800299558005,1.331010494066751,5.233745174677233,+
10.0,10.0,3.693659336674114,0.15926499308568548,10.0,-
2.142950424903921,4.001949318313116,0.40978914823484147,7.070655915571394,1.2745977756009497,+
0.2837088974337992,4.128453138490299,0.08372149826485983,9.269698644050427,0.4170030258122361,-
4.116763187067404,2.1629318540675015,9.755542657197227,3.2779939345815734,3.8250618882638996,+
3.552238140509973,3.2816860304550457,10.0,2.672278982622884,2.21836250050316,-
0.7301259449909314,8.835975885439023,3.0516428834680918,5.139373906713716,8.552467961381273,+
1.260922859466702,3.3544476490733195,4.618647788628975,8.518527166002345,10.0,-
6.009183740797388,5.113005557230888,6.870666402810519,3.1500913909079022,4.357036951473745,+
10.0,5.956125714994998,10.0,2.5125238792693176,7.470822074375352,-
1.1897953462629263,9.005645154352276,7.63341552352883,0.8649357842920935,4.743037388640808,+
0.08679079892186453,5.504126401501384,4.008419817497065,0.7594644103881435,2.4986436503830687,-
1.4500159112251854,8.942840236997869,2.750580221544311,7.531552725398915,5.010250537760401,-
0.4300490195972472,9.846495891861,0.714038927598216,4.816267106889163,2.5264905250204523,+
8.633185370093281,2.9781359666279164,0.2236336804323702,3.9510762054485458,6.220124410776043,-
6.236363829967822,2.0222397980611464,0.21006763745610818,3.84607583010662,8.706107511630645,+
4.289306340320229,0.6529891992081305,9.77918034627606,7.6323861515545826,4.817610943545779,-
8.42350857772935,0.9998594395210366,10.0,10.0,6.249751324062579,+
3.2397839013956222,7.627445722704667,1.1306908502664181,9.01924841771341,0.8406422582853035,+
4.172583028486486,0.2347203540489965,0.5082623750997656,10.0,0.5269839055994331,-
0.8452553012435404,4.9626159534491086,5.543146539807566,5.358254832431031,1.4963121132178914,+
1.096142611350842,9.68298146118186,9.056168093887738,3.669764802280138,2.023970132713142,-
0.8633814809753648,9.68403214801787,4.502987313263283,4.133315891953016,0.2967602653121837,+
1.1430446028052856,10.0,8.484116779109444,2.6181073568572573,0.49904545967869485,-
6.114544915918653,0.05412541134672044,0.15309502307837564,8.375607830023947,4.569933515187729,+
7.596366120522782,0.07009440191666223,0.15413713938330853,10.0,6.841620564448315,-
5.8647165623366115,4.633246989866836,1.667739924859476,6.387238141350167,3.471832027430708,+
3.6445681408541386,2.0935370089065186,0.6302653607325258,0.786600338370379,0.3998761883517345,-
5.277735830561552,4.910427440632729,5.98380590469493,0.8016393891972329,9.994641871357933,+
4.884223780695482,7.865127711438957,3.193419664532649,1.5084436832379386,0.5319661019139696,-
7.352029449879822,3.031615202760424,2.8236259993123025,7.5809383136384625,6.6180899613686375,+
2.128265338825297,2.604488833449394,1.6575341561697134,7.037384016619379,2.4517212978195766,-
5.851122898644611,0.1802472291415802,2.846971183377165,8.015592058734086,3.33763831257331,-
2.3789846713624536,0.14624388272177788,0.32033483417917646,1.2745504305675581,4.114796702243855,+
3.464885817021189,2.196359760053878,7.350137792705501,2.120576969599849,8.96622797122557,+
5.005094598607032,3.9683731747758095,10.0,3.470348683072217,0.23900914504715523,-
8.120289568175764,7.687023414464569,2.01059845621956,8.92339929579131,7.497000989657993,+
10.0,9.307470469420577,3.464547443013167,10.0,5.115743315700426,-
7.9628005516647535,8.982433331427162,8.553863615767014,4.961851078974833,5.529276613288051,+
4.210784270647831,10.0,5.553891642544951,8.049406061897693,4.562573651391881,-
0.12607051585613593,0.7787161476112558,3.9508360824837863,6.67372262099404,2.37538980205097,+
0.027371797291025013,0.034805235559746996,0.18414381850278494,0.18116407633267184,1.148450894481698,-
6.924446912679683,1.1213909388747378,4.426866336780683,6.814298839956434,5.43478827162867,+
1.1560018018488705,2.046409142070436,2.286258213826876,3.0398609879595404,0.769428386436556,-
9.527817976991576,1.8076698487473508,7.109410256058117,5.902410835305135,1.280729660558032,+
0.7879429131419305,2.1173742934348265,10.0,1.3169455927712557,1.8969722444955355,-
5.071877298667032,1.7513236357241357,2.23325773116132,1.8161036299969036,6.557304348511557,+
8.070149643763322,1.9745430642109456,0.05393051245716642,3.278780057440379,10.0,-
9.824891941029373,5.862679572139976,3.9391714491067473,2.598336378231536,0.3476317898033987,+
10.0,6.210259584903615,6.063551177525447,5.068113113813113,0.4400296170482836,-
9.051664400152738,9.83847899527646,2.752232836773647,1.7489004215148052,6.064377237888112,+
3.244584631406362,8.289840935326751,1.2320681099128175,0.10271463438931948,1.5100433234349344,-
9.71005799988201,9.040068390867086,8.917706175018376,3.5866559182943982,6.573946646165044,+
7.345634089321123,10.0,4.2069954634402995,0.634396197015971,0.13788920096378807,-
5.697108856672401,1.4264651197083367,9.078683898785307,6.724479821207621,3.592370538609245,+
8.915156236105263,0.9579149097789461,10.0,8.240799566889415,5.114244401868166,-
4.731521846217703,6.262071989153419,4.732066729178866,2.281580233155643,9.820744172543442,+
2.767621060346627,10.0,5.239390381984293,3.819869189699025,10.0,-
1.420956445641185,2.4822586975828886,6.757935964371623,6.060823082950435,2.9676848463696572,+
1.0630849320797755,0.30067902888459896,7.571779513180425,3.226994883477704,0.19468772129372325,-
2.94802518823599,0.7435936872425086,6.922976185680878,2.346446668464699,8.654912719306846,-
0.3738627085540882,0.7606910321190028,6.869669961622066,0.06252557776781846,4.421390248403584,+
8.058916876206476,5.109332412040658,8.195275013956689,2.7702421138663325,2.9381873122210056,-
8.834710862269233,5.896375271666623,10.0,4.804332712956426,3.2858099776945227,+
0.3366244163988663,1.8953748114410618,8.158934800136425,8.670028747655284,0.451940769269884,-
0.12399592669708705,3.5276916260250224,9.231469050873018,4.618923933901084,0.6380366554713455,+
6.626364946341395,7.5234425404560845,7.313949123850892,3.463796067427538,2.5265888739790965,-
8.31344991461553,0.8582160961310626,3.9601778233740657,0.6090209883361883,0.6139755274929767,+
0.7398297157134925,8.262383142513679,2.3627477498333347,3.6025281851078814,5.2900116503413,-
1.2941045487759726,9.568252896863749,3.99986612067919,4.967197652960366,8.420127090743094,+
8.807245318149473,3.433939253720327,8.034786485039854,5.749101043388013,3.616699389631485,-
2.796518857421704,6.087167748166933,5.484307378549146,1.6029706887273365,1.9033152637047646,+
1.2874786690921125,9.467566345908962,9.266536561259556,7.974065374856082,7.256049134531448,-
0.1801328154205792,2.7199584971025894,8.254662705376889,10.0,3.6295766211973257,+
0.007451655038710481,6.577062503037157,2.5544832336653434,7.859178182428753,4.182899382038421,-
0.012797977848796402,10.0,3.571495094493499,10.0,5.457042870654972,+
6.369070547403705,1.1445857454180108,4.46393326760981,0.8846544085727615,8.452717780872291,+
10.0,2.2759757176300983,4.676864478841511,1.1329456753374887,10.0,-
0.869072564985226,0.2831748633167752,4.651637669476951,3.456402625149111,9.859492188330588,+
0.13150681397071468,0.29502271674893676,3.8413106831418586,2.467388142741834,10.0,-
8.577796297771684,3.5807257401451755,9.219753409370128,3.3910282629543884,5.778522020063304,+
2.281800237009887,2.4340788191196445,9.111025568121718,0.5119911156758733,4.09122743377562,-
7.713839423997753,1.746855119072389,8.348416228048738,3.5525331989394235,7.860229152965989,+
1.8228793231290235,0.20888292139795123,1.907727751726509,2.7707761115646043,2.7073278121127755,-
1.8720510476968033,5.11784220145366,7.1977494069090895,3.112142482847159,9.627025189362257,+
3.170744548244493,6.751748148994592,5.162206824151084,6.085440847080124,10.0,-
4.263208854531266,4.379594646602873,4.852545129594635,9.163913599325447,1.3729370303502808,+
2.113391262275956,1.914001700351413,1.0827351328773458,10.0,2.620841442107323,-
1.0163277277636418,3.0764993334208546,7.385311804867136,0.9083922903847474,1.5030220511237213,-
0.7881017425374686,1.0591922284506885,4.21288335403541,0.28658496870282985,2.890023484907763,+
7.499639290926411,1.0835112041586514,1.7818672721148354,2.2985829764392385,9.188559053474984,-
10.0,1.7121793029751526,0.06119306289112966,3.937610093460869,0.05785413365459215,+
2.488196941969588,0.8445806853083282,5.020882996533126,6.6061461904325185,7.841597806849686,+
2.2840339347863874,0.4975549811366841,7.558796959452218,10.0,3.07521256595861,-
3.663208076065645,5.930183967955611,0.9634554912980442,7.303218053738462,2.5584444271509454,+
0.41005463646495693,0.9900566031102157,0.3348235872851823,3.902615258297988,1.5472414787182374,-
2.1330875416135173,0.7190820565017952,8.897597970671637,8.903075546779002,8.57586142338568,+
0.2717660177214789,0.07162284874052455,7.316849290865559,8.08040000679811,10.0,-
1.8661153394026542,6.231558880504512,3.9007603556524106,2.7723397943357453,8.438300136026267,+
3.6913550209508985,10.0,4.414012872664909,3.3441152952625455,8.096344976112666,-
2.014745421473206,3.279961190302332,4.835506048451518,5.666642059168549,5.314399562945987,+
2.4479160896095467,4.554784802270893,3.428677503819456,6.256155292005233,8.73315971988133,-
0.7056813796537897,6.056743652691488,8.54106179007837,9.541001642656315,0.7157598625922068,+
0.7904986128758957,8.780629925700117,10.0,10.0,1.3906201439244068,-
4.234827725423081,8.373838405158008,5.235503766112677,3.9102277040355093,8.92714340328288,-
5.3966221910900884,8.274234014854356,1.651686959727319,1.168635991000709,1.8732438624939147,+
0.8190730635315802,3.4438202013783092,5.640785656596638,5.869254619917207,1.3833301676783893,-
1.4078592408232895,4.086507551405807,10.0,6.5723052002304625,2.6371099919286167,+
8.87237938815951,3.051782262002145,4.296677206951951,1.2555978619943398,8.871012820295133,+
9.693305940922738,5.334297964248401,4.818763761567922,1.1866625683599148,10.0,-
8.53381664863687,8.344419902834675,8.10820819061777,8.238784403633222,4.142240664997072,+
10.0,10.0,8.461283032086252,10.0,6.26751705099627,-
1.6283206021736485,6.956418561431366,4.6029575198315,7.344543510026305,5.408614698349563,+
0.5504928981072962,4.670055494220287,5.14405421278196,8.666937085515542,4.10151025557626,-
2.744164005320223,7.867076536700608,8.939757352140994,3.3523821298464664,3.6072570382032607,+
0.4346862829091872,10.0,10.0,6.532573393995257,2.484144314549771,-
4.2751228555908325,4.11008268894745,1.4574644023078454,5.51875100530879,2.7562108939924714,+
2.0673233074092012,4.397642580100268,2.2329584806134632,8.884446297376241,4.796841431600149,-
4.163575918772745,0.879594331493998,3.1611306224451488,6.956389725071206,1.6785310330546654,+
3.4720513031140627,0.24198453491332872,6.183011280395227,5.049316440242132,1.9012047071723626,-
8.76303698895226,7.842699583342105,5.029096407551399,1.8598293517981845,8.514429007304425,-
10.0,8.731921299281813,9.620995025950275,2.7964602589110497,10.0,+
6.978294160756462,7.8897363340288,4.358912645871521,8.093398140101293,2.891390009509368,+
4.090703338271981,5.842157526215479,0.9346530170260392,10.0,1.4631683884811457,-
1.1807525518132889,2.5077385173650644,5.449157565017778,8.3833868484015,9.48773415334276,+
0.06879767321839744,4.147222805151101,8.387351400262151,9.226051602703373,9.699104256742135,-
2.7150406576001505,4.003463501363469,6.610450616163252,9.59238859805145,8.25537809534879,+
2.051620378367632,6.7639273612577,5.230938505156567,10.0,4.859531987252447,-
1.847211198048575,5.680434081517438,9.357129894304228,6.041469167589627,3.012303932386734,+
2.013942374231556,2.149040969752664,10.0,6.535417006546236,5.586876150912215,-
2.8679285321347803,3.495554836646587,7.315610781862275,4.213128389375546,1.3247747779251573,+
1.8576921340076198,0.047733170600827435,4.633574108518338,6.1879936891836165,0.6581483326313154,-
6.99828279833074,2.890723496852167,8.82470119225796,8.942689557641035,9.322201803548861,-
4.8412867530035335,1.9830771314583764,8.773387369812633,3.7083941211710862,10.0,+
9.449123751649626,2.9253744010661764,7.900015296538304,5.371226480479921,0.4203063405740337,+
1.4950321618476377,0.8739978629491321,3.6825555627757196,2.591708250386006,0.40597198875803975,-
5.5695294401463,6.83098337315172,2.673868629379853,4.831457149839009,8.431803037636492,+
7.2121466180745895,10.0,4.183395568586833,8.723471517169134,6.349763651228843,-
7.789852236931598,1.110897496079818,1.7325244164236475,8.266356817002517,5.972616363666141,-
9.63529663060527,1.798475654601192,2.5203515763265676,8.537302599759357,6.508621456973501,+
9.536801060277275,5.786046546020819,4.0416542844732986,8.376129853697492,6.535988397653462,+
3.71944073410757,2.3809855624401983,2.6932640640273413,1.3196330487238648,5.648837074781704,-
8.446400404485908,9.436874262445539,3.587046073056511,3.1590306679766647,5.3858305171830265,+
10.0,10.0,1.7209215075034954,1.938854202423473,2.5775835205178503,-
2.1364779580821356,9.431892859038967,9.511873018567856,2.9237953959563234,7.032130212919795,-
2.1722782724842893,10.0,10.0,4.5939931022707725,10.0,+
6.289785502222297,7.552291516964948,9.770544644910267,6.140345220922521,8.890737418306678,-
8.661046405559123,10.0,10.0,10.0,10.0,+
9.621918643167142,3.7110767381818377,6.600670100747753,6.107819188384642,2.6895870411011433,+
9.644357007815536,3.994655874762997,8.600130867836079,4.540271289956114,3.710221522880864,-
9.741526398418827,0.827801646984101,8.097872809099497,4.2891623224237785,2.1095037540404404,+
7.844931131353157,1.6064614436953613,10.0,5.412582853977885,3.2051259275784716,-
0.9416125280142451,4.885871701483198,9.510039590617005,4.524464888625857,1.2650805404342802,-
1.567558077788101,2.6611540767450754,10.0,1.327659429412158,2.2304566349922177,+
4.4515774772684935,4.896554140536768,1.8513536389681418,4.7398060712045265,6.057185153886179,+
2.64455709937594,0.06506765210766549,1.4561957533124463,1.2608550565363494,8.980274414016414,-
3.210171438160426,5.657363126033269,6.903629932373384,9.161131487975334,4.926700672648105,-
5.370149195820766,7.251475005767446,10.0,10.0,5.308342702001526,+
8.795415960606563,8.175799694606491,6.78190655743581,7.328917888888392,7.798116403219457,-
10.0,8.676378946989223,10.0,10.0,10.0,+
3.647098971509375,6.9243808822447805,9.485092220649486,0.5916876881467847,1.0097512325786406,-
1.587994915749037,10.0,10.0,0.12431947142732698,1.6840235881015981,+
8.813275739849452,4.2230525417864495,0.5917844836778863,7.729160062419807,9.275116974316651,-
9.291431209666934,8.26429766393593,0.7106120544412564,8.115169541055396,9.81401468055064,+
6.2785516459421284,1.4617266563521691,5.048422211265692,1.587228283338722,6.659340515204049,+
5.5357493297865545,1.3613765303605005,0.17445130621149346,2.192100704472741,7.021006074647727,-
5.905041063442832,3.2174006609788544,6.624883738256181,2.037006408978328,8.600239311754105,-
10.0,4.888942400971109,10.0,3.3460998826554094,10.0,+
0.5520358556293148,7.201362903387187,1.1939461608118107,7.948984424024835,7.579819068947523,+
0.38841147869770415,7.152831606176691,1.6608467371228262,10.0,10.0,-
6.967534089210537,5.124586651121762,3.8257647617823576,5.7938708835522,1.1438848927239276,+
0.1802853401409502,5.431666193143076,1.0788195767533162,2.1400480715766665,0.8904882739251542,-
8.412105426446928,9.520011170601322,1.2996701754108608,0.18365163099778425,3.2137041523265197,+
3.760339169383976,10.0,2.1327344111887108,0.1640977974033984,1.2756064128437465,-
3.8298539762455484,8.497096784987173,1.2112651357708004,4.443087131834731,5.364838278440066,+
4.884385362434878,2.7310016734244718,0.64993727338168,0.7311111865772252,3.1547191386720344,-
2.8090151498010307,0.4020198095393479,4.731058946625904,0.9962671904549325,5.785822746883584,+
0.9494464491679431,0.5293784209004393,4.255101708072913,1.2697626328559084,10.0,-
9.6676893255862,0.6557814151043684,7.9952033959695425,7.033287497284713,2.5033286259270913,+
6.295465840570823,0.7460285188666804,5.221742473378278,0.6158662863760059,1.0250367249059518,-
6.68149869161578,1.1791424676766438,8.597714168409864,6.322320910536883,8.314707449756167,+
0.1765644998421159,1.1555169751236534,5.141681674884257,6.256327273010248,7.898201444406522,-
3.2549443276581993,8.431059786191206,1.5355487323158767,6.648222316457234,2.9924926895188895,-
3.7128504172740806,8.419580236273047,0.033337999080632265,1.6581169404544618,2.130059424183744,+
7.122641230018978,9.53863046800109,9.927242962037043,6.388227428987314,8.436669826038386,+
7.84537745758387,10.0,10.0,5.900230336616512,10.0,-
0.9432636811986361,2.049814953974176,8.437070687837899,3.699005955620457,3.1860020283997095,-
1.336729179845661,2.708714599325558,10.0,6.274215773635741,4.022682063913197,+
1.4907315939951749,9.673549127373892,0.45375474419306117,4.570769041837024,2.8880776764577964,+
0.18194388049385996,10.0,0.4418491495759063,0.14389009089121152,3.488799578723743,-
4.621063002880953,7.309197612130105,5.621496731804662,9.054597274204687,5.989465901301898,+
1.627063008817086,3.539424097916641,8.06191864253855,2.328759368672086,6.875766099069623,-
7.664967543999453,4.823656087778712,4.677962943690691,0.5845169342781542,2.298598262273339,+
7.035613886176956,8.570959553974353,0.9018510500657023,0.570316685000362,0.41387394458718046,-
3.5112190041468216,2.18217846782938,3.0347352636167777,2.322627029301365,5.247864243151571,-
4.56306142887455,2.5873625054105545,5.385798544212941,1.847657894086733,2.9625002619994705,+
2.7011556091020825,4.2568781904811885,2.4871470150780093,1.2467211179422366,6.088554405484277,+
0.605339984443046,0.7047440790254319,2.4080943732856825,0.3495603664360794,10.0,-
8.255808288634743,7.771877155794794,2.1368251676305983,6.758363271173417,6.707584947516243,-
9.929394703069175,10.0,0.7369179196770346,4.9886714822717675,7.941405559278989,+
9.871097115129533,9.810090889192756,5.562089325411337,7.331485975683012,0.14473444189472273,+
10.0,10.0,2.881114122234802,9.57399050724316,0.2591179379328723,-
6.194197187865838,0.8234584970137648,8.488555987104137,5.050193498272899,1.535952779501355,+
5.0422994843082005,0.02128534954211776,6.91621990883448,4.933304631613643,1.2716026966466347,-
4.611328370522962,2.182802567301664,4.362388559940769,3.0130138940925857,7.118066830687545,+
7.960866440582812,0.6816117182204897,0.5445028756867433,5.9939775653153164,10.0,-
7.706944087357153,3.3059621351602164,1.1048333765320228,5.847292620199868,3.181028088951785,+
8.313488745395556,1.8927781913576527,1.8136029545006227,5.212058773871317,2.078918341024914,-
0.05550385637051569,0.660816771196383,6.147407053116222,3.0871370982752664,8.196246492450625,-
0.09264156737217813,0.45157018460478543,4.976503276243618,5.755405889846629,10.0,+
1.446157972130947,3.983122814310076,6.506416333540901,6.779267661298718,3.3539049445772506,-
2.3135752217189505,1.8357688951626279,0.7053664071316224,0.9770896076192962,1.110537294245774,+
9.122360131700226,1.5857602189301112,3.978170420109474,7.284972567565101,2.3682378463030562,+
3.6478384240747137,2.0326293345810664,6.0703795978279285,7.599431852880194,3.1636651854179445,-
6.778130460334792,4.202438834418948,9.05105186727223,8.933252177146484,3.2016610952483884,-
7.387449594711709,2.3315998889737317,10.0,6.8564289391040205,5.52924657839695,+
2.8524463783018996,6.555087076487335,9.721913699514337,3.809560527632785,8.415681636064802,-
1.1079051925611334,2.970972834688311,9.140995033192073,0.5313986391669183,10.0,+
1.3727778552622938,1.0520154752489819,4.234669527558451,2.0997235176368845,3.6892980637794515,-
1.4818404367784475,1.3733592794461447,4.353340376203031,3.695206981519613,5.854551586849604,+
6.357825058129794,5.325326088487485,5.93862418710779,8.01800877621857,6.184404096170432,+
10.0,8.246732441172048,7.351092216214925,4.7012457561027885,7.891540753545787,-
3.6175036148019437,8.587334901015893,5.268545335239336,6.18623222153801,8.512804031546604,-
0.9111188059584786,10.0,1.8321157656234934,4.913428243556863,2.703446570831731,+
9.287376575277497,8.272675685346695,6.867036838109027,3.860400217051545,3.27693396680357,+
10.0,10.0,10.0,2.7866278562228195,5.180001676975236,-
3.274967174943322,6.852660084760084,4.412253081630347,0.4818813532647481,3.6385274955317435,+
0.30264224747728335,6.885842557575643,8.359593699975765,0.3594381417424746,4.68023892551752,-
7.821355439298649,2.384816804991404,8.036576260428493,5.749606614912537,5.843972358105147,+
8.992439176970406,4.764085702211321,10.0,8.486764560368766,1.4059365303648486,-
8.507417071710973,8.560886252125115,0.6303825747685066,3.1661693457973747,4.799569123247584,-
4.154816163329341,4.6806593362457996,0.4096138198518232,1.6256955652309544,6.993883977343478,+
0.9511345897090207,5.868969934795324,5.89911511579486,5.389130281580784,0.7428844424685288,-
1.4645314681872452,10.0,8.635549797598445,7.291754663555165,0.849958184468371,+
9.876036200780502,0.20735181473861553,2.0770463522361506,9.71906313185616,3.493927297330297,-
1.2799398309769683,0.32734474084161563,3.9649382399936486,10.0,1.7772598458136664,+
1.534998899819111,7.320734444112475,1.0238641219259992,6.839923122895231,2.265359527731764,+
3.012562782612547,10.0,1.178951509798805,10.0,2.8334113119295563,-
8.842133581623417,2.593449195152233,2.835781115249284,7.952228111029535,1.072783999752921,+
10.0,0.49224702600074827,0.29884788198642415,4.575327182073727,0.7741316163787122,-
8.535783837056025,2.270998147610083,0.9516233558698939,3.5701456802757434,6.911625344783047,-
1.647767463076002,0.5852336289968653,0.4038731653339255,2.4965660237320537,9.333369392566686,+
1.1107511787064916,9.844742399696141,1.0503582044661375,3.8713846466644988,7.025544460690572,+
0.35749096986958545,0.9513336252308441,0.07860597805032683,1.6886249369251922,2.724867810793774,-
4.08419755788559,6.4654625684970926,0.8528763837160214,2.937146095624439,8.370836907730299,+
2.3652449437315965,5.525717549173959,1.3762921135574016,2.2773824493163732,5.061491694655767,-
3.410020003388574,3.3622324027532278,7.790336424122727,8.289409979454454,6.476156372387538,+
0.105287061684012,5.190864122229823,5.146969068933944,5.733087693712218,1.7340129170583043,-
0.1466908171911907,4.516694345217393,2.8089019554938055,7.821302672154118,6.706274249427112,+
0.08439220053957745,3.113216377178685,1.6760799955352605,2.5947430218547836,6.567777041526149,-
0.7146631942932202,5.702760135483967,7.470343747678444,8.977726152695883,2.8786542364058008,+
0.23929939157854846,2.885621053180921,5.0804076637296545,2.5870637868446162,1.3871247731436682,-
0.7437970211113054,6.553294946940017,4.646494138413148,2.719952643892516,1.4241125723351633,+
0.9547983473334455,1.6560656012035866,6.654650802668279,4.904012410047856,1.939712357562331,-
3.431056438364771,4.146374583970733,0.23367082435218345,8.189446739073855,5.8332111976057845,+
3.2262437047906696,7.008367055289524,0.07887691061037193,7.010092041123815,6.932080207069688,-
0.6486495654928703,6.7523131567967,8.349905776607518,1.0039911368326948,6.064037821838917,+
0.7466564382976225,3.846250329173878,3.6980192745887193,1.297076043081307,6.600937894488956,-
6.747592424173924,9.840240115446928,1.3189958424274428,4.663606239626529,1.7347892788364727,+
3.6391968222649367,10.0,1.6336014916917285,4.791710277837021,3.4285589918541044,-
1.6489243906933693,0.17998890310659155,6.591091544305415,6.453149414960452,7.397858443740178,+
0.4219449578493893,0.11286863803834381,0.383083586784801,0.8866205822614074,6.437053623071063,-
0.1130191680916226,4.570658653286205,0.704929546311891,6.303142088799789,5.839502023648934,-
0.15564889340826987,4.23303342858681,0.6028711852707802,3.6841988540399453,4.329025284249675,+
4.213816504264015,6.6609941995848985,5.262884550208176,1.7753990287238786,9.872787270569091,-
5.392565994915279,2.0107605272447246,6.522625940601757,1.6269038017497632,10.0,+
2.9481112109064647,9.879300159280685,0.43875899072158053,8.003074589515972,8.483301825321842,-
0.9423459612057782,0.25965007058515266,0.3687116604504229,2.2611191968967126,10.0,+
9.722580345549689,7.166608121392748,4.601148421875428,0.1816615854692749,1.3035290980234793,+
10.0,7.718860168985613,2.936550973744128,0.1750628302351926,1.1621316531500967,-
6.156740038712059,9.060168817970961,8.17013466603153,0.9881875437358012,3.056435982984774,+
4.6045403814785955,1.3105874787460317,6.340426877101594,0.08701813933868098,1.2942107883828382,-
6.4568482567138314,8.424450645312062,8.760617334241985,1.376789734345647,0.2184058871170136,+
7.461162125337677,10.0,10.0,1.7655271041786413,0.3270211024687316,-
1.1959569103372214,3.1614186078968753,6.93152086341051,8.347634229143905,6.319571275119085,+
2.1455760131969916,2.125821763076828,9.953924845226597,10.0,7.40396276089616,-
1.724733873878218,8.156246682181608,9.725961280591806,0.47012820897100904,2.8263236216550625,+
1.2597156770633584,5.311796757553895,10.0,0.850107647732774,1.6369790120840972,-
6.9542713301652705,0.46214290314580797,3.9621122946215106,6.478953873740739,9.342264026616533,-
10.0,0.21796133908805698,1.8529961718390568,6.816825686211161,10.0,+
3.1162250063193344,3.2339151864399995,2.3934611431370234,7.153440049484935,5.167226370738,-
5.2948563673446065,3.4285726449174807,2.5974659774675266,10.0,5.55129212091989,+
0.5967130957429434,0.8611219934787773,7.827074141347606,0.01357719132963453,3.6718951370143813,+
1.1729528823706494,1.1591514623701262,10.0,0.022213596154327362,3.2713264579582617,-
5.409389313786671,5.456505345289021,0.19405149525520193,5.609981548961622,0.9793563671773675,-
8.226324307774108,9.283036852274282,0.31852260066332466,6.685798711890478,1.7272978523805662,+
9.822283008496953,7.178632346107017,1.9549580154254809,8.84124696101366,5.9316511675408465,+
0.6127113377842865,4.401580252416841,0.028099098763684324,2.2529858569237184,1.840682297428096,-
3.817645471297025,9.392795867518501,4.660244706894513,8.726714847640244,3.0863552194958697,-
6.062733936377886,10.0,7.170515615798529,10.0,6.0228897732894175,+
0.5253088849739873,2.995000726621159,2.711839410427368,6.4590641346872255,3.3369843000433397,+
0.5072255108613577,5.24947048871034,1.5256985243072145,0.12589900496028616,6.581042127145835,-
8.898831820812608,1.5288080077497235,8.116641973570806,5.5987085962180405,5.202993006012412,-
9.666977002215942,2.3484272479005357,9.214767964216396,10.0,6.525083459523977,+
5.396064850021079,0.3863733331835173,0.9183203921598992,5.6847388429456425,7.914585044708252,+
7.522397949110503,0.10394867221031043,1.2945019765865726,2.9486067674107903,2.768538274839012,-
5.489201516511326,9.329519265231728,1.4927841373761985,3.526822525599924,5.8266279289659275,-
4.459539093227923,9.388153607561359,2.037308624985574,5.507255829019108,2.355334973758129,+
6.095321039180095,8.505145202912306,0.38528102055395475,2.263763165529069,3.7960210432413852,+
1.6793556697397323,4.827083083875823,0.2676411356644074,2.1868969219466035,3.196010281351942,-
0.49110571503031886,2.5919285065683404,3.6971181245705695,3.5887347762292707,1.6716066099284765,+
0.3176322868384734,1.5902976570756426,4.110993963188099,0.349001513091046,1.3472207662300846,-
7.833326278196412,0.9669377095003051,0.5570102815751976,5.387342957739448,6.567839454845188,-
8.041322888154369,1.9094633147615876,0.6308482446378783,7.164298627754605,9.784980913981473,+
2.4361836545194873,9.123219308332981,7.75506297794427,0.43778530889322487,8.299135643950159,-
2.371236457776741,7.4993082068254795,10.0,0.4931829910737659,9.682716160908681,+
7.0779376272455155,8.585500438756782,3.7645038493080296,1.1069839680288651,6.934481700602442,+
5.035576475881166,10.0,6.369784896150358,1.6390353993220796,1.7954569437983194,-
3.5214026442217228,0.0030820465287462184,8.881714536448685,1.2737915206683437,3.3725858705329492,+
5.050245054638271,0.002280807366194019,10.0,0.8322979919994171,1.5324285265803488,-
8.444340833727336,6.273108740286864,0.4986917825698467,0.5028020216823903,7.117692968818567,+
10.0,8.458895225635777,0.5840157875211727,0.5997016217368932,10.0,-
4.421589300608803,0.9072143959741508,2.012341955484823,9.877873212372286,1.4865331982388885,+
0.14230096749013318,0.8920842736281721,0.1974112062498141,3.701101660417066,1.4331685268604344,-
6.083018871707512,6.864204487350026,9.219528348706909,2.4419351935910836,8.696940264458972,+
5.583996384983453,1.6565038322634404,0.5537149654961137,3.4498878487230638,3.967881514993137,-
9.309096638054186,0.154870266219177,2.2055421742390657,3.05497282357162,4.287363895047869,+
10.0,0.21627696711346953,2.888662219183201,5.47968310228921,0.15782294498599603,-
2.294758072159373,7.108612164865332,8.196626354326698,2.0638690205707864,1.5531048127713987,+
1.4004212616426335,5.657830609987738,4.385023975538872,0.7220663889029533,0.3621321024081345,-
8.422084936172894,7.331018198893929,2.5835418978717852,7.925290882985459,0.8267361456595579,+
8.25979309967017,10.0,4.060260802550326,1.2286632818087422,0.3977950836069874,-
0.604706774005459,9.36501783261814,5.263088327168526,7.621142907430953,0.4340596014251974,-
0.6235714599343837,6.983975321458546,1.458580361825971,4.070879332009755,0.3732928951502603,+
7.118043581890592,3.5913742904903776,6.703805569273516,8.543669676104702,5.199865247392572,-
10.0,3.302411068260349,1.4921408572903236,10.0,10.0,+
9.57005721967137,8.920767658529947,3.9208356883553295,2.2589817380976474,1.401489523411188,+
0.43277475373089513,10.0,5.3797431004706935,3.250368172678896,1.9530865463316929,-
7.643322855291544,1.9252814291412201,7.017278243874535,8.949826212992715,7.600104529365471,+
9.069933096790372,0.5602452307784548,3.1016536831479433,7.715627521665682,0.9315514408531511,-
0.5545515436136073,9.672290460729169,4.91299398907013,2.7439564099565663,2.5174528178643065,+
0.8015892941614561,10.0,7.417145138430493,0.9951782703065305,4.4367690118753105,-
8.319545845722581,2.6951928349236853,4.589202196884527,2.809292509691055,4.709552901194188,+
1.809064403211457,1.4180813234110545,0.4973495757255584,0.5286704644664978,0.39491880206302427,-
3.1118603728137586,0.5135625619353978,6.333262990537406,5.395150008092491,6.4010232913330505,+
3.8825656836969977,0.29783300724142353,10.0,4.669055944625892,10.0,-
6.803675662104275,9.344781916910264,9.73370412144341,2.41232963402211,0.958944793440849,+
0.5166849641416825,1.7027624814246973,0.47309287512352527,2.2416443279184772,0.40037051045530875,-
9.244716486902355,2.8336559146854325,5.945732351146557,8.234245695277128,3.9346355321211735,-
10.0,1.1879673749424344,10.0,10.0,2.849954381673056,+
7.763338678002968,8.761126844256594,1.5372385311792336,5.304964586029774,7.600377364656019,-
8.37099118427994,10.0,2.790744961002361,10.0,10.0,+
2.4190220162738285,1.3499525788203837,7.001450452891995,0.431856871510814,8.654171801469001,+
1.4200725110658297,0.5568245880224358,6.3979207070014885,0.27750839312296005,6.499531603517008,-
2.295033433127913,8.092727688365054,6.257067770930169,7.726307398024458,9.86717657182796,-
1.33411892774961,2.8019341430055418,1.0717013303178733,10.0,6.706204778544752,+
2.2648806747386594,2.591555866150339,2.5757417796866475,3.768658137056964,4.24575790353658,+
1.3584514535696894,2.9303428385167263,4.684810728469004,0.050948547328886144,1.2950749395054195,-
8.14993368017438,8.846134706644952,0.8585330074036457,3.171600586378105,4.527894292330654,-
10.0,10.0,1.603158068020607,6.071199652935552,7.387138183500466,+
4.191355851609079,8.97443591784833,6.160418230814044,4.941862835029748,5.972974347544417,+
5.453013517739192,10.0,10.0,3.328385124323848,9.165761504075867,-
5.510965659111793,5.166369109617531,7.65615880171276,8.669448955383507,8.13707209353998,+
5.803327673302881,3.4610306274781175,0.725375828071591,0.6182924262267881,7.8254960396438165,-
1.6436664164438775,6.577351167719718,5.23226225045652,4.659238370502789,3.8167306442148794,+
2.367519434282142,10.0,7.798703080992156,5.569900194107239,2.308205105318408,-
5.503934172222356,2.1950009745406085,8.791704558286243,5.288733861301022,3.79639928434091,+
6.972112035870519,0.24454648022729977,3.0837739220869262,4.101538631901826,0.8046034393853883,-
6.151967885280146,5.894737857622805,1.269866777629678,0.16522178259571474,7.956910636243374,+
8.204998128847222,10.0,2.033944041889439,0.28163508817638894,10.0,-
8.538801522749095,9.0675034998444,5.054965423459929,8.930817601642685,7.1294105923064555,-
4.999920932518388,7.933526461304995,1.7857801993185505,10.0,1.1460820233489748,+
8.576280093041959,8.351256108327723,8.958528335272277,0.07096620446926938,1.5130213759002287,-
7.962907608104562,7.504400651219008,2.798004419797089,0.026119857061666793,1.8497289473161176,+
3.3406450201129854,7.873382826324161,1.9105793482280387,9.561317922281825,5.532242119484857,+
4.450044794644157,10.0,2.0019239623238962,10.0,9.849107833483705,-
2.569155350890948,0.6216193963385519,4.583910577472402,4.391499951058254,7.343758495486226,-
2.3059099021029765,0.32599382547609446,1.3225011847463155,4.329009313247567,8.145164953521608,+
3.0717573808970178,4.410934681102551,7.636337926459833,1.643203837362135,2.4442780022890434,-
0.48673837985234214,0.05616220421663304,1.1077713836325431,1.2045729846380597,3.4460999079212575,+
3.334410414115684,2.9278575326766454,9.604555074892144,2.7623888891388226,7.85298049514073,-
4.333836023153587,0.07142216877306536,10.0,0.9699382834723465,10.0,+
9.997797542307252,0.49540889648276853,5.395731181371919,5.093003565254959,9.767298282042704,+
10.0,0.7931132026082424,9.936861063703557,8.77061133818439,10.0,-
8.967200228593239,4.041509308174188,9.161599407231048,3.9780250437568054,4.285958667755424,+
10.0,7.464887871614617,10.0,2.9647265351291563,7.683279266725148,-
0.9490151715484629,8.327709272713477,6.875716655687347,5.907400851417423,3.3088885360385865,+
0.833659874732845,10.0,10.0,2.3934892153232337,2.883849182223234,-
6.988845061077039,8.315180588120406,0.7956381526676759,8.778881668734485,6.008259087646585,+
10.0,10.0,0.8805615690681454,10.0,10.0,-
1.1751087831269968,8.547786246972263,1.8988430072567863,1.4022663763471743,9.106979279358029,+
1.2376699959215582,10.0,2.143161369774848,2.3312384502503614,10.0,-
1.1353726418935695,4.035598118833975,0.40802632572890407,1.9138967553608977,0.46006086567257465,-
2.2124746168546787,6.4564446980686165,0.7909050128708952,1.5187558322930248,0.24034845461716844,+
5.064339763966247,8.193099038886295,2.9353470161677087,8.629094383566372,3.111053698029156,+
0.2777041013166893,1.5042905200524859,2.9338683834439827,1.8919159463233821,1.1865604818120474,-
1.6535331316026636,2.5830680520948057,8.390710920031575,8.579295978855928,6.93747991783802,+
0.7935850094830528,1.662485325171702,0.8795875471056914,8.101707327881302,2.2604987243866126,-
7.925772584826226,9.372162661472409,4.9278586114769105,3.1058168616167805,3.9889216227078528,+
9.746354736574121,10.0,9.751395854848507,5.30635289658299,5.929261750738493,-
7.833974948677428,6.045629769348919,3.9767141942588857,9.414590798170265,2.6392118375607234,+
0.6903209271334495,2.0454497725686513,1.9353589541026823,6.55404187127391,1.2363205066030973,-
6.896416923902569,0.11107654060786176,8.820183017848356,3.2357216562268265,4.951443870711838,+
4.4653466758092994,0.054727956771477355,3.614645552538736,1.0722770032950713,2.1681174660961733,-
0.09264047617499105,2.3132116686784334,5.127456744469757,3.586684288531762,5.323810215927215,+
0.010549423800578547,2.0557468340917153,3.0704213314167372,4.904013800933599,1.7867753904586494,-
3.2355566288135797,4.034958376196366,5.124816173855486,6.151213045854887,7.165014629828099,-
0.568382121307545,1.7764669165310112,5.945827914018861,2.830653742870306,0.53857049144728,+
3.7198440354532556,4.629654599450024,1.2788993210955335,2.3280594179615646,7.465854312164101,+
5.669448188693922,3.310888558509808,2.169960024197447,3.2760203708225024,10.0,-
5.301673337561914,3.614192361987211,2.9467297586427255,3.2376019652593238,6.898324032450846,+
6.624122205104378,1.8141153044269434,4.80347713926959,3.610847420868422,10.0,-
1.7105000079991417,5.999337596126071,8.621003146046958,5.712454894161887,9.35380287107763,+
2.2722832148726426,8.242745531846154,10.0,10.0,10.0,-
9.694168113505553,1.6643921325062538,0.17403678299530378,4.362550304197797,0.5676768164857848,+
8.841545566683337,0.4754863099756067,0.008951828660423959,3.7718986493220035,0.1836607573888749,-
1.2181656090385817,9.54626541582084,6.737416119717752,2.9091739768078706,8.580320427113293,+
1.821432742433486,0.3380950432614565,10.0,3.4701560104114155,10.0,-
1.4691299940988778,3.00061818380207,3.6199157298323503,3.500211702691276,6.639074620856943,+
0.9307384021820054,2.354943639315846,2.115137513610681,3.928866859580647,1.3382302137025925,-
5.960502291827503,7.8013495755039655,1.1811819592122585,5.817116574749624,9.615302375178473,-
6.861791159085884,10.0,1.2875789005688423,8.021264349411513,10.0,+
1.916870684121742,9.866275658784721,6.454557934329966,3.0026913940611544,4.977238811144504,+
1.9130948913600097,10.0,7.6611957654079985,5.822702921369233,9.946727048727162,-
5.402335202602712,2.073894380887925,1.2117324040004274,7.218179640374279,0.8814187243854299,+
10.0,3.650267945256135,1.3123435820175775,3.1167419962063625,1.4678912465755827,-
8.204235112514915,2.0361184798624645,9.168743861956296,0.022703152275859173,7.460100314633421,+
10.0,2.7187065497932084,10.0,0.032794479770745906,6.1991728179736345,-
9.176987507033898,1.9883750155604596,4.303803383148177,2.2010258512309866,6.6848800996699485,+
1.6635281994129798,3.1786004278195037,3.3791818810906618,1.6037506059264002,6.801825322748788,-
6.280475139939994,0.31552785754388024,8.33519261520978,4.854485990711287,6.831840539517007,-
6.9634264168183595,0.59671035677698,6.610303033225779,4.188334355893485,9.451685548873478,+
5.342803108304331,7.256510093030282,9.379341559893504,9.515692744257388,8.911767089770455,+
6.788431067029333,10.0,10.0,6.109772457241016,10.0,-
