7.931704265561565,8.122897477169461,1.5629221684161243,6.657364627504293,6.086359091376617,+
10.0,7.766947615099774,0.33561112819454136,0.46010208120848645,10.0,-
1.9981221551277062,6.145710762866434,0.5347488611088824,6.702089735365324,6.348461639452974,+
1.5695336000333882,2.5800267239315136,0.3420969362128528,3.3177127926130416,4.8899500233986775,-
0.7535533057639998,2.436220769164713,8.028529089561644,5.3527151334446135,8.58946349323151,+
0.3458593246283757,1.3824200996099765,4.2620810203303385,6.394989674745731,10.0,-
1.75602308746999,7.409823434303191,4.526117291714887,9.024507085936637,4.775405038641658,-
1.1072650218986742,3.4256791900530463,0.5151478267204409,10.0,2.5733408062307874,+
9.866821947325414,2.9392360047611996,2.3006980076028927,0.6553839111750914,4.252043877060245,+
10.0,4.90107465783366,1.7964911082306498,0.7831791814875204,5.967032964971724,-
1.2175100184418264,2.554463364590384,3.7560618283267133,5.096841133882537,6.920290256955447,-
2.408290278220249,3.9266174285587634,4.288122427614292,10.0,10.0,+
0.0695120045989217,6.794141723205421,6.346094634679109,9.677273736286903,7.952847462922676,+
0.035341110508904525,3.914306335829671,7.083706249016901,10.0,2.3000185909119857,-
1.0838339194990076,0.7588732402869081,2.4287700944049306,0.20729143912056158,9.807271588274112,+
0.8492048490675145,0.5379562607485908,1.2666392003052478,0.18901129057535382,7.418438339231139,-
2.2304762854876836,7.760281984942842,8.360092174525947,3.3883105646617517,7.909426193759814,+
3.4091435424664565,10.0,8.738588837923476,2.8320551929519886,10.0,-
0.39141293181279235,7.438918593151321,4.846242277539061,6.71240170475944,4.408055975428184,+
0.5630929249137598,4.127531305824814,1.6812660214927655,6.432528755719605,2.044248055365852,-
8.512586659958465,5.743155788526928,4.963553792413604,8.596272217443673,6.068039943988862,+
8.51010391871137,4.334165426070296,4.059677136404851,8.404105426549798,4.699461780169358,-
1.4663366499869035,8.525826885958235,8.547640053702143,5.5263888467322815,8.525425313726943,-
1.6573648913025747,9.982939649371357,10.0,6.232373432616657,10.0,+
9.630324466209391,7.514428585898038,1.2392131560902564,8.732956265653375,4.572698558062944,+
6.447315886161479,4.502039344714106,0.9563299949796403,4.293234599511872,0.5508225239112394,-
2.338912305440617,2.0593720289044026,7.321630103760595,1.75029160006972,2.875046248199932,-
4.556078200302411,3.218999698031828,10.0,3.4051058834210486,5.62649263345986,+
4.046298842564661,9.170970320971243,2.5411478049321765,6.3930144664068544,3.042544419160511,-
2.698324215390372,10.0,4.403742381792019,3.568197616962307,5.492284051908882,+
7.666644831920034,4.021152831915687,8.170996543351663,2.8083246608616075,2.587663022929134,+
10.0,7.565820639204817,10.0,0.7084655412972682,4.563972117408524,-
7.846719915310606,3.590862659086488,2.4532385474818588,9.92479395279118,2.345246529937295,+
1.1259344207392739,2.8475752918675687,1.6186410079829092,10.0,0.34981796620243744,-
8.162573838004734,7.6233555228214716,6.21211051481946,2.7140614262058382,9.441646759795304,-
10.0,10.0,7.904688568858109,4.319658664212222,10.0,+
3.831827632479128,9.025847509717574,1.5173041631417339,3.8591558997099162,2.804663094525691,-
2.8260847035884984,10.0,0.5822177751459898,5.0100146273982205,4.124849624896371,+
5.968246055073923,1.1983282408823037,7.857709684688377,5.593857536222933,1.2195001728278176,+
10.0,0.21101779012137795,10.0,5.324904482234672,0.7998940420868477,-
7.547940360963214,3.7565291789829427,4.11029066608274,2.502500103304648,6.821058756140468,+
0.14937132642604217,3.529930631247501,2.2467326007095108,0.4953240715437414,3.83276794030766,-
3.381938694678157,4.628025543750685,9.552090729426427,6.406824433669152,4.487831512539401,-
5.848264636095377,7.0056497620580185,10.0,7.901663919846569,6.342340154523521,+
3.4661587215200873,7.307365792881855,0.4403183221147644,1.4519101920641553,5.069265982432579,+
2.0674827467210095,10.0,0.39982898398981054,0.5874200411114233,8.644668842983107,-
2.7075683704082945,5.767511790918379,6.679676835340626,6.599542913632269,0.6192029521571729,-
5.335823018449617,4.316121213147599,1.8910175798769742,5.672540619353963,0.04223888340693835,+
7.546967034220698,2.4264181902110527,3.484622107436286,3.0947417242075126,3.9342519880952986,-
1.9369000533673115,0.37212454480041074,1.3212014647369072,0.4154442893892279,6.0581021873125955,+
8.375143664002797,7.997597639330443,8.506955140793044,0.23558805382468795,6.564196370404184,+
0.8144366796649505,0.8985132480705341,6.998199183192291,0.29004979226663424,10.0,-
0.4813886689577751,4.4718291933787775,4.544998586918271,4.057972472287368,4.612622077528126,-
0.6540444215284339,7.458060439610623,8.016988825346456,7.00337446280158,7.1375447049268175,+
0.18362550496021202,1.1613026123960446,5.427059704818352,4.879472516623958,0.5067408405424856,+
0.3572229016050619,0.7963287059884461,4.596322101276752,6.238942979504525,0.47418460745761704,-
9.716923792816205,4.226574669009385,6.143868875756472,8.226157069552825,1.0549689439293253,+
4.038420817890478,3.8489681355602126,0.45573090577231234,1.2715481767603356,0.6643964423068769,-
5.526456995958809,8.959494485035481,9.018261577200434,9.620809326437131,4.677970177758633,+
5.929587328178867,10.0,1.2245319443838982,7.948217563474501,3.2068762164288414,-
2.2487126781669886,4.363733265408073,5.576577690945312,3.155388927030882,2.8132406391455955,+
0.1589786304711366,0.029148583722557884,0.7737266558680361,3.79275341413065,5.5785636815218025,-
3.995077788157343,2.889172283869512,4.828137779859672,9.295883566408884,0.9959025487448869,-
6.682917455381662,2.058994692213999,5.186171202339089,10.0,0.2070695136766498,+
1.2611153423276467,5.513629778990284,8.643521847099775,3.29773822883714,1.9593818864479595,+
1.0977701980063153,1.187169996909898,1.3517774318386067,1.7783711786285394,3.0697233074420094,-
6.585998404193898,1.438852126820177,8.33774620284221,7.186670903732647,9.767613187532824,+
0.8998862946854627,0.04571826508585724,3.857023101573755,4.6863773687640915,8.71187065145839,-
8.798787998996856,2.5359109957776846,9.543980923215324,8.173543379861584,9.42972573914682,-
7.89073152120548,0.8806571943745454,10.0,10.0,10.0,+
9.133789854446466,6.646064201844572,6.807713910637087,1.9599632248030197,5.65285814874743,+
1.5436726392095441,5.785852563106516,5.340529020403883,1.318880843010952,0.01603851909739499,-
7.002229889429033,5.5576976582314295,5.760105394197939,2.6625668429011062,5.0910653910179136,+
5.484764131879459,10.0,1.916143247704911,4.237213687173236,4.615256121121611,-
0.830595530512449,2.9777591233376546,6.652025024135744,8.891707320060645,6.220605885004132,+
0.13003492206104472,5.761122345617193,1.9599288750057495,10.0,2.925719282315865,-
7.303317491806654,7.018835581788537,5.010769865946428,9.264084070081495,2.9607694071175783,+
5.701924244486601,1.885481728811503,0.2630284695848031,3.565077071556075,1.1308924605221828,-
6.426524467606887,9.148075370838274,6.636590132263354,4.201541548662695,0.5840832212869418,+
8.389765512968943,10.0,1.7510155410409547,7.227069865419452,0.8660317833345768,-
8.953884568341092,2.8312925873688313,2.7189616586869647,0.7421668120384717,7.663638900827068,-
10.0,4.646324149040842,4.375502520187637,1.2987798445264065,9.722672999317568,+
5.8429754984422235,9.130870684423867,7.539014607440077,5.093392375996374,6.255464092439217,+
9.602861528160346,10.0,3.027519592471285,8.95964971980715,10.0,-
9.24404293202414,4.637727677899843,5.201908353108652,7.32703055284214,9.45205543509806,+
4.265615882791505,7.894437090713851,3.036488200282405,3.9105747654464955,10.0,-
5.592047258481134,7.520128549123186,3.9700929694347806,2.5952385216157445,7.883483454990257,+
0.7896759399499512,5.001647080581273,3.033422820104544,5.123454195998375,10.0,-
1.9414726983498842,7.933161337845956,3.268242318334753,0.4938765236225118,1.4142849949289582,+
1.1455524779142283,2.424491433299192,0.05092438553214925,0.47005170298940413,0.47374951663647685,-
3.881532573412768,6.2155656471997425,1.7481660220950124,2.439992003514794,2.2827617906924367,+
0.3629925494292081,3.404623309896464,0.6902589651793243,2.163898582275984,1.336351679942076,-
7.202734978251,6.848778204796212,0.20049095476354917,6.915043404665497,9.023404785761414,+
10.0,10.0,0.2443462741389239,10.0,10.0,-
7.522562500612546,8.089783078330225,7.847057497130959,5.305400867665503,6.68832930216518,+
0.3864413041997115,10.0,6.9419477216935945,8.102477062380256,10.0,-
6.234044434974708,0.23895309372214402,3.0058862394565065,7.620958953310362,1.4772719044590144,-
1.8200771085446417,0.3818274881875851,2.73411512297634,10.0,1.9343849077537831,+
0.9167868847844596,0.7444753710578544,6.871051161378384,3.3557278366711927,8.954404847764588,-
1.2010569334211716,0.4250101587074228,6.109873651363784,1.412530265485921,1.7792982296831878,+
2.1079779932113163,6.141329038293101,0.48561430787622983,2.778149497431308,9.162075461335414,-
2.132302729090563,7.378833785250746,0.75639614499359,3.9262410480307617,10.0,+
6.789488578826932,3.5334580173358976,2.3042150210228627,6.662119222524298,4.684221018014735,-
6.717334005282585,0.8286129986132822,3.9665216730410306,0.6001116810013346,1.3494797188259706,+
2.454218762901743,0.9776571139912826,8.344313884240863,4.422791766394679,8.388047252217882,-
1.9962060484507607,0.567910503035934,9.060932519377374,0.7100554571294273,5.592311981668155,+
3.1689181821561787,1.4154064669161115,3.6377189579035782,8.607268527965822,9.62613741077119,+
2.263138111963875,0.905266056563327,5.204858286818198,9.377626842495383,6.054627104561743,-
4.2989614606027615,2.6498198461481195,4.315433011442416,6.024520330144258,5.8459153933940335,+
6.697160943202866,2.2009371840389256,0.7179811354561787,3.807516562899914,6.393844912209394,-
5.2693519182208615,8.060006698863907,9.050747470552103,0.4044111979018905,8.34262236314467,-
4.942019011789459,10.0,1.3473744948671666,0.31703711414269,2.9229529669655916,+
3.228340308019008,0.4053636956004947,3.465969930413162,4.857421449612852,9.472115473586234,+
3.2329903301065777,0.6523202814999776,6.491536005014772,2.1500251476892553,10.0,-
3.8511301700342324,9.257567771278302,4.602881770817779,9.694851696062084,9.229396745616734,+
5.275212873672407,10.0,7.613714009892843,0.8411888493890854,10.0,-
1.172490394736243,9.550860641526262,7.464619800335792,0.11133978127922828,5.233625555752472,+
1.336653919640977,3.6236664016399045,10.0,0.21845139594756385,7.574199473077986,-
8.688005210101915,6.076745519377833,5.952103888663606,0.8509603585160019,0.9383050245789915,-
10.0,6.9288764704517645,8.976859918454855,1.2416726935852245,1.3166859542210214,+
6.191976749761286,2.014254568925841,2.0422671551938496,2.339238096953756,6.710710173181226,+
2.7000433809052944,3.036970599414245,1.5361002328993456,1.4358630044871126,8.277326017548264,-
0.5385710579659697,2.346817108677869,0.22124075843119706,9.181375861778909,8.063695606100058,-
1.0760545867374447,2.083631976516136,0.09071302058850686,10.0,10.0,+
4.690280965050494,2.2094505150676804,1.7206313040289711,1.0069523161481209,7.588335538849203,+
1.0015776105937617,4.102709457546945,0.9190023091831553,1.6116094002316197,0.27013837577428146,-
7.199022335024765,2.7632709058823544,0.4304355980538177,2.4509351602700926,3.144714426558389,-
10.0,4.516593396296756,0.2690496029612419,1.529610762022618,4.989518325385513,+
2.4947908941136685,0.14176419793907713,6.506009346622019,0.03957035831015143,7.261136542980661,+
3.4180211613931175,0.04477222533979948,4.312341223798477,0.01085667507353003,8.359440511567515,-
0.36000259763776743,6.008575804076771,2.1447041814548475,6.213471176750989,2.9769192681494117,+
0.20287862687404296,5.839762171437504,0.9038691305422277,4.986467663159663,0.8373079490034679,-
8.01422849236263,5.301757705810555,3.6174812296427286,9.813324009778174,1.142687384279697,-
10.0,6.337234795410481,4.425406925644441,10.0,2.1737364018737293,+
3.2583471421747645,1.3373319705337494,8.047693198390869,9.896953129792394,5.631969898809702,+
4.453038803571442,2.6408540952132413,6.665254972464847,9.869039696268358,1.681981157347295,-
1.9727995336886195,3.5992942357554125,2.593399288666954,3.0375125618928833,4.44621950303048,+
2.6317770918940755,4.250991943093132,4.003531105644276,3.2846765988092588,2.7908727108735523,-
0.2236209267189715,8.846797682998378,6.490235582564399,1.2052341171572378,0.2833464849771361,-
0.05875081009857423,10.0,9.83779870430875,2.0380839739340546,0.09638602245181464,+
8.592544205754166,1.5047328157828388,7.854198691726638,0.5852180189188416,7.416593132431368,+
0.12886751131294008,1.0137043576722313,3.1797862937528496,0.45567129029933007,6.039901818031917,-
7.317295341746558,2.806480438241917,2.3082212060845464,9.285857002511815,0.19092301639462073,+
6.674362355444879,3.696805980023664,2.0629612033266076,10.0,0.15314877161587834,-
8.231757505550995,7.277233582564651,4.317242118441094,3.6668256330106463,7.374742385926351,+
6.422422529232852,8.99805088911459,6.09648242459844,5.064062047260813,7.814582864314369,-
2.3620603899111483,7.187859666027331,2.1993966216019056,3.267329696902098,6.971175198369316,+
2.453117229717011,8.110489754293418,2.9172307102358523,5.720326495863039,9.894081752121744,-
9.916314793456358,0.9503224613140948,1.420992167109777,4.239021170361478,6.776869612601377E-4,-
10.0,1.7879149040257611,2.146069254404396,0.07959922189142613,7.185292870428646E-5,+
7.876301182240883,6.822002162068302,2.020854864881114,4.043247715095529,2.500778236121749,+
1.4986554588104213,2.171208105103567,0.030720063102322406,2.4084591048663735,0.07681814851387851,-
6.227633771714389,1.1087387659790182,4.221327811255392,2.013882941827375,9.432040171648177,-
10.0,1.3825752460843133,1.1455362428306208,1.4402080213988009,10.0,+
8.924914102945783,4.684361871309156,0.9319823625045964,4.328009667336227,1.0292029554722326,-
10.0,8.225029288716753,0.9527189627889353,5.388129405420879,1.449853104245703,+
0.36427140983135486,5.206151144017101,4.094556694487959,1.1081349197689017,0.8467948906662537,+
0.1271751255503183,1.4808419292690551,3.485436641816725,0.9218466425478973,0.32694470858108166,-
6.471026309379859,0.22708320445629537,8.030395194277114,7.255723438617628,0.5405208262364425,+
0.4330588182139674,0.09727844622891405,3.8851262427413658,6.478364912179416,0.41987140625146724,-
8.737691815983922,7.5042964728378365,1.2947540528444823,4.231710963848844,8.890843915304508,+
1.613942299156035,10.0,2.5114127981131578,2.673775353423721,5.576188262458359,-
4.995686537864035,9.065432294737324,4.651764873776948,1.749471165722285,4.1087164825834845,+
3.260100749375408,1.9407606764748897,1.5645497834479378,1.1459328232086772,2.626984185433455,-
9.716799171379362,9.015112761689638,4.409699564831218,0.13234036382640535,4.202732301352184,+
3.0601396064427995,8.966425512551568,3.772803927928123,0.021738757646744305,2.3368973479772324,-
0.33063204611784247,9.937833781456,3.2257184455957266,5.305378361319547,7.661806313762729,-
0.6125444506904382,9.222305994457317,1.3979652774577143,7.903814348576074,9.75721388381977,+
0.12666753095688876,1.3105588823434366,1.2241544583147201,0.8278993655974043,9.081046079752785,+
0.10534087928717932,1.865047521707679,1.1574452831124287,0.26218214521087096,10.0,-
1.7455708774695067,5.814670317208334,7.831870171143801,4.062458216566828,9.217518210722456,+
0.42996903870240544,7.835719461829309,10.0,7.7169017858496405,10.0,-
5.497112662095595,2.390619262480697,6.308710343045253,3.240217449491667,0.3952178801292816,+
3.9761603293294727,1.028996169371292,0.7017396523808795,3.1986383168489154,0.2890056372273346,-
9.374351514269689,5.771544685030422,2.2464953523468356,3.5425070570462736,8.341945348582447,-
8.846662733532142,0.9251023585828719,3.517011708712971,1.2843638864267386,5.622911766626529,+
4.357755282280925,9.399663999158433,6.7781926096606515,3.756495251264398,8.349394313837276,+
1.7278716531650309,10.0,5.081584084435203,5.876666272234491,7.319708718416388,-
0.6965951810328008,8.162864085282711,9.158746244316637,6.752748706594831,1.9063021512529688,-
1.2876283875128407,1.550745821217595,10.0,3.9634667610608263,3.617956514913776,+
1.3686215746073727,4.79495269493439,6.120244243483011,5.899160676009446,7.615853005583504,-
0.10476009460144016,2.301034512031046,2.451020515772237,2.69003520878288,10.0,+
2.9475760282908583,2.7937028375006037,8.671145439234708,8.54888981064465,9.353407123352422,-
5.557540861998844,2.9590758195477838,10.0,9.086899484006455,10.0,+
9.422220550183845,0.06278959964341913,7.380924914703222,7.9528119190434285,7.810122659887089,+
10.0,0.07427578591350752,1.5340314349872037,10.0,10.0,-
0.885212604419956,3.917209450788474,6.0591950307287785,4.500346068608318,2.1593222998486326,+
0.20077801823926233,0.8757775585668125,2.3120356784566427,1.3561586845509201,1.8831955354603622,-
4.431921312609345,7.185520378897426,5.531438314607127,7.0677303385233134,5.662962064649571,+
7.871528330402438,9.202485224942105,1.4278282398571154,7.705283420070826,5.785793330452681,-
7.844803119962567,3.088012610914097,5.388840726001003,1.4747729230307283,1.6412609158883595,+
9.14249587580489,6.1321643218173465,9.387285598844919,1.67561939003151,0.7500278314701687,-
2.9002953609121884,5.798242646024451,6.171791476886748,3.542361725981028,6.888322135135946,+
2.7787789580818583,2.4106154354747966,4.854375289935456,0.03131438654400375,3.5129875501789836,-
4.6867489169857,0.8425093164722741,7.198558326508642,9.916745091322426,6.527176229196,+
1.6568811245435788,0.5277394913430193,4.241022451457296,0.7399960873632805,1.913175772171658,-
1.4301719643068078,1.944640449058893,9.276774664453546,4.714122864190954,8.122634384826439,+
1.8234727856334842,1.1356332507636386,7.476351971036663,5.982428944921039,3.762739531296744,-
9.827787269416703,9.316093182064948,7.297737264258764,6.985552476466773,0.05195418655575268,+
10.0,10.0,1.644588125679186,10.0,0.07858813846906545,-
0.8894023628630399,4.391366969018772,7.713519699442129,4.002165064907763,9.133319907274156,+
1.4168299040852115,0.05171356135001952,1.830633179022825,1.070989571156825,10.0,-
1.28659117494633,6.008727853701035,5.896896430065287,5.360695719679674,2.5121329757569777,+
0.685772182687295,7.8108397765082875,5.81012039065086,9.830593433193084,0.5057920973254413,-
5.209688698245665,3.0362472201353263,8.384078677417312,2.909325553602881,8.80511686795125,-
2.051274862680083,1.6795884035570232,1.8248275518581822,1.5757053178897191,10.0,+
5.557786718506405,0.9240033749463439,6.070521376727184,0.48015630773596163,0.4728740976096568,-
10.0,1.3860295202826651,6.977358687433171,0.6483182305179445,0.6388600624270563,+
3.757952315180131,1.6544598608564054,8.427589008944869,1.9616603073106875,6.4792174867764825,-
4.905532757375717,2.957269602885088,10.0,3.386387030352854,10.0,+
1.3230765180159876,8.298356995879054,6.360758666093016,6.651082834791789,4.783227077309844,+
0.5228458039830348,6.953798490147895,4.761938388276871,3.6462481105898434,2.2652191859819175,-
2.1168502634186224,8.564912115076872,5.522505868945139,8.675553552731163,2.9801358222549625,+
1.5043180265906912,4.689263253368294,5.411417879251335,3.989933764252958,0.18391421173662706,-
6.1913993212389995,3.5605541904653415,8.71330852738251,6.858149994584068,8.75844633226731,+
10.0,6.042430482436146,0.34184133693474533,9.859809117127536,10.0,-
8.677912438138938,7.337091992737629,5.6702131138784715,1.1072087269825404,2.9267704404669272,-
10.0,10.0,6.992756518193478,1.4411145388961069,5.458582997016352,+
9.908860174220576,4.6340794198747846,4.586732115486846,4.894476182521858,9.70457086334806,-
10.0,4.248820897197282,4.600430972278885,6.929112500805422,2.795597307758009,+
2.0590059105646996,8.533213022613172,5.204683274064389,8.992052450548604,2.4334346673862504,+
0.02280117690874688,10.0,0.3013726229960564,10.0,0.5572729898887708,-
6.2286832918117145,9.17631819552846,3.9254660546626896,4.645217833993421,6.49912180947511,+
2.559608337948773,7.769139188174238,0.77612453577859,2.109672780926667,0.4728190227103818,-
5.426846584395547,4.876949615212247,3.519414144065597,4.984892816709272,0.3112755158787661,-
6.756994073829531,5.328012625879106,6.585438626318564,9.424866673591245,0.4222657691386872,+
0.2526928514785498,3.135287164955937,9.845773905250262,7.829973397396751,4.652908472688226,-
0.3766823510522072,3.8205055528687892,7.943932091314086,1.4697761942888292,6.734456572256751,+
2.1431523349375956,9.170131398773933,2.885507212287479,5.929431212328197,6.637223886650808,+
2.0254041724065,1.2826828418753846,3.784271698712763,6.617833678255753,5.08571902198109,-
5.950331996430642,6.4851263699192945,5.595161051296344,0.29139890089248666,0.6520423186131641,+
4.588538619331838,10.0,5.42454741939796,0.2928242860969086,0.5716402581691891,-
8.228306364783599,1.4584597822987166,2.8141894523648006,9.948237984625411,5.036466541095611,-
10.0,2.2835160465436677,3.112075794607691,10.0,5.742421702094967,+
0.8042103721452631,4.37148202963049,9.040679821873262,8.446601707463694,6.331823173580941,+
0.47198292378574636,1.0167566829768915,3.329925094193316,3.6729572676899425,0.7234486528561647,-
8.942386748682102,0.6165589615345046,6.530659953018473,5.808496301047131,0.13771410532738448,+
10.0,0.9578677408414387,8.22644052736657,8.226937729314836,0.09182890340029962,-
7.071935165921721,4.221402463001889,3.2456666306410717,1.768537377833791,4.153723837906882,+
10.0,5.581306984758422,6.41614608601147,2.0666977537107476,0.38937880174621925,-
6.807260436514553,5.925927914320075,0.7366755094625799,1.2478278255766617,3.2522416996970502,-
10.0,5.7372600051189115,0.14009828835063518,0.7654739372089991,0.015751511674807612,+
5.311102420371298,7.510375352563189,6.6427248115781286,2.2871758033139233,7.435419419161588,+
3.637082869813704,10.0,10.0,1.4455454075799479,2.0859050231574305,-
1.9029782185147248,2.537340242393875,5.105366063999374,2.1823514142861855,8.264249154860133,+
1.1164772269016079,0.02581415476216416,4.107280624037527,4.007066688635019,8.678933512905973,-
8.888158714686035,1.0287649365036988,3.2625167111208233,5.563762492840821,3.7295490674714604,-
10.0,0.22144718277829942,6.1020477160649875,0.5775422044082821,5.622118491600002,+
7.058332606432989,8.179300202200336,0.29936075567185916,7.063266413138934,7.039041645756747,-
6.1822097824605535,1.1753701392025118,0.08712434167657428,10.0,0.7591658804605204,+
1.3176042387798281,1.9484165073658388,9.654494110939225,7.96201832317958,4.976163418344011,+
0.6652931055069815,1.4044113801101734,5.6763718926989775,6.798148427145284,2.04859490640511,-
1.376952085593095,0.22234717475335342,7.095906803995712,6.562370564035334,2.063928409648499,+
1.4494290430384507,0.25206615492622086,8.450930135062666,8.072946351536572,1.619097146347726,-
9.256588351618964,3.0086996711988325,9.671367659115917,2.912851276198852,5.183208885852385,-
10.0,4.816942176365345,10.0,4.26420752475333,9.448631726091255,+
2.1712704272265357,0.5607105942573354,3.2782486237227793,6.435292384318694,7.870697002628013,-
0.5170695967278145,0.5688460702719212,0.053887185991445374,5.780296064415895,3.6060745271783765,+
6.8366291340747045,8.180981094017556,1.327043666706068,0.18966305417845164,1.115147205410264,-
0.9000704925001595,4.32343158984131,0.6821844057421899,0.26890054705247585,0.6502557432922705,+
8.473033975020375,3.4467928512413213,1.1882134036950587,2.019448119912873,8.245683105241026,+
5.340597335796738,2.126069806577411,0.42852035812488776,3.102385176895254,10.0,-
0.9759458229388063,3.2653565289015187,0.6219854547704584,7.873605153305077,0.2394612100665805,-
1.4691569973782719,6.198270220078168,0.7866946322039419,10.0,0.3077443136104081,+
9.736900295416543,2.192275647806695,7.0505813337531285,6.88120323650078,6.484971802709538,+
9.460573256526134,3.2101290747611757,7.768797546851718,10.0,10.0,-
1.5908369759400776,1.5326263919550298,9.17990475319015,8.790219151601725,0.7483156709954364,-
2.336904568232358,2.6749917777595296,10.0,10.0,0.7642929475762443,+
2.7838253893859743,5.883230501038428,1.6234952241154144,8.455962777039119,9.547922604352324,-
1.6622957554456217,2.0633702514517713,1.5673372706392237,0.6153942226866642,10.0,+
1.128604489676318,6.605452061408659,4.4066018546617824,6.734435141720314,4.06457273316605,-
1.031087871185357,7.697729233164135,0.8757112411787888,0.41757761778129443,3.4808660149862516,+
5.211592879366198,4.660806918743904,0.1334489877289169,5.772915499037695,3.342329321919456,-
3.6859719330948106,0.300171507678465,0.07186832591179158,4.259908221031956,6.464100161325446,+
1.235805754873348,5.92222981683814,9.141704608991128,1.1574161439762454,0.5913483123080254,+
1.145437437841687,8.407795559893398,10.0,1.0671557493614945,0.12569598594626058,-
2.9512946302346976,8.900496168602974,4.236128984800561,5.07587249841127,8.044057863475118,-
1.2387355016089368,2.5697735431195126,7.959243418843968,0.9325587817406136,6.42183079401242,+
6.842356607810939,7.051997698364845,2.0986944320012677,8.822754985160573,6.487115665216383,+
10.0,10.0,2.521100330983542,6.048434627494652,10.0,-
2.8404778115623417,3.4052738094589987,2.0611904264843917,3.332950825873838,3.0440669100629836,-
1.923311125925838,1.3274639605318397,3.843823488659283,6.068079671672161,3.107084970828764,+
6.066706677496791,9.37124617735832,4.698180865314015,4.6088518727246335,1.8036565871042554,+
5.867980375451799,10.0,2.863974753664335,7.74721476918136,1.4699674829328826,-
2.4112075218958315,3.2655573818427444,3.464637429181888,5.411136136921084,5.860068189574536,+
0.9290570459902361,0.8236851302476546,1.733196842626612,2.653408876174398,1.1319010581504199,-
5.026162399909425,3.290462733474353,9.724865079755453,8.131130075097829,6.516467445936138,-
9.122988660026971,5.702051052554592,10.0,10.0,10.0,+
4.757230623075076,2.561414054646697,8.062949001631296,9.884671675009404,3.230444857742331,+
3.1676604390781353,3.7057330443586327,0.7516100168853621,9.917351681795935,3.09532873023625,-
3.567689090057977,6.362260495640299,5.2827089154038465,6.474051340844004,7.446324902759454,-
5.1295938308353515,4.959056044952119,10.0,10.0,2.9494353691732567,+
1.0430434477811867,6.242072804858514,1.9729010737581587,3.1001924842233097,2.819460906215868,+
0.6563725983152595,4.500724473627329,1.5332419633832928,2.287893558120729,1.7530438517837434,-
9.17873701513798,0.734835103478495,2.5830973070089502,2.988821004990588,8.670509460245249,+
1.8621155117496269,1.2332629799782244,2.165239888981728,4.765342583664753,5.6292224039809025,-
1.3897450500450426,7.762609430394028,7.698373823675024,9.041040005722758,4.580127693699208,-
2.308145585746515,8.940846374849597,10.0,10.0,8.463425625369407,+
1.9364311515283406,1.8991570879501407,2.2367482695536953,0.7940069225411128,4.528404979187812,-
1.7405329507621141,1.0651792062083627,0.25046790935237667,1.3026228484112634,0.9486260288521142,+
3.834745976453413,7.891878647930191,8.801940660394973,8.639632076787386,6.066413138484821,-
7.663801600976621,8.705516920297793,10.0,10.0,10.0,+
4.500655576508029,8.484130184271459,7.3154695256918965,8.096696718091874,8.123334212865279,+
6.429993726974562,10.0,9.348540918420586,10.0,6.629567416593795,-
3.8590412442807196,7.441570088135453,1.8349715304488834,6.995714326344327,1.125661715430436,-
5.118059249361701,8.60021926305201,3.1926092254475615,10.0,2.13685663382525,+
0.05148451653998243,1.5201915255362786,9.225929715000033,5.020140290989915,0.8252210599239607,-
0.03908556871727504,0.9086834809926435,2.8713932643217137,1.9410989102761707,1.4563184073994895,+
3.9229497189726334,2.544979263712067,3.5056945123901384,0.03415161465064043,2.035333886514316,+
7.056083327997938,4.418967986977025,6.524764266347096,0.057939694696659716,2.2894735840954428,-
2.6010620455826494,0.6986325363561063,6.717083256041057,1.764190908096972,7.735964322089172,+
3.1878077555634223,1.0995073734728282,10.0,2.390769674472445,10.0,-
4.009291398720287,7.580270081648713,0.8005372279615741,8.710582066829405,1.1856418561549331,+
7.75463379034311,10.0,0.5619638491658603,10.0,2.046674005525253,-
9.883881779798259,8.83672853584268,0.8430842192819732,7.6742749903949665,8.94130368365474,+
9.82585206749066,2.6724562054245435,0.11545456677510949,5.251571618261031,7.227645620726772,-
3.77429546707712,8.019096021844216,0.38301847344527795,3.9066927873449364,0.6010595875732738,-
4.8272630923632835,10.0,0.5705987662724064,6.13904096346212,0.8214990108891705,+
5.639400242453608,2.1854111061838735,9.918571465733137,1.1909756748418232,0.13818273800503156,-
0.39300858951600803,3.008906964193513,6.379278504549479,0.548969214668494,0.08364422033433924,+
5.9280718903260885,8.271913354574838,9.535220994962023,7.022948623372916,7.01612325051334,+
7.423752826117385,10.0,10.0,10.0,5.205846099535764,-
0.5738994578817291,9.055862484027973,1.3141434314480405,5.603424209091715,3.5490771053564742,+
0.014077961938073104,1.3342904675042209,0.6299905178861678,9.880515548759748,0.6929287798339239,-
1.0939009019249302,0.5054708164277111,9.266276153132583,5.742814568795027,5.583468527722148,+
2.065770375625658,0.788376652301202,10.0,1.1208187923662927,9.171354506995936,-
6.140324874103911,5.313451102643587,2.025077984628129,0.8243508842468017,9.19988887813363,-
8.50140515030916,2.750448852805926,3.191771960748154,0.034006174097843726,9.704370558968616,+
6.908099579583417,9.25120503355817,2.481746127787423,4.270270164808289,3.6779244909360154,+
10.0,0.379353570107307,0.851457985475003,6.1322639058022155,6.253625206357811,-
1.815971202611335,7.238343625127561,1.5200378741582365,2.702045114901787,9.42659003024678,+
0.63681777596479,3.2299731652208425,2.643565082547789,0.4276171561897182,10.0,-
1.4628688459953187,3.434694988937107,6.677731183465241,8.01011973084438,0.8436286702856355,-
2.4272191954969577,6.173999717885911,10.0,10.0,1.4892194204846738,+
8.699765428923685,0.7596144164656438,6.270435012233792,1.8884809752349363,7.666028002409439,+
0.4425684608304538,1.1894503342873561,2.2568836319283205,0.999662580434303,8.498934646003931,-
3.300177996838276,9.176747546145158,8.122193063615345,9.00128946444988,0.19365328000858106,+
4.18294054137202,10.0,1.4093772969430083,10.0,0.2455493662259755,-
7.173045869299793,0.8152937222001555,5.233939212560599,2.9044373263445813,3.2111627988408378,+
4.90869194945909,0.5874791106202325,1.5572415320621067,1.6007978488103791,2.299864197961023,-
9.648172324180043,1.078032221226437,3.322024069932359,9.223464838712786,5.125455051967074,-
6.703373742378081,1.8997162128297487,2.2171979351411344,0.21897127654105658,0.01141106019748589,+
7.508403402468103,1.2570906842016905,6.018976591304456,5.688124284021794,4.3775525037964975,-
10.0,2.1274729093928952,7.832963740072136,5.743329474191716,6.671945415688434,+
7.682756279137402,0.3359695823619169,7.195747045783863,7.845436290641812,4.409400440607245,-
6.6303188941857325,0.3255203799504236,7.779323411849781,6.859722144708153,0.0025838370517839338,+
4.461920276187885,2.648529991334093,6.047575632375825,8.694039059565368,9.85515624212138,+
4.787964736205199,5.163724829626833,8.928853722058006,10.0,4.9536697575598945,-
3.2837910321694186,9.00488246820579,5.799804413991084,2.2934213924924496,9.690100205797776,-
3.9259130836431657,7.21391558284922,10.0,3.4688609833693542,6.965413355155251,+
0.82295043766903,1.844243586302089,4.70407762906814,1.4274604864250229,0.2055475966683562,+
0.17528215253296692,2.875493018752781,0.3331535054068948,1.8599835988889084,0.05420990019986334,-
4.0309076066101435,9.77797590820501,8.129216465484891,1.9837865609433658,0.25128973891649253,+
2.2067337221808914,10.0,2.695966168329554,3.1534344243100216,0.0034616632838289506,-
8.169384388645582,5.522438630381928,9.385175234245791,1.9974069452232979,2.732711568298928,-
1.0957422197779827,10.0,1.503436371414759,0.5637016776665896,1.4302354359917213,+
6.591706811598056,1.7764587701681145,2.168008552485875,6.330209197085221,1.9995254744306246,+
3.7412311842148878,0.30206368116193705,4.267288222742928,5.789617301865389,2.51861491071956,-
8.481344212784608,1.0595490964102072,4.227401196266063,1.6609331473575784,3.8583907986571733,+
0.7531420496909116,1.270232049704927,6.2654554674919405,0.203106336871754,2.3347418867769942,-
4.350459682110964,2.9334314777375745,4.287033612438868,4.4292651021277765,6.100604385535595,-
4.9352015385501415,0.13502814977838415,3.6036716932477506,3.3684001157974843,5.001970248327626,+
0.4910049017599316,4.071165591018236,4.551264415127944,6.244919436699564,4.4077598683255825,-
0.8264391529191667,5.077036457499529,6.452268566847393,9.034268971048608,8.307853454512369,+
4.337144753174166,2.2283312366879526,4.041743619568246,5.884240953240881,9.343003188522427,+
0.7892282238616727,0.8558100304662324,3.763570330486267,6.275915484514885,10.0,-
3.5396580108996503,0.9201804643826139,2.099003119025266,7.7620422077273705,7.4787438689626695,+
2.966900949810661,0.2398027599682916,0.12227836927171847,5.157138373221667,4.9888173596159335,-
1.384273920955157,1.6314468569408236,0.47033994162519077,3.1986705429402997,3.29967903341155,-
0.3194858176926172,0.9068814881440473,0.6067306130845332,0.3770897280811129,1.937250867349086,+
8.367171879781667,9.878851946348753,5.901046625440719,7.596758384987839,3.397941663276165,-
6.716841162482494,0.8906702042344612,10.0,4.608009429653681,0.28408209731296014,+
4.180457716195186,1.4903767296155745,8.277219484696618,3.6947259274344555,6.598987246459203,+
7.446187477014107,1.4426012483793977,10.0,6.6929531481562545,10.0,-
7.734788574270697,3.2537537068453526,9.94059289522166,2.0623119997245034,9.972731232551169,+
10.0,5.862661126344592,10.0,2.5113400586539196,0.4313231870082334,-
0.5839096194017834,2.9497284527058323,6.966289601568958,4.866255405202329,2.2903913270039897,-
1.075019744552175,1.3451703421455716,8.99603624989931,0.0962307110544886,4.503596617742364,+
1.2261064396843568,5.969874906995175,8.910945733228495,5.397058361280226,1.3934142615308243,-
0.9877641085725838,7.087744046676453,10.0,7.662861705369261,0.666331488309019,+
9.122912834500713,3.8924176688702348,0.49269882830915934,1.1720088033137999,5.949007914573303,-
2.2449635295112356,4.368156321745462,0.48699001299974476,0.0029825893054004275,0.734377468990721,+
2.9069180211241195,6.380933930555489,3.351656015576804,1.420070933524662,0.07905602340802953,+
2.0653144998485224,1.5086522821931057,3.1795967288785887,0.29547334678877635,0.065339743276975,-
8.459740241224697,0.23075620153360288,6.613278026901208,7.081375371478009,8.363280129107803,-
2.5448027566977576,0.38060298624803524,10.0,10.0,5.099109227523021,+
0.24889960695517077,4.539139007754105,5.685121627786298,0.6457724469347847,5.815389924145238,+
0.22446048401404634,0.16828723676389018,4.95883025033171,0.15323518787523005,2.8311805539425903,-
2.222179005126488,6.631159335890703,1.0553524504491518,4.221988812075361,8.737674142091016,+
2.653345925742198,1.182186806588777,0.16253161791821907,2.0045774633116946,10.0,-
5.425701246931457,5.069706269259932,8.237744694588566,6.080113703161319,5.743628121516812,+
1.1305314993171287,0.4887152569853996,10.0,8.694545916819669,1.4168303455993085,-
9.542546200135714,2.946062479277527,1.124054210545098,8.778306804746824,0.7135852788844133,-
10.0,3.081917967617467,1.3063456679012257,10.0,0.724265988497926,+
6.983031809034584,1.0541424450632153,3.0278373799809466,3.338327623340808,5.679057681528345,+
8.497562151757299,2.0768606868728767,0.7624008977446586,2.5609865425978713,5.112069317052005,-
2.308882553699564,2.3843724042494396,0.9981164527107322,8.50540077878792,5.2960323438804,+
2.106214801488957,1.4820532813247116,0.5507440824682668,1.6430485687964151,4.7078022750571815,-
7.583578518925417,3.0419261368011874,9.538074345675035,9.388688580392424,3.1076098154021183,+
10.0,5.911856503288291,10.0,9.651201546115917,1.7626419784765777,-
5.446602997987677,5.378400954867374,8.656297339280536,4.780358155382868,6.61834237003749,-
1.4956970575844124,7.038443233860693,1.5574120428323548,0.3272067634081046,5.801314698139681,+
2.576453479644977,5.706158861580644,8.099619424812307,6.074812971129014,6.831936475528309,+
2.1166740072931582,7.938700508862251,4.990801593740325,9.845934015180218,6.34331932723947,-
1.43967587645496,3.5800077045398315,1.210141752222681,2.8318610608291515,9.622985578209546,+
1.3951242926855028,0.8204752796611531,1.5340537007159272,5.555938665224821,8.916188139852068,-
0.04011224147409176,7.693921506222593,2.0024189120425975,2.3681947739616738,5.738801436018694,+
6.01274168486966E-4,4.935751446544135,0.01948621407869835,1.4606971333988272,0.9141489335401061,-
7.126120975103165,7.614481109858887,5.76536757941663,6.642147759352625,5.246416171978925,+
0.06332014802953058,1.118929950605996,2.249842070738747,0.455289714370063,4.419779671345778,-
1.2030386129141646,2.2314945740346905,9.170820421114103,1.4130869919166211,7.235509966121262,+
2.398266089434207,4.082170216768468,10.0,1.6480856839388667,2.423663590712659,-
2.8076537164843494,4.461671713275052,2.972806146153202,7.9714547745342,3.3331217082693176,+
1.9084569680529084,4.147521664971964,2.3494021673335146,3.490864495526108,1.3021460230791961,-
3.227995835262727,0.8351111718055138,0.5271412281300669,4.126622183460102,6.413669413317748,+
3.129948522164611,0.6676793766960716,0.342477452857377,1.4519857931293123,3.7048926231366894,-
4.668434547579902,0.9645990619164102,7.131334863874802,9.452555819907666,9.504285241881794,-
1.3173132880479848,0.8500522943441043,9.74266013574342,5.790330041719441,3.4773200693409128,+
7.63045713475433,7.667825524970721,6.2934667300181,5.590427615707253,6.583616543260753,-
6.18240923776477,10.0,0.13134660211233098,0.06403101668153004,5.621327599888382,+
0.9966600844403173,4.990940258035592,4.995536782194022,7.848093492185289,6.644065393198434,+
1.3591302025531218,4.709197703825971,8.762215507591193,10.0,9.856458932420516,-
2.9251384058598786,2.488291271249121,9.935861484275,2.798012063918339,8.94889363047399,+
0.23170441166907044,0.300046368397552,1.3446884812898738,0.6510689844543783,2.288847735586426,-
2.6705683686900974,8.350102653459532,9.30182528040587,5.269418036990409,4.973666520099396,+
1.9420795706934935,9.859551923102858,1.163813903989029,3.8867500786734555,3.5874707536056567,-
8.71077249983925,6.3251379473612035,7.34884141966467,4.835789007782891,8.263737407876032,+
8.144525726824714,3.739944292821168,10.0,8.711506768223051,7.807509439579969,-
9.476046118940605,0.7577321899578304,1.4927503521851637,1.3994865642748255,7.229561407844228,-
10.0,0.07068617142826018,2.3641497004704224,2.3548906618031427,1.7976102093753399,+
6.366056322490509,7.318299079107301,4.344343896410062,6.947753759067126,0.7476042394056703,-
4.769591572763496,2.9196516204504506,5.431689260005619,1.8935790160314285,0.48279343406247127,+
1.3487126012572004,8.844205012449999,1.7412210577293696,1.6017813662957958,0.10187144741388154,-
2.1391232829376943,10.0,2.8600981872936475,2.9798634565109756,0.13514825042579443,+
7.8956129456258575,5.633444202338932,5.53220502632744,9.981032307945643,8.239985212861399,-
5.728074783436881,6.91524016178438,2.614100961534984,10.0,10.0,+
9.944771766168987,8.853353389222281,6.201301566179329,5.404100058033025,3.183923438216362,+
2.746354163703317,6.956350733167719,2.7263286967491718,0.7777495053053043,0.6200175607289365,-
5.447579017167933,1.2439844325880323,1.4482524876090763,3.0610418864730304,4.000267340647721,+
9.327333527704779,0.05295394175763291,1.606388523599512,3.879159123678784,5.0738515897315315,-
7.147616920678898,0.024687688300872868,4.676441235628575,9.37115060145769,9.313414776943027,+
7.119705216754991,0.016302206135477684,0.4675109443332411,2.53274012333471,9.274826014939295,-
3.6925354746184578,0.24331536972475587,8.746740564563595,6.078071152645102,0.5452104329893026,-
4.860726257081424,0.4349177504037153,10.0,1.8450368504092938,0.1408574627479162,+
3.2140823946006125,1.564916934250149,9.8795145416865,6.033118587977297,5.546995718477907,+
2.3158031666390144,0.023005367717446854,8.144879406370725,5.926226038305125,2.335807565505982,-
9.035285641845572,2.4835755428539485,6.765090492291782,6.2146235492292945,8.996816569870113,-
9.195383158668603,0.5325857080693402,10.0,0.4071752788299618,10.0,+
8.57166714603939,9.127067355834303,3.720857771919941,4.141766252326827,1.5683181724421502,-
10.0,7.713435895153297,0.6535241254558091,0.1094535180593848,0.32006256513347525,+
6.469258317284838,2.87983606279579,0.018017504582436006,8.844452150115163,8.863478792039945,+
0.46592001555323637,0.3565726127584003,0.004927918321307729,2.759041714373373,2.1524641727142666,-
9.177695516210647,8.06629292076294,9.430696750131807,1.425409631730874,0.49204771434690375,+
10.0,10.0,10.0,2.032954955508689,0.7294574327914775,-
1.9091946325674214,5.608732592800621,7.559651045298449,8.412532060826084,9.633281712500526,+
2.9975130461643658,10.0,5.739116756642344,10.0,10.0,-
0.8881031352460556,1.5006080775108033,0.8468386456219079,4.301305856867779,6.302117022066294,-
1.0436965845188944,0.3607418120993689,0.3377861663978146,4.154210596805267,3.6147543615000006,+
7.7435187054911285,4.270474370695254,2.858913654767563,6.304928259271291,9.791283105373367,-
6.501636759422339,6.965204008373601,3.356007912049404,10.0,4.124880009167109,+
8.534593428281976,4.24548618482567,3.5190920441765607,4.412705147655695,4.844794894414544,-
3.626871488810853,6.223767829858055,6.2265870571102955,6.354209739668911,1.5026038277345386,+
5.117648258759393,8.736866563851528,5.206168666785469,7.70972312084266,9.6887951701329,+
1.646229219612325,10.0,4.420476912545493,10.0,8.725115196499832,-
0.8388152871672228,2.6058295305679824,4.627782818832235,8.220884102958813,0.6826623594955339,+
0.5073030662963463,0.2648306980729509,4.043153851043939,5.106563982507809,0.6209880083498408,-
1.337603249418572,2.093944849108045,6.2076517992332505,9.919323567823797,3.3608032340824803,+
2.618403901829763,2.062530036069821,6.274072842676133,2.495104862306657,1.3868768194502963,-
2.6806130959503194,2.3217127777728788,2.6359480187169626,2.7537837421090137,7.013027971121759,-
0.22032514298935202,3.2898452360367787,0.3507541614704547,1.684534569543399,1.4424598223847003,+
6.632589587385539,7.279580592412854,9.849073027800435,0.69175662819847,4.45032555334817,-
0.7310240259853654,7.004528191846738,10.0,0.7441622763722875,4.488235928151726,+
1.1825326238774558,1.215399257809543,8.124853838325635,7.590440845655665,5.101388470968113,+
0.3456613455567628,0.6615457758080512,5.411941534557073,6.772034582055879,0.06519814591838928,-
6.076842357191506,9.70674111155012,6.141909125543757,6.87592015121564,6.734930153017645,-
3.900122161322631,1.1283968065299106,2.759415022280619,7.631147965657039,6.520858504403097,+
2.765685409672891,2.410517569594056,3.002138552840141,0.19229604580232262,8.725540603901186,+
0.3392799052389829,2.8550808664578233,0.590385628687622,0.25543253888986933,10.0,-
5.676120558383408,0.6996426040134829,1.7192706920081746,4.427204061416001,7.926896625591969,+
9.533583836953914,1.1860397721807336,2.827156879883554,6.653198171624433,1.9823793050765233,-
4.081004882091155,3.3509221932843705,5.094042487255797,0.7189172516815423,1.8928297955272444,+
3.9105553844583154,0.4699830937443695,0.4193667958111782,0.20111523373255683,0.004598738049044055,-
7.118288526846984,0.9126049282554449,1.5130847384338386,3.5888281154349047,7.1905695109156795,-
10.0,1.623330376821201,2.040650990420523,6.653692332815937,8.261700755587276,+
6.9707443624804135,4.046261433682271,8.33441065075685,9.693842712516817,6.907299508513127,-
10.0,4.515207724505791,10.0,10.0,10.0,+
8.25968269155485,4.340389578216103,8.889473703918217,7.756412652650747,0.93156622373886,-
5.448662614838647,3.3852667309767344,10.0,6.355400048156968,0.6092804073928366,+
4.4221220976972955,9.054478733869677,4.822527980552385,4.900342436415642,4.086163787405544,-
5.99420865991234,10.0,8.008687316063462,9.211082500216275,7.744161814709542,+
4.207081365477784,7.433980869937589,4.585763633190685,6.642531779932332,5.7995106431834085,-
7.793835211938319,10.0,2.458770641484895,0.8473057440487762,6.872031066649352,+
7.658567115674261,6.13291860197984,6.418200455148444,7.548319502606687,0.9915886634353432,-
10.0,10.0,7.4807001456424205,10.0,1.2961731697918126,+
1.4027631840517185,1.7298233508633676,5.067077667004522,9.233156225494183,3.527928734618885,-
1.0651423097183426,1.5746564016635989,9.317956129885632,7.250296651561224,0.14838041226958057,+
6.058570148208867,8.217625184709078,6.363086594066081,3.9543405281052415,1.7012311494318033,+
1.1705390580111612,5.527486440107034,0.6731753984293974,1.447807802764821,0.36632389367844786,-
8.74786794944622,8.479600516042566,5.954469041715199,2.230607438530371,3.665574821928348,+
10.0,2.6337064985882446,10.0,1.992419434858253,6.399151624211991,-
5.265192333446348,9.492881660326022,8.939806692314216,1.5239376362773382,8.695500403094819,+
9.031120832278559,10.0,3.938501461313561,0.4351298455243808,10.0,-
2.684955303759482,0.20450997899427725,7.472600522918236,3.3507980467078458,8.946787895312816,+
1.4252552062820538,0.10789714265449751,0.7583250679445821,0.17789073702287606,3.2696594921957463,-
6.606919045429987,2.3321034867776524,4.089994414371434,8.436732876361729,5.3335879433205635,+
5.507542367207991,0.9104591106507288,1.4075872185979512,10.0,9.108260433986114,-
5.459315854990957,5.147357907765723,9.755644694625481,2.534624508725117,7.757872313466915,-
5.460282534403524,6.6906213579752505,10.0,3.576977286007187,10.0,+
6.5336939830931335,7.935159868872229,4.323961990191952,2.5226568576390926,1.8111324039359844,-
2.221417153011047,10.0,6.568437021499011,1.98151189770491,2.741615228200366,+
8.560248839359675,1.7932835012851045,5.72268559823997,8.190098784476778,4.044489239834457,-
9.542591500457826,2.795655368559341,6.599873567315217,5.487781777019682,2.173354698870571,+
2.398281868272009,4.853091584362535,2.6723410596187547,6.86284841035942,6.084528474847092,-
2.7824745443940526,6.449941829452227,3.240559232355091,3.9939416708026116,5.919868171412749,+
2.8100789552693883,1.7216138154909844,1.7128004615774817,8.826635405695647,2.11655500853978,-
3.829598422226636,2.3998914217558864,2.396202421634172,10.0,2.498711944493312,+
1.118256948328582,6.695924960260675,9.180652225147352,4.318183175895714,1.3644769029192338,+
0.13710603296501195,0.43929595822375145,5.895848191750058,2.0975607758747863,0.8690487769344923,-
7.521235872720777,8.570545297214407,5.493811051357357,3.3200265439831944,7.712670457743165,+
4.384932508801204,1.285595436637496,2.423114220847967,3.0175379808570817,5.506693445314427,-
4.211020236097256,9.825812647660522,4.137455383860288,7.302278744575878,0.5789537678200873,+
3.0245045352356437,5.569657118198976,1.4899991212569699,2.5373480831170987,0.372868362897687,-
7.8885993438721425,3.4370425188820697,2.9993198387745013,4.811826098451133,0.44858058811198753,-
3.537490251981235,1.6049199338260298,2.3603983120120233,5.374235599796372,0.0015951558410402774,+
5.501980048077122,1.2642718475014358,6.380847942495657,6.932592795223931,9.46230358732784,-
10.0,1.7904932811110978,9.817715307770163,10.0,10.0,+
9.15201104000928,3.1599713596580137,1.9338935895805076,5.406122952994043,6.233948270034663,-
10.0,5.2670854518056,1.7716302074466934,0.06933503811056975,10.0,+
9.763139452363802,0.10485180186792009,0.7368260251063508,5.907180874031424,9.697161905279145,+
1.276079458935135,0.034450499099402974,0.6856014024209437,1.5118505157474265,7.0376482624231524,-
0.3364183366716611,9.006787114711566,2.299363618248429,1.7906985642486206,5.674285870539531,+
0.08790134562021348,4.53895193303852,0.5139629892232963,0.22142034646619566,0.6805662953881135,-
7.159654993091289,4.751308158410676,7.670438023426051,9.349378668941434,0.8612404358346859,+
8.033286656312635,3.498037503604728,2.141827484849198,10.0,0.6969234029170267,-
0.7017895814802888,8.268823174886586,5.611887883325099,6.968098413173522,2.055256783897612,+
0.19103337962476208,6.880616435735821,2.368634623772646,5.416876551428197,1.9922146204712483,-
2.743820328462342,3.5758421235088345,7.389283865923238,6.760498638659362,1.1680385605719967,+
1.7626786773231429,5.312362720018187,9.544878717747828,8.71313930970951,1.462068203251248,-
8.465290042395079,8.794569632770067,0.25978110406983945,5.779006640481387,7.380607503282162,-
1.7869727153799573,0.3522892294696588,0.13912433286841666,10.0,0.12585296823299488,+
1.2550624503346364,1.8192698723323442,4.824628525263407,1.893474600789119,7.22801180504227,-
0.2519149739557159,0.8700135441935124,8.40458499745916,0.39176716886489266,1.812080872877947,+
4.492095686324154,2.30783907187472,3.9835924929340227,1.7965821831299433,6.0220451315739565,+
8.429732647550454,2.74250799145706,7.135507071616156,0.9359612711903923,6.633227650257636,-
2.7059157976168677,8.008517724644124,5.053520342391538,6.810301090023976,8.36589267675663,+
1.3272939740592347,1.3054703098330884,2.20252622496597,4.393996475103869,1.936705035847622,-
9.497087587081923,0.9978907763792888,7.114862834843244,8.784644002717,0.026521666203149774,+
3.4456252743124467,0.11687414128451179,2.8286472208441182,10.0,0.05233872805618656,-
9.156490516256822,2.338165418163327,6.059232659860151,6.079498827254914,5.042130620668692,-
10.0,2.826588010053642,10.0,9.346525598531427,10.0,+
6.335376963010192,7.826935281219117,6.021193122287837,5.203449278036434,4.906475193417512,+
10.0,10.0,5.286358225004784,6.2884900189894966,8.267780884911804,-
6.334865506450683,4.401376499207689,6.287432755795913,9.682925925548586,2.3016999463593066,+
10.0,8.342766096290529,10.0,10.0,2.272260446550223,-
2.0828921064466197,9.443838365024629,9.651256230570857,3.815481546704982,8.356307618504974,-
0.8668067918273203,10.0,6.2029996384586505,3.566689873906124,0.39373347553553345,+
9.482791739838133,0.5827573114558693,0.9897656006546995,0.0011035516144075608,3.131287922141668,+
6.0422107602012085,0.33265438603283454,0.6346236797303698,6.765894122343547E-4,2.660587970884777,-
6.6186389028612815,4.85395095182863,7.793928896812188,5.881140245006815,4.819475394934669,-
10.0,5.421406712043317,10.0,7.436933131948188,9.303836274159247,+
9.472684785237378,3.02294584250439,8.42659520852145,7.661948388492405,9.777690798422237,-
10.0,0.4852902502473428,9.803455708161492,6.169113749646493,10.0,+
9.719957274277876,4.727413082355899,2.28153360788772,9.704421144861318,8.256417475915699,-
7.52195123758385,4.836498665357835,1.288768929555491,10.0,10.0,+
6.970469804655122,8.193891741016584,5.751839976695697,1.4754350759791246,5.158531932782305,-
4.574315314311599,3.7135954270137685,2.406862099535053,1.771271578918906,1.694592717211209,+
7.206436131172477,5.682115965167883,4.451211069670544,8.0775107198143,3.536644134284966,+
1.0580430254706212,2.4037610269105953,7.5392451708112,10.0,2.4102411945395383,-
8.772664502788505,2.8422340929770664,1.096180379398226,2.0705145788407853,3.915381398001163,+
0.799431452874144,2.498395657499291,0.05389873200539957,1.4756964115626219,3.2501914868441775,-
7.445976363396685,1.0958905437660071,6.716859078320927,0.3437824612179341,1.145752982842605,+
3.215482431029631,2.1241852793601343,1.464003846839768,0.34960329798480616,1.1712188811619155,-
8.497072870506795,4.521982348791163,4.397865084497667,0.13804899051050645,5.660112462044687,+
10.0,0.34026158391579747,2.7906158462093327,0.07784700671688101,6.927205494522033,-
0.10752414838412716,3.7468694058552177,7.400512963977807,2.945894935727864,1.0233698799518243,-
0.1764551242993155,5.556541919397329,2.77409199284265,3.4346331980792097,0.2535144997347708,+
2.531458669095974,9.526004832136383,6.316596097968307,2.840031948617925,5.068388095088427,+
2.6960704279130105,10.0,5.930485702464209,4.011236899367653,8.293450444625249,-
4.333195264258251,4.069738640558407,9.440574085808516,1.0092167204577518,7.909210749155736,+
5.134186988878996,3.0676375076106153,7.227369790964888,0.5886916892172092,10.0,-
4.939719831543198,5.779439689830607,0.6532099167129057,7.127175125699511,8.116255832818196,-
5.265094163090673,10.0,0.806306653387792,8.6681560925072,10.0,+
6.499314684947271,6.832969577589653,8.171784698285855,1.842309433412913,6.851060674364231,-
2.5238701605982587,10.0,9.702606234612636,0.668832990797812,8.323493646430865,+
8.98037614721083,0.43220465982891865,9.941727314380946,1.3769319075244568,5.589493106702241,+
1.971452957334373,0.36269789037933603,0.8750702909717542,0.4371980629522718,1.9475546162570585,-
0.4845243346963368,8.045307151743089,3.0025666200233903,9.403928039508129,4.310424619033687,-
0.29414332475221266,1.7291188076799433,0.1998368524909299,3.3334701766519617,6.013144549410048,+
3.1154162031247976,4.6873043363079825,9.704254054278389,0.7223718335202478,8.756532822037588,+
5.626061716062171,7.645940098041025,10.0,0.7753349855721897,10.0,-
4.0076506824924945,3.445391501075764,0.7852701288673503,5.4521475601224925,1.4033773584548326,+
0.14851223474746233,2.7621289956426143,1.4435307499760366,5.678916443728761,0.04897494945603992,-
5.46885876714866,6.371156165701115,1.1619128303571435,2.520659730546193,0.24242647402052286,-
4.419293969533143,9.037353668701451,1.2406288875091795,0.7275791127344685,0.46228996833738906,+
8.130956850788685,3.9653598361751796,3.9357272205585314,4.83576981379284,0.22282457990412285,+
0.9284742038882143,6.643498111989843,7.052603698221662,0.3551255825210517,0.0931831461827166,-
9.066194331849937,2.5433025796059097,5.9041182568893635,6.530933311594743,9.608871697749882,-
10.0,5.059341686052374,5.932535557675115,9.069501909402252,10.0,+
4.845492347968171,7.61652389845068,4.3681129148341995,0.6638554538656471,0.16830791761306862,+
7.642166356776872,3.484211979041673,2.027825637917641,0.32582602848486475,0.1671448785669351,-
6.938383049165397,2.4370602266284234,2.015875125814758,6.064015505883481,2.9653072805091396,+
4.086291976196497,1.7235355809973814,1.9563154062420105,0.15187320209601607,1.6972263358469462,-
6.09318948028754,7.32711823549976,3.7893783220868302,2.3149401846974174,6.679541475750868,-
2.6913930679660183,1.6150170434918838,1.1296733440183673,0.7453223804207832,10.0,+
5.911252676315064,0.17859391376362166,7.554649317220596,3.345029988229925,6.702839311776608,-
5.285203461769573,0.08689553143286824,0.0036929953706435546,2.731556677357866,9.806026428035494,+
5.66865073104068,5.046980660355226,9.939326847353927,1.561906686942085,9.84587772966368,-
9.254473620843854,5.342262095741074,10.0,2.7877725730379646,10.0,+
2.376782204558147,4.467928925040207,8.63078528849721,8.70066333242406,4.157327596096004,-
4.685856193760669,6.397152163273399,0.14131385309578326,10.0,2.3342559826330205,+
9.62651926489645,8.908770613855038,1.7160830075123767,5.698909423463464,2.925322876191631,-
1.4988702076054654,10.0,1.148174065937052,9.246478487692954,4.293091867226613,+
1.6993556699244428,4.513259446122182,9.734414848148308,3.4947946910939596,2.262352183562352,-
3.3370977916936804,1.806894227467146,10.0,6.949915999337557,1.1544808178048638,+
6.226810636818284,8.099502361789732,4.556609716534763,2.1857736035531286,1.69465646380214,+
10.0,10.0,9.09641967852679,3.858679033803406,0.11889230105581665,-
2.6896613409745362,8.255298778924722,8.977815921576736,7.580996736913117,9.73676822428054,-
4.020881086893305,10.0,9.463620193603958,10.0,10.0,+
2.61291710553286,8.157361713902835,6.246475725142632,9.700311236745296,3.2926540399179416,+
0.9548099842455845,2.286471187239649,6.972467717859415,10.0,5.028236220999191,-
2.187411036989617,8.36664828604089,9.05740584871646,4.001823280864242,2.1857631066274017,+
1.2050610723527297,10.0,2.4261024147512837,4.850058706782617,0.4611732359189425,-
0.794972578828731,8.089512702319233,1.4420052210965495,7.827212314224291,7.477565595045803,-
0.6321908691680344,6.7640179460052625,0.12458483630746606,8.469411109411967,2.0848893334020153,+
2.474851119879312,7.2686126792392125,6.2055858679011955,3.8559433050158054,2.3168030497263628,+
1.8143671686934295,3.2503887604899084,3.9775673931414266,0.9843330451721072,1.0707313439698474,-
3.887243968389474,2.774764177709544,5.791100532413182,9.652331183004366,6.281138825604118,+
2.050408436269186,2.62457508898222,2.327105194092619,1.4193709922847089,2.24458526326482,-
7.820080217576336,7.060013974949394,9.204951589724889,1.2642139215352555,5.373973177145964,+
7.552303136762167,10.0,10.0,1.0684476754882422,6.467769133905945,-
0.501374598448715,8.544105674565298,5.979007137173325,2.719374433245175,0.34549769362388627,-
3.902042847207393E-4,7.185312486047895,5.349627315001364,0.1931129357251342,0.3555257963121317,+
4.91990191672657,4.435588750640641,0.5474287995546023,1.7402774657149411,3.8951287940114634,+
9.287977864786765,4.248948378839983,0.02205341230143728,1.5966339785905863,6.00136557580673,-
2.5971664151801264,0.5452300303206348,8.783523917010085,5.966814268848544,8.60031162321234,+
2.6200830129116044,0.6125148625825264,10.0,6.087371141743286,10.0,-
1.882662344664927,2.4786521014005594,0.3473985856598616,0.20127004212524002,4.375503883247428,+
1.2098175930975383,3.666881179434232,0.42900740291350103,0.1359623096025906,1.737532144989566,-
5.935325726128099,6.519797365626166,0.873333750783718,5.9138822378533265,4.901335293281022,-
0.5354536514654161,7.751012779832406,0.39725610359206187,4.283230699176724,4.467036482175148,+
0.6641921008473306,2.4743861372523277,6.273330341945469,8.75090844695526,5.411990704102044,+
0.04924943832444238,0.3419414071468144,1.8128306698698011,2.5471257576453303,3.09027601658396,-
2.963322680112391,3.42365946271158,8.927923064218282,3.619221671097762,6.033166278325483,-
5.746226956501684,1.1748750624261697,8.375416206351181,5.657351539671278,10.0,+
1.4147242355532919,1.9552085487104165,6.703954186602424,6.273192388558733,9.718405765507166,+
0.5987394497596983,1.5314552763948577,8.011304027949803,5.779903064684416,8.994614829146242,-
0.5806860705380401,9.31223477510222,8.085900137955937,4.04977220286597,5.617803700240616,+
0.4923847484068275,6.111680299768686,6.200592658073709,4.403614530431013,3.9894061846599875,-
4.055639136660583,4.190758551427242,6.165051405633957,5.7098201567425955,8.418858814006446,+
1.601743461528304,3.3800482780075702,4.037081817331076,5.699792124695126,5.259746272049201,-
2.155475865654762,6.2376394648251505,1.5001555695427005,8.218823587332114,3.6178825431396366,-
0.3752445481800083,0.3119850147798964,0.2790391853120318,9.88189533474729,1.1091259603250605,+
8.222316921274048,9.007737218032911,0.008039740592837852,6.801427204395441,6.177461468441178,+
10.0,10.0,0.0013117472608539817,1.3476570561741257,1.7643712587884663,-
3.224353473816941,2.7476586652895483,6.275227365738307,3.7957798500265403,6.720580804592617,+
5.067164577947832,4.54615941561058,10.0,3.3418071403579535,10.0,-
1.9059195843661625,9.085846029853993,7.083723706331413,2.6488509904906863,0.702977970646057,+
1.2770975034433054,10.0,10.0,2.944205899972291,0.3718852004839755,-
2.4317454173200668,0.05083180018733091,7.657625424411996,2.793103766953652,2.7185616347760444,-
0.6916861406915702,0.017292922865602727,7.338389304995987,1.3844781908780666,4.429224280532794,+
4.187339349895139,3.1284651936412455,3.5675527829487796,5.078531160532595,4.763889657297337,-
6.3517646235142,5.693502854855805,2.08040794037258,2.8643229715011547,8.087498783533428,+
5.8704085768661205,5.892808296041273,4.5264086054328505,4.966274943798844,3.5252971145597867,+
2.9163242138577092,0.6424909363088369,0.13646057980162898,8.631632351747365,3.9754475838593852,-
8.527127050806163,3.0846974224940538,4.318519972302136,8.614014697230427,6.455456376636487,+
4.799488679413771,2.98934602262948,0.43759695652884917,6.57140770493069,1.8980678887018911,-
6.409554185180264,8.759358505938867,6.497279920338808,4.0064457636302375,3.5689707112684133,+
8.238682482871072,10.0,10.0,3.720658954710151,3.805045565332751,-
0.8085272943992394,1.0263593220625689,7.1683709791723,8.060809186294605,0.4866343240501225,+
1.1888912242079137,1.8767499891745296,8.62548744606264,10.0,0.473921618107738,-
2.9612216158934865,0.05546446794988169,6.22410934980373,3.731859865120372,2.759024204035226,-
3.7250326265144085,0.05300941702277744,10.0,1.0638502716463445,5.394025062212331,+
8.23260687010492,2.5785844169285497,5.620922413295943,9.297883604062083,7.180248281327629,+
10.0,3.8033487779734365,10.0,9.32181824421255,9.646813044668846,-
9.143257694342058,1.8494809790197009,3.314191346389971,2.8505055111820896,0.9934130478120418,+
10.0,1.063878859520102,4.087793393090042,3.239874629236318,1.1970425800732887,-
7.489990878585791,7.195654166178923,0.8378837788535276,2.6864346104200907,8.165950755230964,-
0.5594569740183942,9.738017342968394,0.640462295256859,2.587008929592685,7.424726285084383,+
1.763346473941133,4.39417340071363,3.935863562509626,2.3360417137549927,1.725475610151005,+
1.2565346448153336,4.244237022504465,1.9020532627241638,0.922700251260197,1.417055116377367,-
4.880699419730094,0.6693123366202547,6.419770050245638,4.267490713484193,3.1210038879328827,-
9.325485226459243,0.2519979308603741,8.785368402003813,8.077058207277917,1.212405209568885,+
1.573582886807413,9.775509210448835,0.4346409634385062,6.332863912828564,2.85356355132813,-
1.7903564655144377,10.0,0.6507416454215573,10.0,4.069549922585629,+
9.305475350344059,4.362132635052781,5.079184098235258,2.4740499051114053,9.53363368921917,-
10.0,6.435622957324979,7.3584723795086155,3.065723728767519,10.0,+
0.9511938082382632,2.8817013994960083,1.1934757711498323,6.974773504352418,6.943074321237423,+
0.04011444068752944,0.9088224415742943,0.20186600417289724,6.810357407111686,4.621037226659722,-
1.2288773919115759,0.9515319878642814,3.3602911230848322,4.423974431189794,2.795875511403889,+
2.2873489662315016,1.2787777963393472,4.58740277858979,5.847141471834115,2.8886813260133097,-
4.141301906496485,5.462752732183022,4.581626552791312,4.944313260086288,8.277792452046654,-
2.4238720597812833,1.7817663763090885,0.7743962944558729,9.176220504569631,0.3981162418933874,+
5.447261389313558,5.834269077080425,0.13453603873783804,1.4432951029772534,9.671527383125794,+
1.7289409995040501,7.4276670458249425,0.20114367956797763,2.8628528682958416,10.0,-
3.8476979534274336,3.171586691729842,6.088042247467734,3.6034046151688193,2.609951524076335,-
0.14257412943632855,0.18849895458072619,10.0,1.9479889446745051,2.0703283120803,+
7.682267007965367,1.8676427391552675,9.03487571685568,4.283202938913481,0.6671883875441187,+
10.0,2.2277837397184785,10.0,6.988613813135174,1.2158725779970776,-
3.476700863245401,3.238857362733427,6.699976669642362,6.6132856271025675,9.393079672360134,-
3.4133690495588636,5.128871682716794,10.0,6.481294186736328,10.0,+
7.862348398212651,3.3729004736924217,1.5285412369803408,4.374743308533682,9.877785155790583,+
0.8058328269478268,3.358332073591119,1.2369288067549142,2.928460143049623,2.4576123512748262,-
7.266053768968925,5.442898522798375,9.121642348830628,0.3249183285052115,2.5668065727114673,-
8.26234704681071,4.008474716864503,2.762380889671576,0.6295097250218511,4.9556766211022065,+
3.7994566863566757,3.769585957737994,1.209261892017709,3.831933671019312,0.9446804474266557,-
6.703637305481967,5.765114033623391,1.337176651013381,3.869210443357258,1.078503774433605,+
4.507454218458485,2.2144258372125156,7.542654886528116,7.912576931928833,9.696613122685903,-
2.4822149105773024,1.7501294390034914,5.482103883286817,10.0,1.3257254996687324,+
3.7536227070819903,6.8873278621765435,9.77479869190285,0.9987805533607985,7.01066812490942,+
2.9626491311509597,10.0,8.267574683078365,1.3773374477387799,5.980916749296197,-
2.7821490830046036,2.789307692291414,3.4645209877520964,7.9769010047447715,1.836578915625573,-
1.9429950695376097,0.012509836257658682,2.095738316242332,2.0078795979931043,2.1441240934724752,+
7.131605453918761,6.102773187926671,2.9192720722727605,7.0057777479986285,1.4618663139032528,+
5.451751019962337,9.599114529566966,2.454002276717739,7.823364532515662,0.4050671082658098,-
6.7335361176632365,8.804414350207196,9.084796909713655,2.4048740798229638,6.7361997422293065,+
5.029228648244654,10.0,10.0,1.382807298145348,0.09563616462183593,-
3.8910243562868754,6.02482501956744,1.8561508568343033,4.516052512248388,1.3119335184662717,-
4.691480435940935,3.6066045751747837,1.6484657126755504,0.8406992895580809,1.133076980951913,+
5.0882167488933705,6.2006928183247645,5.273326050483944,4.393908439318266,5.58316992795651,-
3.4092152130711915,9.839974960090387,1.9377803979080328,5.380541061415802,9.967793130794492,+
9.150213172320429,0.2072494409881409,4.86591363225124,3.619487368684399,8.446809970193774,+
7.553264350895974,0.09229174489359125,4.642503806745736,0.6284690164481406,0.085887589359454,-
9.648437570425349,1.6200471158979335,8.640504062137628,1.4156318116250488,5.8299887590624095,-
10.0,0.640324767196223,8.667147808204634,1.9614058937038608,5.4410432270687705,+
6.141712690294135,2.7078228165767113,4.652718018190859,7.255255413397829,3.1978770806178867,-
8.27237702029051,3.387992482624149,7.647266601534146,10.0,3.800228010372943,+
1.0089637924102135,5.5556238910387545,4.31119724681311,2.249446570152317,1.5646834297814904,-
1.2503796683042938,10.0,6.821969284065309,2.974462554695309,1.6514389253455164,+
2.1359480735512673,8.94915710147041,2.7349945452107063,4.967334945340469,8.300847777753065,-
1.3429905663187836,7.186961046930715,5.121366571496983,3.5853081465562506,6.4042227453080365,+
3.4237736574040802,3.7873784521526623,4.285319794053772,8.792078136722001,6.553117790261538,+
1.5185509957339833,0.41320499316787057,1.8884144594596046,0.3915836773457145,2.6419071962351026,-
7.273459808964105,7.481284670713388,6.076506399937905,7.4279113203961336,7.005528759438317,+
10.0,9.48099024462178,8.644261361765137,4.553900350812368,10.0,-
7.968555209005771,0.9416948143020321,6.808380367814207,5.907808334973014,7.790654697987531,+
10.0,1.4942990384496377,7.45770738217641,8.218591147866855,1.7207988917409216,-
5.695505329399008,1.6254305536424252,8.965236761021668,1.958014691436597,3.776227128513524,+
9.297599144470889,3.1868979501463635,4.550970484249153,1.704351674749347,2.674148398936744,-
2.3306597522441033,0.321119985477607,5.580794029492759,2.3543187123598095,6.214629586085431,+
0.22451981158777154,0.14279339219688633,2.2425135048213223,2.18639406053285,1.7699299194816334,-
8.961328250316992,4.126797814449827,0.019993453711771858,0.07445487471589018,3.301063759805287,+
3.9477945732987836,3.3917193069145295,0.011350386909409942,0.014823273769811126,3.263156653212568,-
3.9146513844100284,5.872818519850375,0.6436117178979572,7.270822251661787,9.989527971976761,+
5.467155913650772,1.0605112910732573,0.8463444628053568,10.0,10.0,-
6.294282711841753,4.990080346570833,5.355684451745125,9.06351335942784,2.0666100065312722,+
10.0,8.244292147172267,0.3545734071796837,10.0,3.243115139312983,-
0.02488253162987286,4.823564516098347,1.0337429013860444,3.153656613063409,9.483089741857347,+
0.039059830361227586,9.590085785041254,1.768579596845783,4.083683103845631,10.0,-
7.658520772594276,0.07723890370846975,9.512543836035748,6.729735543338489,1.4289979076367698,-
8.723961639799981,0.09918914933106886,9.757084437048741,9.383510036372737,2.553182421501485,+
1.240249248770262,5.506869345276437,4.109134234358791,3.9015564685205026,1.287156013057853,+
0.13062944038093954,2.281576220120304,1.6508883391427909,3.5006556843427776,1.2823493126978112,-
7.477086203855194,1.0239859678065544,3.683068664544135,7.451214516461231,3.0303629554149625,-
10.0,0.14071457580817176,6.374594633462615,10.0,1.5656736345514417,+
6.176563943963334,3.278335558753598,4.101007402663617,1.531404951471692,6.747673629431111,+
8.770889505596623,4.566309805830267,7.752025252734426,2.181187331187519,3.8278731393072922,-
0.8157478721634792,6.372606503454355,1.824940319156465,0.3499732811069234,4.9706643360657266,+
0.5275678527105341,2.4387888612429487,0.4619158250701396,0.2818484263246716,3.047317523169233,-
0.10424199338039841,3.46910430445475,3.9613984864354714,4.71486495917058,6.56588833016348,+
0.028439509829090485,4.95852043923766,7.420274432569944,8.96455804127842,10.0,-
0.9709038699444328,8.4627126732251,4.35859710554665,4.667371376349271,9.033348881098023,-
1.9396889922922955,10.0,7.483602173005518,7.978115876535571,10.0,+
5.231930291567361,1.30109424291035,4.040324358158529,4.498974471495235,3.5869563545631244,+
8.080693676831862,2.0666289524828536,5.7966766993545,4.75317057949901,1.0249981395406635,-
3.212080638366893,6.870631545504933,5.923358908683873,6.551441591331782,0.7594474976859933,+
0.9380719550528588,1.7730669137031192,3.7650758687011554,3.8611731065159716,0.5084634846735909,-
1.5244313042174362,8.539578232391934,2.8000530523790044,4.429149944812789,0.686427061946957,-
2.7227501458105756,2.835656103490095,0.2500676013228895,1.4999762511827586,0.2433402013520136,+
3.6297137658689427,5.69021133514179,6.671975375783795,3.782977536421641,6.232908022573229,-
5.902790377646191,0.3364894523789573,9.619555371803381,3.9566064684869287,5.169943835248756,+
7.722706760608532,1.0283564825682068,8.294605745942498,8.308983255819024,2.4898813343556903,-
10.0,1.4072858784142295,5.006499756304205,10.0,2.369395777900626,+
4.180326302824976,2.5924796944222517,0.27949575570927365,7.110828881662009,3.0090343037567377,-
3.12010406677363,0.9812673471343348,0.4893438503915207,10.0,3.133874135657762,+
1.6758741659584797,5.462462707837297,7.553207028999756,2.7408324041024548,3.7203984330775466,+
0.0928094841308518,1.5738986987842734,6.535443354633816,3.310412935162178,3.849935920754403,-
0.6175278504812731,9.30774464879452,9.301053984011833,6.614652602940076,6.749126291916069,+
0.398011399208349,8.851821885359099,10.0,1.603241452631766,4.1021851527876265,-
7.962632306930631,3.678181233543852,7.75545219287019,7.123373108342349,6.326965856180341,-
3.073514120866548,0.2826354764451812,10.0,7.771444707243044,10.0,+
3.5424192558998047,8.061444683566961,5.9026330644659,3.019387246218075,6.3113692406482045,+
2.378933718942916,0.9283252449285709,1.0643916320489957,2.625075669851807,5.0639106968818535,-
0.006656536681648451,5.4957427323734915,5.787792720364848,4.584394629647957,5.7638957694169966,+
0.010289313258300119,3.1813105965552912,9.559243822788927,1.2411245364920847,3.95901221286595,-
0.9244502388469911,4.980499602970467,3.1300694313677946,1.812556992462463,8.036574568029401,-
0.9395250457679002,7.809890984284708,3.6171189668587616,3.087284551526895,10.0,+
7.692047747797536,2.594340887448304,4.224485703182715,6.984179588221993,7.5313174322377545,-
1.1636305479483326,0.8536749914217002,2.3994230063176016,3.983780089267479,9.01423656483636,+
4.465520794008863,2.3011170106090253,3.4295952703509522,3.799938671093883,0.8319875560480794,-
6.276374553675486,3.883551824136506,3.765749348866972,7.008398414164475,0.8984330586114099,+
9.892950556823253,4.806136623515868,6.5748213253331205,4.127678693356334,0.06321043801699955,+
6.3809425529150605,6.701421147492491,5.7411124355065715,5.943378812479708,0.01171579024082114,-
1.0602093139346391,1.6702154663195168,1.6025220834266962,0.8069724880400386,4.794249554776923,-
0.37118727803424945,0.6661310706867385,1.9719040183719787,0.5914588676852198,3.019499629522084,+
6.487980699848109,7.190141280290993,9.461436883826837,4.703092412406499,1.0145770760811124,+
1.6629611553677428,1.496599187663513,8.699457966438512,0.8877985868498705,0.4741358180371422,-
9.265653335516653,0.03228578961378736,8.123778517739888,3.0480078330762197,2.0144832318059147,+
0.38148566932667444,0.007976412110329631,3.722220267437582,2.605331266841787,1.2204911101250422,-
9.407088997541333,8.776666530201535,8.206517237952015,9.415093857859967,2.533378429137624,+
7.9187179476595055,8.907870961500585,10.0,10.0,4.981624388862556,-
3.1712412357214124,4.377799493010008,9.42334355930876,2.682028280903758,0.8285586764649777,+
2.817650257981851,3.947460552222421,3.5035431442150853,0.6390457378028777,0.5474676667167122,-
2.477112920009368,8.877858988716653,8.918284881710754,4.406515882301491,3.5504483712635726,+
3.441437736067717,10.0,3.506963818826085,1.957446297860099,0.3712226531562867,-
5.251963003452913,8.594238698342803,9.577777362760532,6.266780150726987,4.284164025184834,-
9.40673779707925,10.0,10.0,10.0,8.213638993771847,+
9.153001667613992,1.6257747703458658,9.561830048568586,8.55724057420997,0.42881920632613313,-
10.0,1.6094272874508346,10.0,1.5198571062222452,0.5544426125990733,+
2.317582447802058,9.902135079680663,8.382015254833696,6.206480342540162,1.040547412217837,+
1.7926591006036126,3.0083142838611545,3.3561690014198904,1.0801571931054004,0.22706100612796723,-
5.758561579693609,8.887154912661256,2.1838219289120375,5.012065440124166,7.515000436985295,+
8.407153340340235,10.0,0.4063029321753655,5.4264281954014,10.0,-
8.656493020272283,0.5190713600999619,7.260213401346359,5.472930130687851,5.22916664675921,+
8.328523873452697,0.7827061530764622,10.0,10.0,7.037074585229906,-
2.4060323237480397,7.742547718899249,0.06339914262812663,0.8602308586115259,6.994216757984261,-
4.464622063199803,10.0,0.12149743884804765,1.5570692682878364,10.0,+
6.136695371326773,9.926016974679817,9.683505976250558,7.306399629948538,6.398536638738412,-
4.122749034906645,10.0,0.5474982524386126,3.341666369387682,5.334240599984227,+
7.442199515677931,5.733361598577257,4.983385633653999,8.60201714914724,1.014396897750427,+
0.3240219834772555,9.944752567189527,7.030753169594871,10.0,1.9891401711961523,-
0.05782730779977041,0.30824016209529903,6.4568208718749,6.595881624727346,7.140291187946888,-
0.01322601153545454,0.14735265719251078,10.0,9.23064688653534,10.0,+
0.43924671040002417,8.278370467620013,6.73402903794492,2.052531181539732,3.2984532021891457,-
0.8103044515787352,10.0,10.0,3.443729524750952,6.2424618085886765,+
4.6828373952596305,3.6182552866078064,9.242464504344225,3.2826956931479447,7.440491511193649,-
7.8991648978947415,5.952393380832472,10.0,3.3415498209031784,10.0,+
9.203705109284396,8.242005704269598,5.825836370437253,6.570791025981986,2.7237255126991275,-
5.377122619340651,0.009404587012315217,0.6291529357091576,5.392595270621962,5.052760764985704,+
4.356321711624816,2.5018248847761395,1.5242720559565626,7.2866285128121415,2.6854188293696524,+
5.104618646345614,3.5781132717233115,0.28091924396236323,1.5922913482798686,1.134282949357717,-
1.3425710149134806,3.149005130043805,9.314693023760812,9.934836526541416,6.2362846287739355,+
0.23748193405930731,2.4458403743487875,10.0,10.0,2.97159374539405,-
9.51362846275445,0.7439798890669413,6.304926177750639,2.921979268268858,8.453533116823447,+
4.284506622478288,1.2622859910885675,2.71323903900059,0.4179022481216855,10.0,-
4.654136043425609,5.310954791373331,3.474253565249179,7.99266861053519,0.4433995285891512,+
5.567758334354194,3.025360214661807,0.8377911395062101,5.911791140701668,0.10054718966326674,-
6.861029161483641,9.317294836461809,2.846889894296587,6.66073296757764,7.983497685012477,-
9.212117890947972,10.0,4.0506615048929,6.690664509702866,8.729172888329291,+
0.17773228435548738,4.569915702980669,2.2973675410523473,1.3152644814680714,0.4659477242666843,-
0.08929206868706183,5.91082269440473,0.927346170860352,1.8836969751218755,0.6722074722762725,+
4.203330918008024,2.499524537149335,7.301068060786266,2.1808541776094224,1.5060717812996882,+
5.737340913584978,1.3689191794914817,10.0,3.3855814487155724,2.167318116073568,-
5.394556117840569,9.722584761040565,8.3129794196947,4.388552030866442,2.0186244296804414,-
5.47558316078661,10.0,10.0,7.198635198148057,2.846079576085257,+
0.9973909340850506,7.003417402904364,6.966418598477114,3.6956439623957027,6.849769285896631,+
0.34275267395183995,10.0,8.499162821703607,5.098147782111237,9.373309107533926,-
8.479721163772373,2.5228183681055616,4.821552223814458,1.4251557096479206,3.321218664796677,+
7.14888568389412,4.449174911285834,3.1885302707231906,0.11989746561576536,5.894192708829586,-
5.529310506659223,7.711410568986375,2.6657513668871435,7.693281257460699,6.8065460782845015,+
9.931044750031942,10.0,4.902213207416124,10.0,6.366997908920538,-
8.169885622330659,3.6554048750420733,7.395091951928836,1.8712646097173713,4.216237289294824,+
10.0,7.191968532748053,5.652445834409156,2.5139765178218,6.264671196817999,-
4.2011742352196695,9.560759051922497,5.205111675161669,5.270249797985609,9.628548610572487,-
6.040800213665412,10.0,4.781609780087805,10.0,5.5096497436145135,+
2.18948106440217,7.7376874823153425,8.247966214198083,8.594418903835408,4.532282427128024,+
3.359766768167597,4.586278188807339,0.50121427418332,2.4431831268223636,5.6938140212545525,-
3.887356806187946,3.472508260714485,1.1590109211462463,3.56657710810575,4.6908760301645405,+
1.4384859216076085,2.8660590061283235,0.5068542574503043,2.246178114760945,1.7406235305191708,-
4.3340079476563185,2.9011888374787476,7.04310815585817,3.527345436774907,7.3060363163550335,+
2.244157168823777,1.6701774433665697,6.062616290909311,1.2054724604403968,5.198799878590603,-
2.3029494845160006,0.40200573864505484,7.5927532959253305,0.011863596086404415,9.594165882391183,+
1.331358049855355,0.005855053382286213,1.7292976313521284,0.010614216617781457,3.844892561703659,-
3.5816023194494573,4.81547034724144,8.347804512484942,2.0426752493823908,5.427220885739751,+
7.012472394688249,6.577511644807821,10.0,1.4904504024256333,10.0,-
7.601235824657692,3.6597224438720035,4.812731459958469,3.9339888001220835,6.327886951184175,-
7.056132676550904,0.898433505643629,0.031888363952104655,0.10258159884787786,10.0,+
6.260381694828526,2.6340099963402075,5.753201594697137,0.8222970054821732,4.875674060114332,+
0.1698221187457039,2.135081896505765,0.0841405570908915,0.3979858583081166,1.0284244261987598,-
8.441472515090064,0.4480549780390852,2.8545328498827196,4.300309351848707,2.0308985657172918,-
10.0,0.5223796478821543,2.8955032174757336,7.5318659462734265,3.510052597876448,+
7.605711575534145,5.356548799348614,6.637028813539207,9.099709241487687,9.052564755319189,-
10.0,5.385163078373086,10.0,10.0,10.0,+
3.6426398060976384,8.09416730529864,6.291516041716761,0.9721879225336816,8.776641372302468,-
2.2619355936069896,7.4903452761731595,9.665930619493476,1.0095430123973634,10.0,+
9.664220258109227,8.858989193563634,3.09878785663096,3.882982471402028,0.035902453968684744,+
8.694224959976044,4.26177670194404,5.29850084138022,7.237278942829617,0.0282435542894432,-
8.17304336357646,8.084076404576749,2.167776456358724,8.1267606617243,8.42383428348381,+
5.858390540234427,0.419740399536348,1.4234733718053318,5.406835887395493,8.364821262064316,-
5.070694653986352,9.804781029650595,1.0640150322326414,3.0244143111213906,3.727848787211232,-
9.647101530940304,3.2382260621655976,2.056295836553572,3.475799388657536,0.43455036944653885,+
2.998313713491536,7.934986075840975,4.094668468469277,3.2196532267235534,9.64419297745635,-
1.6156748405660664,1.3335336100393314,3.0830006709828393,0.8055922306438686,10.0,+
4.459022410472791,3.690649324068084,5.64906001843088,4.558902247932362,2.472662401456226,+
1.0118606038462596,2.128243024052996,0.5418392331786148,2.0866405099574887,1.6109768983257307,-
9.081413140506681,9.821364196468712,6.702363918236941,6.457321956167195,9.944777215405832,+
10.0,10.0,3.0862771133689613,0.6901669511866859,5.194770789148624,-
0.7931023610708299,9.107482331511015,7.149830678963703,6.854653559507035,6.94442576140947,-
0.9502446111779336,10.0,10.0,9.483024361338572,8.62825938543991,+
9.671355558806813,3.3885672074574655,2.9224691647523713,9.192060132736433,5.256739909299166,+
6.8287146656763165,4.757739936154077,0.7430035998067338,4.998619873415944,7.011938250987286,-
5.926534103796365,3.014212303628121,6.121114118054409,5.127949566917466,3.581371757421663,+
3.3100595147183944,3.1001649333558774,8.704748644962237,8.822263044722808,3.7396637563114985,-
7.619791566555651,4.91671414794487,7.357903703109423,3.553794929225976,8.297784801726852,+
3.2352466585417385,9.039494970885944,8.730204530157291,5.89654503611734,9.293402858911808,-
1.8015909867815039,9.706553840702842,4.879040909424507,3.2498109853215897,3.4346240255195895,-
1.3565868653886544,3.049477132300949,0.23031607962560427,0.7052558405358854,4.6974819397349235,+
4.000605514631776,9.704719143031713,3.6045260739660345,8.33004578350653,9.82851767359714,+
3.800535712821813,5.250525630843785,2.5296853706446107,1.724188216779307,0.9153967596904342,-
8.796493697338345,4.720752409685989,6.279598082537632,8.176200054677984,0.740281778551285,-
5.305612240087066,6.2960185707330085,3.675248911350525,1.8492162281240514,0.512669784265457,+
6.221663297856757,0.3205353853873405,0.6488458728601354,9.827110318636592,0.4716549788705582,-
6.152341160823133,0.2609044712869303,0.6687718362789358,0.700419792906502,0.15926162146266637,+
6.6737965335235625,0.7887496682930772,8.0137545976526,6.502009280918799,1.5793270498870071,+
5.614730755924051,0.05335634728726828,3.613741164975447,1.1846802101775549,1.1245752183625977,-
0.45125021439036184,9.550526696758588,5.710060017188182,4.757146935748314,6.897256103245962,+
0.884210338743354,2.8269587318555356,1.9517711040326184,5.567831552428126,0.24787335009028938,-
5.074602453320019,5.083243822745215,2.7385165121165125,2.8157282935405803,3.33427435137289,-
7.518787943714899,5.868668192167203,2.2247495452830934,1.163654693666534,5.980336192065644,+
0.8631507855224618,3.8883286459879685,1.2241008455293512,7.238455545432362,7.104967912398638,+
0.5646938677200931,6.38547946041363,1.016178237633182,6.76052733189077,10.0,-
6.589008134015483,6.815657291122478,2.1701233080021485,2.0016006092634155,1.5278332430662367,-
9.585308303397772,6.515551653494274,0.6255777666813462,1.697872169072867,1.2339950837256362,+
0.9928499502252297,3.0596171796955094,1.0402941874585647,5.847320546856977,6.930269575660447,+
1.4946787011011562,0.5650804391041728,0.22567810734775445,4.350182593229197,10.0,-
9.953868633710686,8.533163617498058,4.3926404616801,0.8889848149239821,5.062518593498146,+
0.3972998935225584,10.0,1.8671671720010656,0.8375738386157747,5.302270287850527,-
0.549826742059607,1.1756173880826182,1.9539145420257487,4.1795164696419995,3.570950089332868,-
0.5800253819337032,1.8583722669982765,1.9727534569311314,6.883041716709612,5.133369656723699,+
3.727982569795454,1.0956939476270855,1.280576012205843,7.605591551747212,5.755291611436472,-
4.192357247289123,1.2438606058337505,1.7307974247165414,10.0,10.0,+
9.144680632597204,6.915443027834312,9.148339890983095,1.7187027794473475,8.52767125831164,-
10.0,10.0,10.0,3.385919092602397,10.0,+
1.0391606398524078,4.579127327371849,3.356875512007249,5.680322661441581,8.321438750602011,-
0.9318272618321661,4.348629978699481,2.9381347355196863,4.920245829691193,10.0,+
5.934723401825741,2.756548510624758,1.287047985485661,3.6720756379315356,0.6637595263470764,-
10.0,2.0471412667045845,1.2549428816247743,5.602904911144672,1.1481250470184723,+
7.862939029714813,4.46583000024424,3.433321040495625,2.7628425422064575,1.5882677737514417,-
0.6912752385544623,2.0333969473486304,5.712826913854674,5.100198563771272,2.5284625487760684,+
0.7604009429259306,4.535663535167206,3.4652163935212177,5.081185471491883,5.9296350087605765,+
1.1134628045206698,8.613980028292486,3.6802816288571534,4.191702890323048,7.112979576853929,-
8.565333355892452,5.989850923719455,6.365147994458501,3.7255944516576567,6.518021353116693,+
3.156717265690098,4.605829887231052,1.2850839075065579,3.6141676159520184,5.24737971565325,-
8.262723064502003,0.8147551749988347,4.567430540689577,7.662532534475568,1.6119539974657526,+
1.2968467962012025,0.4707355199700485,4.575428346412283,2.840074307782634,1.946916825764951,-
0.2621839747524579,8.938523386371184,8.147517375078092,5.3720401335660775,6.684256596271537,+
0.11250565097919508,4.892530616729514,5.095104525921781,3.4421356801877767,0.8713076193983333,-
9.035155974171815,4.869221996119604,4.032566550455247,4.99429930136592,6.232269321516889,+
10.0,2.9842700671185467,4.227121865663332,7.138031628002267,7.589846700843026,-
9.730199442852538,2.0127671316373927,1.400915176801949,7.158307906495355,9.60213100880363,+
3.7430975972588234,0.14740783681151462,0.9997128054213474,7.283100597755682,10.0,-
1.8586034664740825,7.498670517597712,3.5268672003356127,2.6933661952921706,2.633369100855527,+
0.035054464600411124,10.0,4.037661945232965,4.621550528074124,3.5406009763114397,-
5.05030559064526,2.5135959522109785,1.0707934969145216,0.22337655707630577,0.12380580758042936,-
9.13694429748557,4.170181301332777,1.7003037194312172,0.3969145053059363,0.14199431426382875,+
7.042475401163587,2.38377608272618,3.504307107375777,4.555061397004002,9.547190826191196,-
9.255734854807377,2.816322790479554,6.533414376561737,6.429366692926174,10.0,+
4.506054528142788,8.251155311293552,5.267290465523457,3.792589980036112,3.731413933973192,-
7.480484990468844,2.1906567934173915,6.071647633421944,2.743614221491613,6.689453432342763,+
8.679878407671747,3.1659815138154377,4.140206769639562,6.4346959177829675,7.8726758208470295,+
10.0,6.147634160967058,3.5058268668422685,4.345645750310912,3.3520326194494396,-
4.932576317293228,2.7978545126432177,1.0190624236426016,1.1152045048936432,6.77689828993411,-
4.421812350443553,3.3921919796612032,0.14998814280258857,0.5866958808961648,5.964263663921752,+
7.745141897215984,1.7538710959151371,3.126797270134627,8.257921813327254,7.732402855433989,+
10.0,3.0743188305179925,3.8497067829702356,6.164263512849053,10.0,-
8.58039598326137,3.776562628284746,4.891516234197387,3.0839041086567343,3.1996338030692693,+
4.653486455782321,3.029330685091802,1.8230122792227446,1.454157489478212,0.7081345172699467,-
6.073175161945982,7.3348892511930694,8.946546399489261,1.7938718817472465,4.954605056789622,+
1.4443519658844144,7.077189336040363,1.4063332349600406,1.6820302980242667,2.0001648584485254,-
6.0385800916695835,1.6780186056857649,2.504233363308642,8.721392564037055,9.313076609288496,-
10.0,2.1747033919727983,3.1090312372706452,10.0,9.709740302501528,+
3.32733838853263,7.651071235496049,2.1665513740595355,0.3062535572494296,0.12917019765552373,-
4.0180433505722455,8.377309485314798,4.067141693083583,0.43291541270119804,0.16885046305819607,+
1.3875208192184485,2.9085099603789155,1.388911218834461,5.989594089315206,5.167743464416139,+
0.24537033771860606,0.7346474637731932,1.1926645303987502,0.8510700154489328,4.429715501056357,-
8.192410625761305,0.7962453186989771,7.427120634395211,6.482024490490757,5.632686349279305,+
10.0,0.4011872229807243,10.0,9.010851934528773,7.43631816460799,-
4.900941941024815,6.508723602032526,1.1972616060909669,8.667676726281616,1.3092419984711312,-
6.095798324900151,10.0,1.8105778418686769,10.0,2.0130040044615,+
8.469973843818943,5.397652960066955,6.848220622357291,4.975174048242818,9.710300138191869,+
10.0,4.586112411965376,2.7147772080390165,9.245975541582917,3.890089241492458,-
5.9947667428514055,9.271712689862321,0.533640003732816,7.100434747305217,4.452335028761292,-
3.5509262379430275,10.0,0.054237115191278114,2.3125143239626733,0.809445716921851,+
7.226614515365945,5.2333473556014765,1.029432280529251,4.61439760094459,2.5191142439762904,-
4.888494202572591,7.776998641147387,0.8372815244566475,0.024645296972994654,1.5050515074604482,+
3.9524205858887806,3.1150611401282777,5.432679877736053,7.303623692125633,1.544325605941429,-
3.300048061041848,1.3243222028156967,0.24876969940493793,10.0,0.4595919329558757,+
0.4814624482968266,3.055467569333874,0.8125456131890529,8.140104369597625,3.225187878311533,+
0.5329154164136098,4.796565148862656,0.5373859632765503,10.0,3.833012648295584,-
4.930523935753093,6.809474314305537,0.2014177552426022,8.038323158157304,3.0526036815878275,+
5.557887234560728,6.23933101655109,0.027955270781345284,5.589124630362488,5.973788060919411,-
9.144653707095431,0.8331229389653638,4.903257398260142,8.558484979495413,7.575800053684397,+
6.328841674903029,1.2089516280228025,4.870803475702188,10.0,0.16009598932387037,-
6.585271687290703,0.30630031212440234,3.18068427892918,7.475086000662881,2.22411294138958,-
2.394409427239479,0.16590689507226516,3.0462222302319013,4.233150562065427,3.6403127343527593,+
5.972358144354405,3.5045178410768463,8.588007528695904,2.438600178005381,8.393871022231108,-
10.0,2.160788261427649,10.0,4.355147349727437,7.18841148283254,+
8.446714707908685,7.3574264705482335,3.468474053751337,9.6648982757985,5.3295095468947205,-
10.0,10.0,4.372969304664048,10.0,6.443902093881131,+
1.6715884027053696,2.4710481781647053,3.015335661551355,3.337124051007069,8.169408676407278,+
1.145066015087966,3.8577603196117844,5.788002265159944,3.406473912688804,10.0,-
8.546386043283293,6.454720630698637,3.9476280584101255,3.082084471219184,9.229013942550717,+
1.3834249196679635,10.0,3.7644322910214507,0.7047603067255014,10.0,-
5.583020187770677,1.9133302950772935,8.110492927857951,3.909254741047924,8.014552113178325,+
0.6395649906994029,3.741204875444789,6.782250824854644,4.045433940109814,2.883667829932245,-
2.597794495152491,7.34012845303892,2.865175200734914,5.732524525353836,1.04619344022423,-
3.935643030074682,10.0,3.5617308929755684,10.0,1.1314806729875055,+
1.3047606209315765,6.249586481403045,9.493514345844323,8.720095590136525,0.7102810158915096,+
0.9055480060881457,3.036332291539406,4.9636579153445615,2.004778983181985,0.2327738844916099,-
6.566742304453244,0.79805050871957,7.461359226462159,0.6556075333322153,9.459190160826079,+
7.895033564631802,1.3166417861781257,10.0,0.03877134337488819,10.0,-
