5.529562689816644,9.199538124485224,6.104170939724041,2.3813022850303023,9.830080660751747,-
9.392091107288378,10.0,7.193580786475905,3.243320845454738,10.0,+
8.010541458264687,0.0560430418319513,2.422372777072981,2.6542103220091153,3.93296431903317,+
3.7885970509858167,0.07210741635870253,4.260769534474686,3.3030986368049935,6.392990664303715,-
9.028321993629472,7.615522280293813,9.854726246158707,6.945460854949955,3.369113330816058,-
10.0,7.34097305444378,10.0,3.4284099024786854,4.7207880781344205,+
6.315208741663697,7.451260553163646,6.4507102166967565,9.656646855170735,9.038510635030017,-
8.631534281539237,8.084066028785548,10.0,10.0,10.0,+
6.8559990285589585,7.47674983655866,8.388425708446107,6.721919759471838,9.364135252803369,-
2.2634312778005157,7.738104575025674,10.0,6.828756986589537,4.584862981023209,+
9.251034478079955,3.4029293930334035,7.760814039291092,6.209432310618953,8.282949782614624,-
10.0,4.817385086369121,10.0,7.612824062596689,10.0,+
7.010548990948488,7.292097065840423,2.8133875056691418,4.553336009514316,3.914672137314633,-
3.0324127130842915,10.0,3.382532956661052,4.510706601641078,5.540889037880405,+
6.287102713318316,2.6188995013626326,3.348750534807905,9.3679907883468,1.5788998111596897,-
2.5663356745770662,0.2437025631230761,1.2196508666083934,3.060249129366482,2.9998983754993853,+
2.773404738279358,9.868138299038177,4.4043304041423035,5.885269329695032,0.4378946202034206,-
3.3533565475671745,3.887698587361533,2.9180277844874927,10.0,0.8447413144522906,+
5.366159281890212,6.70235898195202,9.388618148443923,2.2584056244803365,6.105258106785803,+
5.77059035853683,10.0,10.0,1.4450734101875067,8.51919609688436,-
5.277871688673979,3.4208831737285204,2.469992122611485,3.0313938941767384,2.700843158866948,+
4.874062135173363,6.65018455953757,0.30440302566058786,2.5098785724219166,4.699983565677263,-
3.786362279705221,9.124696819569488,7.463551515299043,5.36606220389446,4.705686577188665,-
5.2769580243157215,10.0,10.0,1.1874741170673588,2.107450012452655,+
7.394101356039588,7.624151885020981,3.567760779772431,3.694941091968361,4.675261460043819,-
5.1529985165467735,6.483017054106132,3.307559994492047,2.917450271746493,8.883170266335602,+
1.9532936188817107,1.7845827554399163,9.44095072275171,9.305804946263248,7.371677509784558,-
0.8065372159369548,2.848037805051074,0.20492163615870182,8.327056255628724,2.3377071317126936,+
7.648745969228999,8.182853826352565,3.3864507165678095,8.773589655290316,0.33762239078664713,+
0.42894780844113295,9.412781082770532,1.452855729885861,8.00325607771671,0.5629458023614728,-
6.310831295760085,0.6498276148731974,9.49005791065312,3.3516165944350194,5.337772219616167,-
6.193280139208415,0.9483805789379848,0.37939684769232307,1.2021964750843712,3.7728928067249514,+
9.334790354087657,0.9604755219448446,5.436261165352484,9.668541163761367,4.7952224835759925,+
10.0,0.007540825564246035,0.3104291391166411,10.0,3.47997676691772,-
1.5458742892129351,2.2527544247000675,3.99863510670862,0.8766580860090989,1.8107412552877211,-
0.32384543461720394,1.5627386266575016,0.4788851349560418,0.006549488735804988,3.3520123479187474,+
3.1671018305637744,1.2149487198481723,4.138171610469153,6.6621993623703935,1.3442498642147926,+
6.016482261141528,0.47032387025053246,1.0846286475663087,9.637599471158937,0.8690102774312639,-
1.0609922535106309,4.638067529311035,8.298940930581177,1.3835449815110823,6.130390184865082,-
0.3500664291568147,3.6040084304040425,0.7959506037018851,0.38950693264008457,7.339186223381141,+
7.205937502841431,9.514784008088702,8.589423579150496,4.418531553496042,2.130525461227996,-
10.0,3.7015486235601878,4.2229409481286195,1.684030717849171,0.4313065314189048,+
6.3327073421343965,8.210691678985079,7.318340465840184,7.665854213812501,1.9940168988386175,+
10.0,7.66245346117191,1.262410674991918,8.179724123930075,1.363929293781085,-
1.556639988506603,0.26769026454523615,2.761835478378054,9.721377541533665,9.187326520822513,-
0.5827945586916298,0.18389525514540395,2.6075713878391147,3.7961932714127578,9.327773309021183,+
5.984156642995303,2.188460917808669,7.415939456822161,7.271208702191448,4.970977099823173,+
4.0692837163883935,1.223835921967265,1.50668689793712,3.1614019822813026,4.726025760711188,-
3.666034847091746,0.7951042431214728,8.10610012956546,8.664298183258051,0.5529601487674285,-
1.3062604509231621,0.6854398447968693,10.0,5.583677296660766,0.34574074837052804,+
7.471701207136926,9.143973815845369,2.070264261020297,1.7671042485440502,7.406027989883138,-
5.217690968646925,10.0,0.980023575748555,0.8360100470566418,2.736736028200751,+
7.274122328706082,0.12000070150943065,1.3901876036610428,6.1998924098331845,9.75868873885809,+
0.7008387746271848,0.00913050769996852,0.741970401156433,2.5508187878960222,3.9830696337429066,-
5.069694141221163,0.10323121514752231,0.9118328434767453,7.182791948268851,8.713285131996852,+
0.1055184709647445,0.11844125768016248,0.8535230074645381,7.4477807712749975,4.986020040227057,-
7.440530251443383,5.929838875666816,1.6776333389077858,4.996370183453599,8.30438468112763,+
10.0,8.449371125161568,1.7169042874254974,2.2919494100100923,10.0,-
6.792382514072949,8.960586877226147,9.020686955902304,2.4405102340485954,9.027448237617916,+
1.9117042403648439,3.300526875540109,7.251680885248525,3.2724195915343124,10.0,-
4.161099847616189,1.6348166282832788,0.299231195003421,1.1127529974648376,8.978904281634767,-
8.105464260547723,1.6037584709432613,0.01419136563149285,2.1936470875155347,10.0,+
7.457674592075564,5.970540194798501,3.1515812677075306,8.569699031513602,9.155230431143915,+
10.0,4.935185207076783,6.041913013737936,8.69126440981642,9.611946265291307,-
0.6921837277431919,6.626653126573548,3.3975084960853055,5.889076541045512,5.666250224515395,-
0.9608036552290758,10.0,6.129732653321062,7.0990425130368715,6.5518909303203685,+
0.22533657020060383,9.919146754311907,5.364361236883224,2.24857179984552,4.1946032316955995,+
0.12078284649499439,3.205203607749453,3.5391652132039093,0.7982449585328936,0.4340877153966139,-
6.067413130589739,9.394591244365106,3.0596861759289595,0.1839271226418382,2.443552504836405,-
2.0124717235289014,9.409489414449732,1.7156772728191438,0.20965377282209197,4.46828761144507,+
2.617638645652539,9.199004983591498,4.158999926192168,4.759977401783134,3.6187389112298565,-
4.033750387026255,10.0,3.2455149972397783,1.9926274068117114,4.610648135591753,+
6.378596794435749,1.0777915657492598,4.28782247532736,3.5383611697001918,3.444323401505324,+
4.7673383229877295,0.9017122104743444,0.8600225746283442,2.7186745170833726,0.7792566610220008,-
3.2367920401378636,3.9751437331694452,0.4735331224972461,3.0327488540294176,7.308771566048572,+
3.667746590391382,6.77150424208835,0.08558195637712086,2.489647601620906,5.596757779892127,-
9.952166912772217,6.25760924856475,0.5403817239190556,1.6489145891405,1.2448329483647713,+
10.0,8.2638042010761,0.578266677071921,1.5300553973031932,1.964978300103259,-
1.303314097056275,4.2886185358044315,6.014945306639385,2.847282842380765,5.519928692048523,+
2.1736602167420456,2.707885267782506,6.5074551583088605,4.112666150631207,7.416815839474556,-
0.9025505679251589,6.741032786656915,3.239238054188581,9.51009675488891,2.539572507937641,+
0.2359173742300567,6.0827668861836095,1.1240586243258293,8.117623633752695,1.3205870270769686,-
6.993344056624115,9.640172304765283,8.69450393011589,2.2998768269608103,8.963154186171597,-
10.0,10.0,10.0,3.0538647684061635,10.0,+
4.199833855603254,7.988479461850404,5.078983270849138,1.3696794734273343,2.5623506768001167,+
7.23512058330569,5.126351301376949,6.710959120566567,1.1707286201152414,0.7067607645522459,-
7.800753244794187,8.802774969170297,5.465254374284441,5.872873142826778,9.88862266880545,+
4.9592732917373725,6.4555039210654925,0.36630739662166706,5.254188948899729,6.015915891607581,-
1.2251551131721694,7.996259296279985,1.1747777049261976,8.642466192317658,8.290609156408447,+
1.1724230734010406,9.88768499764053,0.9683941381571093,9.688010155571728,7.022207095819487,-
4.720162323052071,3.0633540328759077,5.567260858407581,2.6815359573027897,0.24015442422005706,+
2.4250377374141867,2.1101079987376825,2.9123577987390314,1.4988553678429812,0.2118620995373073,-
6.655735614601268,6.166937487202809,8.624967614400134,9.522968655806833,4.2865758972019306,+
3.938535689152685,6.761039008183111,8.502096299467333,7.171291878684111,6.770961583230102,-
4.832350765010107,5.60959828543319,2.278949344034654,2.570827736673028,7.292076362123824,-
4.867114870540678,7.55832145422806,1.8944516048211724,3.9689560877476557,4.81746858818973,+
4.806014996046226,3.4222589836169326,9.441084933528273,3.3514043785617886,5.279552988477262,+
0.7508438503299969,6.093534456908298,10.0,6.07022122414294,9.174567984877616,-
1.1382695121707298,5.267687189751193,6.2613138458215385,9.707640946930075,6.487233971170471,+
0.0935363860227013,5.113096298016943,3.8438972106378073,2.210216542479299,5.908042851998181,-
5.692061292910977,7.405816046664436,5.7017725823449075,9.274772530783622,5.945957208493615,-
0.16584914921589033,10.0,2.594997140402614,8.54133646499743,0.1832300364591981,+
7.590088961736986,9.955407625423357,7.008902272800278,0.028316044232691295,6.596530575646373,+
7.713776899510695,7.9559122622557785,0.3433188947264699,0.025584450272844183,8.751557374224143,-
7.3489905452193,8.85927720083552,9.422483591678139,8.258950896284366,9.314262054188013,-
0.13895664518873804,9.517980934846715,10.0,9.029484219077254,4.848198037610798,+
8.049590426275174,9.105880225938632,4.2234917673263075,6.23107465325324,5.368455018695817,+
4.505275285628063,7.416052915721976,3.571860960516684,2.0159366383001704,3.529310040896116,-
2.3962955647161044,9.69472290476152,9.506090034743131,9.545242012308396,5.156354946160777,-
0.8032825915375305,4.263890473815461,10.0,2.8501131362115935,3.6473499998161896,+
0.3693763024137209,1.4222728231546455,1.201293322225393,4.295003799414989,1.4579675129406044,-
0.6957461663840188,2.010029981684318,1.3433627769070935,6.219414025702732,2.644861731129502,+
9.387771547099042,0.02576793802668509,9.180966072023276,0.03459990288107062,8.81331754907313,-
10.0,0.03465673088908533,5.752785518976695,0.04079403591861157,4.123304473823461,+
9.861123718510855,2.212892751979798,7.5795304941589325,2.6619559681468283,0.06540553933934157,+
4.7625501754346145,0.7058808185436082,4.944899246324573,1.0619786969612297,0.06344156704608106,-
8.584529647811319,3.0285536398645463,2.4470845520174334,1.3133269770157208,2.781748511220888,+
10.0,0.28259219388681434,3.3050854958224343,1.091909262656925,1.403019253890571,-
2.8076481446894386,6.273912104881992,8.566992718735046,1.3483682210817305,0.20874478927344953,-
5.150840526243612,1.6402033279859796,8.633270190864392,2.4930769262308283,0.07543111920798913,+
7.967411141222445,1.466072689659248,0.2161326129600072,0.9143360292164204,6.528910450646244,-
10.0,2.478939333446191,0.33768339915700113,1.1647185471676547,7.392563775789527,+
7.204872789629412,6.159670203357637,0.10773688529066905,9.258208636841212,7.257908696651294,-
0.22836978647267167,0.6992504930714699,0.06352642875860497,10.0,4.501858902508355,+
9.88709265140906,4.882834212818034,8.07674187813779,1.505057081892105,4.517771444404569,-
4.305440443804108,3.8277549807597424,10.0,0.036309170832792954,2.1604461540068884,+
6.030852903394277,1.3151219019732252,3.5202824221158346,9.17167539734391,4.434393606403265,+
5.794300284136896,1.1492268238412815,1.6026563533018254,7.1335561824444875,1.3649773405542591,-
8.032433198351917,1.8914349315628365,8.518595482505,3.659950920556434,2.76299362108976,+
9.673912278192802,0.9857319525196578,1.2405393886749794,4.371263595563762,2.621145722773857,-
3.762995923816801,2.4894784552440385,5.187967698285706,2.070561072016188,6.873307941488555,-
3.295343946660652,0.23166528069435385,7.278561268926041,2.6870692642093204,10.0,+
5.797583325291686,4.518466443187638,2.081911185225139,3.046204250843912,5.170003234298559,-
7.643526716732803,4.668871274166527,2.913542401847238,5.928617822451186,7.024530760887615,+
6.025757909151465,5.330228162140598,4.308717857935722,1.7013178054913503,7.811750049274602,-
9.305262044322063,4.089462772769326,7.174939097265951,1.8954812490746618,2.475455186576122,+
6.813147747538867,6.4164033939838685,1.7185251370995691,6.946737466106223,2.951054143452464,-
0.19995476502201132,1.8199124293145328,3.2015117973931617,0.5245422239885907,0.858323751652075,+
4.568667909950958,8.32533450524835,5.313028615383157,0.6405233000522037,3.9332925768463123,+
6.223545573978917,2.5105759724482843,6.9112875548404435,0.7146449272933036,4.611406827579813,-
1.2830843217839993,9.574450061440597,4.585481510002322,7.77960655415742,2.8376371785778765,+
2.0700019639481098,10.0,3.2843316441470383,10.0,5.310622377961847,-
9.562046657144103,1.4255171489923713,1.5297120003338593,9.935292073366151,3.4226407083142965,+
10.0,1.6870805072260804,2.107226388421248,9.10751754439108,6.5930904573141005,-
4.301082381672195,7.02687061235385,6.328787923625699,1.291843447289196,1.0289296082451505,+
4.707837532705649,10.0,9.665672700587754,1.5828146861075936,0.9425497562967851,-
8.797297253685063,7.790998649793497,1.7903383770247994,4.346161677586741,6.016672928331021,-
9.218640749163093,7.213685540361662,2.7061849630717476,4.320406278532742,9.573688458784416,+
1.3230995327380302,6.868082491486272,4.629165472671822,4.457622844950841,1.3203723196856176,-
0.9823014486930634,10.0,4.149009186076913,3.795935704826233,0.5442002871727649,+
6.976098142134944,6.2826862490235555,4.499721278712699,5.952899780178762,9.07286140829876,+
8.28187133445979,3.6533041621850764,2.6717983295434897,8.164556387491436,3.4955201419022055,-
2.0314781050658723,5.087597963189796,6.295914874700382,9.847144360629743,3.647064232272373,-
0.9152986336659134,0.5776419410800759,5.085705942522244,10.0,2.235537724633035,+
8.337070764800375,4.70664177241117,4.3897150158947165,7.891758820314827,3.01440573069498,+
10.0,0.9934921646004213,6.322663036821096,2.112139723366092,1.2580784082473653,-
6.47018337553268,3.347612697253699,6.828099899347939,7.127599104330314,4.51031585311873,+
10.0,4.878387524904342,2.801934694979319,8.570872441678892,6.449571669404425,-
6.48303594971839,6.748862388783602,0.557439949659374,5.991609413031485,2.5186390321271226,+
5.207669034234075,7.288534244736637,0.7035219440102656,4.44867312347459,0.2852126352988139,-
3.148662035514115,5.009630265870799,1.3253568538614202,2.044970887323403,9.315006614201764,+
4.580398288795103,4.558969292257597,1.3910976450939865,1.4158482321783719,1.8421104027525181,-
7.172705485854552,2.174518574083013,8.9465047784148,2.58764500797924,1.5475260960905046,+
8.793820599894373,2.580295339799689,5.203230163091921,3.811602201485848,1.9435025917920385,-
8.437133143091406,9.152498573384625,7.494525686272294,8.939686422760294,0.8926018868520813,-
3.629036675420131,10.0,0.9670868068661952,9.031756694436742,1.4578250072560206,+
2.0446358591809464,7.3565623029342655,0.8140861722887616,2.140532182960302,8.979187215013729,-
3.1857939549439966,9.472911036702893,1.5502533642526068,3.525150841842066,10.0,+
6.357246045008655,6.356098556847552,5.481268206857774,9.822229739643372,1.0486728483019847,-
7.853296273327033,3.3682768988753304,5.422463946936096,7.762706118329199,0.5794991140148327,+
2.788115448312798,4.07088158338683,9.230228216494286,6.78271295157,0.011373648615665699,-
0.7002688410749192,3.5383355819354274,4.830728813203019,6.652076139785788,0.016477549491224687,+
6.650433844187217,9.212312153134171,4.447136411035361,8.857573187534783,1.9250361613665912,-
5.055315961796617,1.6531313603286797,2.9798847999772113,6.017055309034273,1.9779769765147381,+
1.9896062813720528,6.314795498318104,9.334403741987533,3.922558928758484,0.5389466847924707,-
3.0098014065974334,10.0,10.0,5.767662501624079,0.6053524173754561,+
2.235588208948821,2.3781080288699608,1.1476596613898227,6.237814326270435,4.3971237238865655,-
3.1676596660381917,4.575548600111305,1.3230385879654551,10.0,8.484649217917232,+
6.15200159290763,6.546451738123988,9.14451358708119,3.6564179417433387,4.575182913121959,+
10.0,10.0,4.460483809861468,4.54697626261104,5.174431969164935,-
2.7713496310481522,9.771990991996152,1.5999126121700424,5.558998009139597,0.9208858927413266,+
3.4322854797230935,10.0,0.038147674870586,3.3109225028684373,0.5326845160374916,-
3.9995360714351325,7.60489517498814,0.39698317737079547,7.4223021915134,6.789515582983143,-
4.491517722180929,10.0,0.25862747723596025,4.824095628943459,10.0,+
5.572925345566967,0.4102215866697856,5.710732201625339,4.039946849283408,3.8879792594200415,+
9.32756882675719,0.5617411887996563,0.34988918141020675,5.903127845209921,7.391024192203564,-
4.150022655977801,2.967327001813521,3.2266089574002232,3.0648988980965086,9.562115438097253,+
7.804704942759813,2.3304748255428143,4.615751820483392,1.0893670841021847,3.0211944220264026,-
6.022598533768989,7.503580868479088,6.090261194691768,9.752601052497546,0.5975292562917733,+
8.240268128286981,6.362129109016602,6.140783443250181,10.0,0.6083816653968617,-
9.655554189910857,5.225833362383172,8.641252796949999,2.1041384482544725,7.106045271747288,+
10.0,0.06446995001772057,8.610348165655838,3.7255432393090286,1.9447492680402778,-
9.91438799340439,5.1978876272440635,1.5925447560539274,3.9023169821583217,5.95889571248506,-
10.0,7.440358379292641,2.5876655520679526,6.6264105624699035,10.0,+
8.861653774469186,9.841885350636637,7.155023060346598,7.144391136148364,7.112457617202209,-
10.0,3.906198333960605,5.485888205540263,10.0,9.371678731581707,+
6.064080225100618,2.5652084200368708,0.8618863824558476,3.303264897145745,6.670807902843077,-
10.0,3.705303727074682,0.9633932727863882,4.0093461705487625,10.0,+
7.095729862683076,8.770038944484341,6.3169806074098815,9.306823174301257,6.004930854602682,+
6.703392110757573,0.31813593368229015,0.7303211259359943,3.1829593226211417,5.149459809563475,-
7.317902202103061,5.478404670710186,3.3311466922261213,5.543624264224768,1.8962324962228683,+
4.780405182807128,3.7258374932919542,4.309672173179343,8.092166902544234,0.25153005002169865,-
6.6713803371510405,7.670517476653598,0.8831296780781572,3.587548644610833,1.1036615097064362,+
0.08659184888713731,5.2414328421883285,0.21609487974532937,1.8590820625153304,0.3378858471332119,-
1.8209758585874936,4.209701889048615,6.201240562381144,2.7049577849264175,6.351533075403953,-
0.20859503136422536,2.8377869724684115,10.0,4.0728991648129504,7.125034761596681,+
4.781046716770275,7.064085462472393,0.3600103830486401,0.1285155414791106,3.7195070578153,+
1.9719002833349941,5.036582718272018,0.02613320450649473,0.2484956620425844,5.113575653677992,-
7.071835188970802,0.5052799068170766,9.111425074553823,1.0125281222188542,4.549218381034072,-
10.0,0.7172075029968742,10.0,1.6988250390941015,4.898533223760938,+
0.8372198193661184,1.733718503525622,5.838346118926607,6.4026123578245535,1.0559408207005372,-
0.9017387975864178,2.1760914176955026,6.108210551028377,10.0,1.0857251073933003,+
9.139019924555505,3.5463620554409534,7.6710355780652115,9.739070946348692,0.5055730708325901,+
5.302532883773325,0.32654969122056,3.2338159292945305,0.9887333667116499,0.4382084215858596,-
1.2814935482472656,8.536122433461358,2.3374861822426696,1.0463930130401555,1.9336572715198186,-
1.4971541569513027,10.0,0.014353860809810909,1.5082706526705625,0.5800254257084032,+
0.2448516959303304,3.348337266083019,2.371576074616973,9.736603474234979,6.45363872751103,-
0.479259847364084,4.99061771525302,0.743876885505652,5.68288541449868,7.083567129112065,+
0.14020670608926977,6.138868659299121,3.3095372000815235,2.19726454712045,5.687764282462383,+
0.01297300401322696,6.6433924188919615,2.9606636249719327,1.0056885900525896,8.034809465493296,-
3.725821175461835,0.5929586160659428,4.831433915039236,7.192708888229012,8.305891272467376,+
1.362792926956052,0.5828639406776857,4.003185586939008,0.8664343243328753,8.167236407222378,-
6.507079946061381,4.519802500216002,6.705947832077587,9.432395658630332,9.05560407535005,+
10.0,8.15825913258288,6.090100691710737,10.0,9.645792654958928,-
2.33881171300116,5.0759561591377045,0.8703069479785441,4.014520115910409,1.4036287164461292,+
3.4466858888556327,8.66606844151497,0.8348426844671198,5.789502219014725,1.5581216861347775,-
6.175997100864205,2.8155476856995842,7.788305183489958,0.18432260023368396,2.9563165286312953,+
10.0,3.079022110397907,9.607080352926042,0.16043033005986593,3.6915824942677684,-
6.575293685942881,9.804595603617056,0.2750705874702353,0.18571308904741235,4.123281033136097,-
7.730387424756786,10.0,0.34791273534839234,0.26547941589514745,7.475173728769794,+
9.663077985707883,7.753308402358455,9.220555654651992,3.307722053670491,8.580505022972094,-
8.039061294767816,10.0,7.899059494690254,2.137170871452666,6.276541625575309,+
4.061833815603496,1.0515394631049768,0.01653551991751878,8.719255761643131,7.703515325418175,+
5.754661509971961,1.0747435013374695,0.032489527600020655,4.20347212106859,10.0,-
3.145962351678153,2.663038121358486,5.462593393096638,4.584182842273824,0.3758634814630679,-
0.31643882465843204,2.580731045987522,10.0,3.357859200941851,0.23577319121637486,+
0.3000164159973562,8.852319945296593,2.9359386380279675,4.060133231007531,0.5572833830287638,+
0.37716137071945405,7.621572091918405,0.14861640158632203,0.9151074227276621,0.9040977358966762,-
2.554505075362916,1.6746749033013297,8.680358320527121,5.4956632138024375,6.204698456170453,+
1.2305178990981671,2.711366607854055,0.6921947037038955,3.2301666420777577,10.0,-
9.715502347826565,0.7559681833535237,8.742169641692495,4.519583926326936,2.2735077040603944,-
10.0,0.15171374429922255,4.743144332190095,2.2401446396761173,0.11120654011503125,+
2.7251673375350927,7.834497782504072,8.040024176112512,7.663623342193615,3.97290744668368,-
3.4392762854742083,10.0,9.167536893303968,10.0,6.011041436898625,+
8.495307163308839,0.943534796551162,5.230491113815065,5.138670673079898,2.2197915256009804,+
5.01906369033096,1.4526841076059014,1.7563736395893446,1.5068741816966942,4.24256847117974,-
9.59375143764656,7.0044862480482095,8.728869966709384,0.5968523415150673,7.8772212141433595,+
10.0,6.047832793023727,10.0,0.5189732442783092,7.801041459415056,-
6.9852930183651765,1.3038609018027203,5.70346226635775,4.7239745865086205,5.95427532803968,+
5.168919172830225,0.9990223670486362,0.6811039695776184,2.269939824909247,4.290400986109651,-
2.373665477708329,4.852572777920886,7.659148954410777,2.9325673586825363,4.82701249235277,+
2.2001791150187335,1.8125275506611676,10.0,1.3263417442435108,5.514825647997949,-
6.344068973254843,2.628965804697586,5.364928831395483,6.533401273729606,6.354321157201156,+
10.0,4.162084538701861,3.934148689942759,8.966361511395876,10.0,-
8.45502798829505,3.5608096080424168,4.604957316019112,3.103222229811553,8.928763166435159,+
7.370779034772445,3.6535302804356697,2.0934199372352853,4.94971781088574,7.305782148416744,-
9.400561656608232,6.015105719981859,3.374896177685991,6.735302804966476,1.3477277314192815,+
2.494427131699594,5.566570843659723,0.5509258473670103,6.577870742430245,0.07195746959115423,-
0.24266689515857087,3.795708155045271,5.523576104872601,3.172802313392732,2.5048988646589176,+
0.10957494534485815,2.0786348926282368,5.261889963851044,0.8438501913944901,0.4126033369684062,-
3.71411307811094,7.6487548527618445,5.839971885843431,4.82494274767247,1.902035304695917,-
4.75314182158711,5.679926352567609,9.051756153491791,9.340637126403506,1.76039946494347,+
3.638684768506425,9.50678621529256,0.6397626521933875,0.030513337096017557,8.141834344050771,+
6.286159893332069,10.0,0.682370488030822,0.012263118833549656,9.240672788965938,-
3.492278231623762,9.744393392524044,7.716763278758846,1.2436713110481257,9.060027099524042,-
6.584841849756246,10.0,10.0,1.8998918397119766,10.0,+
4.707953358999335,1.758721078055413,9.223048284842486,1.160896557563692,7.286290108152718,+
1.4405151851465787,1.6103454244707915,10.0,1.5787970278731949,4.452976023759846,-
4.849006511585734,4.557596675784136,2.3104945518895392,0.8153096521126801,0.5282376033212488,+
4.638634108185921,0.9616826606164031,0.1935950491346115,0.7329504292739403,0.42098614097377207,-
7.631579125120879,6.5332920134232895,6.743975645948471,8.41919688111802,2.5649232558654314,-
10.0,8.1792754750127,9.806195843833398,6.300195893984788,0.48726244182532147,+
8.778153147588224,5.553217384897816,9.020752667187248,7.992905311610966,8.116616199101633,-
10.0,8.95529545542824,10.0,10.0,10.0,+
4.931465167053606,8.9252075543667,5.728825022689318,7.879380307520265,9.899656359586098,+
3.892817660754049,5.499031375585492,0.7702713989836567,6.568199845509699,1.830945303583144,-
2.9092262358632617,6.809255322970707,8.220269126174312,5.944880310962448,0.06327949117327036,-
4.763551900440754,10.0,10.0,10.0,0.06736320832114664,+
8.29573921444674,8.524558745361174,2.9516771314109347,8.031769210127504,5.432247013325099,+
5.84693922505259,1.1384240989399956,1.8978690216848813,0.831379576761057,0.8019040133775177,-
1.0942334830572198,2.693262794583627,0.22032064014709585,0.060773023352392874,2.992463419933867,-
0.527726649744133,1.3489420832802064,0.11299246023592097,0.06569333707715014,2.7498960271470887,+
9.369277995358118,4.064077670959039,1.231188292149945,9.180842988733662,2.54540639436959,-
10.0,5.2564403195549065,1.4045143695710922,10.0,3.9870759521327845,+
2.927564680067669,2.938601038853471,7.998121023123055,7.30938112398746,7.425859762006759,-
5.228823735095683,4.022555983152253,8.777797383583586,10.0,9.143136093183704,+
8.482189095509282,7.121166273209748,5.844625846029418,4.581699874762047,3.0457541007557634,-
8.155547723698751,10.0,0.43489569309489784,1.748985927209811,1.0142974040833803,+
8.93386611011768,8.508863075788632,9.019554293393382,7.524839847961394,0.06199155866925987,-
10.0,10.0,10.0,10.0,0.08826950138454294,+
9.674746955557739,9.195108203437709,4.681608315660627,8.448853203321036,0.4128655117405111,+
0.14783451536165834,2.247574799712425,4.233867136536672,0.6519405324523367,0.34915623538553975,-
7.4962318493847215,0.6137193163818577,5.777523142891675,4.0610749511911965,5.351576272889979,+
6.525213051039248,0.910433892561743,9.84738395112757,3.6586251141830246,0.7822872191255814,-
9.162994813522158,0.13530961100393313,0.4019037317182972,6.75724476519129,4.7711073477192665,+
8.358986163043205,0.06327649389941167,0.1323022627603989,1.9530590124779905,0.637521106356617,-
2.8597474641242826,9.818132507808047,9.078959979093566,5.609627936102001,5.1140637982572645,+
4.778986719797776,10.0,9.49746878054523,0.1937334727254405,6.741923545778473,-
2.92199281538404,6.4432199468909666,4.8252086555803695,3.3820415937780037,9.018322405286936,+
2.0145367422343754,6.283470525834062,0.7489708918725124,2.9205798004470083,7.173956210089594,-
1.846829027772684,8.063760592673633,2.928830340133708,8.699349281198035,5.7555682064447975,+
0.46560940626248803,1.4940902519576165,2.730029838413956,10.0,9.53931014326271,-
4.999064669659522,1.687288951309751,2.7993401313769963,3.724767586718829,3.1151449877656754,-
6.547228376297278,3.3474351040460215,3.4874377360044146,5.271381718609182,5.2113540216263186,+
8.972212081721041,9.849237282954027,6.422632128008639,3.6999320050490567,2.0925767978247634,-
2.6102962862895533,10.0,4.916533437903778,5.821183742759086,3.648127736912453,+
7.541300129088143,6.43776311895788,1.2882373609359454,3.2190797607822432,2.480708105435585,+
2.650111407599726,5.507454677752511,0.45208789838467406,2.312272192191066,2.2869412323454616,-
8.267091040347099,6.454219960369851,7.010840218088053,8.016908134879731,0.4937287721126016,-
1.865989098443423,8.130766257536065,7.428421782878877,9.047167384556015,0.12359127925637196,+
5.1229740098807,9.875067626734221,0.5997062162645173,9.58354979803419,8.372671509603872,-
9.324296736877344,10.0,0.6133482533799701,10.0,10.0,+
4.867631465622648,7.471717978873845,9.073723578452418,7.194643377365346,5.624227265179775,-
2.7717463832275073,6.087824201699282,0.9147437098358197,10.0,4.676886516571428,+
2.5886662398412286,6.0130246746291425,1.5865520088990348,2.4992912581277924,2.6952629756907065,+
0.16988219666829008,4.124830434767976,0.1443789720762103,1.7521857657444093,0.5197142210483222,-
5.471858825119005,8.12102169307103,6.921654518300157,2.2863282552068123,5.421025777278099,+
7.313981720125041,7.212610634077366,2.4852184343898216,3.4122931047120546,1.7227222848068104,-
2.3501063956160984,8.7009287538678,1.7820793104780919,7.616884956766164,6.895487998376096,+
0.4192885698780788,0.0681187648324117,0.529715199200155,4.488848588693837,2.1428075960808455,-
5.942031340002252,7.224322507796749,3.868899903915042,1.9592751028465571,3.475256730585018,-
4.459221515376581,7.802078483852191,3.2401776321921076,1.6884799935155126,2.928650845702976,+
0.48506273068325,0.32590183238752735,9.977700571427329,4.768810763479127,6.885739434981511,+
0.07340464619681655,0.6259461501769698,10.0,1.3048907061749313,6.643802282592058,-
8.189546289052057,1.8273104316059263,0.33738859790649833,0.5208416362550106,1.6831355658626512,+
10.0,2.6911778429522566,0.40785321825458465,0.7293389961655186,0.4331034441007514,-
1.2957874486066323,7.690857911130118,7.741911113195712,5.544047860311636,1.2314488416315306,+
0.5586745768314234,4.238107929342962,5.792616549431344,0.5685054028042115,0.1301950545664955,-
3.1028452762100436,0.7679924457276821,9.7577216573341,0.2027609367619676,7.564441276069383,-
3.7265228048946244,0.4204488953581954,4.858011875536241,0.08301165155174377,6.319216047793534,+
4.759327744572596,9.154829342270533,5.126059977756566,5.860980439376343,8.138712053377036,-
3.2120095116895366,8.604947940076498,3.0434572981042667,1.1275668386326436,10.0,+
7.534517245294533,8.959580049284462,2.2470942614174696,7.294097087988667,0.3293119022958979,-
10.0,0.5163752379995946,1.04557911430625,5.197449327357967,0.19070570906060208,+
9.184663132684914,1.7045425392851243,7.621425401181492,4.013554630111277,5.292048909960093,-
10.0,1.7517601630222197,4.786957276089961,6.0034625500000764,4.858461694808851,+
7.366949202338253,0.3836239747421366,8.316790205986946,6.586376191433145,6.697548095935443,+
1.5158011223156647,0.07691063783812914,5.90464823974577,1.6431980984079144,5.920644775969396,-
0.7280510465968815,0.8436194976886768,4.965176034579412,2.2058975275357104,3.606140322944116,+
0.04987866975866371,0.02573808617833621,0.637428893526377,0.13905044521899393,2.9847659600517584,-
0.6391407731028631,0.07363803001337987,9.766759465566876,2.018993249141726,7.061800367161075,+
0.6802988087884265,0.02832418433182942,4.870730863775254,3.576399732923945,3.9112452410160716,-
4.488557841591855,1.8961160667626875,8.819440842334105,1.8712823008030444,6.81937091940067,-
1.588100595007852,1.4544754104181488,1.598639477407189,2.7708420992463365,6.2751437479079515,+
5.776322651124516,0.933785489547041,3.0068298900554624,8.14661863579062,9.6614211858363,+
8.906717892082114,1.544242139444488,3.6600546122860105,9.154225931273073,0.1941409164157047,-
1.9732897174355801,3.8240046465611153,4.428636299982872,7.720323174523758,9.288355786204516,+
3.7827794404764243,2.9255171890374134,3.705339556088325,10.0,4.814621283746862,-
6.920082105211113,8.4457648926353,9.95055490654572,6.7150247162119605,5.689203634686061,-
8.29219075681562,8.367223178275301,7.826232486981071,0.4226250927479266,2.2340372569209666,+
0.779994047415421,2.1746972869984704,4.113910350384062,2.9269103017109743,5.235848041819602,-
0.9952466885278619,4.210451581295959,5.003611372283289,3.452455385260047,5.310653800236542,+
4.323646853934827,3.991896869761801,6.787268146594327,1.8884076503719849,8.088632001417704,-
7.141501135886135,0.7557867330850427,10.0,0.5317974272761773,10.0,+
5.805612724556352,1.7580601511433036,0.4956454285844403,0.4912383087908023,4.820237798308135,-
4.563405209956931,1.8003441683975607,0.2625493413152497,0.1668219507308316,3.2569685430617774,+
9.651833440987826,9.520931988280783,9.23977989656458,6.173779429505105,0.7476898942082144,+
0.8557912211063604,9.501706894773372,10.0,5.331926457748137,1.054550675413536,-
3.3646686440529083,7.508813361255222,0.503609344061049,2.0782709342433945,9.964982525750429,-
0.29035523791169393,7.682486438803833,0.0013038031966390554,1.46684358453387,0.7644871251805353,+
9.849373789505977,2.3815370752903964,7.050109335180287,5.4473356449456976,7.056522442505161,-
6.6630548774035905,1.885850543685609,1.9261464145411098,2.7014152799651887,10.0,+
1.090640743945881,1.934191885569475,0.4281207738838322,7.393242870944619,4.16094855954415,+
0.5261442284189451,1.0024034525527465,0.6258718439853959,0.23033053543812143,6.6148922963842605,-
5.704747730745293,5.646654141553289,8.41251547589463,5.4226705788747065,9.956588465486432,-
9.35356103138739,6.499895249595546,9.28808146680751,10.0,10.0,+
3.504825299524894,3.7198622964242354,8.264546155532361,8.483454902052378,4.5790808381742885,-
5.959847968815381,4.887898913537162,10.0,10.0,7.258069546380086,+
4.156164496032363,3.6189531413822715,5.473557168434869,1.6026630314696921,3.624216651002341,+
0.47297684520672667,2.2792965235066025,2.4468218726535302,2.8799414724196533,6.889773689010368,-
3.4779640419768363,6.429992248009512,8.143013243888447,5.422645200331341,3.4585430938928075,+
5.925473000073437,10.0,10.0,1.5710692447798789,5.353219060149483,-
2.5838356147951957,3.652296736496796,3.7886570169619596,3.5998989786443705,2.47653295511461,+
3.0819654989862895,1.6075863510736652,7.184192820454169,6.479654601064942,3.8637778532347875,-
3.1450891094860522,8.088995815646479,8.538132255569824,2.134696984926192,2.43547372544712,-
4.922363433023663,10.0,10.0,2.5316954596769703,4.499033237397025,+
2.7658842482758783,7.943646357182631,9.93959942845403,7.343765708991343,5.690989344660286,+
2.474472904899994,3.904962355050286,1.8807351560850907,1.2660292403031863,2.8217757899525377,-
2.4089905143307435,0.1011682824696436,1.4113291761795066,1.9403859869343643,1.078736935686444,-
1.213693266651663,0.048898891074064435,0.29190860880500774,1.7482733452347574,1.5235336066562217,+
5.629299457362988,0.9198464979062038,1.7599463399609039,7.450044971032326,0.3763366249061195,+
8.602064145824864,1.540526872873016,1.3744626428592535,4.253097053843727,0.1653565834883737,-
7.8273557072900966,0.49351423873700284,0.6651620568561567,2.312884595118204,3.4786035771320045,+
10.0,0.7541001313699205,0.9053327598650333,1.7397015003647707,4.409358618656127,-
8.85537536983784,7.124618544749008,1.5190613076486459,1.3826230455157085,2.3288122258830644,-
10.0,10.0,1.9634334788725778,2.4591421606697055,3.9978031057652017,+
5.9740334667589465,3.9519859405411415,4.0502826188406305,2.956154947662962,6.294908920668236,+
2.4717814349734444,2.4930878259752713,3.4607785985930533,1.5017312141952472,5.107923474978863,-
1.7038957487032125,2.1852880143962903,5.599717889787036,2.680268256134034,4.996208994453488,+
0.1234159218707867,2.0196615479612707,4.4773129144866735,1.1504131320908537,0.8792996569187856,-
2.022043054896966,7.358618670505857,9.604305773108981,8.130150645104239,3.3691490506257917,+
2.3597513178821736,8.535200676898336,10.0,7.505278029001765,3.570647752248981,-
3.538093858004178,6.693459277692791,0.2326461125334811,3.108428307962435,1.80619131499123,+
0.5300134781679415,3.2571567864628928,0.048389114771594646,2.8086272370049756,0.7639811626371406,-
9.230009516200841,4.59558020376279,9.024452483909029,6.192003742541479,2.6753649238145316,+
3.7047523201799777,2.9015764608680747,10.0,10.0,1.5184227358500133,-
9.668766502507083,4.707346954157259,6.149401671608755,2.545106408124207,3.2539215041328973,+
3.963916223442897,0.008322798019962047,3.8035232125507403,0.2063321649552719,0.9948699428415007,-
1.3133378657590922,2.4678405294785053,8.111296725849845,0.6151539784768367,4.482301531705138,-
1.3899658342413128,3.154632617798866,10.0,0.8287814341597816,8.840041213533711,+
3.858732605931329,4.587857174042047,9.659289155119193,6.888711766184117,4.807150771351655,+
2.631350973637915,1.4233638811399403,10.0,7.2596106269028535,3.5370751530968474,-
5.966221009353577,4.525440065792882,6.855034894461624,5.375862290452628,7.174327872006687,+
6.318415492079127,7.047887556399826,10.0,7.651053257020479,3.6326341913679383,-
6.145587902567748,4.2973826537935995,5.880046077082744,2.393236334255339,9.569447813441549,-
5.552855803985134,2.009139274201489,2.2456971870803724,3.164025143480931,8.828973457104114,+
9.803201531073341,5.958349117013844,7.122072260595304,5.344125226908867,2.262676549231062,-
10.0,10.0,7.696369518895083,4.195511523166625,0.9546806959302694,+
1.3548134281992652,5.73698473475501,1.2715839489605896,4.975748201093308,2.1624038110646104,+
0.5657865583538247,0.05054600194016348,0.14978023306535487,2.438904926044669,1.4756321994234907,-
0.38824711580821236,2.9547046837204203,5.044959280776582,4.709562775300683,8.257314651113418,-
0.5657087747103977,3.8571376819970284,5.931744054423731,5.850053992218908,10.0,+
4.3827246172261445,7.1741881069984785,1.9124274685434395,5.50677655714154,8.277789929288241,+
0.6325144323140982,10.0,1.5596864709961633,7.1741084479998865,8.101747799295774,-
6.118748626273792,5.293522168933675,0.09646682426940778,9.106562451743072,3.456744324162032,+
6.429236817498696,8.552553215381849,0.09447246634141068,10.0,5.761295412581852,-
0.12595321235425727,5.7895829771525795,9.585783740195382,8.151669583044832,8.44076635408841,-
0.031722192571306075,2.7961646367465955,6.7238354820655735,5.3247762752830665,9.807848721003769,+
1.6932375631553143,0.6651766010707527,9.469060714003694,5.607111356049418,2.890834258964452,+
0.7823599777645726,0.5508763314561507,6.356820913655975,0.5410609458233451,2.5034250119727943,-
1.4247776490805986,8.0026384442191,7.328695465300382,1.383148690353343,8.003747555802702,-
2.816552578655721,0.31304411366641854,0.09321356689119516,0.28258602670932514,6.542014374271002,+
1.3717155580275608,5.001479756582738,1.9997207831840569,5.9855732796477366,2.095940074840459,+
0.11180305943990748,2.9551097122383205,1.3739900399101073,5.118650819934767,0.31359518632213007,-
5.256962104106919,9.269775266894495,2.3213157899679326,8.772224370936256,4.9424942339161015,+
8.140436445641756,7.3306504696620935,0.016421671915875742,6.422785126043889,5.809081578544307,-
4.290427448921733,9.03000678719437,5.6592240828789695,6.312657943392366,2.077493566558941,-
0.8880813072735073,6.808226916619109,0.1318911759899772,9.80915000229366,1.4134390189307435,+
3.6881628316087256,0.36437572430781273,8.066648476844477,2.8688912580714723,7.253256614155733,-
1.5514864681226745,0.5899352890850881,8.752016174661033,1.6992433710807517,7.28223771760896,+
2.2631029812412997,5.651977548101509,0.8172972397164158,6.401722672235785,7.871911786055189,-
1.364390288445406,2.829988006905086,0.27087575421604076,6.084997591088595,10.0,+
3.474987514585093,4.684499902916222,3.9006867473616333,0.6330165072095195,1.774357352578323,-
5.390826548197582,8.22202500552279,5.561433481500781,0.10270507409918882,0.8702785126980535,+
4.796068823082919,8.178546955908148,6.459680092083403,5.1218120567699446,9.244819674277565,+
2.846661455676691,3.791018644146767,10.0,8.978576817715611,4.890768971098077,-
8.42932033111481,1.1593881202085776,4.756699595286506,8.927164792253993,0.22054599346451598,-
9.551518526466898,0.468560386660055,3.6013057658639176,1.6741222284991304,0.05687369337945769,+
8.87348666634914,8.771776848462782,8.159132441907829,5.469292096737313,7.335107253915457,+
7.863349863769399,0.36782511094334813,0.3013512474893138,1.2257958700462195,3.44991061962115,-
8.64847473735776,6.253457914377708,2.9149790306870074,5.790721270489934,5.503173644181636,-
10.0,9.924040272981246,0.6640689070882789,7.052921411256801,1.338556156435344,+
5.381497983654202,3.043807573105938,9.460419543456734,3.7292089623609304,7.767569809180998,+
1.4537867572369372,5.811321122805161,5.1168169840176265,5.83859384762646,2.7305492461103342,-
2.0921770962491157,5.443854256180049,9.889906844745841,3.978061870462737,9.325728215856909,-
2.074099217321812,1.388164620587207,10.0,7.8409987512637525,10.0,+
7.9797800886599255,4.055848446268006,7.746971436173029,2.2778567143573647,6.413771443279659,+
10.0,5.049401674366654,10.0,2.008527783932793,10.0,-
0.22215914713999974,4.32208796513383,6.260412593091348,5.700856784845778,8.385141988394771,+
0.12522960930553248,2.764314637662231,3.7919852896158592,2.970221907702387,8.101848281416828,-
9.653122844929113,2.6309583855638277,4.714821929740559,3.662298448853493,6.3545690638026695,-
7.286741139642285,0.2149385779750804,3.9207501220836347,5.3897237717862145,4.973980751847418,+
1.3558674645694069,9.97985506661432,1.7856394854880842,8.661453136590568,7.831731744711899,-
2.5133938151260766,10.0,1.9428251276549482,1.353446062579884,4.745256418324523,+
2.6098166530681413,1.7592871317685599,5.12222663934536,6.998047422141812,2.587238666396441,+
5.025077620140603,0.009132852068928467,3.521509216035891,7.030348564711824,0.5337501345994516,-
3.4671782682007146,2.428119425800653,5.872329563048036,9.487328613151686,6.194430237805667,+
0.3562523248283622,0.8618388350309794,1.2860609299051717,10.0,9.052820296132493,-
7.878453562473217,1.776298180565845,7.984575922981527,9.765222419505314,0.23975967781194818,+
6.172428257202036,1.5646771983377605,3.707811476274443,0.17609798812870478,0.15741572184926206,-
3.382916343141514,8.382399201695101,5.450113230528354,6.99609160419992,3.121555334098274,-
4.277679550861815,10.0,7.063981146217294,10.0,3.764435550405068,+
9.046430664000713,5.5835439003971015,3.5829265860054504,3.4645960956573663,4.137972024299139,+
9.884806403637308,6.777674004116838,1.0538966839215178,5.262207916114866,7.561005417272409,-
9.020595562480523,8.723658998244957,4.888872464161119,9.954618085580538,2.2612736360101904,-
10.0,3.5369732435016537,9.357924091770212,10.0,1.2811522512163027,+
4.306363131034331,9.87424733414632,0.383997712375278,4.177772640750968,9.96118990729255,+
2.9627119626579703,3.7030307622597713,0.0429746429735611,3.5710972946380424,8.44774031778431,-
4.366631515266323,2.1845627842413795,4.290742284657762,7.638690814273621,0.015117823063481861,-
3.1266044419339756,2.003983125448946,5.4645802068278435,0.13419377227945728,0.003688695090514368,+
4.946850470247718,8.219932071812838,5.527537362866045,4.224227539883244,9.620225854991713,-
0.35212778651362864,8.35281617578744,5.822877370807517,4.3742302686850385,8.767315263936833,+
3.9390814418271605,7.111542367328592,5.680154998255956,2.6916212744528356,9.277489649084485,+
7.306659886134532,6.7079949261906195,2.287069097008803,2.6380584499553135,10.0,-
8.954699673702839,4.305028481982653,1.844591431232503,5.136202594737477,6.5224868970818894,+
10.0,6.024821933115834,3.682804208862485,0.408179790763372,10.0,-
1.8027620861413918,0.2731341695847789,6.221399812908387,9.973616881878538,7.854882569520646,+
1.9916833564831635,0.01892649841752381,8.317246920088591,0.9539210319238469,5.645277024691408,-
7.764737967496352,1.1043866788173407,0.7948064146601375,8.97746573774161,5.982793424799641,-
10.0,0.28155625227418124,0.38476694125800803,7.3412393917817615,3.5323361774006266,+
8.169916590337415,9.122853035344885,0.19449520773177742,6.073935107331632,0.8532227929086755,+
5.789646769534764,7.993343887502776,0.17517495096786334,3.740473624046434,0.0325584141646623,-
0.32410720918635283,0.5945109954413275,2.4835399318312312,0.9957960508650598,8.73564190568684,+
0.10715773010259232,0.8067798899745816,2.7235227570549467,0.793856295294023,7.1193464687626635,-
3.220970247840411,3.3286033350571853,3.9967395765971836,3.14591861369789,7.108859856715669,+
0.12389290295674776,5.224764726265709,5.910547056809915,4.872706823682549,10.0,-
0.8863846658696184,2.311740587631188,9.294104127609701,2.855856931274622,8.281244361976302,+
0.19782321900191369,0.27071952192905846,4.677694122453927,1.5784326213417696,5.940650513397435,-
4.915515784708485,6.464471259641113,6.9654635272422905,1.2767465226906072,5.6258578043884375,-
7.545641629664302,8.916632815764164,8.437202832011021,1.8812876403824117,10.0,+
3.5515881901048885,3.0086030120259197,0.20411529912133686,2.853074046780104,6.816790149844802,-
6.340221228780005,3.243844499204303,0.2642130696628964,2.4963146200914186,0.7987039151076567,+
6.388391407059962,2.597603176105403,9.939358302822628,5.692300796029591,9.13426315671942,+
10.0,2.5159772705992514,10.0,4.8579152337754135,2.592461460776622,-
1.7136988337228443,1.2612006790871477,7.23844717732565,6.901281041157153,6.831648911377921,-
1.6064412292932497,2.4392356035534455,10.0,10.0,2.8814317145620714,+
5.8774340683702695,4.179880182537589,9.136721958966445,8.939918369247117,1.350269678781434,+
10.0,7.716357785048101,10.0,10.0,0.3486366995768811,-
0.5473893508666527,5.149839331555334,0.052382924142023723,7.842196076132721,9.535997160367668,-
0.9724416332542561,5.546638815013184,0.06443894363566006,9.775013772127078,9.655718517927932,+
4.83810866663804,4.57522157991731,7.772274271185124,9.817474711602456,2.1883579317176425,-
1.0591354956857004,1.4942634744088805,10.0,5.956389868588815,0.33684032456344104,+
2.6970509265476106,5.841149938645645,1.9084136734665091,7.751938026970194,9.074190062019913,+
1.8985550786195065,4.5408639441287,2.8914122940587137,9.384883486935058,5.989196092873261,-
3.535642819472411,3.9736880053015957,0.7783228100354977,2.279800831108755,3.2397938554642316,-
4.156520982430136,5.0586808300887105,0.2717449069179072,3.805703385149124,1.2980996938083582,+
1.9646816750038165,9.751600317211748,6.980644218345791,6.579240264806337,5.20487519556675,+
1.795890470754996,7.565442843601378,5.227609829352632,3.044115249345049,3.4930208822843505,-
4.515401782481047,0.8085837274358543,4.328585092445481,0.6805912075234477,5.612403135540922,-
6.985689401625237,0.8252117420383986,4.631710169125405,1.0895272593218326,10.0,+
2.3511242781140207,1.9707631535494974,1.2665832245691377,4.055935848879946,4.501172808559017,-
3.734280385805652,2.7809015921298217,1.7558724364115372,4.366537623059881,8.876767857387538,+
8.177733428239252,6.537258150541577,9.930256466462154,6.880710072036101,4.618010887010016,-
5.751728525966082,3.6766732118089185,9.045170075894895,10.0,1.1096981334792497,+
0.7705243147782093,9.306534748963854,8.287741248928958,2.3435689390235526,1.0689410013038858,+
1.2446900256232714,10.0,10.0,0.9301057758339595,1.7578602987099412,-
5.528581116137201,9.11553182530448,0.22673075332282577,1.9172641905375687,0.904271331108023,+
8.371510826601346,10.0,0.16016873252578154,3.658881151306975,1.0666481678864288,-
4.909691568460996,6.388087352998355,0.22158899226340179,0.7172158174061138,4.02499741458824,+
3.943921710330132,0.7653949444976125,0.15118142430172987,0.4307440638058755,0.26909700878304005,-
2.331111597925568,2.4625416523303367,9.355630167779477,7.13896068249627,5.826824310550865,-
3.022967490943003,2.9854698875231187,10.0,9.747371203951811,10.0,+
9.51186610439869,4.146470054102305,6.092973870986965,9.496547687783263,8.944183735682913,+
7.900423754683792,3.8949699613083464,2.90722044628666,0.21480999714275298,4.505453816740235,-
8.492286117616791,6.053108427858255,1.5168401612341287,9.029564073964828,9.506532404313916,+
4.8233449803866675,0.3545256144019031,0.5563591308317273,3.1811161460120054,6.553052619763391,-
7.600820012015493,1.0965187701949974,4.03165159885474,5.854254864025799,9.91207026022633,+
10.0,0.5749078738797584,6.930601826047636,10.0,10.0,-
0.9738800851617202,8.897901979026065,9.147008422195258,1.1629755869790481,5.138015617430981,-
1.149292492132559,10.0,10.0,2.3239920293258893,8.865594104014185,+
7.6816693488904395,8.133333193847793,7.460830595352873,2.2629847029325303,4.909979398261416,-
9.580554139516027,10.0,10.0,2.747267026848233,5.5388407660805665,+
3.7595186497977275,9.654824485279413,7.084364872520994,1.7810284838070645,9.933772446807273,-
7.216896546329363,10.0,9.59236904043941,2.101647327428792,10.0,+
1.6084645047348356,3.1115435264971314,8.266756973148352,4.57204281952773,7.474495155677817,-
0.35917423065351156,5.140785668364603,6.350033417990539,7.929158351422247,10.0,+
9.636123671066084,2.0691529888825624,8.446131219622975,8.853322909015386,1.8627206425729215,-
7.206463292656911,1.9419374060896006,7.333947130066399,10.0,0.056966079312193024,+
8.306973651565254,2.0455340289184276,8.843546609424314,3.733621642981456,3.3185222660603273,+
2.3031336162909057,1.8898912641478771,7.957283100655104,4.020514768777292,6.183275025252708,-
8.490762319921835,0.7345382485202478,0.3872653514041713,3.189679895246822,2.105363849547288,+
3.8414908872596354,0.8224278831781766,0.7526043699503894,1.4731616035331527,0.2303509220396688,-
1.0709657823440388,5.645584368135143,6.776122432886781,5.5373836494248945,5.021926877402825,+
1.1768231196794794,9.629557415161091,10.0,2.4490345771802584,8.518678977965518,-
4.065626940883188,4.814703173530699,8.637212866838237,6.122517434403473,1.2651904471758268,-
0.06265219385646963,2.6861928346579136,9.277389415371564,10.0,1.6054700192969387,+
2.3272945959549043,6.355412629111775,5.1779061217411915,2.7437115317821483,4.040610179370679,+
0.6719402090849947,2.6211669317932507,0.26410244351576445,0.9273655586293867,0.6144627578519122,-
9.505800264582383,7.4193287503094085,9.206794723924993,0.22680400113019528,4.7355572223511295,+
10.0,10.0,10.0,0.21187981201801226,5.3513302097773785,-
4.104501595741184,2.235271197661338,6.188165976933339,0.2828119329602352,1.6893439136242117,+
3.629059451629818,1.4723470717738751,2.4288523502158545,0.19248125803430002,1.0697775949107702,-
8.187707579792638,5.389979792551064,2.3971411737882975,8.825398135397712,5.020344456574736,+
5.741645895734862,0.8739525520979237,3.773480231924005,10.0,1.6262530431446727,-
2.3832767196863425,9.694293496710761,9.35753467836309,5.3057018004697145,8.136358491566039,-
0.39993526732119794,2.1198426689981082,10.0,1.1777201010402332,7.420349745609666,+
1.4501215999107986,0.4065496183138051,8.845112347771074,8.466538868103871,4.8250415608352215,-
1.4732197817458956,0.4729759816446307,1.0676354438171252,9.139813779752588,3.463694360771151,+
8.379773762604433,4.79782546947423,7.3279076213251235,2.356722394891965,0.28289650041186554,+
10.0,6.889019015400086,10.0,3.168332325458163,0.04060203728025764,-
3.889612877048807,8.057434139975728,9.655093218678504,1.567655449529689,6.877236048226001,+
6.436040851796716,10.0,0.8134275094567306,1.9603370360099077,10.0,-
6.25306723440888,6.027438826897894,4.719480948122188,1.3291501143009188,5.125298603774786,+
9.591585453743864,1.068261138183225,5.885487055839529,2.0264148041633754,7.716600077396358,-
9.987380952528005,3.3121424613862116,4.606476311158712,1.600290766336434,0.055659711751208096,-
7.855055211712564,0.9218724817294934,9.06127299988489,2.024644545572346,0.05960262185394603,+
4.431981699315614,3.181484272991244,6.0741025303642635,3.6609125325359972,9.903352272044613,-
4.54043921308811,3.7207215986848405,10.0,7.261472646986679,10.0,+
1.957764557677465,3.6976079644929296,0.1200510869061111,7.1200484367537555,7.261867930137368,-
2.8404520323569615,2.847592873895677,0.1026610887465029,9.642496595797859,10.0,+
6.916595790591296,5.00598266690231,0.6423858587265929,0.614840868258627,5.847899764020463,-
10.0,4.31608830576605,0.4683487014392519,0.48347010014658554,0.8333994538609197,+
8.875479579150733,0.9880849384294976,8.717200355644573,4.370414000603571,7.2217835216534745,+
2.0897938622666983,0.1688538169522039,4.972491798482039,2.100051669060602,7.11299916901147,-
2.057305032901965,0.48125385149756505,3.6127482550023773,5.8835956866223285,1.3710186651353506,-
0.06915167387192106,0.08128171363866221,6.696945835658142,10.0,2.4912921467532785,+
0.8321458860350583,8.293410583674598,2.1289283639426704,7.234158494716921,4.376479445225153,+
0.05255204325721328,5.400271692031982,1.1901379693377736,3.434693653938887,0.6699263685496462,-
6.307587114234751,5.788566351040934,2.160915453969281,8.270445669011467,6.068032376285581,-
8.088797977338068,9.876503202934044,2.5136563713598465,10.0,10.0,+
9.35755298593006,9.785741262518965,9.548878496397563,5.760655576319726,8.438810504052487,+
10.0,10.0,10.0,10.0,0.8286885856132503,-
3.87406319552558,0.5613895236285982,0.5241380159410525,4.684802059179064,3.505956679910601,+
6.697909494158852,0.26990663834026346,0.9095358287420608,1.502282343012935,1.2837848951290358,-
5.900015020064985,9.462568689695356,6.310702857235909,3.6300616471939726,5.060796153872127,-
10.0,10.0,9.67311546943776,5.0725925479935965,9.405379965095339,+
3.76718426043312,6.309113795924635,0.6429310694024648,4.60617332916709,2.7712192246898457,-
5.149353625964389,3.8191623268390846,0.2716527112221252,8.813489834711275,4.686337400847312,+
0.4405253905475648,0.5864175143532513,7.226026729724248,7.55083777291094,4.987856815982729,+
0.3794158602164348,0.8459498746837916,9.81325423165829,9.898301562394254,6.5733939992338835,-
7.252694015305055,1.4662250766006324,2.543522494738567,6.471984799520554,8.738931157158271,-
10.0,2.097822941176338,0.570799330858347,5.474311499665985,10.0,+
2.3985771764596784,3.528881023118026,8.787388975016228,3.6728860959207568,7.437610304281201,-
1.418273175391117,0.1015845495510634,10.0,2.9691874556783575,4.494429296595231,+
5.042286406103097,3.963774669810871,5.344630751977589,7.722903434260193,3.2379392694019504,-
0.6066790449033814,4.052222989170383,10.0,3.6952987949600993,4.847352785245809,+
7.839148656269152,4.393897898938155,0.5737797971157754,5.806306032082766,5.38753505415677,-
10.0,0.5056344247980109,0.720723526086098,9.701091094754657,3.743209237954981,+
4.8871302473003215,0.6415838345010105,2.8205611934977193,3.5602674526554177,4.944395131145559,-
9.49558846747858,0.9409293690972745,3.233927997794304,3.891787468151618,5.6348120717924,+
8.374567567825329,6.7700717038540805,8.655038193582552,0.3130482845522542,0.1573525572277834,+
4.375710098036513,4.712445390943598,5.899598240493179,0.10828995550293252,0.03059289054536868,-
4.435232586000209,8.95794456371944,7.095311965823682,4.839178755378456,8.567148366437966,-
2.899104397534825,1.2238021602248548,1.2569766845844723,3.429787532943368,10.0,+
6.780094504752755,7.2405300474437695,1.290451211176854,2.0943263245406363,9.581292627814316,+
10.0,9.795227310209532,0.2671210796237269,0.010234965019849466,3.150543812138998,-
2.308562466178632,5.752514133665977,7.683157545097133,8.534258690129798,7.514111854016542,-
0.14516301964150138,0.1428866366681865,10.0,5.402508272266733,0.8211583265302855,+
5.5714824815828194,4.706925242528719,3.1581618219419516,5.655427401601045,9.996860044228168,-
3.3081554718425648,9.055268794266825,5.000336019477051,10.0,4.907337911130796,+
4.817315973393703,6.034668316087638,2.1045401520697213,3.1213610161673877,1.0558379707544419,-
8.998533079617935,10.0,4.053724080661183,3.445101080878106,2.010846433579015,+
7.821270193894028,4.29755434937762,7.055524157865851,1.6971539070423347,7.420595074380168,-
4.993729129728986,8.043110776064806,10.0,0.19613174763960714,10.0,+
5.344358976608019,6.947321751358929,6.58555940159313,1.643958183122629,9.912599739244323,+
9.813620570102032,10.0,5.828592824347295,3.28651310252545,10.0,-
5.71399603571944,8.564819500446516,1.5270958421463443,8.089390730655365,9.923258282971151,-
10.0,10.0,2.0987098151348587,8.672826740717372,10.0,+
8.230286479974339,0.2464223592454451,3.2400286081547627,1.7741439430562778,5.6255021898385404,-
4.214338068480793,0.4399828269748075,5.0909180877123354,2.0500746194190125,3.435525229023016,+
9.787538782402008,8.561921075345325,7.989759448338836,7.997488165202247,8.374104706583466,-
10.0,10.0,8.767112939463939,10.0,9.085576823307093,+
9.17468678999463,8.29235473719474,6.679176612766652,3.0770142178539492,4.011579862083146,-
3.7107776432435977,10.0,0.013387171151146945,3.9895361563050833,5.278953195515056,+
3.1986142892706813,0.29647867317259546,9.4672514247898,0.6838858294285133,1.4668200371886775,-
0.6173095238091,0.021589269452088458,10.0,0.6430557301098011,0.12891871327949725,+
3.7642003588551987,8.486070701089396,2.4730850778820033,9.732598381552172,1.5455915965783895,+
2.692484955927256,4.6529376870267765,1.918408024670066,7.608570350140375,1.4467470941027796,-
7.998181883372589,3.944678534046604,7.443738077160697,7.406346559681809,0.30879707191627026,-
10.0,1.9393610170294606,10.0,10.0,0.03338166496563011,+
1.898267992544841,7.471210098033287,7.872438368662197,3.5270607466844184,1.6331744317073649,+
2.7470728920789336,10.0,7.466764202317971,1.8637009940863156,1.3945299760054406,-
8.898949969227266,3.8303419077298995,7.397269945803457,1.4734118941085972,5.468373192173093,-
5.089312264482062,2.214610293328031,10.0,0.11227114551678075,4.5791250915636015,+
0.1030797045925469,5.503624819697616,0.8890208628624785,1.8217717691137236,3.530123058209157,+
0.024307237879998174,6.430450524892433,0.46889716366080847,1.285415179850796,5.791288120713946,-
8.019962501468672,4.522877908035322,1.0340884666212724,4.339068288480111,7.544774106587226,+
2.2905574957779526,3.1330817484182787,0.34914163542108323,2.482307475806873,6.62051190274456,-
6.903373511475827,4.596674195153278,3.0235730271273695,2.8366372149874985,4.3860556846033685,+
4.1860289850462165,7.678440991600632,5.010614020391476,4.9802175253778485,6.081810346363608,-
0.4736380634031112,8.365328854273372,1.1127351784913186,3.7560269423577197,7.630159213505915,-
0.5665415115513661,5.623338683690605,0.9614958100975323,5.67563015454764,10.0,+
3.0211988659322273,6.66225336117299,9.22814288512188,8.985579577111679,6.448855503256671,+
2.534555471950279,2.4774160563294965,4.193278639079348,4.934831660989061,4.964263314603108,-
9.123211760374568,4.231792327166306,7.960370924835844,2.796570823538851,6.125940310210564,+
6.331259262000791,0.7479161999758842,0.1215534195140997,1.3740387804944092,1.3994524872657779,-
3.820024013246303,3.98204485741248,6.021457745154995,3.370371778539356,5.706992130765549,+
2.144705253884118,1.5832736971352213,3.8549884458444703,1.8678334281101432,5.279325721635097,-
1.1242557807492348,7.739261345046566,0.3661536110247743,9.869839173602468,4.019884256339185,-
0.517446337529714,5.934583547327631,0.22304626169337083,10.0,0.6742404832195004,+
4.566677229711993,8.597556510886745,7.86457574678748,6.867886336671985,1.9533767374134292,+
7.290881364036642,10.0,9.713924635907624,7.9202964756768495,1.536384232823705,-
6.057352942057007,2.9916458678040714,7.0660301878559695,0.9454848920254111,4.750266453973521,-
10.0,1.100483280564813,1.335613202099966,0.7973314195686813,4.128985402427539,+
1.291787669707859,4.668228038902215,3.447267600300492,2.827758384620316,9.064191758782146,-
0.027568701903498943,2.143436995669403,1.0093533647519715,5.246937838291275,5.511715274574095,+
0.9218192221589239,2.5273595970662646,2.0696573549566946,9.798101269344963,5.727580783589499,-
0.2887459487644699,2.7127698113089513,2.2009253893634217,10.0,3.415557356780317,+
1.9244673075102747,0.1567865055919393,7.13926100613146,8.520682493306957,7.350217451720077,-
2.7439938589124275,0.05474952447290615,6.188229046044392,1.5542527210828683,0.736985539046925,+
7.817653920028046,0.7686500432201981,9.782664243161545,9.825434555409712,5.888736859797007,+
10.0,1.3668107668376437,1.012485480210577,10.0,10.0,-
6.506102362637286,7.683420922129722,0.37520801850773,4.376461415546639,6.222280392219068,-
10.0,5.185722442427973,0.2017730863451685,1.9368173436200737,4.857735980930711,+
0.8606653671039455,6.566529344320607,5.642881104478436,4.599714819152423,9.594365117190424,-
1.651982482032007,2.1206477827276324,0.5237056641964576,2.153385594263826,4.77228586881123,+
2.3436160625454816,1.3089385226428862,6.036756961622254,4.026585416221603,3.9425259348493205,+
1.0176127038442022,1.2724452239319313,2.9419745742642944,0.9609961606526317,0.28683616348760166,-
5.344381609697974,5.68799049106895,7.690213767732985,8.830527118871474,0.4183957650023551,+
10.0,3.8218871151283356,5.380046702233633,10.0,0.05419689928429181,-
7.595022837167451,9.408160230989957,1.0498231407931402,3.203612280639362,2.384462268987794,+
9.086602361338251,1.2356430281276336,1.089595813412703,3.2052299160402575,2.861983336673789,-
7.916913131917224,0.654869557751393,7.788005846767389,3.036896429741417,2.682965979427445,-
8.393040355928619,0.6977748096945141,7.910343396791771,4.641734668283345,5.328667048351995,+
2.2956689153602214,3.4853566429357272,8.167803791135205,2.3135089065412586,5.7064145760840965,+
1.6516259016154624,2.6969697928344583,6.346801760583991,2.200732555465643,0.2187752739318859,-
2.783599080812688,6.059739789758637,2.9711466867030003,9.17429734304359,7.847280369826953,+
3.9890840847131255,4.345529621317781,0.26486818466455453,10.0,3.5828750798671423,-
4.217694928073941,6.827217857355182,2.283392115204764,3.678416628082022,7.687986450210404,-
3.630896303423154,3.8961213410374738,3.4067080450050544,1.2565974820140773,2.5780391282327653,+
2.4583252705368963,7.8842881188364276,8.791316507010617,7.526063185161496,1.8204164655054444,-
2.6540901172596674,5.724935825441274,10.0,10.0,0.3449638334327677,+
9.660067545438913,3.988173524447424,8.34476304297945,4.418446051073623,5.456406248899527,-
7.819165089556097,1.5336072276302544,3.642482041274501,1.1587177202765049,9.653876744170354,+
1.528222548164685,2.0273866597160026,7.893140689558152,1.5837812004913876,3.613296043174671,-
1.2293119695504018,3.7382358889656007,10.0,1.242806366949887,5.434696861003107,+
2.043480223368328,4.533574960390302,0.23656429367734377,0.6986466601297148,5.056292820395408,-
2.5081403739726165,8.714594125841753,0.27377253646850874,0.901334875543867,8.527698449418862,+
0.8920116951523693,0.3710460928384729,6.578509315288836,6.9004650988380885,3.788978644426342,-
1.0764786053873625,0.6475644103289632,10.0,6.639848192782289,2.0757332770730663,+
3.623934333739399,6.47218844383676,8.45073518270594,1.4037810022819597,8.398348801510748,-
3.932383179644266,3.147576676838187,4.923674362993534,1.5743143096369097,10.0,+
9.727941544127237,8.203052789405769,1.207069373397045,7.292200213272989,3.9433977159902,-
10.0,9.509788166552827,2.3435545641740507,10.0,5.984784760636737,+
2.433572230645246,8.011973915848325,7.886630959347678,7.364915467950933,5.307064701140388,+
1.73041435656644,5.110248340553808,0.385645491495571,4.212939774046723,2.349485403393336,-
8.391484759476342,7.041103326724026,8.71364512002733,5.8019888233533665,3.0133237508871336,-
8.146815007547335,1.9308536176834739,2.8319954604735016,10.0,2.0486605114124354,+
6.3956435435382675,2.9380812138102055,1.852752796070798,6.2489918529195005,0.21044565315252672,+
6.527373580842866,0.6444538119347285,2.317652982481168,3.3414789746531808,0.07849447120219485,-
1.3143045228852324,3.4297792487749312,7.353247551907113,7.1493152291449436,3.5414136185783063,+
2.1261446736681884,4.437009565580399,10.0,10.0,1.6540188683107486,-
7.096667256184718,8.794754856962726,1.2450695528264855,0.46026302335697045,2.43992511326912,+
6.558464254280503,10.0,1.402025657756133,0.0964861938223702,1.450363450765373,-
8.856331592317554,1.7745282186228895,4.34615995484981,2.036794307515486,3.37308664094928,+
10.0,2.475622896665197,2.4379843432768293,3.6447756394280657,4.384704467136104,-
2.177738665909994,5.022741115379546,5.633555205838419,7.812577388587044,1.9103611135618015,-
3.6834978279211668,5.811333520778074,8.002627056216175,10.0,3.08208970485544,+
1.3314281033808173,6.041232304700209,8.859728151172288,6.8237408080134845,6.97487244854069,+
2.0069904304674018,2.9682318051056447,10.0,9.073106882221458,10.0,-
5.126749881632483,8.823161809264988,2.082763410421454,7.707624481119897,5.2788258859080255,+
2.751609903929292,1.5099619117365837,0.39241878685285053,0.6500730799194062,3.8416418802771504,-
0.47004686727567635,3.7408307895411284,7.873141382407713,1.0181026782722158,3.9162450717248065,+
0.08538529997136186,0.8286506163464317,0.0972335945745624,1.5613253932580253,7.131554860911813,-
4.09060332196667,7.002886910763799,4.9654968570571025,2.5121861922426083,8.432512631640542,+
1.6692790686470924,2.6610155621572713,4.854943649955345,1.0378578655523925,6.572594709523099,-
5.7073316667606475,6.3563997872673355,4.064767244559432,4.97996021520617,9.365127050635731,-
6.273948902149313,10.0,4.151704032870675,9.006511696663825,9.893635311823196,+
0.5613073445616079,9.656111406589758,8.906373625665116,2.268677116562908,1.4988550588980998,-
0.9055196678813211,10.0,10.0,4.202062632422611,2.59209922046341,+
7.302983146239583,7.067656986491606,9.457748470391099,1.9160518691931683,5.113732000171559,+
3.3495026327601054,10.0,10.0,2.146677332956322,6.992451271708239,-
1.376383928233087,6.516252238191978,5.293511790987683,6.45797003363686,8.517840340321937,+
1.4601150637800326,8.272142568061243,5.361431519788923,2.61807004309452,9.58783842384024,-
6.203403147190242,1.3301946105229134,5.81379614071774,6.677796813242588,4.9972431045503125,+
5.361416054191492,1.2139504315288818,0.15386576118054,1.118961467126312,4.993625722487884,-
4.695064776154384,8.499297066465628,2.1616633377127137,2.5874435773048576,8.76577811579123,-
6.586593758921436,10.0,4.283920895858492,3.088018262996817,10.0,+
2.424522191771027,5.594731938390229,0.7650617593933418,9.478272593615273,4.309330032386219,-
0.938603524128588,9.365704165844189,0.9109460377373144,10.0,0.6720410021717302,+
3.760066524341239,3.3387260330716217,2.779152636577628,5.531246422921323,2.531340099999426,-
3.717873836689994,5.781525578430727,2.114435082024405,0.5065129176166028,2.4464385214217628,+
0.5990833919562943,1.4184296017752551,9.529870265290262,9.532764316455161,1.1954592355752924,+
0.7645429305530003,1.6254316866548195,10.0,6.543193610373248,1.418613828035524,-
2.6294190498422356,9.432685343501028,9.781239226085766,4.763072887275697,0.44964851029555497,-
2.960068413084549,10.0,10.0,9.372649326378696,0.6572985123775478,+
2.955892273284592,1.2710517114678832,1.295428068466723,8.49209326459622,6.014442001345256,+
1.26401248954534,2.4238125393961907,0.9888590335308868,10.0,5.460356748090933,-
5.9377643939139535,3.261249175606099,4.203126362929382,5.614667607753092,1.6933000916076657,-
10.0,1.0381568223231699,3.838099902774467,1.4784841912000812,0.6343216197934725,+
2.541014332592477,3.4657128184638597,7.326774343318931,7.0961212110006375,8.182809259384685,-
3.844656860029716,6.56779676447542,10.0,10.0,10.0,+
1.9764156586183712,4.7232547243578304,5.14328779096585,5.715935748815007,0.2770907102253828,-
1.6007719540677494,2.406039916494634,4.644148118146593,9.054385309516286,0.07293080335026574,+
0.22217591034139228,2.3246667054617145,9.317942291389015,5.927003103760354,1.0610827194519878,-
0.028964034667895648,0.9430192271463919,2.106692215835168,0.5163446193380888,1.769122426689917,+
6.712813877663297,3.283299241022614,4.229460717390582,1.781532795682601,5.1322293083413815,-
4.077878345854297,2.476121422033417,3.6715774616557333,2.6591024952057856,0.026077934877067912,+
7.652986484676367,5.897263583563483,1.8459202043390854,4.750576982592407,0.29677453721434377,+
3.295466720253401,1.70481574733919,0.15590310827394452,0.22674461968114085,0.2581951226989061,-
8.161405444005528,4.536736674621588,4.941399971635843,0.8337553389268682,5.8255848345111,-
1.4837907848102585,1.0532165377844473,3.482740642789943,0.5557195608488903,7.828670590612524,+
5.402689090439207,6.893351467505462,9.988522924931068,4.898930409465475,9.7990113594243,+
8.960634268509374,0.8299353861302692,10.0,7.0897951919450355,10.0,-
7.103101030474182,8.576569004423671,7.054494481660644,8.583323668872552,7.176262431251792,-
10.0,2.7933042348606114,0.3125835025670409,7.363552014355419,1.480384468614564,+
7.090353838664188,5.226223819667638,4.218568130889794,1.03438900612156,0.8385929746125231,-
7.419724303478778,6.6694727278224955,2.6846796950182226,0.3515797439600069,1.5815321511578824,+
2.7135043396950866,6.92539027800323,2.202888002688561,9.897465200209698,4.091724043980393,-
3.8093885900552658,10.0,2.424828192277564,10.0,5.154657060988736,+
7.953823017262442,7.556831657575939,0.6412479681182659,3.591267976853223,2.6949425757679157,+
10.0,4.796592321466385,0.6215975634368037,1.2613184538949291,3.8129397690487425,-
8.699719848391114,7.603956445623861,6.616359297904268,1.1349520429962079,9.235300874032358,+
10.0,5.529107100265724,7.428443620736965,0.7757490818372633,5.679665228244486,-
5.518729354608483,0.40540724042518517,7.886993049579147,0.7591634887843213,0.15900953303873644,-
8.164115059679487,0.258299464535259,10.0,0.16560750326421203,0.19232411054522588,+
9.945181385823075,4.2726313125817486,0.24765715760205698,6.09339090423621,4.272224696354028,+
6.791704585396632,1.96530120733973,0.060157115714399856,2.391783202398664,3.292869232332047,-
7.3677436830202225,1.5983265699283422,6.59951037518714,6.695072798850975,7.554520130076787,+
2.28469195866026,1.7779269268546545,10.0,10.0,10.0,-
7.370894608636183,3.372405352751997,4.262373743232656,1.9612066136888573,5.619339110226891,+
2.5085733475272725,0.965001485968213,1.9588763531365088,0.2593783615638636,2.1469290706202964,-
2.497951354706812,0.9548966116702085,4.9639453688737065,3.3282149413979467,7.840165228508306,+
4.9502573051821,1.5747193008094003,6.18965004738293,1.150554126362183,10.0,-
0.012205228460256956,3.8818246943421277,4.689214134965295,2.006683702180191,8.144976090825299,+
0.0018051453401395107,4.192773063257932,5.082187796201856,3.7729922236608293,10.0,-
4.981945150273132,8.895055709683346,6.096535793191365,2.693824695716851,4.653998794847829,+
0.3715802403372888,0.3297854512546859,1.5025700714553685,0.7658761317346581,2.651679482223304,-
3.560791137637814,7.604955810586159,0.5040224983917252,0.293751515149413,8.262778876734524,+
1.1931408976989226,2.5846412907788103,0.1790742372027599,0.057010986961831524,1.9404979908852056,-
1.4633417239485802,7.785862661743993,4.446243921461685,4.645568599598542,5.170562056460928,-
2.2309243042984352,2.109423249038083,8.344999064348986,4.7372336221146645,5.142835596490977,+
9.308605496461583,7.478585680403651,8.418910101496243,1.0381496276783009,4.570016180013809,-
10.0,10.0,10.0,1.9054185769358738,7.608419863823389,+
2.8953215394266083,1.4508787878904628,1.5276560315563836,1.967753131635156,4.128783048528426,+
0.49631084953494425,0.7187333247963934,1.4877888765742522,1.5910036196932438,2.0102137352721594,-
3.4282587409506995,1.356897395827844,2.6727937751666895,3.400546136199779,6.700257291089182,-
5.351805705265356,2.0414742480868964,3.4026803759526714,3.7693055083131006,10.0,+
2.1479460367134773,9.911439937262712,6.507686053735055,8.401745018856312,7.65690849153205,-
3.4195119040804065,10.0,10.0,10.0,7.993674859718112,+
7.009855672453007,5.202192268264438,5.774986938588129,4.704895973545135,5.474653630523923,+
2.1377273269404036,7.741248470844664,8.384586709630458,5.303535123535578,9.412366394514164,-
7.827061049493266,8.669111044250482,5.3879152237403405,0.01407414208760005,1.8943219330697736,-
3.6694893576731076,3.092759505895234,6.0381060171419625,0.01870926461034165,3.7342301660074537,+
9.220154119536355,3.4995814355159394,4.909064003920768,3.9256173419559315,2.181460349513161,+
6.618470251245586,2.5546522139763472,2.214199923082203,0.3609731596388843,0.18763240456437055,-
7.366073781917618,5.907974320377201,5.951546657846137,8.959021411857643,2.0879029298834286,+
5.36763195297067,9.817450798629622,8.10716871316469,6.784513179393638,1.848159593542958,-
2.7392591257893706,9.564245028491115,3.144684991867827,3.688528799707713,7.457713818917515,+
3.4164077202892047,2.00049414595158,1.229443104060051,0.9633885464225262,10.0,-
5.638425125311288,1.3846896495765082,3.5389217110671667,0.9000555943529687,1.0820021900293575,-
4.092504887036349,1.7674465583103092,6.892808108131777,0.4409518064879857,1.3331050378103138,+
6.502020338755674,7.061408453198791,7.670012272386969,8.2347965778334,0.4685000976953213,+
10.0,9.562904045636635,3.1241837510980757,9.518524637185129,0.5735353066971599,-
6.3709240049185265,8.18818056822058,2.6193263995863134,9.655094157963472,4.432483641211331,+
5.967733056403101,8.186517054633558,1.3857213634717418,2.419236771595136,3.8248936803109217,-
6.689639008890317,8.558286953486768,4.976798282674519,3.6986718836891264,5.094771597369146,-
10.0,10.0,6.931901856966501,6.3656187047804345,8.092370229091204,+
6.470140847266465,9.610606234172653,3.12031472902915,6.502607493852324,6.873925221415515,-
10.0,9.563981000840315,5.986855911560218,7.706419363258203,5.347847237341439,+
6.048934027383699,7.571164293424469,9.364471458432506,6.661976803877225,7.311287088668195,-
10.0,10.0,10.0,8.042922135985679,10.0,+
9.483277076159595,8.547009635610644,9.66281819034258,2.47178779218,3.4551631378102288,+
1.5658121829603033,6.155797544376862,10.0,1.7434375298123692,6.566923926590746,-
9.570632502604967,7.479400987665194,2.712029204572058,9.486199364192158,5.602410256427773,-
10.0,10.0,4.538619759772254,10.0,10.0,+
8.18998688669316,9.715284075966746,7.415067127614185,3.375742965079983,2.5504222635695983,-
10.0,7.209656483494643,3.419870986838726,4.849062913472072,3.370389773065018,+
9.140560680147745,5.023713176618612,6.3734850123442035,2.5722024112350472,7.032427152171387,-
9.145495036058028,9.635784622533755,10.0,4.873751663272145,10.0,+
8.383048129229746,3.590478739596157,1.905770001478686,7.690777889846833,3.6557816713980706,-
8.68613117636955,5.441826516741485,2.66615669770127,9.202679740912345,5.513881152590415,+
4.729455144377254,9.452083722237912,8.351470492353853,5.662330519510352,6.820997240218222,-
7.207447699339818,10.0,10.0,9.425494619106738,10.0,+
5.008501244696286,7.420229162146365,3.9975626087590275,2.1473526833637635,4.254209388262517,-
1.1120106542909516,0.39740697820766957,5.722791048480333,0.3948180568471444,1.526602287783389,+
7.679942895742114,6.193866698863384,5.946192938899259,4.628645037054452,1.5684122882621188,-
10.0,8.577594989547665,3.880358780315779,6.18720470979372,1.1559812021454285,+
2.6007728433647204,9.561693435497528,5.791923309641423,9.11629406684727,6.948347364336492,+
1.874431324951939,6.381350044526345,4.650486868508263,10.0,8.654616889254644,-
3.803384371788907,1.2660579800779748,0.5613996601058924,2.7266150604655626,7.775067287409239,-
1.8547262067290577,1.9518981828617248,0.030186374428625595,2.7676534035660034,8.325405902271893,+
1.500724920646046,2.5226765643225244,7.520594725825229,4.903376352165757,6.677149021927065,+
1.4695039324858663,3.9661493458557224,10.0,0.4542880762999268,4.17934521125266,-
6.4329821177113775,9.672237370845924,8.717929445737497,9.206957263860142,2.613472346666951,+
1.9728486045341571,3.521947070922321,4.881645389300149,4.568375132455815,0.9791175192632485,-
1.6646362667668102,9.557377339659034,0.6997622009714777,3.4628368645357033,7.176761362212966,-
1.4992895254572811,3.819792882357191,0.8113670119682552,0.10353630897024887,0.05183753814981908,+
3.424236254263654,5.608431450911329,6.348634084336135,5.610143695901197,0.6876565990584893,+
4.683097499369652,5.096676567391719,10.0,1.6446690654197496,0.40314249487436005,-
2.574377635076001,7.394051698965515,3.377268685573578,6.487081219893386,0.3547399313650945,+
0.582159208938698,1.8889919699520348,0.881731896401858,4.897594393503984,0.11611053978355813,-
3.5563056137134996,6.803634421853651,0.7176843199750271,3.0412508627665993,1.1989657978501567,-
3.679325894854148,10.0,1.2960479458329082,3.4459962920177656,2.268792808368709,+
4.218266455882875,4.20074036992088,8.973235218516338,0.4801149330123322,8.831692496777231,-
6.572273723784065,5.50241718003761,10.0,0.7417756330616033,10.0,+
2.2635729410568564,1.7361067392427587,9.068823545373808,6.9789869705469805,4.706514526981296,-
2.2499916257633252,2.0844879481828267,10.0,0.02658207295980778,6.484657292329377,+
6.850692997411203,7.9958471632848,6.863979287422714,7.419960075473377,9.79454422149572,+
10.0,10.0,10.0,10.0,3.865185540175562,-
1.447186963666588,3.115847621010813,9.966886810349123,3.031123457430583,9.60417393134054,+
0.6461637482774086,0.7327226673526173,0.06201573254875926,2.296557131902191,5.6759295070903715,-
8.702423860744622,6.138526906283712,8.348360268063368,5.399896817787319,2.185978677683594,+
10.0,2.6779455108385557,10.0,8.89559885632715,2.33953434841327,-
6.231507135357097,7.9021763771771605,5.647844992407338,2.8883959407156476,9.403132310270268,-
9.822407733785363,7.028800319661931,1.2903434383157333,2.309289209754986,9.11287447079573,+
3.4249206683608535,2.428877106815186,5.81559312758121,4.815784967665458,5.349025990783137,+
1.2390654693608685,3.2360582071292505,8.537943019258506,8.909112653804119,5.71370072077782,-
0.5291957174577666,0.43595375453853946,3.02024541755169,0.7368764461712196,8.317180102467695,+
0.2671405076638154,0.5863759895419648,5.078336230199073,0.7752457739738955,10.0,-
2.2031462754025677,0.5183042738003052,2.05004753276841,7.11581162766021,2.8046273246622477,-
1.4675628240075986,0.380687881451616,1.9935408478371799,4.099929755103998,5.373593528869407,+
6.217990062752923,1.8362763224931533,6.592839003045576,5.0422572182741465,8.63629534213292,+
0.17585325715146485,1.5228696646348259,2.161078157342015,4.21367185419875,4.794677512514359,-
0.41288864355416344,3.171728491538832,3.586012757661645,9.43994870207482,5.316017564948812,+
0.7724020395231174,5.41789276311104,5.820705244359311,10.0,4.75297337616715,-
0.8874203768785172,0.9364252218703062,0.7516456482747702,2.452847839389002,1.7439821239975473,+
1.6744283049487467,1.4681849350334821,0.4511955080778529,2.5751230606666073,2.77836336579185,-
6.701819869302165,1.8689806429412448,4.563278221859943,9.89993771678545,2.766569864724897,-
8.28725083758851,2.332437006378635,6.936537859579498,10.0,5.037425689802947,+
4.25623757986783,8.596366558001913,3.9950291210302344,7.741316118105068,3.3927842662952945,-
3.162545168160976,10.0,6.323766441340362,10.0,2.678200758181718,+
3.484373495664758,1.0437970333322222,5.394660274982325,0.18955303044173588,9.971542901477644,-
5.970977189231957,1.6410778618703064,4.624384696113496,0.32346123158964324,1.1598657734163194,+
3.2657715409945887,9.265399685089983,7.76866673142176,7.475785651915023,4.073709733204706,+
3.595570536838856,10.0,3.689926549685036,10.0,4.22282122572935,-
5.0633265648540124,5.24834271050837,9.651650677555343,4.466968803679945,0.19552392696574605,+
9.285415408789062,2.211262009780533,10.0,1.3035843243602996,0.18771681218237066,-
2.1550629756808357,4.058890874115415,8.439658882531928,6.140553376697921,4.32976159048545,+
3.12626677461504,3.295706076543,8.628972507655897,7.731998899007587,6.273561199200471,-
5.508791546481713,4.079874132405247,5.990945889339817,9.237942634405552,6.432938780867379,-
9.214138819080894,2.1542468937569352,6.326818888273432,8.51944096065108,7.218493525582295,+
2.5433275906692367,7.212674850856798,1.8442163420868574,4.551420685650075,9.920391362099659,-
3.409922232138697,8.96262923030127,3.4817277538095475,6.50871538231249,10.0,+
1.8999111221254172,4.173660688928537,2.766207607426281,1.916517166020415,8.253043833670077,-
0.9237479358070253,3.340284387852438,0.36291838270500265,1.8852954516010816,9.117137621959639,+
7.991727112578748,8.074297622805801,3.6033431126828255,7.395531699861213,1.8482364631640313,-
5.003434407030465,6.804653209117031,2.6411826433447514,9.398131079306541,1.7146688071722629,+
5.331258508305513,6.34451339486302,0.03235480341843955,6.054065640359253,1.5790485489472583,+
5.875076793769466,7.099316698496556,0.01474793034056399,5.088910491903558,1.2343672612123564,-
2.77893005292822,5.522704573626101,1.958395407151371,3.512165344482855,2.1586599742258383,-
5.37370693589141,0.869571805542809,0.10803930522772169,1.2174095780356975,0.2738965306013982,+
3.853016396490684,1.0613669998530084,0.2064210188853155,5.421611231558442,7.098218673863173,+
3.582184538098609,1.7886847139949023,0.2791391297823808,8.331363694156856,9.851827843957025,-
1.843714191439474,4.221429883105224,1.523621722221874,3.2128827136986993,0.41436893019389687,+
0.925797907479908,0.46942701929538894,1.2036714602535505,3.075157483775565,0.331777226791747,-
9.631121030510524,5.534417241687945,4.162224726111666,5.753529079841794,4.544391591201808,-
7.995152066516926,2.7746737367466445,2.3891254372373267,2.404032026315034,6.38045011251535,+
1.1336342994059245,1.7970297436286764,6.012799746636728,1.6510262795715636,6.756335165345751,+
0.668860882158015,1.3336339305321168,9.871363486555994,2.0483039431679426,3.4513046037708763,-
2.0977731763415175,1.73257449186207,4.664994888194322,0.536884940553326,7.742334174927649,-
2.382516795377218,2.5802660020818666,3.4393144555459876,0.49803489408895635,10.0,+
7.486478766291308,0.7282412831278895,2.310205352209013,1.5915229872119918,1.4336266006130371,+
2.77342009166424,0.4906634303125223,0.3455494689528743,1.5658643289249496,0.5951111137569365,-
3.3919169215862652,8.454099059114007,2.7071249338764525,9.187078576204568,3.2297088597272072,-
0.056245951463477654,2.0017676092794567,1.8529095330237793,3.507404275689531,5.7659108583133,+
4.023523891436735,9.786249607603159,8.694814395460178,1.5966334545003757,2.433072871002897,-
7.039361810752774,10.0,9.408795920768426,2.3242813097080277,3.8133803334019998,+
6.056860999254243,8.807852120728633,1.2549986077103303,2.3456821069007647,0.3340540809849468,+
2.467332257798579,6.3649072734671455,1.7279796900942277,0.3095823480526977,0.6242166944882833,-
9.077224645177198,8.239830075696956,5.983417824969381,4.166933261775082,6.617191832234608,-
0.09557330211872705,1.2763109217637605,6.965572581680915,1.5030954217489148,6.118273536385271,+
4.4858839576860845,2.534766550740554,2.238106742588566,6.569145201704424,2.882767813258594,-
8.434450993728738,2.416493121171044,2.37730201323588,3.1765331436433155,4.007010882254149,+
8.21980907982564,7.504234642851664,9.62904593313599,3.5958124611149653,1.185685156152001,-
10.0,10.0,4.107307495336973,2.740820433146497,2.221919696563818,+
3.192714865874536,4.853780553540426,3.9508789992765103,0.19769244371889205,3.440320766983066,-
3.1948496691851465,7.538459263096482,6.178507342754389,0.2922032462406182,4.08409244371051,+
8.004892597638806,4.6407783762959065,0.1797224301753575,8.11276380540705,9.988396857660076,-
4.47722209840179,1.0631392970171718,0.008492189302018961,0.07654730100524601,10.0,+
3.935835800802977,1.9293404014786375,2.0185335048447675,1.1710208588130555,4.895195501866421,+
1.801302518637256,0.5006319282801306,0.35109263624641346,0.2733621155318755,1.9287303817098531,-
8.559217738499663,8.267788039379816,8.708067892862562,9.300612991629029,3.4532020388941875,-
1.6719221114740805,7.390975725491943,10.0,6.420951361813312,0.019014145056720423,+
4.114436369156356,4.4786404341020685,8.387418260153497,1.2592081215848783,4.763880583987991,+
2.296874331841436,1.7191187891610025,7.683831701912969,0.7413863563245134,4.746863620995328,-
8.655031186025596,8.32698313620377,4.894083764138052,8.061133210010109,9.456265091463429,+
4.638815494811005,8.285590070531503,2.52893930126361,6.863442774035166,0.13800933251105305,-
7.841940257041937,0.3590813445225971,2.40400871529151,8.346718648315406,7.734407971728208,-
10.0,0.674363029980527,3.7104303821603404,10.0,10.0,+
2.4460249348680305,2.078090961847278,9.396663812189152,3.544125906583493,4.728083646851454,+
0.18211799943665366,1.2218591063287705,4.869364494314282,1.9193769862730703,3.351802050328144,-
1.213032331519206,9.26895132339218,0.24417841799207807,0.4441480283666144,6.912620414615548,+
1.0041633940025967,2.893066652730417,0.09570344412639795,0.25158376662775367,5.415515883207211,-
8.856147474077401,4.748485730765047,8.60548630080361,7.864561634435843,1.8761634721148546,-
10.0,5.848506312269171,10.0,10.0,2.8662520444827635,+
1.0839707004383037,1.3638521430524964,3.5546061367198667,9.868012986101279,6.701798211837772,+
0.5882668013865181,0.30470559786510576,1.220463747948719,6.53717009189048,3.5489535233001233,-
6.140834823700442,6.307998012897336,1.2072735291408465,4.5967171786299,9.51519073264115,-
10.0,3.0133409836870726,1.4686191293526811,4.967407445413687,5.022672991159789,+
8.408181197118951,4.3543794554672015,7.694589195088859,1.5982500209714834,3.9174492461142494,-
3.14030630548749,7.324911154371095,9.693502846793518,2.393199602989316,3.835655329717537,+
7.529723847959793,9.395656953289933,1.3228387643748762,9.171638444950345,8.950509407500363,+
10.0,4.002792362900182,1.5576676774339258,0.8729422894329768,1.8498726887314505,-
1.9053066097012994,0.3248060622390736,8.914080241005191,7.980520199264594,9.909974109854351,-
1.7701154364215412,0.4400916677866223,3.1162347207607968,3.3920941181261144,9.602163885927705,+
5.853847520491204,4.346666825202153,4.6119436821369675,7.579843755960319,8.767471999856516,+
3.905867182952907,2.057604922711171,3.1788110748676837,7.357850893017889,7.660707077525038,-
8.110411801747873,5.273293014754134,8.498120203944548,4.904909900977525,1.7876502845105513,-
9.05884155493722,5.379634433583729,10.0,8.644186933766779,3.480232603614466,+
7.528906910188741,5.140632561126379,7.461441479497183,0.06421526091107577,1.56413079445466,-
10.0,5.181076804535263,9.99539665502503,0.07695237071510423,1.8550578085179867,+
9.596361558037703,6.023233448458675,6.351757203955923,3.6515000539289,3.730200094639957,-
6.609603908008469,6.022791753759678,5.770850128177542,6.602876897789679,3.136888643799211,+
7.008094995455534,9.03074718383272,9.963544543780586,7.564876430787858,1.6596257119187696,-
10.0,10.0,10.0,7.6169806491395,2.3068736411613604,+
6.335490224214117,4.273141662442875,4.725158385798186,2.1669382900113665,6.495980364706288,-
3.186868025428762,0.5531587868231268,9.262582553141108,2.152480363743703,5.458643369074323,+
5.754391161552248,2.4160081192778504,3.8105176395880003,1.9694053258968514,5.387230130783678,-
10.0,3.0325577617354993,4.796408033134805,1.8973469304277397,2.7102851037779794,+
4.4697220926194925,1.7477132168578347,6.550061490726358,8.98693505339886,6.1115662145444265,-
3.8372169386798167,2.8913048553002145,0.01116314659487522,3.625525915193586,0.928115984420045,+
0.7369691659137179,4.836631886843302,4.492585805490795,7.9572876655938725,5.433127410197929,+
0.7726448391731111,5.908716630266541,4.970629404615774,10.0,3.3992648587654033,-
4.475002247020118,2.2508248529946306,3.248789231159895,5.805098679888712,4.080664343042092,+
4.005167044492612,1.5960295156500053,1.9282287132247489,2.5418009929543537,3.1558578097031478,-
1.206666832134905,5.8876493900746585,6.81652371609192,2.31818467757525,0.34965245638705733,-
1.1638881237725254,6.973037519252827,10.0,0.8991298050048199,0.6043158204896337,+
1.4315801825279717,3.10427757880407,0.10347414644421904,4.924860861315547,1.0189617965291753,-
0.8841667830892161,5.110271870429086,0.14900055563345405,6.310924796577271,0.11828552253386733,+
5.096103204502503,8.952783680799474,5.696207109250301,6.8489976222194215,1.4594440509409035,-
1.0188003706999083,10.0,5.694128903308213,2.824293101331464,0.7192022095740146,+
3.2064846089986174,4.806355227031743,5.355232492349092,4.000939310081843,8.576070324847484,+
0.5547434864948954,2.3252595473979367,6.209188654957921,0.1525066951121426,10.0,-
3.6596687395582004,1.8314206171196534,7.112994535835503,8.892765541184074,8.337775579897347,+
2.9033572535636702,0.6539763008955217,0.3091737167827484,8.840155964589707,4.952736681926085,-
9.080099673032425,4.255831170745354,2.7736340872884666,5.604833896186091,5.425997703558919,+
8.962986051831063,1.2346437681615197,2.369626522759845,3.319436515940816,0.6510738005740073,-
8.361030540693054,7.146797297449689,6.017413161156902,1.5857982869628706,4.36737248820692,+
4.71710886415758,6.914936119303662,2.0397754770144676,0.01390276239991245,4.157624751669804,-
9.974240822378812,6.300167146970339,0.9758841641193361,2.2629740226719908,5.87404083553308,-
10.0,5.354704507653293,0.7999811083344242,1.8440798018157036,4.449491796284539,+
6.061190332639031,7.938467988876066,5.853628836354918,9.055521716994827,0.36171424267682384,-
8.206733709253323,8.542782220335063,4.705245465607589,10.0,0.2642474058835517,+
7.328835462129209,5.447470724902466,5.677035080532658,1.5143989487529996,8.713930179249408,+
4.616817986734416,9.888103388785058,3.1624703210364977,2.243638406797826,2.572971318513111,-
9.434793417442883,0.04732764863078054,6.912197096930365,0.8913551234857531,5.612893164684093,+
4.625492001251749,0.033321659979853625,9.546019788363187,0.4735951075685554,7.02038696395362,-
2.3201050728034267,4.443304335263562,7.235344165226114,3.3226749614265847,3.617355594006857,+
1.1493295855677697,0.005890112229516353,6.3555184388903,0.764926232671332,2.78498582907584,-
6.089156166255123,9.6295934677318,4.253510067840297,7.110062089256228,9.149432295685976,-
10.0,10.0,6.067360754786892,10.0,10.0,+
2.4405348964877627,9.128615872982278,2.540668669274757,7.0658920758209165,2.8924548021016108,+
1.610138050125823,4.711564365668992,0.6246656508577315,2.230920319694144,0.7222505958673194,-
7.25810882424372,2.5657231409635872,9.326294113925735,9.863662794684094,6.874970447723317,+
5.910853296672848,2.638373948296655,7.994423151239193,6.506523373628348,9.608329313402969,-
4.751766575035987,5.304978196225251,8.438429724380624,9.742185978602699,0.7778845690589764,+
4.687115581001946,8.832868628296298,10.0,3.8550418723825928,0.5202347466802117,-
1.6845851614218044,7.798155807078771,9.427098188482427,0.0048432937569165,6.418360961774216,+
0.42956271113774463,10.0,10.0,0.004611593330897385,6.053998701168034,-
