8.297824062318446,9.82198758837468,2.947238288891808,0.9334795772011317,5.411479212096361,+
10.0,10.0,4.1837604355802975,1.1132375824906284,3.0411198141309828,-
4.568372320650152,6.331827923938768,6.287445255646943,1.3355910854657482,5.0444143850237575,-
8.872928937415992,5.879374034203613,10.0,1.860233212047705,3.0755055203455703,+
5.654855224134518,8.238535205539328,0.7832248124910035,0.4033851267142663,5.98869758985661,+
10.0,2.061236575381231,1.4620991287470189,0.7374085714794862,8.458440614042223,-
3.6310111887852314,6.150055333516806,9.705994910102042,2.266892802804442,5.159919598951599,-
4.638053424734463,6.4448781941736,10.0,2.370105289811205,8.470123748045802,+
7.948547257294055,6.4087537436018005,0.6892799496259716,3.7955891754784243,3.1823247997711492,-
10.0,3.858080988853071,0.34017138365954247,2.370557431924559,1.1796430856236184,+
0.7308750209914416,6.981201384105065,4.17525187555472,4.90772476223408,2.649551991465434,-
0.7508048542830469,6.711956125090424,7.909723391128404,4.7945568212092615,3.494855800583985,+
2.1746873800621525,0.1295333672312371,0.5632536978286706,0.5379846983436598,2.0752984292558296,-
2.5852080562381476,0.11952288117724981,0.1366372777115398,0.8815662191916321,3.3289468380617406,+
4.123842455004723,2.6787125540056778,6.345039267546505,2.2792848082626116,7.32852883105555,+
8.242102118853232,3.344916362566876,10.0,3.812264132997539,10.0,-
3.2628167505981898,8.780304015213114,4.0609850883441565,0.1736443142417654,4.98743325396253,+
6.217525443858244,10.0,5.279204524581125,0.1992782465799843,7.673163939422861,-
3.0020284580105017,9.192989770681718,5.481481236768692,7.500993756786628,3.3935773211761666,+
4.041111647957063,6.176427677582613,8.290775469274392,2.8346637226343137,1.8252230280935418,-
4.827680511620224,8.975092531178028,1.509047412112945,0.27975447510701024,9.048424157410532,+
3.840561564247569,1.316522875915707,0.7721673097906916,0.20684642084876376,6.5809161044096856,-
2.2122904171228077,7.851967079530904,1.5202140451748225,6.998895206196765,8.109228922764672,+
0.17415459905935723,10.0,2.1196705344696958,7.5805075185953426,10.0,-
6.002189612385632,6.359291226448459,0.685870240853611,0.03339700951145774,6.843312889245072,+
10.0,6.855340547296533,0.8827387092809903,0.018831522442586398,7.363634609735148,-
9.638402878663575,1.4450886580601374,7.264113609078564,4.332353265827833,4.2072179186596355,+
2.998348476422753,1.1839641526785143,0.005876109392550838,3.3741652402847713,0.6226316617263795,-
6.260223404596608,7.369693029181029,1.925506128873179,2.7671756206219653,0.03426788576891382,-
10.0,10.0,1.9566728801737372,5.043046138172046,0.04995006875167726,+
5.40836701451598,6.0676832829194325,3.5876685985662036,0.6803954385481259,2.7028963915452717,+
10.0,9.722639097216009,6.76728004071447,0.7853425061660557,1.6013463327400248,-
2.016458170398444,7.5147764328147435,9.961501322841958,0.19801450274557486,0.8644621569735922,+
0.6467441030396006,4.6508688720050735,8.058280998398871,0.13539119344881761,0.7632384457518029,-
3.990812715557394,9.516215484438783,2.9646100732153347,9.633556287995702,7.355345211458781,-
6.218607908461427,6.090091666999212,0.15807546024669233,5.118513165798288,5.755946719078573,+
1.5683761714653155,3.631127522734884,1.5042975551708748,1.990406565022036,2.55611433367379,+
1.1019326444299395,0.8972516784908019,1.1464280077361508,0.6895767368092696,4.530421549605198,-
5.584184722160916,2.319823627264983,6.305468413948087,0.5560799060902011,9.575782086821624,+
2.4321828771011056,1.746669411673744,0.6770890468751395,0.3624047453946363,2.102139286287854,-
6.862116405012808,3.8609817039063152,7.847588203617988,1.1130306435926485,7.815162375016756,-
10.0,5.518257371377829,9.465557745777023,1.3899607577244808,10.0,+
1.2050921834753425,5.191393224478862,5.621947332652324,7.828897265146129,2.5497656589081927,+
2.1167914620432304,7.833942561710109,10.0,10.0,4.46512632542025,-
4.323328152603843,0.9879048487764053,4.676099196488855,9.055533549918174,7.834758763177935,+
2.715903492721543,0.620438779548806,2.242153019488141,8.342544017746329,6.503157200580701,-
5.724621752368607,6.4202631303043525,5.225872213639579,2.538440818637967,0.9785484997119476,+
9.346826029162992,3.848862103339582,2.609833973012562,0.6679648477954648,1.8742345888725735,-
6.910654000444939,5.688353009220225,2.323532026466145,9.747874352305544,8.92006484990796,+
2.632404907508724,5.489297104907985,2.055328552770861,10.0,4.34266899962534,-
1.1537983905492533,2.2052008947795123,8.997031350751385,5.216641217247618,6.130721455965643,+
1.043896270866895,0.9799614550434642,0.22628566951986945,4.692887080024456,5.252506987856906,-
5.353853899122391,6.38985992622636,1.6755243998881153,5.948467147964544,2.4768534317096504,+
9.395330240669823,6.577894256772078,0.8325096143510994,9.048965781021614,3.033075081292315,-
9.349033673675589,3.1219541744888044,8.74655053840269,1.486605182163353,9.667800040126485,+
0.3119905887988722,0.4456627283184184,7.892968660506311,1.1067630338967507,2.9345125492157864,-
6.111320259420586,2.1219311895605264,1.3872898559842672,8.81422351842081,3.8980187118159835,+
4.219228279461801,2.223263905617727,1.143502998032714,3.221496776061256,4.881224006135857,-
4.341507393161786,7.193140530479422,2.9026193903872946,5.06455371271966,5.003908854892889,+
4.320341395271992,6.441830967094595,0.667923766427532,4.3787711071736855,2.9232658373036284,-
0.9194537905111855,9.695038004385443,0.03767470890757685,8.957963305466718,2.029301575275353,-
0.8234799493713603,2.268210142050082,0.07184682557416963,10.0,2.5904659919184057,+
6.124936713427434,7.156077066200435,7.8561516526821915,3.8526155968922184,2.6866773249346956,+
10.0,9.02433124029436,4.71617300574971,6.351523883456307,2.8982333371654723,-
5.396411611574889,7.709403429345016,3.6446701793264715,1.4736294601686606,7.498876502088805,+
1.225967783910644,2.724231362631358,0.5764801124011845,0.24886439078471403,6.0049120534186,-
3.3986857196436002,5.711812898607793,5.601634152121903,1.1279367395150597,9.064890799242995,+
6.245797515318003,2.9992939953258566,9.469369867727368,0.054552568810476876,7.735601653347543,-
6.063405090076838,2.6359011418920595,5.975675529653055,4.568133956919761,4.931036386176552,+
6.256309981448849,1.9778257785655886,10.0,4.323103655329475,4.22048411923868,-
0.06660835460691739,0.3733965156592278,4.67231749337794,5.812836092586209,5.731696179475328,+
0.012070493404071236,0.016616064899459635,0.1890627547989674,3.3303921468940842,1.2619399913272986,-
3.3087692290467343,3.4998692834767997,4.0260078036899305,3.3674403078450608,0.2689700289168995,+
1.6354926837689847,5.884043245176413,6.197828240426659,4.317153830403122,0.3640651929904854,-
4.6526491205077285,6.734754173338745,7.2049666821883465,7.0152033328016135,8.60013938349826,+
5.854951397836325,7.241897465895982,4.197767292994888,5.667432480718524,1.4097822898666914,-
7.918964530910087,2.5966844111131113,5.248842589140983,4.17863006002692,8.13294174324029,+
5.107623551313519,2.2501736737203752,5.236844205344365,0.8056927832517294,0.4699747452919375,-
5.139865904023897,4.254138943750424,7.7391866994804595,0.8511753559493607,7.72866003766962,+
6.053665998357288,0.7739619801159049,7.233338457787666,1.1368832233931756,1.4144852889589925,-
4.0702291826399435,8.571401734665777,2.102733783876387,2.09925886642927,4.813023131181757,+
2.2659376950838883,8.486458679010573,1.8050824812391375,1.47696074136239,0.793885735551132,-
4.956759256306321,4.349833503823649,6.547500298225226,7.1345900598017655,0.49491916891903687,-
5.803278095937967,5.618273204623148,7.247213264150729,7.4217227742738565,0.5016106718620799,+
0.833115462476185,3.2575489151857484,0.1960739710889814,1.0108798328726498,0.01174124893725037,+
0.8968035472803331,2.726017213762686,0.2736567012268144,1.7885417719659058,0.017943899058923973,-
0.6685608833554668,8.35054544421596,7.996894691554227,0.3657160364333101,2.139006201655478,+
0.7351397069411003,10.0,10.0,0.6315779730997912,3.5163658209318,-
8.668207318479439,7.832618865279086,2.5860290054946953,4.510284937380841,1.5798993430104757,-
4.639429609216502,3.1125877399837414,1.126456942325336,2.4811943733505726,2.6761532000618624,+
3.817648313847024,6.221557091221675,2.424318128057077,9.590373217703574,4.699428063071211,+
2.63946459236532,3.665477015824209,0.451577418907548,2.0409509623432087,4.114914401017719,-
8.21845008935383,4.798607400907916,0.5789606851464313,1.0981456942493373,0.9789406151912106,-
7.940838468139438,2.599471413404211,0.7565622327331484,0.35759261636893935,0.8604009587279149,+
5.644616955640286,6.472862425500562,8.222040237388681,0.6114046980122323,1.487357323426557,-
6.360149813428599,3.3970312279046104,7.5351290918886535,0.8591180250532932,2.919168598730322,+
9.41191664274221,1.004725367226923,2.5149947613034196,4.585059972687256,6.344300640612335,-
10.0,1.2502862660488978,0.8972443600935994,3.7065809324637753,6.865656120674728,+
7.108642838968889,7.048316623127622,9.397688495971511,6.661634146877882,4.291235852071463,+
4.480543553341235,5.385767795219236,4.217363628620255,4.079013799438445,3.291551112329724,-
4.353781502158185,2.462706110984181,4.896452472198142,3.793288559126573,3.8480381100864958,+
6.643888689715394,2.5630346861894764,5.115625545928907,7.489597320144073,4.478196780736541,-
5.16424919830012,1.8641760645113392,2.1851173956324432,2.8763520733834036,3.1553386741949128,-
7.982763822270801,2.6766355349711537,3.8141927278583037,4.252640611216731,5.10923550461589,+
6.327191336638723,0.38813057725750943,1.5088720417993262,5.526482542248033,1.9277610837017367,+
7.320489344517507,0.5052255304954713,1.7288290534930506,5.232892271039806,2.880450697821047,-
5.685929579543486,3.4182240516897022,6.420172906257009,9.427976702751138,1.1447298709014464,+
2.3879274465189666,1.5929886622195344,5.70108453698434,4.424062131880275,0.41282198907918427,-
4.115836053348019,4.6597105226396085,9.485432462528399,4.86083791948314,4.313291741314076,+
2.4726733155417886,3.3202626900651824,7.468401846306658,0.9171630604929208,2.0785521129246307,-
8.665880616878658,0.9157755967193915,8.576163794532064,8.658409010668512,7.3281116363699,+
5.211700400192027,0.4312454162172246,10.0,1.2374420001503852,4.488297457743991,-
2.0140491338642286,5.150565321647322,6.42261476056882,0.06925245020234061,3.1338476550233016,+
3.817526103239852,2.1436391177330094,10.0,0.06721922825929116,1.056587998861759,-
1.4583825166320907,7.917868960889916,5.53534001982833,6.027419017150148,4.578828449161935,+
2.019525104018312,10.0,9.936688020231381,10.0,2.942477451980431,-
8.767131084558656,4.542012294401446,7.745313521489264,3.743591157674415,2.1642729938891794,+
8.771829058282966,8.846344055394326,10.0,2.7004733859666334,3.3357030073654297,-
0.29134884213333767,1.6349891595432409,3.4235815668391103,5.051024834745897,4.933953822174264,+
0.0027688694395629695,1.2340440891693543,5.666627514253545,4.690436867857959,7.686875582799826,-
1.2609626381047379,8.23188276299615,3.953202998569881,8.883455607686296,2.936293280591057,-
1.956573377586248,10.0,2.351659440134599,3.396464773252043,3.542827528504418,+
5.178809005539179,1.9078510373734503,9.210152978945889,9.394710336867666,4.150429685096599,-
5.730780861419163,1.9897945522059444,10.0,10.0,5.60633541709395,+
6.634056590800304,5.228650111358411,7.644053353861338,8.865193664312974,0.474498393597268,+
10.0,1.525003458257969,4.2395205288749,10.0,0.6817037725643738,-
8.572138840545497,3.9835477479350176,2.242285235256997,5.949220474640037,6.43672697684441,+
2.321034032119622,3.1638892944301262,0.7297000826942225,8.221492804184052,10.0,-
4.785079173718177,5.349970514884377,7.872909836917154,9.875633293960318,9.091334560592175,-
8.01679329130344,10.0,1.3243789836796789,10.0,7.6360843955926745,+
0.9732128656652395,2.257065791248788,3.256731061608009,3.584260132169874,9.41271929286929,+
0.36416188696628,2.050536180612722,1.547874941701901,3.4636953269057735,0.1817259258527771,-
3.3782667453358695,5.64788712525302,8.821408374736546,8.429739704852475,0.9831811118678957,+
1.7044922055609928,5.370558423544852,6.029591140621156,2.084829017801915,0.7486932589200834,-
9.834226027837277,9.225020014609584,1.8459746956748468,1.019139390315117,0.6726824226730133,+
10.0,8.371480775998608,3.3963767032829417,0.840524572425074,0.09413027530158256,-
5.438545631052364,2.9813686141739204,9.295119050249722,7.710146654759732,3.5944514130771186,+
10.0,0.5524783034684264,9.1154975105226,9.892424329836697,0.10722840749591599,-
7.347560290390602,7.854119963479618,4.028432793948589,6.061957533108442,9.19041732216086,+
9.969225938087586,10.0,6.603042801083329,5.423541211031973,10.0,-
4.93670290278256,5.228222703394384,3.901054916603355,1.7557472493244453,8.412912717345916,-
7.218852568947628,7.732976720593955,6.194771121024374,1.878211974837517,10.0,+
0.8986268739036474,4.379900288172466,7.446085929160024,9.610820471913373,6.800770866961622,+
0.9613221926715763,4.844009235481313,10.0,9.15268474607917,8.561267565086174,-
1.478268602556757,1.2820103364587543,3.0867694956224523,4.457690555335415,1.3126732300654664,+
0.4309671257741631,2.1068041079938316,4.771026321710825,2.5938251435507675,0.5260325704434233,-
4.1098783949118065,7.899809964942851,5.1429286627425395,3.798129772959493,7.153102905171121,+
4.8152845328663325,4.406721711624338,0.7307727382011705,0.45447140179867096,10.0,-
0.7474373200951134,8.597768084071616,4.032561458968199,7.061844607283962,7.8399094547886055,+
0.9686690574989056,6.212653713675809,7.47883058741583,0.31037236380438127,6.738004837797773,-
9.127580618947825,5.938530326313289,2.0491154857143212,5.711520041915211,6.532161749434421,+
8.201552090761858,4.353395730063489,1.5155164884502628,7.221204411619637,2.1697240817444086,-
2.436754240433973,1.3807386545901157,1.4127799014743592,5.8232979113917,9.699219506425429,-
3.624998854189229,2.0203723407713885,2.821380824279637,10.0,10.0,+
2.0765602323645007,0.774664934146021,3.99846534989437,2.6087211944321997,7.1248205013517305,+
0.5356757887681276,0.15348895158357997,0.6180694595753942,0.6298385856132805,6.373785907190333,-
1.3866469856159236,1.9136308674435942,8.530889177410453,6.024851261953957,2.761135850241272,+
2.101485465236039,3.015435227088989,7.595259187975597,0.9249937434479606,2.658700480086364,-
1.503138807941311,1.974292587739488,2.144867189294505,1.8921074804566484,3.043661664557211,+
2.5919014485739194,2.1341076916107595,3.593088519925323,3.6250446424793794,4.157575044164675,-
8.12669468107346,3.3973887099410183,2.335647981429916,0.690950302094876,6.191179382849922,+
2.217278900627647,1.1598574627947627,2.7395270726399907,0.9286462148326389,10.0,-
3.9863142728596754,7.115057686334901,0.6349535633122938,8.162284077897521,8.659338822076355,+
2.590828201147179,10.0,0.8829524033796605,5.877879902669404,8.639252259734292,-
2.353041171478718,0.4998680626692209,6.682143488221457,5.857915723005238,2.837097699146478,+
1.8704685037651487,0.6369724705171703,0.6019046134024888,8.6536260306505,3.7882258716186135,-
6.494155950357234,4.238930789539335,4.215719229647044,0.8339242503854616,7.076844216488243,-
8.674977977155313,7.350841489636731,3.5115560555571737,0.8726864715217992,6.047480682536615,+
8.933359344180126,2.1718279290285247,2.9901248936720615,4.441203821925479,7.185291249834402,+
10.0,2.3711507044465523,3.484199323552672,3.737853918824009,8.396397835041254,-
9.318451139569111,7.735327056558134,5.970384498476252,7.882087511553718,6.917486370613347,+
5.864035098364116,3.4862451075261904,4.100518486505972,0.44832102084844827,0.11475678481390279,-
9.446412118142753,6.442972121965606,4.331954308149527,5.572001398586055,9.175469011284271,-
5.74462165491958,0.5496550353545986,3.3525209808968874,9.955758288516915,1.4014138982431947,+
1.646597006069841,9.601105600581622,5.9192352114045885,6.448339390871806,3.6242902760097784,+
0.45028289487132306,5.863133662382569,3.324514256129451,1.6733027258361861,4.094229440638059,-
1.5194382926144367,2.2438380926776382,6.29072359545638,4.404008540392585,2.3769803577325743,+
0.8400771862148996,0.9836391706944646,2.2403903266288774,2.0011509805023264,0.4849430727772519,-
2.121051797163357,0.742734814443502,1.5268175531842343,2.3583205297460266,5.284479024511951,+
0.6068020764288281,1.013326735200826,1.2409422518545548,1.1741341357016222,7.2781713509928805,-
5.384107767393585,9.03721891921659,8.094012997160057,0.7833839627739914,3.9977312174537794,+
5.310045330100372,1.2698788503863716,2.550330760488211,0.45661988765605716,4.620526626241173,-
4.997257335802541,6.34960738406985,6.226902123739903,1.5533940837850535,8.848783580698251,+
3.6007184967009307,1.033785802448416,4.478995785699431,0.13307010265925487,1.5427036366640567,-
2.3027610829180114,1.5074970949193478,5.0794558937156,8.771333841591808,6.956473683861977,+
3.1039220154040814,0.09619184964571015,3.6559187360975756,10.0,10.0,-
6.674611566043537,9.060548787304766,4.9089070936277865,1.7753495911788164,4.635887661449416,-
4.231313503532281,10.0,0.14099033813659748,0.5667014051526779,2.1818461208331112,+
8.834609302199782,9.798087772671991,7.748471376383761,3.328584331289819,9.505162896613145,-
5.61217669133706,10.0,9.30187243793757,2.462275804946353,10.0,+
2.125457077992452,3.1164416337415446,1.0415890062760702,3.8820325035019163,2.975145060278259,+
2.591062340845119,0.7917227151904096,1.2428599674992524,2.0431362645579307,4.3141373995081365,-
2.943461717316045,2.6423588375581044,3.0515635286785168,7.723744300207328,2.1368821672195093,+
2.2260933394305122,3.3312327551910212,5.940258740934966,9.5900794962,2.437303849184028,-
3.1819482257680196,3.226516230283928,3.0675374263518105,8.397941547068749,4.49308565007094,+
5.574372490012094,5.949327956667022,5.356241687094436,10.0,6.536442144332684,-
8.595848126472033,2.2181795605870933,3.1779777345237226,1.7780438959972533,3.294965109216074,+
0.8428113831116018,1.1649633119408207,2.408140692254681,0.6373608581036961,6.523969658434594,-
1.3493057500726247,2.338942784222869,2.266113145549565,5.177654231676081,0.7052902069729083,-
2.3446955062941433,0.34496176268549184,1.3570786919742437,1.3655758812905596,0.08257640856221035,+
2.5370766099079187,0.9466256740601109,0.8272908110393784,6.914117149024745,4.76931239328796,+
3.224348122044332,1.8565130522995432,0.8946168754778222,9.507230302885652,8.813179768443122,-
3.3528994653584663,5.591868774372632,5.351650862546337,7.430736711075809,9.327738362803245,+
3.317836338416902,10.0,3.7637772964965253,10.0,10.0,-
1.8012301630942806,7.7574561862917255,1.0549567857967357,2.644202330755965,2.200723328643571,+
2.014600579141886,5.180967226590614,2.0148862235946314,3.3688683063110756,3.0714730309904543,-
2.4793242682082592,7.168727157377189,6.2986592303223965,8.368129516454026,9.91473111171782,-
1.3934361933108743,9.412635602312605,2.9335244497611663,10.0,10.0,+
1.1789902980504985,3.841507856069403,5.728605001806914,5.975698898754331,2.795567665247628,+
0.8413209750701521,0.888067467518099,1.693775898336929,1.1783831347624483,0.6254421457063916,-
5.717308800032635,3.2219026732245104,4.822893606312686,4.834780791560096,4.616275700580515,+
9.276600930309142,4.4256592285727665,8.27903662897157,3.5078315270188303,5.111578185975184,-
3.7812307940717926,1.675844700215745,5.293217212254597,2.953603252100102,8.728537842367981,+
0.8851230661054531,2.6816120520482363,4.024942520939344,0.3833349441852191,10.0,-
9.732120766671107,5.199702078021796,8.624207516164645,1.7409310576955594,0.5533259337435115,-
10.0,9.90929841469831,10.0,3.242008039110476,0.5632801118540802,+
9.656392945769312,3.2702995217756223,9.952806571027711,2.4782245002681624,9.513148780885663,+
0.2278449917088267,4.216132279444566,8.374551507364922,4.162339482931359,8.24697687556057,-
4.809817248971296,0.3343782128010231,0.8165782181074299,5.3359844464839,0.25967501660330683,+
2.476891324111038,0.21288487823368973,0.2935896492244663,0.4068188090692444,0.07652848533728293,-
6.228617738970285,8.329984421342287,2.8397466946926064,9.137772825251146,2.4863163194204185,-
10.0,9.294239325778195,3.7121453337657737,10.0,4.878779862558465,+
0.06523136353181358,9.46244081832295,6.103575067916801,8.346627030869344,0.8832556408950754,-
0.0169790507901471,9.700132673757036,0.3292367566334645,0.4878560717342395,0.8391788681199953,+
9.207918940353657,0.6592211615364219,5.001117987479619,0.36032992462139646,6.296869261770683,-
10.0,0.7492429598819608,8.160624729149017,0.36496777965358185,8.711874658471666,+
3.8999946801836805,7.464960224086448,6.515692645842189,0.5187538437385819,4.677805559385383,+
5.140042415013101,8.982206782385846,10.0,0.6012742590291639,3.3872372835887585,-
5.147596299196691,4.346757750697531,0.6368941493366642,1.384873077039025,1.475946534315521,+
3.442189251155412,1.090064457334124,0.48425914257538055,0.3353533706892856,1.1147980721232187,-
7.129552697834982,7.751504121363508,8.476968857763485,4.6473504588196395,5.15469894928891,+
6.75495336482669,3.568656936448283,10.0,5.833160033426412,4.00351214274306,-
9.635262314050744,1.4569207493497216,9.107958145377095,6.704890221344665,1.9928133224959144,+
1.6485430794352693,1.1890675808655056,10.0,10.0,2.0417137848364115,-
0.9876306557956183,4.51748618209468,2.7490894437869775,8.817557906490643,7.463121040333634,-
1.853427433616108,7.166798457248418,0.6815451249714699,10.0,5.137644949250504,+
0.4198464452867068,1.6490812010643618,7.417853644661019,9.408641147483173,8.24763396582825,+
0.44510233163939783,2.4604067202283084,8.815351797612266,0.5588948666900126,10.0,-
0.8657888951523818,9.500871299466121,6.107418882639114,1.8755672958526715,1.078127722746176,+
0.957328638672053,10.0,1.01689668679723,1.4886959746219877,1.1559183989156465,-
2.987125357841637,5.058418372033856,4.565217103808166,4.8871886105677405,3.1263040194258,-
4.926357343336712,8.409798592560701,6.12316157383066,5.441166404215296,4.573174203356101,+
8.173040072199214,5.932571453130338,7.847099960579882,2.6174462646009253,2.33618138264976,+
9.436696768247383,1.8870761174117547,10.0,3.761261770611388,1.930360927360712,-
8.036425140953515,5.809130735197469,8.407328919736539,3.0625218397640297,3.7896998580101338,+
10.0,1.6265756514029521,4.082707249247914,0.025610933003447283,3.030218897767235,-
7.089240056500705,3.4867627870305973,9.972511011084501,1.8404557937249155,9.574554120568143,-
7.919403790124066,2.921510361708162,10.0,2.0921228060978843,9.280392247678014,+
5.730947433708721,8.81372332946539,5.505080155852063,9.726026471105358,6.123548979611504,-
10.0,2.5902057930571343,4.9843856689417265,2.454169061605055,4.133480450029584,+
4.923755429173849,7.053537271981777,7.681776586920206,9.7400906078914,0.07430964304605103,+
1.2970346699171724,10.0,10.0,10.0,0.047816156995098516,-
4.886082018428896,8.083588005687181,9.32035666072293,6.637327777720465,3.683700510772744,+
1.0708640142698032,4.721137746340528,9.007742347716459,1.1147262057900882,0.7361210129862141,-
1.4978755661882337,4.041274475082027,8.494369316474407,8.336457169091634,0.08605075493504755,+
0.7581273323891136,7.168139346635147,1.34845661223227,8.158241881602088,0.10157995979156469,-
6.9231052579342025,6.4029675835292075,3.276114838306734,9.12565428121662,5.93597029855178,+
9.367285600266646,7.623192133128262,6.356450933773259,10.0,2.968901680860782,-
5.220942730053859,6.871995850090048,8.185203292069735,1.407908087663633,2.1463398565800187,+
5.036533647067495,0.25666455095563606,5.193380563437675,2.144782330927412,0.5171503366015585,-
8.7285246690369,9.014868046675996,6.385429613897102,9.775276564045788,6.518685229609641,+
1.2275983094137077,10.0,0.12059424723820934,6.302540075149808,0.31556584474583477,-
9.371155708829278,2.382372582099046,9.507462874706665,9.087400972025376,5.978081827982999,+
3.3491194017977515,1.1615046583446087,10.0,2.8702654599252737,0.6863668530930167,-
0.8624531346901221,7.595513866151583,0.7246982288426551,1.9024082663280406,7.505593755673542,-
1.0834495773564508,0.7893829395665815,0.7606734600719722,3.673684081378748,3.7484290978850296,+
8.585506998216491,7.343214495150972,6.648169788578571,9.787379356702422,9.577812300690349,+
10.0,5.260815411617058,10.0,10.0,0.16715570122420806,-
7.012377577697791,7.124283694575717,4.595784818332799,9.20753855116051,7.921526076928752,+
5.047207461048585,4.068607285775387,3.2457219987922916,8.371486992114596,1.373211428358872,-
5.689189193390462,3.0247224460532394,1.4675494695739355,9.446278895569872,2.5116098249100673,+
9.56025557815542,1.4677878667643285,2.631949007491535,10.0,3.1429363977877918,-
0.08833313527783937,1.1167897993315368,2.065076854563994,7.764539092392793,9.266010511933322,+
0.04414379952703674,1.0752478347737824,1.3855631065786937,4.006617514567518,3.5528014277795497,-
8.906187721766956,3.8345931332822403,1.5789639950770828,4.488333614411562,3.4218902134181794,+
7.676149852337219,1.0650942709620286,0.9768385088074361,1.8072609425044355,1.0081313160623493,-
3.231530427626076,3.7062646015621814,6.655890036230437,4.951299683072964,8.76168844722401,+
5.85571266291902,3.9371021322295383,10.0,5.164232886359976,5.438229386463081,-
4.513372275991493,8.204120509637681,7.072504677194088,8.402471818081617,0.8836908363194607,-
8.478933250127868,9.41358261653424,8.64679485399279,10.0,1.0265979903494387,+
5.582684742084424,8.787763395837482,7.801813975614397,1.3259926403244604,7.680747647706884,+
10.0,7.048110632602534,3.9618614192411408,0.7401810292090136,7.257913600659142,-
5.448160191612379,6.194746912901055,5.213852923518578,2.981781781871218,4.041116675581372,+
0.36258558617935177,5.142687341326082,3.8088494462169025,5.813616036758315,5.166481212281592,-
0.670412904039609,1.1677750559597,7.076898240502584,4.80293741025549,3.690286378840187,+
0.13206385400224704,1.3589502414036372,8.125347933546893,3.1256575708427308,2.435914083209394,-
7.888284397944507,9.728346633258122,9.530698038992394,3.602108132971711,0.6828406643025509,+
5.07372932260969,5.513635885078496,4.1909835420964265,5.260572601229276,0.26189699347427814,-
1.720715932420459,1.2072914974224225,2.2959011430727005,6.8832708086790815,6.309513006677893,+
2.385923135244343,1.8404621200826081,1.5971542341788347,9.165292707929327,10.0,-
4.35735561673384,6.878851038458901,7.516848994543617,5.2602904698593935,4.8432664601453865,+
2.9050250861420825,2.3304367168490816,7.329939462691782,7.881686536632995,8.319117922739872,-
2.6674944791525625,4.338152573923112,9.994193587609747,3.6946075094397166,3.537903018478504,+
3.004299453732981,5.231521409777763,7.727349073008315,2.0290785450060937,1.9996015220805226,-
4.22013230145855,7.099124283679304,1.9175864822681787,3.489253532623259,7.873679673522224,+
6.980920115557004,3.516280960655573,2.6242680483699248,6.466324485176684,8.250947762893007,-
8.656443338234773,2.5347299445549245,9.913622922094849,4.73728852808147,2.8602265800615334,+
1.7785787339016688,2.729662240383996,10.0,5.205032264260192,3.1448674678668325,-
3.868059870833206,4.253983801107827,9.031742181282848,4.045494163915357,9.595690826908728,+
5.8115492402713,6.61368378799183,10.0,5.919097880031412,2.9482108861322787,-
5.8081689464469495,9.049276716942966,4.73794134824197,6.203380329256941,4.208692107869715,-
6.24724766227171,10.0,6.894524868762659,10.0,6.4336781701230645,+
9.491836283459584,6.457543463496655,9.268520759836202,5.308938752201376,9.885300597673695,+
6.251308410273789,10.0,10.0,3.0881619341462647,0.17889409673913376,-
2.860252085395343,7.778540922029365,6.789794301672238,2.4281384267057105,9.318772666447927,+
1.535790915985182,1.6503529283627356,2.1923557547125783,0.7125213909957328,9.303669044749354,-
0.025788234219317197,5.56390180023892,5.854709869692821,5.707079910541745,6.455657491775626,-
0.029472240158279976,10.0,9.32598497933604,9.448648585670963,7.403665684302999,+
5.568766802292188,5.017091117793775,3.4266474424457307,3.461025457840213,5.978182740708266,-
8.293058491426342,4.926427285942284,0.33499454142928625,2.938689135673757,1.0789455851903984,+
4.865168065098878,5.407598646773776,8.972275451251761,9.148516659527495,1.127846573684732,+
3.5023821630889738,2.437543529171778,10.0,8.277202951614674,1.255524213724912,-
6.107913522086761,7.93209259296349,1.5542894992320644,8.589345856806268,0.23519753478864147,+
5.78759601955262,10.0,1.2985335877686335,9.295306156735343,0.2204694112029495,-
0.4490485795626986,6.08281443917205,8.341104546213344,1.1761640186690503,6.62490028099786,-
0.6794931145440297,7.354840540983967,8.455143163928598,2.06281130638168,10.0,+
3.17074168018064,9.88412694345312,9.577206987140576,7.042642999551574,0.013316757723964567,+
2.736538688362116,6.814329071429139,8.495682323421308,0.5470513954076445,0.013258105978906936,-
3.6316665356695155,7.553699805951966,8.513655876413226,0.2688208285177074,3.0300030506672626,-
0.35842851188749936,10.0,8.170049205633566,0.07333365763648912,0.8980897686147713,+
4.861022361854046,5.934910562489655,1.7736512331130438,7.069825934650952,4.709055446022031,-
6.942675568524089,7.5837975835667875,1.963252663212445,10.0,7.48009793104411,+
6.252756427407904,4.818491849492984,7.412107405407225,3.9931104203635783,4.573555342942505,+
7.606346794808847,0.591457593998259,9.41680187107071,4.960946869678961,2.1540870567612207,-
1.3446859549355672,7.2286706891726915,7.875120904689124,4.645956825815598,8.929872671673282,+
0.7280010834715109,0.3078528708766146,7.529888597889417,0.5272817273565884,0.7787239571371894,-
3.964408831052697,7.8943702814635195,8.428669427630757,6.6864954707396755,5.7567088094499965,-
2.3937462630294073,6.025585877802319,10.0,0.260615473937637,5.642588099150371,+
6.06979920887424,3.9497390669903343,3.1044301229106095,6.244700500622887,1.695510375921958,-
2.6628788670636743,3.3383246731838074,3.132842245378663,0.6937607844432941,0.31245271483373577,+
4.0670328531453634,4.286332210697536,5.672041623212292,5.031921762110173,8.861524963073498,+
0.08303781391437319,8.475466332903425,9.120439011684766,3.7541408053199063,1.372439171568924,-
7.493059145142235,5.44231772403132,3.103234052217849,6.664167543969679,6.487082805604032,+
10.0,1.9074466301747184,1.2858088006309047,10.0,10.0,-
2.925776666047094,5.601108243642461,3.269150564352772,7.439129567994285,5.443014260641478,-
2.104764326777151,9.34143901679258,1.477342482363923,9.015496862639328,9.045055903422933,+
8.969223422857965,0.5473291676388914,8.552244163527487,6.5493583248071925,1.8465822910658458,+
10.0,0.2900864988546732,9.63358502224121,1.4537927828325439,3.5129633762709256,-
2.4503566093832054,3.607414514740702,6.467500467447862,2.6182300210019527,9.444694276872472,+
2.922778141086765,0.044886838751461315,2.485549871421147,0.8647360519193774,10.0,-
8.630520431828742,9.759968844319191,7.914081832227216,3.80934969670749,0.9204749481647501,+
6.8936862334100475,10.0,6.873869122395269,4.0208806706787925,1.35323599748751,-
8.410565579687075,1.4484759527414037,3.6499717140691312,8.737244152508088,9.31788426530563,+
4.334346795066098,0.582166935060475,3.3832160387485635,3.692238435468259,7.61285120924418,-
6.618888884858064,5.639859020960327,9.522357018172816,9.385581099948514,5.921279006440086,+
1.231947678546095,2.1183799869443503,7.0000295136201105,0.40987670331550274,2.171010344150879,-
1.512427530474566,2.612020927746207,8.534890867275601,3.537428877923372,4.791960460511127,-
2.0651066875509327,4.858541492723784,10.0,6.682647155629201,4.917875786746673,+
1.5476556580133949,6.6980898529179465,0.9065892472092896,6.726979365130818,8.785979832353103,+
0.08669439272444929,10.0,1.1677903433355832,4.874522587367912,3.2592863872151683,-
6.6999248120188035,2.972172786238808,7.583933902586825,9.181502977787343,8.28003332195528,+
7.68174104193692,1.8837297457808617,9.176833952596168,10.0,10.0,-
6.877503119110458,9.878232356231548,5.426509963152434,1.8345668436500984,6.79772210596915,+
7.011718845269359,10.0,9.267763395503774,2.4485052521347805,8.683422640179652,-
9.639378766960533,6.5993129305305045,3.4636380795870467,4.054106681101698,0.3990270615470459,+
10.0,2.262084356167237,3.1243459864195895,6.583287998194342,0.6076221572136358,-
2.4259429373324934,4.498851354065411,4.129290318913345,0.0030085427046888658,0.6704523335269075,+
0.21894939173570901,3.252764071677618,2.9893756838246657,0.001067363540593189,0.07083553811107747,-
1.6938410566943907,1.0678860915628963,9.919712237731638,3.7205366285123076,9.25686316814285,+
0.6619843013788697,0.48533389632834606,0.039383693733287185,1.3200965752306826,5.1574244665824,-
5.423342164547944,7.658722412121705,6.369487382589838,1.3069207526201632,3.4443332161382445,-
5.0010226604192045,5.7564749545922345,8.951025274680966,0.5278539363047055,0.5196060198578891,+
3.605008564215708,4.656210458699158,2.5884078353384354,4.012585859930963,5.839029291360969,+
0.046762271136704316,2.9310254836955854,0.15936108427870288,3.8363797537845796,4.4655442135759875,-
1.3796366199008647,5.99588744839199,4.297151619516679,7.868147392170651,0.5936817961155794,+
2.0269577552220674,2.5512186769091243,1.6521796851257153,0.5347554321478108,1.0335901655807536,-
8.675559370655256,7.345783211518047,2.032406671461123,9.1107476392168,2.0683586654052832,+
1.8725446285518135,10.0,2.481926374889086,10.0,1.2964848231820885,-
6.4844206128581305,5.426253545386706,8.511888738003673,0.2575263432404218,0.7593198698639769,+
4.477333581397358,0.8295745947963193,0.04269632854191833,0.1339692263504635,0.9977304641366201,-
1.6578851822030105,2.654242096816233,8.975727050092464,6.954591974594386,9.834425059749318,+
1.1669430228941942,0.6679132244212708,3.0192345857224496,2.857657632661118,5.254094629841522,-
7.428239123221026,5.774678719032083,5.338170525130809,5.183143554202168,3.018204084133247,+
10.0,6.44876358315663,1.7123959640975766,5.345342460733568,5.912151235404516,-
8.40196359673264,0.9204710765180846,1.532928098331583,5.699598994596634,9.35875244591096,+
8.48330143082223,1.392821860075922,0.579728819273475,6.571759957105005,10.0,-
3.9691897394005826,8.18105568420412,0.33211455707191195,6.327588541527254,6.382263143023351,+
1.8354594046374282,4.271837036383582,0.053935578440997174,4.016376035848241,6.2268216921645205,-
2.2527409476448,4.217212245365331,4.60707670647038,1.505686904141974,4.1433215742351495,+
2.747340439534884,3.5181267931851887,7.424965515727481,2.7222426614263364,7.3758196325679855,-
9.438273313023975,7.575089069673764,5.755212211336209,3.9246822274730206,9.389030824927504,-
10.0,8.26877534117516,2.7800453213983807,0.12004979779014537,10.0,+
9.736423424638401,7.403423405525961,5.419434652651902,6.384988321789696,0.13620293274657413,+
10.0,10.0,10.0,4.441751284987043,0.25771287246340274,-
0.6313559309947736,0.026667628675540733,5.306715058339842,5.089402597054324,1.7284096550655104,+
0.4541795523918257,0.026483755990498247,7.4362343009595975,2.029488319100757,0.2139079617774492,-
8.943542744497975,6.487985515958431,1.9589461530333263,2.9978552173212414,3.2968704825551196,+
5.663561445998233,10.0,1.1507974259056826,2.6284153403755215,6.4310452882032525,-
7.938705486450628,2.755162158599984,9.246160580529189,7.032231928720329,1.941360921873847,-
0.3972982724970341,5.077282624556851,8.580583981879304,10.0,2.942141131227091,+
6.489171544498353,0.6207833683938258,3.152004359835124,4.457298288820574,5.669643361855745,-
7.166253552467139,1.0408948309197745,5.423928135270065,6.791478138553984,9.069973095451676,+
0.2711988380701269,7.610980689006603,8.35385306508831,3.4252560829279455,5.275429810571896,+
0.42876793959476045,10.0,10.0,2.178945359061234,0.06823991837173328,-
7.389438991834173,6.74969635418231,4.108675543928365,0.9448934361136119,4.845303080295431,+
9.224290272855379,3.119021956115271,4.577846044479378,1.1843047949573917,7.6770386163392725,-
7.434541705523916,9.582434359163592,2.7823636960057128,6.143230816449582,4.419293697931758,+
7.092612935819559,3.351747176376199,1.314826643109742,0.6327281052583019,1.2119130482112388,-
2.6287652611693737,0.5686660948731637,2.5130314769472637,5.682943394914454,2.050088014101429,+
3.8126712223320975,0.8068016688215086,4.949281011911698,8.5384610070619,3.0384732207220018,-
0.5954980679029576,7.456855285048881,2.75339636463354,7.282112329807189,9.135538227641227,-
0.9924639164981409,7.2023665070327,0.2181334834851645,4.55024453687481,0.06902093152773407,+
6.088586600872211,9.988971462825095,3.504706306484673,3.5995560421182926,9.642765792258718,-
1.9837130044747373,10.0,5.841659795016896,6.014524974315903,8.543017101777357,+
9.925321198659452,6.3430728800502765,9.237424185759123,2.5083494133667603,6.200493495791507,+
10.0,9.478160665092778,10.0,4.41373383924166,9.489796444880314,-
3.5754918316201865,4.87645327447378,4.914125888529764,9.204599110431214,9.147958510893918,+
4.954133593601947,6.231844722829116,2.234135907198822,10.0,10.0,-
3.7745635206692763,0.21397745913291466,6.7424719643136255,7.452690510357025,9.613197410721332,+
0.28636702487422666,0.043792640934617696,6.410440254524233,6.461186469096445,3.013569657360076,-
6.590447439015723,9.10496307118789,8.834030700737483,1.497888673560075,2.0597378717884673,+
10.0,10.0,3.3298661537249648,0.8336322113616859,0.9921134340839773,-
3.792796830205558,1.0725822049075617,0.9170147220916269,0.15039581229515764,4.977942043495046,+
6.682491788319706,2.0110968915367806,1.6274522062467809,0.17305236979768454,5.696848574675713,-
1.649159025165401,8.014406315217297,2.9368852775724665,5.778474740781151,7.4917055837394395,+
1.4627320212452912,5.044606914087997,0.18025967571666657,10.0,9.384925981964992,-
7.732821856841699,5.097452517118191,9.51503008399867,1.5398719104514713,7.383780771992407,-
0.9957506754027257,8.674114430761733,10.0,1.231832074471181,7.46581929266368,+
1.8987148533857012,4.900755292647955,0.9774589968069858,5.635193548287566,1.5704437244878167,+
3.183893444695524,7.564103912349123,1.881896909552263,5.979456868056,2.605090187688351,-
8.104777292721282,0.9919940404019778,6.669222443402827,0.3693011243748612,8.951412899990448,+
0.8284354308801485,0.16828527864646955,2.01108987883645,0.09325009374476054,7.0821713306816605,-
7.735939512943363,4.463849951723918,1.1848374984780696,3.65282550753835,1.6152592055560266,+
2.369997805610984,6.56267321028615,0.8680295770732439,0.531091388965095,1.1990363366281032,-
4.57981537539267,9.670836901073043,2.596578061139102,1.752945777647552,4.8781592950898975,+
3.383941645462827,10.0,4.080175019569726,1.593052603501226,1.5080893482802367,-
7.302421989683778,3.819646166477332,6.4458576719949505,0.7925607625120945,0.9359510634050128,+
10.0,3.87674738286211,10.0,0.9174423314438371,1.3888581241656948,-
0.050674135477223325,2.7627440029688985,1.0733879366166688,9.10498349458732,0.46010675303102766,+
0.0013284901541205936,0.6901149993004971,0.9311157920116069,8.587276763366459,0.15435460774478993,-
0.6563574079820345,7.29366290968061,8.266095789143748,0.13279935190714798,6.358734208483411,-
1.0152077426053434,10.0,10.0,0.22309314558555024,6.969916492920937,+
9.105491920411096,2.511699141658126,5.7778625128890955,9.906428381871548,9.970562782665576,+
6.429815434085278,4.884538731306424,8.68439809265982,6.073269392218778,7.298872915991561,-
5.923162322211849,9.095704506943843,7.778871629331271,5.3352497273902655,7.184768577143771,-
3.460077139988228,10.0,3.8823389194505724,2.504342774707679,6.440323651318768,+
3.626629588041502,1.4099812732978778,1.020549138098955,5.253627931061522,6.454307858777138,+
5.8340690381514,0.06291681395459299,1.841596666483684,1.9079718663729808,4.859562609817651,-
2.019620715654092,1.6217718959824612,9.669269195552792,5.97671715159318,1.3356900120819815,+
0.34155781703249544,0.6300918781525601,7.8498839424632845,2.77837008284731,0.5121182166269419,-
8.286539474630056,2.866513007200282,1.96794393886224,8.699850196604539,4.620748469100045,+
6.226659629677196,5.396920889738232,3.668943385088947,10.0,7.7204622888355745,-
1.6871538769613958,8.577819596990357,0.25795608867506314,3.412170353440226,4.624350163029128,+
1.5035094581858321,0.7646891939161508,0.05614317520953725,2.3292699621830613,0.5588210269998746,-
1.3839693276645348,1.820341603591067,6.812074283232104,9.142692488351024,6.465267990724892,+
1.9204385838261773,0.31739139414610695,9.140831989124893,10.0,1.1999846234289335,-
3.846262410572016,0.6759618403211254,0.001630421904368351,3.649446054481019,1.9194947531852202,+
0.8194788018519014,0.7707246281888028,0.0013674028849981472,2.1455350240475046,2.2739900342633192,-
5.933951077679152,4.6073055451479465,6.580781813501657,1.6685660854138284,6.76968600471047,-
3.0865288372985873,5.902236546897893,4.426279201707721,0.7003843319823384,2.0555996182281886,+
2.129327685773328,8.274450412182192,7.219890855701143,8.677571574242034,7.447516757740294,-
3.9188038319637353,10.0,10.0,10.0,10.0,+
7.161021468393802,2.969067586170697,4.503367153495217,0.7489367189050622,7.2459365712340515,+
6.431006609914656,2.1258586930758514,2.814636595016761,0.09540138644052024,6.543778753864701,-
0.12867001140406842,3.1923006964581613,6.295644918746097,6.464635698869107,8.67661384091967,+
0.13792255042201093,5.01764922378192,9.221876002424091,10.0,8.250394397098379,-
6.274500777317057,3.82407547664509,8.476405305471214,5.100106509857066,2.805291124837227,+
1.3532585852196937,1.591935521567603,3.515769492810468,0.9468897027214198,3.7055006074686205,-
7.475826088454597,2.5433854048077387,9.030001394256853,4.713791844633928,4.839571075852165,+
0.3866596515720283,2.2706654272941367,10.0,5.2139532579432,0.1224824181115787,-
1.1290226112521462,6.959294775435473,6.480081956977019,2.414901616212063,8.932316512719042,+
1.7755591046084354,6.1995961188566415,5.049731446246101,3.819757468142477,10.0,-
9.175999404817626,3.9919992728617046,7.788842049026861,3.000716258665582,9.342302920972323,+
9.256469284869492,4.854641858576042,5.120823520797881,1.059354701492391,10.0,-
5.624753847302263,9.018392050019397,1.3546501985089932,7.631727852330159,2.905694904097711,+
3.446438832532242,9.37419872380219,2.652539619851378,10.0,2.887346815638126,-
0.4041471752059955,6.85044856374311,0.35349439842214725,0.5978692794768337,4.538805080038952,+
0.2746584011677451,10.0,0.5545005092076043,0.10142644124311852,4.184178379261132,-
2.973285765542993,8.686569567347675,0.04463029335824875,6.594441213542787,9.780959970163082,-
3.7803453477591114,10.0,0.07423028345368571,3.2029550656552006,8.6533146218052,+
3.73983742107633,0.5218563932747222,4.012876002679809,6.926917310965682,6.553472264718925,+
5.168674003699796,0.8327156744123668,0.5833251930308369,10.0,9.42961124480523,-
8.934671006349824,8.982596130040431,7.403785978162628,4.3115054701202595,1.9268591223738107,+
10.0,10.0,7.42148564630811,5.72712807935277,2.079937833229646,-
7.331524327041703,4.609535603755811,1.5147502752270792,9.19480702902085,6.8157088796436796,+
1.0345242163943082,4.503330755226649,2.8324569721436603,7.819628039571812,5.591088028794248,-
4.657984692510155,9.536920816189166,8.044960021730702,0.4845159504453622,0.8678942904050657,+
7.819344597522808,0.4095532013864918,2.1450472370761844,0.3973762023399921,1.5490862115914896,-
6.21673159858045,1.2085898568967723,7.04468418586878,2.9114282293956952,0.9142689958925843,+
0.372349870300262,0.20915914596323734,2.7488652759818573,2.736056590584243,0.6008975623800215,-
8.572692424716191,1.001383332473914,4.884910655269427,3.688101542813631,1.7662247382889118,+
1.0410025434282526,0.8809656553624077,1.714636761078562,4.329591752998596,3.4672178772725566,-
3.599828715609157,5.4490990858169885,3.6589860559545837,5.617201858137606,5.753072953753305,-
7.160887044945558,7.046862161264473,4.997208066264429,10.0,8.083403987080654,+
9.649650476945133,3.6735442005335783,0.9835355555578973,3.293682967694936,9.08310484964194,+
10.0,7.076960356168068,0.3003988455712146,2.4480441786832463,2.6772586887909204,-
9.279497712977353,9.284599801422166,2.9899344746721566,2.993798117615926,7.9671244396425855,-
10.0,10.0,3.6204238668774247,5.89309889154201,10.0,+
8.518822247786407,0.8363471049555227,9.355277874908772,7.275954769833119,5.290284977989771,+
10.0,1.239358586329965,10.0,3.391274470990681,5.466923347594593,-
3.0299079512285054,2.115257000454165,9.639848187253937,1.710727419190261,1.671880829980229,+
5.1725546852099615,3.1045640654492948,9.032868726039906,2.8470632014639916,2.6955810641278775,-
4.418715780973377,3.4970665019470095,3.9833791737594835,7.97242723485642,8.976220238864062,-
6.164823453646902,6.057745744810257,4.918274416054632,10.0,10.0,+
2.9630938575287322,4.26668291952967,0.6916459340997094,7.929150992611391,8.241706310942563,+
1.6778441487996467,0.9564249135290148,0.6273455886736808,10.0,0.7346138897489956,-
2.778442049788039,5.080040336723365,1.3394786068609699,6.420087265555736,8.705497299931002,+
3.190857023105466,9.742638156216712,2.344754263925625,8.818021483277027,10.0,-
0.5944462654402594,0.8654775185164998,5.5138448905517725,5.816040687773056,5.75906407676923,+
0.11682642485090342,0.324496496432272,4.2300378484085375,4.708063553959639,4.735963250688953,-
1.0919244891997593,0.4428887299769635,1.7675374124452736,2.2337828396673,2.8233097526523823,+
2.149864958615559,0.15527942594562738,3.2528823989294002,1.0863976845610643,2.827496317905785,-
8.56614682528794,6.138718639584333,4.68850921731088,7.460904580865383,8.661491882512287,+
10.0,9.495058547618576,8.107096763018841,10.0,3.1833988336390755,-
4.415306563337129,5.608274392436802,5.013224359386785,7.130829780288787,6.374588912338886,+
1.3766054891126218,6.092511705536401,9.177536662647576,10.0,10.0,-
0.2712785531204176,2.8078609752055907,1.4986671261592277,0.024293375041409826,0.6158193567562531,+
0.43118314004821984,4.15337032688138,2.722477330805471,4.6299326957445193E-4,0.9533542964123771,-
4.185587670251339,4.56043763468724,8.239326247144637,5.50908669224584,2.496780624308552,-
4.064779928141844,2.786485311634508,8.614729925736658,0.9259230730745726,2.1636263654447627,+
3.947887801223695,4.7874831712632115,9.35101299757952,3.539819488294522,1.2610247114687712,+
1.022131613953506,0.06009260840882112,0.9827460018381695,2.658496528139841,2.167926898352884,-
3.055413899994186,4.353316115962063,5.44680569534473,2.4840297335911776,8.416968185603865,+
2.5386145222706697,2.1181389624604874,2.2982500442885763,0.9734774790901266,3.91986792292318,-
7.1866248474329755,8.774365122546014,3.981928082784095,1.2785797659953435,8.127133695452113,-
10.0,10.0,7.1550951207220415,2.2013676171481893,10.0,+
1.6345228605416562,2.1981474283854627,9.297635350816115,3.368331642790161,1.2134936128387463,+
2.751310138599775,2.498969381645988,1.2539196259063563,3.4553300759097576,0.15697824695877965,-
0.4253667703519981,1.5173880813235863,0.27345287426800535,5.455025519115042,4.331104501269742,+
0.28355785861422206,1.2814599661950197,0.28876507250280964,4.584474122324745,1.676751499211713,-
4.683501977163855,3.6957732836155333,3.848188731427152,3.3317098287134317,1.5347143688605502,+
5.803851080524657,2.985103528899497,4.490230580323249,1.4228116401585842,1.2728598651143375,-
7.2062364319179775,6.163820114966932,7.056724688661642,8.330135635592137,5.023291233018839,+
6.297235255596703,5.211046789760691,0.735257919465712,7.0309811231442945,1.193916351554938,-
0.24484531867790205,3.85466048337483,1.6467503729594934,0.8717311166244868,6.858172326536876,+
0.06991696690086717,3.315306709478774,0.4450379781746425,1.4798041205365617,6.815229320773669,-
3.9104132479048213,2.3965955815932025,4.862574090233118,3.2007646388762447,6.8798017906189575,-
2.289622372031162,3.6074846810701677,2.641264086377853,5.829264585052882,10.0,+
7.638624144614519,2.7056779912009308,1.8250220516538807,7.863951251863962,5.105315503351699,+
6.6778486577333664,4.40301458548848,2.3647819516404462,6.077177203328581,8.633551227554296,-
9.313904683981265,3.368126888205174,8.44055555944196,3.5509251237866457,0.9248347664125134,+
4.436790346103851,2.7459146287464353,1.9998027339593039,2.0431179300670674,0.12164902657591978,-
2.014102033871874,9.857404955589933,1.5439872747846606,1.1876907231925382,8.223193102113925,+
2.4300961142506234,1.5257280500086148,1.8174189920170156,1.2873760311319788,10.0,-
9.975751515872052,0.43382659791745715,8.120280614189076,1.6561505953272238,4.904995037605783,+
2.2446625236940796,0.8283219408945356,10.0,1.063403385325215,7.668963305555738,-
1.421308135944056,6.04721144493341,7.625602668065951,2.045166061267455,8.352476691996827,+
0.6282356374193239,1.890181350125568,10.0,3.11700646637762,10.0,-
0.6128971760511259,8.98449693126432,5.968923325042214,0.5650907996354593,9.147066470529184,-
1.0574527713457207,10.0,8.706990212354711,0.6912933788489338,10.0,+
2.122494542936262,7.883740232673223,5.053757993436299,9.455393902365604,6.222311202606679,+
1.4007610421134513,10.0,0.32309799885306884,10.0,1.2539671840751994,-
4.104204304561025,3.5133429807694236,6.960235857045244,8.088587580796794,2.088405081566349,+
3.539007574688511,3.6287626781826714,2.551426777743352,6.129385736599358,1.1285824458679836,-
5.41527629451296,4.698568503559911,8.165811209082698,2.198296736045159,9.813955841997302,-
7.573337535832088,6.711011889829679,10.0,3.4062295044995485,10.0,+
0.7424344618839696,1.4856470740137917,4.545788499211218,8.535560021855797,5.529035751129103,+
1.361203700802657,2.9605034674771433,6.797166342327919,10.0,2.692128768545268,-
2.233791895809759,3.3126196226536364,5.437923016745493,2.053681546508125,7.378545590810399,+
0.3179089738994576,5.912633678017091,0.8775243960314268,0.0012181786820702307,1.8747773859577805,-
0.02441826817296766,0.867106249136872,4.458756090510944,6.682660513441693,6.842527584987955,+
0.013945938483081163,0.7967167655892413,2.465929821618593,2.2311891771201338,9.649599780946458,-
4.9323190430687,8.528993851127895,5.881462532313493,1.4422507557057473,0.5687306204194287,+
8.008188970401607,10.0,0.9089190349792381,1.901781094743067,0.6443807048451224,-
5.591887634441416,3.0476979703290263,9.553205557653575,5.1139073417343495,4.9838345065978515,+
8.300908376916766,3.145654404204203,10.0,7.525237526759056,5.243375880201315,-
7.357008553104088,9.739835984768085,6.670118654652803,7.428265427339813,9.390548760611427,+
3.464204139625635,1.8902422094219657,6.093043497506089,2.453555151150771,5.107927412811477,-
1.6846435924142245,3.7638523181845684,4.962383412388726,7.156869350429284,7.461563110041441,+
2.3229661896046894,4.0857804029397355,0.6097125913684112,10.0,1.6802277140903124,-
1.0769262062681173,9.666914694661195,2.8215227185265657,1.1889149408332822,5.355213798730035,-
0.5865971215756886,3.96514895930563,1.3925357678552064,0.4802805540529976,10.0,+
0.7898331101454181,9.903725044575966,3.5126951376356983,8.75709116924164,5.898065222651445,+
0.3823273205106322,1.5026417284466982,1.4900272819514964,10.0,1.5529157676423795,-
5.355240107264456,4.768894689626844,5.037995860441021,6.771533369151118,7.750471751907945,+
4.947984445361914,0.4621521301854332,2.830623845867863,6.283069806614879,10.0,-
6.775896935856465,6.681040526223248,2.673641383579588,9.959611365102576,0.3934179836500584,-
10.0,10.0,2.8170431392524447,10.0,0.5507047670733966,+
5.6959513780376305,1.6994792367501899,1.036098691287547,5.533548499269397,4.661913046199254,-
8.945499967591935,1.8038890551330002,1.490553851797025,5.223522782647253,0.7003887920212433,+
2.5032389583665493,3.496568498813495,7.817734849687828,5.222378460971871,0.9199608130491599,+
0.36520315012662796,1.3763208944307905,5.4960321707010795,5.567900336882738,1.5943961338471453,-
9.489597304453863,4.756502300759543,0.438454080263061,6.400251965060555,4.572554911381539,-
10.0,5.234075038171314,0.783137567750626,10.0,5.8875096790243715,+
2.113596843297313,5.401902584373543,4.680580531668293,6.870940853132947,9.74575750233109,+
4.073900721425651,6.548929045858891,9.050621915675512,8.59988873825539,10.0,-
4.507864434164514,0.841796645360201,7.353817958698697,0.8241307300279443,2.203581211938616,+
2.2217539562379978,0.5458773862529356,9.409069693849066,1.2824705901922626,1.914442301209783,-
0.9189987356587637,0.6167790411420648,9.530651960371051,2.0694889152906972,2.9347299595078202,+
1.2736220775227935,0.1387799026374314,10.0,2.9711727829571304,4.814866626205332,-
1.6824796041968915,6.5466857709050785,0.15260174566683604,9.58875018886397,0.5929610423812626,-
2.77261575200401,6.816046363349512,0.29061968330720994,10.0,1.0065418370098622,+
7.340363307333956,8.834790208640616,0.2823724849238096,0.22738484051516794,1.9506541438643699,+
10.0,10.0,0.5083522837078487,0.2873053650335133,1.8742727439720956,-
4.38686049993244,3.9643614462272336,9.16068259910372,6.0783515695184605,1.488709427074868,-
7.613687255250301,3.0525592163564683,3.8271672849856686,4.74778806138831,0.026518058404234417,+
4.217858795849372,8.75638850808227,3.953564796659965,0.08379540421416087,2.591094772366148,+
3.089732299535993,1.4486133608498968,1.9451938307026215,0.05989253097229459,1.238489996520697,-
8.326413066459889,3.5619858623072576,8.759919599292662,6.550044057050586,0.5492889831027203,+
0.33122867559938424,0.6159444752544889,3.8438647159336927,10.0,0.5724984853517527,-
5.885637222673151,6.000797633595999,6.483805634709503,7.335861000541951,1.9769668532842954,+
0.493913861693159,1.6664791263545276,1.9297196848562075,5.506928968401674,1.8015439076358506,-
0.5522078312836209,9.429372257200004,6.3470109968261195,1.1309556064467519,7.491205894239876,+
0.6416498582754941,10.0,0.8157202609141229,0.8378059967599655,9.695652368984533,-
6.18656873655652,9.226542774389992,3.7661010339477983,4.150228657279092,3.1710089857618473,+
10.0,8.910900335763515,5.622705628986856,6.505286998393663,1.7330731041336496,-
5.3036290349657165,5.845375650597272,4.137970721067462,8.24541966225446,9.325778477993095,-
8.135653391510736,10.0,4.787764662375052,10.0,10.0,+
2.0193079371193203,4.353256139346785,3.1820918010210555,9.961938835808606,6.384086772495628,+
0.914074676150313,1.573619775348192,0.9380059515687682,8.304279773040776,4.792523361500018,-
3.0789367515032118,0.9061631764134837,7.88848539628926,0.5012190146444795,2.847631228864608,-
3.880961227088317,1.1753975550273805,10.0,0.9300304597207356,5.46465993752844,+
2.169646514997626,9.387571995095271,4.508215354817823,0.7890337851738394,6.550802287731608,-
4.323343297435708,2.326680392145476,3.1962525692325054,0.729346282576252,2.734812681566619,+
1.9370996129015239,1.1131117385557499,7.728181837614403,2.919758964331053,2.3751706165681927,+
0.8470864471302336,1.7748871103825146,8.59358736218935,5.733385012722989,2.47084694075542,-
1.5774742384840656,4.440799533003644,4.1712675759012185,6.806101178914768,7.163077798166928,+
1.5172796798923116,4.738455082179425,4.745476892165268,5.768829359175635,4.526430440701601,-
1.1234233331975585,4.242506945803378,9.236887894781848,1.576299872255622,6.53874275440447,+
2.055573360431366,5.2417698175642435,10.0,3.029729368152997,8.470268293825105,-
1.9548760696458478,8.280638720949513,0.23604346575003876,6.1881973171031035,8.26910656088195,+
3.6648947716140974,8.898340333632671,0.12046728592742574,10.0,8.587126318250254,-
6.212406415326269,2.900958823088126,7.040481317851494,8.550445342661435,0.21197934326666834,+
2.9269561396040245,0.5593020004524403,2.382575904374498,0.6229002593961999,0.2309612460984639,-
3.087768290366757,0.6557330049553733,3.7731231334281503,8.278607198314889,2.3826875314122455,-
6.077708531560023,0.01518580316077993,6.478853302494413,0.252724689670106,4.304296561410096,+
4.4016416212271645,3.673808870222801,1.6274217431186844,5.881199866173845,6.186708485884669,+
6.292984014541797,5.06794908336653,1.7169563948878364,5.974723940109891,5.513201363458319,-
4.2003630104287435,4.786888077865409,1.8703460409971329,8.627301341040589,4.00101885137275,+
2.546685924508543,3.112032859020706,2.2520755898535043,4.616470935981275,1.0784207591304515,-
2.1380086877332816,1.9401207319909353,4.778961655642764,9.647133379648508,9.040462635159226,-
1.6907527056879668,2.476026791052965,3.8510780826797504,10.0,10.0,+
8.125810853872048,6.82264263144846,2.3970748959357713,3.230367531278847,4.701530224738732,+
7.129563855515796,10.0,2.32029879090018,0.39962722082078705,5.106556055793969,-
7.218261357673649,9.90361387992613,9.445095091809627,6.196526344368616,1.4648391569667252,+
5.159201484475836,3.2230994006808302,10.0,9.151105287689898,2.0668684917286617,-
6.389180628784828,3.332820027229033,5.645220850359865,6.468772039758518,8.007140084147736,+
8.791734896400213,0.6230360094508636,4.230607307579501,8.069132671150669,10.0,-
2.344321596493435,2.820743892707487,5.506251203232502,3.6926582242442665,2.1204544768480407,+
1.2410883411015967,5.312165415653741,3.6935679052152057,3.472994493365932,1.3010693138480613,-
2.776142275928758,8.964709322220878,9.731012024651875,5.734414118763405,7.79929832703962,-
3.405985176925339,1.1187634088537208,10.0,2.5015814142712633,8.335904063326115,+
5.209908142390649,0.07995636212272283,4.341725138450764,6.878974311883153,7.861418261693675,+
1.7132450844064129,0.06125276896091413,4.012288658127074,4.46024063402188,5.724229894133327,-
0.7338935536545954,8.436508107277124,9.43245520790384,5.983897832212134,7.970742519341377,+
0.3737147754443975,0.3223510980882827,8.274584486886148,2.7167299451851243,3.981964348593954,-
0.8559900294858958,4.209696130296847,8.339996583187544,8.788206098327432,6.665440816496919,-
1.2969775294048793,3.2434713929765238,4.992256663261778,5.282620628559013,1.4640016963821667,+
2.4446578748467775,2.259016248827802,3.359601327615996,4.410757205212537,6.66146669411228,+
3.908409796819618,2.896152141325436,5.344801716527218,7.564049237359057,10.0,-
7.9537931217546545,7.524044769015402,4.246413788011623,1.7489061703275932,0.6673074086637087,+
6.846383287944039,3.345306477094892,0.9305960510352204,1.1805354677896205,0.5917572435630193,-
7.154717753899251,8.488507119814514,9.188747097083164,8.323466933700622,8.871486861950848,+
10.0,0.18444387228418116,0.3309666838824036,10.0,1.1131486011563767,-
6.257746994498968,0.9482049256162672,7.797513485450146,2.931426979450289,7.792809625373668,-
10.0,1.1205763446667718,2.3418853342620194,1.968693918735404,10.0,+
5.653293686274593,4.502950200001001,2.5468735143173693,1.3616254987539678,0.867175420813191,+
5.879333176652292,0.10686863328957762,3.2703858860259416,2.04407706380006,1.0371296326836,-
0.5980055451712551,9.81719364351645,5.880374251778836,8.825427903538882,8.436367948321408,+
0.891901091167461,1.1123150891001752,4.780663514843089,3.6586513911699563,6.1545279990737045,-
3.2669951031039157,0.23741475516832589,8.582838832279599,0.2997407633137894,9.093404162643342,+
6.232141868890135,0.09023918488225599,10.0,0.44260003425429123,10.0,-
7.97790657271277,8.143568790362995,6.179785253685725,3.429508088881652,9.816093626771133,-
0.5103984441867213,4.924860253839625,4.286275284769655,6.020429968102732,5.8154642831687795,+
7.949986928911442,7.878197315917238,5.740900030603485,8.339655543863206,3.738757389290599,+
6.484776862579654,0.49476711733436124,3.8116736185937463,0.5371833295307399,3.3843432317929403,-
8.463673437689444,7.285350159929628,7.884170425400602,6.638621312670299,1.2716760416547268,-
10.0,10.0,3.948394674025029,7.682406147371749,0.9760206623240741,+
1.8827361911942553,2.6646047220130353,2.62412897545338,7.24636304858243,2.4498274490610306,-
1.8479994844149485,1.0538915389288936,2.2540455748758808,8.560220708681102,1.540657852983069,+
3.78167772474737,2.3985919167727032,2.878972061234699,5.880478675196301,2.6318004872104073,-
0.3736939190968923,2.190557985348728,1.5688290727437084,10.0,2.357555951536728,+
9.554067005957453,6.822986034609101,5.60234914855976,8.933788614637253,7.940763715609451,+
3.0478952044726833,6.7493203037272185,5.475930904753512,2.8207624434694374,9.23168494278798,-
5.814429187626963,5.046760526383133,9.12152270885731,3.3029317091530688,8.069867490686478,+
2.0188279468308608,6.813533657152572,7.69354240869911,4.3394807930396535,10.0,-
6.839817501792832,2.4410224028695016,0.3531672315101908,7.038450291736557,5.736969079373459,-
6.561429391925762,1.8623193736294148,0.3161601953941508,10.0,4.648926629406801,+
3.354132137352046,2.8750596088337566,1.9843591664305071,9.324065490806598,7.050929350226534,+
0.653427674534313,0.5486775165343023,0.9253375582114535,4.7752467014229785,5.618898941784466,-
9.02373831544659,4.819923287111788,6.369688828723924,0.7345634153399239,7.192914501893139,+
1.3534462296873757,2.8533197526645173,4.416392795936526,0.35157298903840406,10.0,-
7.6468427949976885,9.874837460855646,3.7107372727330343,4.791982009216891,7.150361188965628,+
1.447880744387789,5.230686184403006,2.503599650293316,7.059101091456446,1.5357682699248143,-
0.8994840255859804,5.199783488933268,1.851580000716242,0.3704008697624106,3.3794337301682473,-
1.2966810524823047,4.898780445036912,2.3336850388655774,0.3819011916922791,2.1787245802593884,+
5.137943164724489,5.852911007238556,1.021726575200932,0.03042536565802667,5.494550934333607,-
2.4303379120851067,0.9121114524540208,1.428120166083968,0.025793888487868805,0.6148359533173005,+
7.710496106409474,7.68240207857891,5.240287542061951,3.1745768568783017,1.6897479701737839,+
3.6623141490780546,9.587841572689596,1.0751107385156868,5.103316894308101,1.4814401409576943,-
4.727897552246697,9.140957061292916,5.049103444522684,3.94795014180787,6.325274458492654,-
5.352270894022492,10.0,7.4183008529973415,5.024129389765853,8.73433065066817,+
8.500302362117145,0.4321513079372252,6.582871341218713,3.597173288362745,7.406772671613359,+
1.038618963120188,0.1902140849094222,5.781930605031112,2.991925220438649,3.008409312178321,-
9.1878085510762,2.9775038097199347,7.606988123171684,3.7596686060557225,8.84059517982802,+
10.0,5.0055616076600025,10.0,0.968073644509923,10.0,-
7.671557918571023,9.264496188987254,4.845636040866072,0.534545686908714,5.7458049944237715,+
8.461310729150222,10.0,4.91102762704046,0.03170520701241206,10.0,-
2.1679928598015987,5.1643001847840155,2.6373578811249754,1.5104195595098213,7.183837596358207,-
1.7192362482864407,7.739195627159296,0.09579559207941543,0.5684696950741119,0.2143336471493244,+
3.8215397964834774,2.180887446721207,0.6589803313237008,6.695690523005492,7.965423346286576,+
3.238739812253478,1.0864823721296408,0.3531674791966171,5.401353301940872,4.50350467005644,-
9.692437257204706,2.812164446796064,5.9918153430369205,1.4815530326392967,3.9703599848785154,+
7.635183094490576,1.2116713654669446,0.5512073114739079,0.2580106407952799,2.421372001471996,-
5.43038826954837,8.506377563094937,0.7402828457364596,1.1382618315118531,8.252547923567368,-
9.296206433980492,10.0,1.1773303082486046,1.6506519325583477,8.411175252256792,+
2.9750431468089564,5.989558659109057,6.404597669180112,0.850403259862581,0.6135541365383934,+
3.2410608433148083,6.792339093753487,1.7277272950027995,0.9402076180473198,1.1280904400230605,-
4.706099085761133,2.443699412173712,3.391572920071715,5.919616481547145,3.157900351496008,+
2.3327834156362215,2.801314460558785,2.7460377909077223,8.274164517310004,4.253691156553217,-
2.763822992764128,3.4411036933717245,2.0664565786742872,2.6537071466402207,0.4040578097398495,+
2.6390635552280024,4.34058825065317,2.459483981986056,0.9812075041917648,0.15777687885585667,-
4.188290416235541,9.473477777275177,6.204796906648772,0.09444987387207004,8.827206232574884,+
5.709054677083691,7.6036468693253765,4.258729537594705,0.0355006059670737,10.0,-
3.2121422445291117,9.447656783806265,3.884845552904259,8.375235470237197,8.189339509657488,+
2.810058615577724,4.671378545292636,0.9673409710792592,7.490633205011643,5.954817334270948,-
9.382175478909163,5.298000932870016,6.248123713197886,4.621723837583525,7.562290811730024,+
3.81319460685503,6.802184526871988,3.0666136762822642,1.89421976102704,9.577192423329581,-
7.0600904951255385,0.41567755025613384,8.110576724251557,3.134117028108918,5.52754503328965,+
0.005627290266112794,0.20853446995332434,0.18160740088087168,0.898260351068432,5.494398585868572,-
2.9435495080446925,2.62626035544935,7.744372762652214,2.5395642263002594,0.7344052321796513,+
4.528511461734138,1.1348857748829193,10.0,2.6381025128534836,1.1756376259727737,-
4.095044486781436,3.612642628379236,1.5425143749537118,8.764878104554272,1.7159718538162272,-
5.049890188737005,6.890198161027075,2.476616300973208,10.0,2.221848174634423,+
8.30862071059984,7.880802093744467,5.8613221614804525,8.121503876858752,8.53975926411491,+
10.0,10.0,0.6860295665186243,8.90355091267822,10.0,-
0.8876425095686546,0.021675832577553455,5.459122362735284,9.217666750635694,6.583771170690396,-
1.738504570322387,0.04329829887961514,5.709787885879464,10.0,10.0,+
0.8295954118734061,8.126201109324104,2.273905478872056,4.650341184366267,2.1351206454646032,-
0.014788142528103954,9.894213814730604,1.052101643555096,7.4728200628033985,3.77345074920858,+
3.0695662985730667,1.8423297449558385,1.267714885074217,7.335282823567942,7.328207580296747,+
0.40527770450106404,1.7706635025541904,2.488086373140778,10.0,8.596457097889132,-
3.774410059645658,2.7690900368127815,8.296678044704894,0.4507238147042847,0.9854942931257815,+
0.6251682584676805,0.7109970565581977,4.378412935670217,0.28420668741884236,0.5325992029174352,-
9.807516490592588,2.927640203451587,2.0070232763572218,1.1308612359429693,8.080780103719551,-
5.53385736267399,0.2628212451591215,2.5734751072175004,0.6461598063752584,2.962289304860214,+
6.325033541511066,8.01369525161501,2.736749747579582,2.9734996145751458,6.57147022406096,+
3.0433172037539626,10.0,1.1210650348052529,2.6403435169116585,10.0,-
4.9053045270175835,0.03435050985135524,8.426401946554966,3.1969330631044324,3.9880008890692507,+
1.234147697300397,0.05088672682694976,1.9287308777905317,3.0247561891625296,3.185021958456152,-
9.22142674743613,2.2300916735056786,0.22891799760022424,4.892299899065615,2.2617312380945522,+
0.11255785691460825,2.183098037239731,0.24789505458556121,1.031899622764685,0.3010984520960109,-
7.194740650318189,0.28449915148417215,8.184431725003705,6.777941522115447,7.218803605412844,+
6.249822349136217,0.27656010572496514,2.3391323182853867,3.6056317534614304,9.842610170004717,-
7.792212700432456,2.040365544803071,9.547145556465344,0.6509529553344751,5.807486967205213,+
10.0,4.009908788406792,10.0,0.9273083726334372,10.0,-
3.8361014085669165,2.2372936894800324,0.2833955807560229,4.469838097903853,2.1093694536259577,+
1.447603467947901,0.31749450445597294,0.31538810036854853,1.7860857125643919,2.238800479147117,-
5.845987338276992,4.355417459889338,1.5672706828997263,3.0912730932241517,1.447961586566885,-
10.0,5.8584424300623406,2.3286037121810956,4.050464888820794,2.356668526860829,+
8.452947359757918,8.352732313221178,4.9163125942264605,9.209169061951417,3.151429359932747,-
8.497195297508526,10.0,5.716191641665208,10.0,3.6585863927420856,+
2.701509041417806,4.8996966912230295,5.590114889213661,1.964418503245351,5.924631807966637,-
4.585530747121415,5.674182934115344,10.0,2.5123197664981007,10.0,+
8.264733741626493,3.930124445129033,3.8821691525058943,1.008388937583038,9.030153170001645,-
6.667124144754165,3.0145673339968484,5.6991185553040875,1.2899831430117559,10.0,+
7.630017946982065,4.808922431830439,4.525215087926895,6.393035045471813,8.69643614372013,+
10.0,4.812393667512604,6.198274845949641,10.0,10.0,-
2.361138425813526,3.0812643946937235,8.713429735507901,8.594930361587275,7.88467343475325,+
2.766148485311231,5.90438633300134,10.0,10.0,10.0,-
9.85295376463409,2.1545261847139665,0.9433926395983983,3.2480590755165073,6.8744802203840605,-
10.0,3.369030310261632,1.3318882966293217,4.862864670475317,9.11494044661319,+
7.070457316196408,3.459027251621679,8.014183751421731,8.517302014497496,2.7717036105516524,+
1.4353401338043563,5.616230391669423,10.0,6.099514282971035,0.13186354645599643,-
8.453236525203312,2.999984799349671,6.173101617213379,3.81321285468887,5.517299962018344,-
8.785961433204548,5.0311762057056395,10.0,6.319957894430503,9.638042899700816,+
9.729779279224871,8.37762560080462,7.062516364708451,4.33957091989149,7.43915800878214,+
10.0,5.4120310799933975,1.5010770422701194,8.36474510532249,5.5707888673094885,-
0.038123010879226316,3.1131428679332416,8.726214066938194,6.981839184372376,6.865314984290224,+
0.06746532823651687,1.212986830071676,10.0,3.5629913869236542,2.580840710720436,-
3.630595664747005,2.532181046014914,4.453119409464276,0.6130084477908537,3.035345660015971,-
0.036697034685628,4.1790248356713535,6.0110955026731,0.7542364097309313,0.09208811285159171,+
2.658035965176453,4.337177704877984,6.176983652566445,1.6478833278599303,7.153304749323921,+
1.89832571401321,2.154169308098683,1.3955414699499775,1.2322959200245256,0.056098776139055936,-
4.1206889544088945,0.9459557714650713,5.465904450946759,5.753691147134607,2.1744667080075306,+
6.263317849876376,1.8212295924955448,10.0,10.0,3.6519247457091795,-
7.628463034255089,4.0189063931514255,4.51903463144096,1.2585621277893266,9.413887030281296,+
10.0,3.2966239334215532,5.7819967953685385,2.0614808246008045,10.0,-
6.44662222360707,9.320333285277812,7.274908900067767,4.065989041844016,4.621041281048549,+
6.851616338771972,6.752938632726059,7.624642416183248,4.573236272992461,5.385346324013385,-
8.014863995885232,7.926498738961877,0.8640388232451057,1.55017367243663,6.852316884852641,+
10.0,7.593493508089875,1.123848265596537,0.4585638424938254,10.0,-
8.81884189754413,6.50219527600746,7.491843250576756,7.349580781671694,0.9377904076027821,+
6.835707709104761,10.0,10.0,10.0,0.3544670579267358,-
3.851332290743735,5.102394715937587,6.686127878075512,5.862001529839574,8.23706388446447,+
0.9000902424689735,0.7658813951634239,8.515807545838008,2.7440247163268,10.0,-
5.408630655415102,1.913317596817321,7.311840685786518,8.388451567557244,9.877524635460022,+
7.94506869578594,3.3426834878968625,8.772677860275364,10.0,8.232926947932778,-
2.424811314637425,1.859612719111493,5.100195410541891,8.453050483670603,6.125896951723489,+
4.786108675151295,2.24653903859879,6.353119628437388,10.0,10.0,-
3.8204841794938638,3.081915213448485,9.780100763207493,9.689080031349516,8.865134987670896,-
5.03172880137759,4.764581890400918,10.0,10.0,10.0,+
4.43938804244428,4.390928861227805,5.662610080041955,0.649665881126098,1.806413113538986,+
5.861045316378489,4.309543392019049,5.4287179372685435,0.13892870828124118,2.8679380448156793,-
2.6803994600063086,8.269341857550542,1.8768033370817794,3.2895711716330944,3.064841833273233,+
0.7716278044406286,8.173487699211057,1.6001661874384596,0.6705941330731674,0.8362673640253461,-
0.6488722833841409,9.68671879064852,0.6636978859619913,8.40586154153263,9.517420998118467,+
1.0137666154135758,5.311098027039934,0.5435565636551278,10.0,7.018510370964368,-
8.3654361676972,5.779571839682626,1.4918823409969695,1.0148443101767368,6.115648266373535,-
10.0,4.545593745123332,0.5580040763359023,0.3175099607859464,0.5453037586890376,+
4.520004014355392,6.617417699779079,2.9635121224763363,6.543861609083535,3.2517246191852633,+
5.81176467047397,6.72823640232052,0.6200038275528584,8.128666590569463,5.733747158203561,-
2.399429148894614,7.2670127150081765,2.8234193608752047,4.174801335347679,1.0286923946539117,-
2.4334873025226464,10.0,3.3904610941881184,0.945564948545455,0.498406800365799,+
1.1785652158887228,6.263465555242399,6.771861889884328,1.7863915824210164,6.473259568741682,-
2.0780236287208576,10.0,8.299764663343975,3.0367778653108344,10.0,+
2.111278681179499,4.698718915710599,3.8820990781424323,7.136907141274609,4.886265613203204,+
0.18277652460015947,8.716380445003821,6.585347619109133,3.758545715307178,3.988244253911779,-
9.28014652296122,9.392000421477626,4.484705137726177,4.876658605769583,9.37324826874294,+
5.119613182599625,10.0,5.114353246879708,8.136251897179344,10.0,-
2.025419889941559,4.8270072952073075,0.22210239342490112,4.295062168671607,0.6323880385106262,+
2.1433655385337893,2.1617336384625734,0.33184166050200964,1.8025186189545641,0.9783455247805647,-
2.5014807276016016,8.194255995340395,1.352386571797547,5.3346101746165004,7.584308898152275,+
2.226335562671791,1.7976088959772645,2.143793890573967,10.0,5.998359817346752,-
7.773541990223157,2.9829100868701763,2.2580931013405214,1.8097109849283222,1.7509898914192579,-
10.0,0.9285173310372331,0.9367241404063671,1.7293026647362295,1.6737261952670837,+
1.6683049647114123,7.1475012290116355,4.060517364707764,7.196265604462834,7.11983953799235,+
1.2729874565684258,10.0,4.6852000851832045,3.897937582383734,10.0,-
2.9639960210715066,0.8079331815629076,3.525485628682282,8.79078120003594,7.95582878657073,-
5.03361490048516,1.5534550566531735,6.350106900653793,10.0,10.0,+
2.400421991712781,1.6335624454802267,0.6862777855454538,1.8155684206145206,9.61694493377724,+
4.412539253481013,1.2338166862542244,0.23223518199829027,1.1212114164890274,5.98756675493302,-
0.4524914822786852,2.452133495398284,8.559971583139683,1.7226773918013527,2.5035752525154296,+
0.11202290820450882,1.1055650137522164,4.572951673390677,0.42849865852631414,2.3009225929010135,-
6.845670369433884,0.6564550303982153,1.865531588141257,2.716891346638505,6.478950859726778,-
10.0,0.8544849691696648,1.2239307906726744,4.01468198875147,2.4389050398109204,+
3.7895576935228403,7.430746525707439,5.406386595064999,8.546626654705605,6.883999199169882,-
2.2149937415180507,2.9518214211694636,1.8522698406334728,10.0,0.14950692281931222,+
9.609709619089928,4.440568328540414,8.983461648798857,6.743522219104153,5.300376010777713,+
0.6731441689794351,0.8476457640712239,7.991862898319101,3.603322149503849,0.5021957167952767,-
3.717459697253683,5.948705428332369,1.1634819406632801,9.771556182542664,7.717405590449538,+
2.544307856236349,0.009008693359727347,1.6704773951088492,10.0,4.297320731937045,-
6.082061649821705,8.152834805964796,2.0686783676978706,6.4098397468028825,4.242980875070257,-
7.473787332931947,9.231488486433022,1.7053520401243394,10.0,2.8006214339740714,+
2.569471337322634,2.4493761620016796,6.596291650654709,6.039389841180204,3.621751370515419,+
4.532527095641481,2.4247525197414364,3.435331985656588,0.16662345936170625,4.29950690250468,-
9.543067257129938,8.563533695682672,8.183855388407164,4.329517842899299,2.5265872521774946,+
1.1991563497867372,7.169895899947493,6.598776424634716,6.164818784165032,2.6484814065884197,-
9.599056432762955,7.620639811706024,5.397249051081188,5.852881413246994,8.35506857736424,-
10.0,10.0,3.233825039390581,9.891432878708207,7.197975270676542,+
2.1519384599115,3.389050820229439,0.8239360448187305,2.324001690336045,9.238158513982714,-
3.087277900818131,1.729397235476901,0.005195706214802994,1.1230892975602376,4.883445083121925,+
6.7365386296765175,0.326567578812309,2.806629003176427,5.589125426735664,0.25496384925567717,+
0.06207882061339988,0.33992205511627466,0.2295110773682931,10.0,0.24962837232973872,-
8.0631854293681,7.2801201790566195,5.790688996258461,8.221515949103647,3.681030866481123,+
10.0,7.456072762294363,1.318243250230389,10.0,0.08031480217242944,-
3.3501233519575924,7.211029792280044,9.757469795646797,6.121676290455912,8.347342328843766,+
1.5968984855466828,3.8459868618177864,5.5552284790457085,1.909400245676353,6.978359181624778,-
6.886201679730858,1.20161398227975,0.036604392122938645,1.7944753353382858,2.2376616222880807,+
9.493228965017101,1.7878010337584402,0.00867484015859569,3.114838382712102,3.5597786386579777,-
8.210014478478499,6.479953227278084,1.7312801071545414,8.498067966415073,5.946805138981022,+
2.076598418130231,2.3543900476802055,0.4666465709839035,1.9449117134237062,4.4200232782702775,-
6.102763851422876,8.145051463377076,7.317145170756754,2.7377935215820424,9.983880079007632,-
10.0,9.577260219505503,10.0,4.981833960865841,10.0,+
0.07956567056887187,6.629394433608153,9.637504296603673,6.067747651404861,6.9898514589727965,+
0.11525082155455635,10.0,10.0,8.724000591591103,10.0,-
9.816236225899482,0.26095280619663264,9.160792339497712,7.77950508864728,0.21978396671974654,+
1.4471504890492333,0.21301655739306902,4.8371262631639675,1.6637518128601319,0.26891974738418123,-
4.475985018172737,7.607576117847799,0.4911986301181981,6.425671997119334,0.6136724972487384,-
5.204079046866178,8.152934817053312,0.7770238522338121,10.0,0.9629495778905756,+
5.808427825708268,5.591760082111021,3.5349582073772465,9.257982226510888,4.197842039935188,+
0.6418224144161367,5.405600335053907,0.8581945707899191,3.7448102840890525,1.4912881562988038,-
3.5604705539144876,0.9751860215947206,7.464878881595056,6.503299088624212,7.217501977739724,+
1.2193486267035873,0.8881991654839312,2.7017566058972404,4.264103522935416,0.26674777401853356,-
0.34660364240420627,2.160217810613767,6.377006335470991,8.843177445780215,2.1661454096814348,-
0.42070036530828037,1.6070843792475529,1.7371619230020905,7.355127678411633,1.9520178918952082,+
4.085099318980876,7.5150493927469055,6.505883331304294,8.350369186748027,6.3680565774685185,+
7.2067002827844675,1.2845270091351133,7.343569258875127,9.473466582274137,2.410489338555109,-
6.098299522179525,7.219923274963994,4.712213347037247,6.376374052246775,1.4483154391034858,+
0.5179323126624216,5.056729513488546,4.195566644418911,1.4300676401620638,0.7881577948042914,-
3.4090455544221596,0.37917753921245634,7.953520754772093,0.3067593908160715,0.8548050066941815,+
3.7408223162266077,0.180964481217462,10.0,0.4254925656187213,1.7041197112513509,-
4.101356634187001,2.5170736015944986,5.205489225268024,1.5261699106927784,9.200481931528207,+
7.642628576569806,4.415296197444874,0.40396092366727726,2.757812406685381,10.0,-
8.620486574572444,6.006983262355215,4.3140879308625815,3.661443606463685,2.897749678377063,+
10.0,8.177061559375275,3.0606466522203255,3.6501652670656326,0.06330672010332891,-
5.522396544098511,1.2569007485421313,3.2159351968339553,5.373820093344629,3.4355841053924463,+
2.8951648974984407,0.615555324435352,1.28482373323487,4.820538371289996,0.6603339801436575,-
4.119322863246438,8.815461553777546,0.8211718849672078,4.803825851195988,1.8903376966335872,-
1.3647087637239173,10.0,1.0591772143259612,9.184091064761395,0.8551432324463554,+
1.2877777967993242,7.803099793251058,3.381471904477209,6.551322075418168,8.982119656145267,+
1.7849594409833178,8.752462292263694,3.6431880316725413,10.0,1.180862435166162,-
7.696746058585912,8.988651099788386,8.240969721055167,3.8344887319020438,1.851976564359874,+
1.483891791402671,3.42519770731849,10.0,1.6392828450242756,1.2193626014307755,-
3.0812981044301244,5.295617890144669,1.8744356221931435,3.4018724328108894,5.5084155360593705,-
1.4354815823916118,1.6843633186927347,0.5337176834134143,3.485979211580679,1.2505883439076573,+
6.124528605438279,8.899293563094975,0.8555202832996012,0.9749821194760311,3.23307889118714,+
10.0,10.0,0.8841332414532511,1.8621531185470408,3.917022351409083,-
3.8429498110516036,9.99887933425116,0.8734635251862155,8.516297480722463,7.48993008686778,+
0.804172862527192,10.0,1.404824526918903,10.0,1.4433055962228696,-
1.3830282784438919,4.540473909424239,0.36132428379103354,9.812338422974872,8.223349589105144,+
2.0382940725288163,7.347002640037802,0.6322247990500813,9.29661874869267,2.724884030089363,-
6.5006555206227485,9.117617304558097,0.9697586346552534,6.186036360030162,4.866382110106866,+
0.3185272279136018,10.0,0.46227279897519147,8.912858439961335,1.725281612733744,-
2.356567903784337,9.861632875836953,5.246243299283525,9.144517881135481,3.9074788120639523,+
2.054403304272185,10.0,4.749252637885593,6.660660622959071,2.6205152177746975,-
7.220009513014249,8.960425562317061,0.34064907964634017,0.4615198121855313,9.859050906431392,+
10.0,10.0,0.35452132434115263,0.6623818130992379,10.0,-
8.705082253301551,3.9255498293187907,8.97154890340641,4.454655582077769,4.006646162848698,+
10.0,5.1961151818252995,10.0,7.998727769659219,4.820276147758308,-
9.406773355272486,2.2140986742259363,1.094983942477975,7.219031510761754,6.914828083880639,+
10.0,0.7321078598798038,0.038556078907841254,6.28158802997948,6.387396393730018,-
9.675726646444001,2.997068745318374,5.176461773788849,9.329491195027922,9.125749641570776,+
0.1899714416026202,5.631232534325687,5.315628816644609,10.0,10.0,-
5.489900944347681,0.3075176104396582,8.694179694329652,3.835064629406293,8.992442383510612,+
10.0,0.0693514882969423,6.699603134317749,0.9691088404929464,10.0,-
4.633934192085513,4.3453535251889335,5.986607381670273,9.254233207958197,8.547611845294371,+
4.64624569534391,6.590222857757627,9.392028143621664,10.0,10.0,-
9.805991047846934,4.450963806066231,0.9514849904367106,9.687994818474044,4.972082333875061,+
10.0,1.0509816505139074,1.8248854669377694,10.0,0.44526935977420423,-
6.771314910304934,6.24614052694861,5.375944148010649,7.432657778363211,1.855282868322502,+
9.693804341332456,5.966796859148974,8.910683690001049,8.996818687774576,1.4193535327291509,-
5.048664537335968,1.8422373467153375,9.479693113944816,0.26645075354660763,5.495805387802768,+
0.5085512047548282,1.1130876250596993,8.922697041981433,0.4983779837612852,7.48493691300458,-
7.269284845445235,0.9724735065665535,1.9753127303703755,9.363229290865124,8.680459086858534,+
8.089210155011566,1.021680143878369,2.6232044154378795,4.496522153896526,10.0,-
1.410911963484236,1.7785573545826916,5.359344448762662,5.798406919801987,3.5964450992162456,+
1.8027420055123067,1.605276110998995,3.6035923647658685,10.0,5.156648230267206,-
2.7379110855700164,3.492423860025565,9.435778414428052,3.5171490455561583,2.7000769293539175,+
1.9906377948215392,1.8911512663765193,10.0,0.9483143936299218,2.888815348301954,-
5.845993083602571,2.777021386537557,1.2289097955145911,2.541341924093703,1.8694700543031562,+
8.427927010640607,5.256915244760765,1.17912342044689,0.2908185837847337,0.03563570028689768,-
7.021557678952723,0.36548741005291374,9.555107458689761,7.805957784621041,2.652427946057776,+
10.0,0.5083065164306849,10.0,4.548242939935881,4.635878112701376,-
7.080352609167038,5.138688945546539,6.751207786684283,4.948417108974011,7.01069027379112,+
5.48490551879244,4.851089224010559,0.19737111765002954,3.623040760513621,2.852429693694876,-
1.3121677235285933,1.2656479729611314,1.8918450229941408,6.157380323108286,5.036577925276241,+
0.601374131014238,2.1684677155304306,3.55549335051282,5.737042769295512,2.1503222437905816,-
4.406675785705042,4.34764595596474,3.405722667376038,2.483842636273448,4.400319940513564,-
2.2706751134106717,0.8087591720142996,6.126664104587903,0.8602442014262321,2.0419670155015046,+
0.08747241270318895,1.8546442273369679,9.021962080816037,2.0693081200808585,6.88860420815927,+
0.07155120743119563,1.504636363259226,4.704913324652506,0.13084389500426152,2.8308148712651384,-
4.2841899339605405,7.026459917550301,6.880773678325951,6.531814473210773,9.398261483534116,+
3.1649489490737754,10.0,10.0,9.397955596045541,10.0,-
5.269858301431984,7.130404383288424,6.79399529583001,5.468551137074189,5.480657114877177,+
4.708350807488069,7.9827207287566155,10.0,9.434449876010637,10.0,-
8.535698865975238,0.4519063993253414,0.9614170796710364,1.2370671699282765,0.356010561645268,+
8.62685749495054,0.545794471747436,0.5053223870936123,0.3931725474406891,0.2935943898245477,-
4.10375603196533,3.487390128029358,4.61855801804702,1.3559413025176548,8.239399653557433,-
0.5400818629751882,5.938698141514904,3.6413935654837046,1.3115737753612176,0.6623204914996547,+
4.872421958333371,2.9729719218397954,7.143153307303703,0.387680678760709,4.584579750451475,+
6.043420895403971,4.890047939651989,6.25168189617103,0.24178927236480519,1.9073435524322175,-
0.509534209981386,0.8092447550651338,2.1785382957560797,9.427100650763952,5.004604272797022,+
0.4297636088056483,0.04041162907868401,1.431540344593721,1.6193437116471014,5.9381850334763,-
6.7209111038396285,0.48426557749698174,2.3102050801015706,3.549113765763007,4.484027475828021,+
1.2705529600684107,0.8166748033267498,3.313962684806496,0.5411028103513694,2.9306554102816813,-
1.914837552184584,8.492184417909915,8.696656064769773,3.8875618269490673,9.908773394134897,+
3.176612671597835,4.906781733160742,1.2719475803008886,3.4927419981481886,10.0,-
9.889684145201494,1.8624547053712848,4.041125454165998,5.236399423141041,9.250180172051005,+
9.024376099399992,1.609356457207119,6.303916340704651,8.22027090620238,3.8463725247710125,-
0.2468211334132031,5.451866019812652,3.3970246160121507,4.255778366580987,3.9145656384845995,-
0.4633455821180598,3.7064261657564535,4.690518090973507,1.3242085677949165,7.5078203287483145,+
7.299224451859214,8.023896591766542,4.4794603188527935,3.6543078414460552,2.1233562265643147,+
7.225563304877928,6.601556012620886,2.2235799372388163,2.3763881812151455,1.0057884442084934,-
5.20660975029733,0.8294336019220994,2.392337278961414,1.9871764360493094,7.588283181762589,+
1.1511052945187574,1.548448365558063,3.1002712405920554,3.850490775658279,7.837380260161273,-
4.736194476285528,2.3578408385060246,4.154412767513502,2.060540747174228,9.976053735165248,+
3.7956881699451843,0.8843883681609779,2.853925107310606,0.7583080198179087,10.0,-
9.21121421919031,7.876915399830629,6.277785024029865,2.9313807690660223,5.878467178870642,-
10.0,10.0,7.492825690733961,4.0054479581614215,9.26014700190758,+
9.700723162835903,9.885569932321246,1.8368668367404106,5.070716733758988,1.6720512633240814,+
9.119726943037778,10.0,2.4924258484062167,2.936293128168655,1.2568141649437208,-
3.496126572228029,7.977744506471215,9.068794306252494,9.883835909756188,5.4908245578697095,+
0.25046566191595,5.853770579551578,8.223283609702673,5.426249044400135,1.336636278547938,-
1.422627771814432,2.5972129915565834,4.7976783526394,1.0321707843212724,9.60567519092129,+
0.4175960458783193,0.598923174399273,3.127357792487303,0.19063859154619825,10.0,-
3.4884125884661197,8.19802530629525,4.519657462955711,0.8738243489540798,2.763536964316855,+
6.6029546658715725,10.0,6.5704340686038245,1.4070708362010336,3.5893995202443065,-
7.199068706592194,2.211821074193713,2.58150457118853,1.9884276053024674,6.408553033875927,-
5.033119235935286,4.068081426464254,4.077936509376601,0.5656192241832022,6.610681418381287,+
0.936712659669825,6.422011618979636,6.212293295585453,3.6582299441948587,2.9872646450956974,+
0.24665521721572592,3.9573692484286873,2.754040171428301,2.8574588447099374,2.001781490624367,-
4.890557712288784,7.310864330519458,0.912888975410634,7.969072780775632,7.620894568017946,+
2.092906015998387,0.17022679980499644,1.823544445670968,1.852820871635559,6.729319746223136,-
1.5445943478967639,3.3409873997488204,5.216229474155563,2.9408830566255473,4.807355774237326,-
1.9274454045665022,5.135609861022676,6.281677658269285,4.817591882590938,7.427456169747608,+
1.1799389907066848,8.194178578344939,1.0257613513953012,8.03603039662009,2.350174154350807,-
0.42223072081586444,6.953974765467127,1.7156904161055955,1.4964246152003922,0.7547552473095533,+
5.96574373866607,7.20482568161739,9.63281980943054,9.720097410847796,2.6461227503477236,+
5.62832589752327,2.0878863222823303,2.128275362862375,0.41884086555887706,0.6113710212319577,-
2.9994524646946,7.939082382414204,7.390581565518133,2.334679679719277,3.3210994557961913,-
0.30103878892372254,10.0,0.13983016654300767,4.3795877202528235,4.281802761613763,+
5.975025814588366,5.012319273540217,3.5865077826124523,5.912890934819166,3.9458259656231953,+
3.8526410355444662,2.088853118423042,0.24312025625203668,0.3410256602819322,2.378055064085647,-
1.2285128394770406,0.5862556696359211,7.094067934283834,1.105457516045688,6.268321558750357,-
2.325496562338902,1.1658240858437412,9.454890198190386,0.5112235563799791,1.5241508070521423,+
8.84813909875195,8.62404653608552,7.3668673557748745,1.0544030386855296,6.173293526787448,+
10.0,3.416037124884725,10.0,0.6380310801397391,4.004974882384157,-
1.9760421744070755,1.9965363623063082,1.1794452202302375,7.29514973998633,3.383184951971848,+
0.7399957169052994,0.2948841613501401,1.947308709557302,0.219118198064168,2.450037339062636,-
9.442591461023094,3.5049394248639496,4.546331202086845,0.22351592166537482,6.060419092891843,+
10.0,6.031914527778831,5.560780020087177,0.2274545552511867,10.0,-
3.566404955787675,4.011263495755762,6.6737828493317055,8.166120321674118,3.4940918835472514,+
2.349967845828735,3.12890809403875,0.33319571375533863,7.169153176199626,0.5715284483999117,-
5.068542338605942,9.927636158905269,0.2398537770301734,3.4265932312015215,3.880694501710993,+
3.6926911717834447,4.900832918993386,0.17128692101670107,2.5465685563050733,1.4648856207654721,-
6.660436348256985,1.2849139452664238,3.6728083057289007,2.1329884393047394,6.490568774224613,+
10.0,1.749108582078667,5.889695463384184,3.466047179289023,4.692348148887604,-
7.194786562399479,1.125221832444091,7.241225960439358,4.976699999402837,3.8744385595340924,+
10.0,1.9881500913309003,7.202807704780955,8.20287878748254,4.104043242782491,-
3.860029117933826,4.49697920789442,4.674505311918377,5.889203611769579,3.641710440403707,+
5.1342471309975455,6.126592895269204,7.607821355575539,6.3255986798956085,7.211258277325988,-
4.348513267149153,3.8615080075570516,0.502640290160874,8.384162176016439,0.5771548382086444,+
4.955513405981215,7.028335615814647,0.8745955564209079,10.0,0.6489011308707966,-
5.427240484204638,9.662552721087492,6.1350123059089405,5.944135317904108,5.173097640334008,-
10.0,10.0,10.0,10.0,5.874442462098168,+
2.9448137691633747,1.5380768121232902,2.902543511263036,1.7136492714346185,2.3102723169255657,+
4.048070694679251,2.5029490318471415,5.635478231960424,1.836945902163563,3.7991805365077274,-
8.321576086319952,2.48713241385674,2.262933182982879,6.300432435245446,1.4650079497583968,+
10.0,1.4861424820070421,4.170777934537875,3.59482313039996,0.8737470821460415,-
