1.9694793815090184,9.360922126528413,4.67500116296622,5.318593145285987,9.103458274134665,-
2.5818796309772014,4.405490111227951,1.6129239832409843,4.898422632462869,8.85001707051816,+
3.8379458370787756,4.881970894508326,4.314180632872423,1.6804397983634878,7.2357442690892,+
4.995147238480096,7.037120639277123,3.507494052766599,2.327113923867545,10.0,-
6.940721296688079,5.7299128754166535,8.302985024867192,3.791488159466608,2.2776675850827646,+
9.858435667877188,6.354452941789271,10.0,6.396507560083657,3.163277241206833,-
4.432618177597426,8.996283673509922,3.080237254835808,4.781645919718761,1.7861114537551026,-
6.736614331120313,7.919463434174647,2.8193497981233393,9.098228768598341,2.750698211410125,+
1.9108212025747429,6.4619479677679825,3.6617264601595245,3.8275766753812923,0.7351319226277953,+
0.9727921717531978,10.0,6.54311755183901,4.593821373864556,0.7416026072648607,-
8.258007182251307,5.953379371083956,0.005424638661725156,0.7163634352372206,0.9645045739989233,+
7.171358731569778,10.0,0.003942037993177302,0.12103137290972317,1.0377558583702253,-
4.607692569017745,5.545887241650749,7.856620715255609,1.482128649385488,4.755944913537375,-
8.768519649130749,7.249538856419921,10.0,2.8907770584317087,7.169232980132562,+
0.25228282195481344,5.713556878609519,6.205769940641616,2.6621447157577647,5.611784109250268,+
0.286394090225354,5.955424078206431,10.0,3.826703199730189,10.0,-
3.12021433155546,7.554589191946239,2.409544392280132,9.801751597750542,1.2434383891939427,-
0.7638922737997019,7.073108977320565,0.5653072435465494,10.0,0.3053598629593408,+
9.152208625256574,5.49698082425929,2.2179257184643553,9.38859086202175,0.618097225864841,-
9.178732994248767,4.295009978909398,3.0809892487502952,6.9911907104547195,1.1888295119344663,+
9.941802629907196,2.3314273317748357,7.812762934237062,4.921272632593874,9.394784458415565,+
10.0,4.2840870926374075,7.5824055577111436,0.28242154273752057,10.0,-
6.942570172697825,1.19542294793481,0.957806391783228,8.518967794436996,5.022016907223627,+
1.3205785171663729,1.1658082165428825,0.39290642696848666,3.107165917013098,3.9176847558225196,-
7.228215541143191,4.4990698314641975,7.483639505006735,4.748767581869911,3.5545028995515757,+
2.5639288422168702,7.970852536992545,1.7103868956190416,0.4587425654510932,5.407361245503207,-
2.516503418193791,9.274502259259709,3.4928856242356785,0.8180212942356091,7.8242743851137675,-
4.844650744895646,9.473667189021654,6.744766255783103,1.1593272814845157,10.0,+
4.1259997596644205,6.634088962734925,7.5275059094849865,0.2732727265802959,6.395279575717789,+
0.2666283021259434,5.198350645454215,0.11648325042194707,0.2545728380021749,2.0678033318269384,-
1.1967108081944156,8.577293912992847,9.771058879391264,3.9040425144357482,2.274792097530346,+
2.215392455449868,3.612374674916546,9.91990759150932,6.105677939079142,3.5375386125583406,-
4.956647458483236,8.477325138686629,5.960388454556953,1.86563624879303,9.236490228121843,+
2.033341111861152,1.3627686427406562,4.455816516734775,0.6245430624061858,10.0,-
8.650014833028482,0.37903537726594605,5.831314827401062,5.053432980922006,2.254476120098844,+
7.74886034292194,0.42585380407012896,10.0,2.0662061514011536,0.07793220771562524,-
9.362733794954481,8.25645038745247,0.4249088630345965,8.186394674330181,4.963535776056082,-
10.0,10.0,0.7724554075345444,10.0,5.030408505253249,+
8.945645469927939,3.2031427336909757,7.25213173568023,2.687904573728872,7.534578483379325,-
10.0,5.655468082261021,8.167309808067216,2.9724415458029507,10.0,+
6.803200633279465,9.724932176438655,4.923309121242121,7.151143282834647,4.60242828385786,+
5.459727494613106,4.83477343141022,0.7987676874880377,4.56566078983371,1.309549640171167,-
0.5502031089045523,3.695838253400635,2.9564976979998905,5.456447667779627,5.660698722593478,+
0.43901470118447644,0.08942090481389828,2.7865518892721326,2.717839842246673,6.915746651819045,-
0.22230453318605514,5.063757437862306,3.3976907957605915,4.679174143734852,9.463213441874398,+
0.36719178517388623,6.775103186553466,0.3343699929959001,4.913997184330947,10.0,-
4.451996903649641,8.188338711762812,0.40615357876068736,9.366385132374571,5.316138938279846,+
7.002658066385382,9.530903851470642,0.40467107093747845,10.0,8.720255302253117,-
1.5956279110837335,6.7543526226269,2.2876288625048025,3.598794312827639,9.225600525411103,+
0.46780793004849774,10.0,3.30796076926374,3.2023814385962193,5.09030724570664,-
1.287804169530048,9.001963466296797,3.2247171016721756,3.567595724560725,9.958074575102739,+
0.7261987946914837,10.0,0.6754673902623278,5.3369082018471365,3.2765338207281993,-
7.055356318261937,9.719712988014296,5.003752603637964,8.141169149188501,6.216496913468789,-
6.4481402601553715,4.5901067000014075,3.788668638386747,7.224351563556485,6.51770165591936,+
9.188672467480117,5.361213217663122,4.141791862403254,5.759429602097903,5.341383165694236,-
9.15102678325596,3.1820576495755795,4.200199348929491,7.679440374191406,7.735718179558955,+
9.764619056831421,8.181388274901378,1.4374479414621044,3.992977004572559,9.001241252808395,-
10.0,10.0,1.2784572648318384,6.328831927509887,8.830419177539,+
1.8349832932442633,4.226254694147302,3.05652768282364,9.27770914060447,1.767677241943627,+
3.010754113256062,2.295858494042042,5.213557904358784,5.2257734237112325,0.25903930507921336,-
0.07601306126709728,2.6579543908698744,6.723657167432431,1.144737140324058,6.350772862179605,-
0.14447902913204042,4.074535254639187,7.764523805523334,2.180873351394889,10.0,+
9.557061066198596,4.683596509923494,9.948925204864741,0.1424017153460999,4.259786990965301,+
3.822334458750694,2.9030919238835557,10.0,0.06846865713639451,0.9518229952854433,-
7.79045183386348,1.5236918452767412,6.302654678457609,5.075394545394714,6.407747426504851,-
2.056163908773373,1.345074366130661,2.860820230937844,10.0,1.6832483955953121,+
0.13997455205041254,9.086283253251597,1.299590124622787,1.754792606163973,4.4561097222085175,+
0.1530719674187647,10.0,2.4135505918681983,2.075496404622512,6.628724531611152,-
1.4391325799993826,6.4789960987319315,0.01912873505161672,9.496019055884148,3.3270148462047144,+
0.6560255060132846,4.691134165416872,0.0013808900114401846,7.126298689856992,2.2784582732601435,-
7.054472305673985,3.2078675555653757,7.770507092337868,0.5837106648547141,9.52406670464154,+
7.7941427957662395,2.300080918831849,7.132019205139227,0.10146422719882159,10.0,-
4.926451968765969,8.888818390823623,6.1439036608333755,9.875831460295574,2.6781954853670964,+
6.718819499874636,10.0,9.542380007350955,10.0,0.6665822701047,-
5.70846836359374,4.328664817432869,2.843085916410546,2.8762842605915218,8.015784353904909,-
0.023435146145781818,7.558866247776342,0.9461246985136568,4.416679801767186,8.436911948622166,+
5.05070698312588,5.816212584578674,5.987640888510507,8.268693837825012,2.148399211545918,-
7.567790053071048,8.19246682469654,10.0,9.736214843167136,3.884754071251147,+
9.426164656030698,5.701417444920555,3.5492460206957843,4.745745821955602,0.9540773127287316,+
10.0,4.048187231058928,5.186028800671762,6.680140826939671,1.5782059642028725,-
5.4511234976221035,8.982744658376602,8.161062260294928,6.960159345602656,5.169563061835188,+
8.752341454041362,9.749154562753874,10.0,10.0,6.079192696873015,-
7.357186873738854,4.375915190132684,8.749471618450663,9.046418962606143,9.123678954444532,+
10.0,5.779648696285293,10.0,10.0,10.0,-
9.300554102186918,2.3249909012161973,1.9312833845780442,3.5534497702662637,6.567442550636418,+
8.509253164923752,1.8603449418615208,0.25172644072986383,4.003732154503139,10.0,-
8.22184631645115,2.4036989845324386,1.182226596801853,4.5951229130443725,9.613463409786085,-
1.1253547478392774,1.010216000278435,0.31501982965381176,1.249393643903121,10.0,+
6.618854894900249,1.4508279752188313,6.096311803921221,9.63053218296773,1.2521959015290485,+
0.9033943793077187,1.4079062492614367,4.083818566394943,6.968450895448814,1.080704681500989,-
3.8982705267382634,8.243280052191512,7.1300096226634615,2.9932654168105346,6.06739473155618,+
2.1596987591305754,10.0,10.0,2.2857690326452667,0.21175367110167123,-
4.622117138136939,2.6775176496919952,8.874362022730866,7.899896765523257,4.112078481787052,-
6.405130661954308,2.0472300826376517,10.0,8.754141665669454,0.8884947324033868,+
0.43562583031535596,8.94755836210489,8.957437226382716,1.888904449075336,8.515828108468586,-
0.10324202895990998,10.0,8.437508731955194,1.8653203689820532,3.791761400885581,+
2.253885764425968,7.8894801758211415,6.275725655267795,7.523593618234335,6.45854135446669,+
0.7170054783499912,5.367475381853197,1.3826058920484263,3.0793645254317723,3.119847573086154,-
2.9926665509095574,7.441404981825423,4.9678575791761705,6.760749160312203,3.2782184391954248,+
1.8608176446529536,3.4188601668983294,3.4220213225238716,2.102219595922253,1.4485965288307323,-
5.118890807948,6.906233504886478,6.463085650929337,5.292902210042429,3.9718011257267563,+
1.9264881180276623,1.2152668775385045,0.819668942985741,1.4516764165929354,3.701529278534651,-
9.395389019517866,1.523413243973497,5.421070322565137,3.4175075202815974,0.19219319458533168,-
10.0,2.5748575819643413,1.3918525054887185,2.7975614284907975,0.33773938739084985,+
0.14660273211086206,3.2746362706033416,1.5687379163954163,5.263513720658058,5.99778320703737,+
0.20830062469258423,5.078275847993296,3.013884933337668,3.4976460477230633,10.0,-
1.6816454212213428,8.975994137896507,3.159209863182708,4.441636735048727,3.511275974175936,-
1.8874240716653314,10.0,5.572120007862883,7.347141670855411,5.4087299696215005,+
0.06146010227087273,5.830753713143892,1.4791037386231853,2.1660930543403434,7.762741147061077,+
0.07301573565544639,3.231965089065133,0.3595529935355801,1.7793592402018243,10.0,-
3.806806588732025,0.11157147672129275,8.873167518882745,6.169538350508185,5.95226613882175,+
7.0341772670138205,0.0652379293645463,10.0,9.405889982324252,7.579064579370191,-
0.7728083387397422,8.409501095491372,0.19225594009041003,3.797371882184397,4.4316939840270555,+
0.5403852041328622,10.0,0.2175385587030565,6.1900488886186285,6.528360021387541,-
1.4446848032952753,8.210609552251212,8.496277794589433,3.9091995146511205,9.62162694755834,+
0.7162599742627023,5.782240893800188,8.421889600694053,1.9994171020653237,3.1885356377134593,-
4.373769118686974,4.957118548252723,0.21944487437629445,8.27283043782536,1.8869998434326374,-
2.833464307355028,1.8162149833412595,0.19834780702899935,10.0,0.292934538618542,+
3.9150026934621707,8.95781657832311,2.1209501510008377,1.0311747712417596,9.401413508553292,+
0.058073488764442203,3.4349205228369053,1.0131713668327738,1.603560598253411,8.890116053798804,-
1.7216779621524592,7.567990081129697,3.885854840441181,7.65637393319326,9.278171275539448,+
0.039052635403937275,2.0316968575453638,2.698108898700286,5.059886762253153,0.08007105376713983,-
2.681912933966928,9.461058631215945,4.409244283284327,8.642695258823226,4.970711448745012,+
4.542022866669965,10.0,4.450329235357589,6.837868956756078,1.2240550264451415,-
4.964317121266294,9.287104435910479,1.9975924184674154,5.791019571901705,3.7060170479580212,+
9.014002415485123,7.071362136448381,1.6476616105995707,1.0834518388924088,5.382494891827457,-
1.272271832720464,3.31972621683554,5.47468017874603,3.858057919112019,7.408671301779165,-
0.8468365526158622,6.53594041735614,5.969089878210393,0.4768658621312225,10.0,+
1.5798496834077147,6.007277356855816,2.074826997450897,8.214242625377777,0.428068409044533,+
2.3127367073805054,10.0,0.05974522379123126,10.0,0.8453787255345927,-
6.706879266065073,2.2855332474728227,3.5735562981220568,1.291509294871832,9.872750447561327,+
8.116426931534795,2.4662051523296364,6.307424016464671,1.6481709129793594,10.0,-
7.6043548860042955,9.411564330493583,7.827374682227855,5.68080871189122,5.8460561479773245,+
1.3812511146516189,6.334214463913,2.939881026539672,1.9537128438502007,2.940053428398501,-
3.3163066240806325,6.105298684188062,5.810173503390333,5.029625567200026,8.936534167524409,+
5.049693713619993,10.0,6.069140804271427,7.044028429695329,10.0,-
0.027038821150249248,0.7003211353781835,8.8151004066413,0.44152351665468936,8.366298483646318,+
0.027438334652870246,0.4527962502864174,8.68740308977108,0.8642085822535402,3.3780462692176423,-
6.258260292984823,5.557265796959885,4.587397016571352,2.8751084085789946,8.279923792164674,+
10.0,5.332170778343998,4.951695981902321,3.9354514574281607,10.0,-
6.56743505021391,8.450809821225189,6.8538851262601685,0.06258318046427624,8.412112713285667,-
5.00162428551459,0.11282277318026514,1.47553364734821,0.03856284106739622,10.0,+
6.05064169997541,3.071179509905815,7.773590143504282,9.34981830185077,0.8998186172206379,-
10.0,0.8908669036109736,10.0,7.848639828750341,1.2875005370350603,+
0.5456923985121709,4.707771326745159,4.718802114155328,7.401374616069226,6.793551072078545,+
0.16134076854935211,8.808764625259096,2.608638052966235,2.181366761582927,1.2605339621634473,-
4.599327160905982,4.1387935675392615,8.354314779452633,2.1482765281641845,4.1494359115170285,-
7.281365281934456,4.89134154059975,10.0,3.220876620167149,6.193764790249055,+
5.279758753383387,5.594435365572906,9.407975685190145,8.203951552382211,5.207511896796792,-
7.729694286356445,7.4330493614961926,7.807413452264396,4.587549456079467,6.103263241681708,+
0.17036617840496704,9.923185480165124,5.044957125483968,8.21815593827354,7.393597711315431,-
0.20169121788836003,10.0,6.976011650433979,10.0,10.0,+
9.289173892271572,1.6429534687834568,4.477760684031546,2.6711464599174084,6.936941644767308,+
10.0,2.5203128847317746,2.80463610910322,2.838882405751676,10.0,-
6.353476885459609,2.2960414758506498,1.8547525062936532,0.3448232832370979,5.810069373832906,-
8.076251455534559,3.9319002052533563,2.1077979972813963,0.6571991274695386,10.0,+
9.92445042766713,8.985209596294473,0.23282466348737874,0.21668146094083185,6.048725353863068,+
9.065709775968074,3.3625571208229976,0.37765022748283356,0.09440472892993514,10.0,-
4.6281296185409,2.2698849339882066,6.386932331262849,5.562190178478767,6.958432157749373,-
9.21431903261675,0.4128917966575315,3.82344400551615,1.0703401392935192,2.439945311745269,+
7.752921593372827,4.091981209720728,7.834122298775537,3.9794425706319023,4.509556030133581,+
9.585996943051594,6.82658887697861,10.0,4.239099159442284,7.122948700338112,-
7.443729066529686,0.36567596919413137,5.484683416793226,7.399456832414169,5.596637678407524,-
8.160768528448507,0.2427112209284562,8.796467787484666,1.6083826877547704,6.201180712101829,+
6.199250157550403,2.6535040944314527,3.1639821607497787,9.2511663173837,6.378896777848006,+
8.071157185246184,2.5196865204580594,1.8821891573963463,4.7559823687845295,9.01234820567464,-
8.40065154889301,7.570559341180383,4.721636758389777,8.115490527853215,8.462686017346833,-
4.406586537923597,4.582622564794917,1.2637370992020547,10.0,4.649998512168304,+
8.74221459201076,0.6987099980977107,3.90220904262198,1.9210690492235827,2.1522926222885164,-
9.06654651437335,1.163831395383585,6.935998722095507,2.9978507543192197,3.820303309914496,+
3.4336255712827732,0.3580925361096421,5.333071094388114,6.269399405893058,4.2250998370372,+
5.559008138946585,0.601479076419828,4.161810210439758,10.0,5.0872813791568845,-
7.977124927581619,4.1984469704435545,1.287203606919084,0.399369295810853,0.16269578767459936,+
7.347818291199753,0.6123793213562451,0.4058579154718196,0.33489975670430977,0.08990980447719438,-
5.138132510016358,1.0886228372164053,7.358326328657462,7.193510303296453,8.11637033823349,-
0.39313298566351257,0.47257347625085105,2.594979653119216,6.488095157886564,10.0,+
9.944572937429042,1.3726014679098197,2.518778251261703,1.5639572135506319,9.938783372644988,-
9.705163163503,0.04850327195178742,1.3549327895930419,2.229164150434608,3.875541558505289,+
8.19559055484323,1.483755137508509,4.7628022492533315,0.4354836331703693,9.846636351041367,+
5.067547539518481,0.22267977871926015,6.9336422533794915,0.4013334664822549,10.0,-
4.429743938582103,1.8006310662763692,8.920279327709427,6.758503341420269,7.547960644897808,+
2.216376563130022,0.14970133668141092,8.130723514879463,1.859591030574598,0.938863657953749,-
4.727199141782233,0.517472567936339,1.6382876790512946,6.052876150747611,4.51451170463523,+
0.46135457004856917,0.18684727137925683,1.0838496281193577,2.659414918983496,2.967502373975787,-
6.400552565309737,2.1443855562221747,5.598750507717209,0.7921262946197438,7.593339810021477,-
10.0,1.71308831829232,9.044697616836611,1.1936205700287894,4.1329072118977015,+
0.56794112578755,8.046686597540637,5.004750107351038,6.2312850776614725,7.325879416246171,+
0.6263194688843915,10.0,0.5988526937440636,10.0,7.809411938275553,-
6.3806391136719585,4.20045953879414,3.078712753338515,3.4840824042298832,1.2384340365962343,+
5.243510373823564,0.5566657104990341,4.817285896092235,5.960222168492211,0.07050831302841544,-
8.003212005694447,1.9055482282199188,6.618668643923585,6.370490297803231,2.4927848013134444,+
10.0,2.023498560454567,9.516805179840652,6.430163848795784,2.5625605452108626,-
3.9541858941031416,2.018903834184677,2.625663888197185,0.09413331815337878,9.611745914955623,+
5.006074735130758,2.252838298242053,2.793720064042226,0.06645865427654288,10.0,-
2.854220539344264,1.9214704717052866,1.5436860745249492,5.608164071371087,8.016031837078412,-
5.330189556234611,2.3018135120800522,1.651268346036964,2.4174005272390575,5.98611446340575,+
1.9611625325570847,9.423320457124877,6.615394195036806,9.122027972385945,1.4898072391435724,-
3.0542821806747877,10.0,0.24560669891818143,0.3039579325261127,2.6402416088475498,+
9.495653406628517,1.7993015777889976,6.439512305103262,8.93578586728861,9.505044886589012,+
1.2581837435108072,0.2734704064993332,2.1519548900633687,4.659596961028008,1.6771266533235911,-
8.569127390302567,1.7169902104291845,3.4561449352297746,2.8225656081144326,5.305228259703597,+
4.324243977318827,3.162370444776697,4.55871485337557,1.868385739651731,1.5357518837921773,-
5.468221433667781,2.782823490508537,8.959121428494791,6.781211215918819,9.54004317158303,+
5.878423428005495,3.590502250349088,10.0,10.0,10.0,-
6.59347296403319,8.69237609179354,2.4074039290581473,9.270256200195803,7.666701479128099,+
10.0,0.011395219647499306,1.4299208135333434,10.0,4.599617380694612,-
1.6951407873777347,7.554410557241335,3.948080955943065,3.5534251911994232,6.963183696481181,+
2.731416169407393,9.32531693138604,4.791077534455044,5.222082533477715,7.713908757684842,-
9.412193354150693,1.9449636177038365,9.898852160439656,8.261208984317994,4.386593011765235,+
7.155735501998719,0.6787654473379983,4.5714133699452715,2.1015331393366488,1.5030355702794795,-
5.743770048014508,2.0134267749302137,7.101719352483057,1.700252385779445,4.403344678647418,-
7.180618862425806,1.4437770831317374,7.713841061694397,0.743971763155794,7.359270080103819,+
2.2456632516141517,0.5489774536991054,7.118280318758037,1.1726308018931686,3.7369738845021927,-
4.37479072471343,0.4821835196103938,7.996134944241058,0.7386827132201209,6.482978403391802,+
3.5976597799744425,4.990458200544604,3.7193192507168185,1.5169985744304393,4.783339292614221,+
2.5986407561553015,5.632458310829328,6.615371401574633,1.1730285821526671,3.2745026657745453,-
2.5803651985540963,5.355838849812942,4.50141502271007,1.9645302063660997,3.538809087371236,+
2.777971205582219,4.547202631794035,4.347758204671032,2.18616583298017,1.413478425534682,-
1.934980370654703,5.871667847288316,5.567048202046468,8.02675027038181,2.35205985270286,+
2.3221143682236756,5.770304150211135,3.2908744326222954,9.821136515161074,1.6680138845781503,-
7.759112570316784,0.36596472659598644,3.6818248621309815,3.4278325864451498,5.460613676578393,+
10.0,0.08630727696201315,6.863503370513665,1.6113344077656813,4.903881367543804,-
3.453466122643545,5.182764142088351,2.5353806058615502,1.6708063317469612,0.9205164604589378,+
1.6804554368556381,2.122145990561474,4.595479438737739,2.906320531936377,0.6178527285944126,-
6.532450030090188,2.132859774671081,7.7111704401916885,1.874041642973091,5.375929809264557,-
7.768203492239179,2.313317612356364,8.403843343587273,2.912674685652164,8.61235970622686,+
0.02657648115577005,4.277474191846489,5.2059540442014836,8.765432198623122,8.39219392432852,-
0.008099550352552958,5.604161574064517,2.868194241325309,0.30763458456728554,7.541255744718219,+
0.02380404852572182,7.818241686282038,6.224905937382019,4.332517630588331,2.9155478950752833,-
0.010177088323263823,1.3883243103379457,2.8838818007504137,0.36784871251735585,5.224187330581614,+
2.0766360837310485,0.24805475194254023,8.944121094282394,1.1087829176065611,2.427430771947938,+
2.5731086312553533,0.046371242846627685,5.3060664476336115,0.01948344704850164,1.0791820868649744,-
9.529730759586762,4.535637219165171,5.901364913895968,7.688832308613693,6.562738980674513,-
0.6634981293305449,8.251902649041309,4.353194452111876,3.2856466865363063,5.436742699900384,+
3.314397505182728,7.516826146873093,5.6026957729068405,4.458583546247432,8.892356001834685,+
1.5906200074476955,3.708359424158038,1.117930681566021,3.57804076048975,2.6269963910161316,-
1.6406746541159944,9.12123576273241,7.417539569194908,8.189080852947466,8.232712137988088,+
2.817516141561641,10.0,8.926878043262558,10.0,10.0,-
9.186916199068564,1.5245481659688165,1.5725002261504295,8.313678754810699,8.565402998204249,-
10.0,1.710504993879429,2.3179348217335956,10.0,10.0,+
6.490643643544267,8.555892094927469,6.174786723029602,5.114097628434193,3.078088012401353,+
4.711970603550141,7.3506056864007805,4.162626945615176,4.762686410723494,0.858868090817726,-
2.814267345244038,0.5796060996672547,1.9575303262442878,9.69731805755946,5.06485756895186,+
1.2144508121518034,1.1325822702130717,0.40920131572597296,2.027028929865728,5.80882439317588,-
5.766871680941181,7.685113405072851,6.2508331190790445,6.044887013815854,7.14303748187724,+
2.3905070117110325,2.8514533621998237,8.226548873099675,0.8502386635666165,6.896136240091356,-
6.5343051993482835,0.6740067846294995,1.0420764957315176,9.56335636288856,7.881041276779005,-
4.781721901839663,1.168825981290498,1.1313661260168084,10.0,3.456477236942923,+
4.703429020202442,7.510816904070649,3.6053631602074354,1.2314671180855852,4.647718466551529,-
8.64607239488573,10.0,1.163322723918733,2.373360530690348,0.9972040380962527,+
6.707430905186032,5.0029448258088856,8.719280576193745,8.310396695134264,3.3880011969937094,+
10.0,7.206670935943099,10.0,10.0,0.3035364397089416,-
5.997655204932279,3.2913782031851193,5.670309634144726,6.073750072461692,4.852149875776802,+
2.81114946659222,3.7696596585367277,3.466962568168541,10.0,4.037653015059705,-
5.3420455558836775,1.5907155556800956,1.6877252572630541,4.511217443170753,6.911035314835264,-
8.261770201772306,1.1497916407471398,1.1803773216230475,1.491497822459302,4.410203053234902,+
5.471111290755478,9.512999387075414,0.46088201466948586,1.2617668420501449,0.5770284406056014,+
4.011915767970525,7.253902315203028,0.14274715500935728,0.22354224650004745,0.5631938780952628,-
6.763270180794798,6.574227142708422,7.214590964014818,8.54517172766185,0.573341000433133,+
10.0,10.0,5.811816375532975,9.37078693498933,0.9641603679113397,-
3.6387095005187096,6.452883254286121,5.98567239735238,5.486571716771217,6.070068985567483,-
5.716948740052283,10.0,9.785014977275383,9.994240814605718,6.566853549043736,+
0.7729382655994965,4.9211118406940235,9.040214115574678,1.456660412352967,4.429886439627504,+
1.4949737916895605,5.687146663069768,10.0,1.6645319871091058,3.0644829656461186,-
7.413645197508067,5.952326296816064,0.44272841120206907,5.240757329807977,6.972427542246641,+
10.0,1.288326176985428,0.8274603159812477,6.942776710799781,10.0,-
0.020659241932534655,4.269471115198869,4.64953489247895,3.909575512346799,6.880806544210595,+
0.01766227266313589,1.9006528955508881,3.3810140700617466,0.5728660083995726,2.2266310357951524,-
1.196046417745128,5.3312200179316624,4.378605589552116,5.452115179959173,4.518986348082202,+
2.1279044447882502,9.229795533838223,2.6885210100560735,7.962276272480518,8.946177823759234,-
8.236860980618664,0.8377706582371869,4.912126624345156,6.123703661984891,8.875896485317043,-
4.896724041658556,0.4107630755234977,7.305772286483618,2.598985756294261,0.008717716160248972,+
1.4910539471446738,4.81955193232107,4.7183265634921465,6.923832542679957,8.378343848309903,+
0.2749206158906704,3.015102409063602,6.387831916202539,5.854786521623871,9.254303351738283,-
1.9206526772403254,9.656315652336222,6.289664056820942,8.547638478342991,3.432222556964227,+
2.6896103180092186,10.0,10.0,8.776910215819594,5.601000940206134,-
0.8796000807200821,7.8250388596238984,4.414027692464763,6.795851264800047,7.248007844898022,+
1.1102909375709114,0.8269948457759586,5.077563900376841,9.677907099317418,10.0,-
3.711138575335482,0.8196720237416866,1.2093995528848522,2.908455177575032,1.095512641195503,+
4.450529854215957,1.0065477257480346,1.8266207091010966,4.649085782274147,0.441673314938385,-
5.102984187226119,7.735177842049312,8.51894381362151,6.919728574600691,9.87825251039008,-
9.311077021672556,9.930265500136947,10.0,10.0,10.0,+
8.190879653622767,6.091156349782695,5.880719336484893,8.603413261971692,1.1836990693481664,+
2.7146039321588162,3.2100888400910446,3.7785302605549673,10.0,0.644994353488451,-
9.95772402059052,1.0712807436375549,5.250574616991245,0.8917993936658508,8.69742277227064,+
9.211576807437682,0.5530195658470257,3.4661869923121738,0.4138629912367043,6.614516845467711,-
8.044874121007501,7.711765761477039,2.7396758268598544,0.22725795747917443,7.5158571496928515,+
0.40276590115402877,4.221075618381956,3.9772641374696214,0.384590697740766,1.5216472045140794,-
6.4673423442136695,3.4125606252051224,6.6297625722881115,9.512404142039214,0.009633811296030359,+
10.0,3.1763777962923156,2.6207826996189194,0.5711561111677997,0.013144454279978998,-
1.9484696816664604,2.3285764169313286,8.448985189765132,9.778130497298974,4.757524213608995,-
2.113685632159788,3.8995340968460654,9.420044809930223,10.0,8.110045412928384,+
6.830723144054684,3.863312020021353,6.136767497390968,4.422351154183849,7.813195750753634,+
1.8583527717173818,6.22331377919309,1.1539668645005552,3.246438768592392,10.0,-
1.4525676824551181,1.588001527874252,0.7018655741407032,6.024357610258246,5.4960920605218195,+
1.3100142180509469,1.4443236317333892,1.3555767389896338,6.768473818523087,0.6364046254316532,-
8.439628101355986,2.037565627526301,6.567974465206831,9.729403012186825,4.3845072469571775,+
6.087266801436481,0.8224847004973062,1.759703834237782,0.24345465540514757,4.368516373881144,-
8.079879201538988,1.547356310335013,0.6950448951006427,9.306575186433466,9.189227816913533,-
3.285273312773771,1.7227160988363135,0.810824727508749,9.166264793273058,10.0,+
8.432278657566018,3.538185502368143,9.953685319555177,2.935276657056841,9.266365966757876,+
3.497067444335425,6.381726028102883,3.9700201954304246,5.318292227554969,2.7164171823444314,-
7.501238967702292,4.5998347910865,6.833928057228445,2.2910163693299856,3.357967067490064,-
2.523311761285871,7.514648668502831,6.399123003201357,0.19378315117706169,0.05934263367116284,+
0.46885777439711895,9.82550181705004,2.2433630638514215,5.154052816268459,9.201207854209045,+
0.6162619754422869,7.234955572599226,1.737201698278559,1.1127845639212737,6.3156919306422346,-
6.624926565973871,6.821246327090554,5.661756989878526,3.9237496297548082,1.0090290094337673,+
6.968743125831273,10.0,8.579140107872233,3.8756008560397373,1.119998841502548,-
4.336715680370405,6.221313635239757,1.511847768295962,4.831185333282444,2.776227760766985,+
5.976747939857192,6.946562056368009,2.632690697091486,5.389990573458653,2.2911752179098905,-
1.8753014378923771,7.908669945946168,9.147294207295717,2.673439065241837,3.1748305748614722,+
2.523917287947322,7.940114116766888,10.0,1.506938884317806,1.0439535479939597,-
2.6641084849094385,4.803509969039909,1.7985390367419452,5.39312501022181,5.161095682076392,+
2.1185141244985806,5.82479572469683,3.253010319970683,10.0,5.722264154146475,-
7.326710050799297,7.800960265910362,6.018615723383118,0.4775039128948888,4.687779338367935,+
5.65134740231022,9.707150634244197,4.257366083784046,0.8565950030682589,0.4835620966380775,-
3.9716166685893084,9.932614922376805,0.9818874038303294,8.546111247166037,0.5139511477923886,-
0.8513833733150966,8.493439756208511,0.5429909385708753,9.690034880052789,0.42409636430099795,+
4.006677825360817,6.929596733135575,1.1377547981672964,5.357736064783852,1.1727551032891104,-
4.999668321770183,10.0,1.6541080773086267,8.998910004921452,2.1509792511650203,+
4.746378905698561,7.062029130034473,2.065461374855142,7.190964887676616,0.6269367214308852,-
6.8167972623267845,0.46702800247575177,0.30190681635020805,10.0,0.6272130725109227,+
3.083505132224529,9.669511641917214,5.738259872815428,7.218922132339989,6.385357337208632,+
0.2690321172451014,10.0,1.3800675417980606,10.0,3.44702668778607,-
7.1342099095565645,6.424452373534482,9.956152526196492,7.300521444034704,0.5191469110601954,+
2.498483461619685,4.010914957274895,9.391742465244334,4.948995405335363,0.23222696439898066,-
8.76522377306817,3.735591881043645,6.620209091936381,5.4554510143218335,6.0007238137729315,-
8.427406862669702,5.58731102097439,10.0,10.0,0.025788569135304886,+
0.022090614077590054,3.4473850734086477,9.385770813319082,9.673083445798623,3.764542852653495,-
0.037891700295618745,6.656030679623134,8.752630927077409,5.249248545950197,7.208603212440105,+
9.635714683012385,3.0847899672666976,8.762333834278039,5.920969007323713,8.533393108536746,-
10.0,2.5209706721906118,3.67105270502447,3.7401109058820077,5.807370069075837,+
1.7536026937537375,5.5656344487613865,4.026072419960441,0.5792496222172316,3.044575781587114,+
0.6699489444588251,4.362033301921021,0.2629612461562533,0.9106036641677691,5.9422689609617265,-
8.320959047980653,2.4206294110145956,4.402947467801247,1.4496679326476924,4.596027844735425,-
8.50739792953237,3.41595923477319,5.53882823177802,2.2838483224785775,5.905413680729923,+
2.001955010568346,6.707074493885662,1.954853833384147,3.249759813062413,6.108585242544807,+
2.5669555100437638,7.308440843348355,2.265716709606385,0.9535131613423503,6.963220149331133,-
6.103365925485099,7.977194952232528,4.739704330723518,1.3641650947919315,0.06652344051565562,-
10.0,8.337371385500417,5.028439432663182,2.104401526862983,0.13141321672468628,+
8.554317251707214,5.779027705843257,5.991149601893991,4.450293918797179,8.131117414242983,+
10.0,0.14950996829708846,1.6412123924916222,2.4645759344007026,10.0,-
1.4830649858742817,4.600650763618366,4.4522683919825585,2.156301342769865,9.604201011505022,+
0.18486377936215456,3.688856624125356,8.180661816414446,1.185251488003977,10.0,-
3.753730092291452,2.3094277900744906,3.0958370574049265,6.5914907218391185,5.90050476897159,+
3.3632409558913516,1.6261858175109738,0.9960814515133295,4.522179663542321,2.5478848937625327,-
8.988976019931343,7.018740054208096,8.089650848979893,2.9916710109766464,7.512346210739579,+
10.0,5.115075546285313,10.0,4.101599354565978,10.0,-
7.587772205106022,3.0845803789731097,6.1659205272012105,2.802876677474073,0.3325404665040188,-
7.821022284634343,2.4389242890716933,4.639132649244951,3.410282917498702,0.525386404972962,+
5.613929530943919,1.2085283070877884,1.6684013169658785,1.2334062211043495,0.9381402839589881,-
7.009818002403004,1.882866557781596,2.1015960302953096,1.7111907716899943,1.7126841185210366,+
9.816106010738503,2.136026881265798,2.9275678999456414,9.9225300747115,6.744005787283648,+
3.5555920872801923,0.12818474219595494,0.7987015361840452,9.590590338185292,0.09327856851135662,-
6.973730213999031,1.6589070287715857,4.652534892575341,8.154496630386527,8.26130076123397,-
3.8002972452364605,0.38868682866832244,7.953387942586615,10.0,10.0,+
1.8247653566807442,1.5922689817637914,2.1508458630453484,7.5700848433221495,5.463420443258494,+
2.6326653375117255,1.867423998645659,2.919468035872132,7.332152518608777,9.590549630879595,-
1.1064625647435378,1.355022890662314,3.06005497407688,2.630148025468583,6.621075541797881,-
0.4268360724222641,1.9060140740529188,2.000424595217955,0.654147611276218,4.624171138420962,+
4.550999005002784,9.681988962968015,3.92163632330657,1.4755519261701089,1.9652363477064883,+
1.969537215721557,10.0,7.742701228762497,2.147299112838114,3.309019162361988,-
8.60956437466017,2.807504891005811,8.092412802295124,4.391521039458105,1.2866978453634081,+
9.043753348373397,5.366450571119635,10.0,7.418279829450463,1.0294860128418082,-
2.0923383886445412,4.675664465023055,5.221670894501807,8.757137737669225,7.791951162534522,-
1.2003947899866434,3.1721331222765623,1.5139075295623696,10.0,6.917075363140278,+
6.5717466665758,0.5858334110163188,0.797460834643906,7.550033410457155,9.747765095040254,-
4.931869448090739,0.5379256029963779,0.3300675559418734,9.094990464958872,3.0328703814098654,+
5.099462919927809,0.26322357362111526,0.8923775341923046,7.141829635421624,2.0958296708622726,+
9.128132824539964,0.3333635548633426,1.356802078402113,4.0632224006451585,3.5319396494044364,-
3.9878007642714417,1.689012543611852,8.381891243255845,8.76846142619525,7.551569908333949,-
2.3378121857095606,1.640751548006738,4.805252999299026,5.158065288426256,10.0,+
5.550851491809946,9.684865992202115,1.6402983741675714,1.3183674946152402,6.236947569292781,+
2.7032629088607742,1.4017492587359963,1.6355307932319376,0.44979585295336605,0.7768849279027201,-
8.130057574655018,4.933101665105594,8.397998665297486,6.461215492290009,2.220118349595893,+
3.956892188214668,1.0833593542272522,2.997608170432173,4.322574288813186,0.3193952471745185,-
9.598350964716001,5.4718767765274965,6.624554187308471,5.341865857793144,0.3827044721815531,+
5.960667219972229,9.48909288394645,2.3324895843819564,7.64338712823319,0.1735564146327388,-
4.711371378337522,7.370880649778744,9.958582119627742,8.120526210132988,0.5801565893960159,+
2.408873420359412,3.8646608268431883,3.730591708383943,10.0,0.5434757818407294,-
0.8362010621252669,4.030057318427059,7.752845916995294,0.8955226090212509,0.5105788860687777,-
0.6059028202871477,2.5284614705061474,10.0,1.249136185089004,0.7556594685337145,+
3.0348232642884665,4.1633049744897965,0.35560967315616643,6.705374124597949,2.1643117731149286,+
0.3425246159388593,0.16380685013310167,0.1349018714252537,3.722746002269163,0.8475537869036069,-
3.710510386753947,5.830820150992782,7.361305396494725,1.069523498274193,0.13823542556744006,-
1.7307302454965159,0.4023840804321489,10.0,1.4178833025205027,0.1805861294162321,+
8.370080282776852,8.775377746077627,6.600411000641511,6.247265646472662,2.5542026921637384,+
10.0,10.0,6.720642369887508,5.159849319230305,3.284877466568718,-
7.266697302842585,7.401507592263666,0.41013445580386443,2.9220695917372055,9.773092434367156,+
2.206064794356237,5.500143201537066,0.6270801022440856,1.7960546064932794,10.0,-
2.942001201383823,2.2545953662514195,8.034386336636622,0.28946048378112876,7.115442105411486,+
5.301153882002309,3.5080780327249292,0.1806323041272312,0.3880308948481146,10.0,-
9.571175691664829,6.831473353912058,4.449112332244903,7.732026506677957,6.669285807850138,+
10.0,0.4142469801230454,1.0817069512150166,10.0,10.0,-
0.1543235229971962,9.906793504790897,8.60014173369079,7.387724030474851,7.68003844693149,-
0.16700235800376637,10.0,10.0,10.0,10.0,+
4.098684709627056,9.36008220256733,6.795575921962175,4.939460159370923,7.700315179321083,+
2.513017433111346,1.1910970992150711,5.2900038999359555,1.131340990189328,0.5732791266355673,-
1.7149997720423071,4.794542871618025,4.118824131448683,0.05549491466643519,8.564019723450246,+
0.534175108584594,2.0225328890196237,5.578158048170089,0.00821838275475278,4.038563884972864,-
7.843932026507293,8.560141133359947,0.5181166933316939,3.793445957603676,1.7924331720483455,+
7.0194147270608935,10.0,0.8433943336323914,7.125194964650048,3.1878550040506015,-
6.705137309724966,9.567423156425516,7.629952681109007,1.9126100829655235,5.830879571970048,-
10.0,10.0,10.0,2.6671083234547823,8.673646456896922,+
4.942560127068891,0.12281455215816361,4.713479354679828,0.5996307072286422,1.2381712444230664,+
7.566867308716071,0.21588490698475127,7.496165042894025,1.0071277785430495,1.282490039520621,-
2.729081744474766,9.165969676466293,6.324576460771064,1.2875842630840462,6.915579713031404,+
4.901674066485434,6.584600429257904,7.467420216965936,2.454096843084712,7.056262076259072,-
3.741829941852033,7.894362089897687,1.6362406891993353,4.384257889778222,1.6169653487610258,+
1.3440240527675087,5.6961706256544495,1.1957089230863036,3.624969129667583,0.5059379440986393,-
3.8792214127632874,5.1210245819090545,9.427210740154289,7.66705886686219,4.2950641855503235,+
5.903966924001051,6.012310121846476,10.0,10.0,5.74672129752359,-
5.353934643683608,3.70519180767464,7.705268373130121,2.493986355174642,8.37827033160101,+
2.94675861375033,3.3118523669329125,2.544451804749889,1.0887763674652164,10.0,-
9.256364560843329,7.5392346775256005,2.388118523514443,1.7069022183078053,4.867504612966455,+
8.469253493663368,1.4869072883590404,0.03752717468897024,2.5614114480411567,2.0108564261299287,-
4.1418312709807426,0.5171437908904142,2.803130703351946,6.485019429523231,4.620058065037739,-
6.130529906304461,0.9707928799051554,4.106898482638147,6.915555867157006,7.857352432663091,+
5.858093611688561,2.097211539427588,9.45616691464261,9.312717914062626,2.1031776661556534,+
10.0,3.9739187602608324,1.9565027919901106,8.585425651562828,0.8637705605029267,-
0.1077219895339343,2.3849776122320154,5.465476924973843,6.093424766793967,7.3332793771453115,+
0.09164344802350197,3.272896444605389,10.0,8.38127367415504,10.0,-
6.36967882985374,9.339874788474283,9.909891829435,6.690032695843319,6.893010461619462,+
5.652238835412087,4.806820496816462,1.8722419148836542,6.321306813349758,3.5256980060347307,-
4.267221371086918,6.568377585251336,9.899782391958,0.8557418897322022,3.720027785928013,+
1.0392292921325998,3.0712614115589716,10.0,0.5413788060817569,4.510337861157722,-
9.746784998617324,2.6774103999635432,2.7034981104134417,1.1099734934295669,4.283951466299255,-
10.0,3.604016048732327,5.367883869997969,1.8325511805137373,5.106856086747143,+
3.2377961084845532,6.052124160108399,2.347374285488711,3.7393601658513953,4.586618315866616,+
2.4136455102492125,4.55424389406221,3.819217571065174,0.1911670939190116,3.1691647550476945,-
1.8339567238445031,3.67914602427859,5.847721712655152,2.7086578259251737,1.9380495417468202,-
3.4787455248687977,5.213126539735932,10.0,3.9944553352772174,3.593848854430784,+
0.6105851551869168,4.4475527279999625,8.438796102858841,0.765511014379805,8.881714879724283,+
0.655765719762051,7.068023008343655,10.0,1.0860535471446915,1.3675769672398783,-
8.471061168808522,0.16719588965072862,4.71777841630873,0.42327125213659,2.0898807691501773,-
10.0,0.18977438411786596,8.654989201373795,0.4837039545200914,2.621338994660558,+
2.3095041466037056,0.702401765494256,7.425520959688789,8.058451468782682,3.0749559633249657,-
3.109523040042827,0.7506645498608693,10.0,10.0,4.50030996182302,+
2.1969896457738125,7.144919630799473,7.188457440836938,2.467947042124533,1.5687298613945488,+
0.5259376411777794,3.869824520853453,0.3692496015257626,2.0699098400156055,0.15537198078017536,-
1.9134974580523367,9.510613084517358,9.187028447201586,4.8322633884200386,2.7206167303954154,+
1.6262181610046793,8.507537150858955,6.884296418990381,4.390267402831574,2.6867621799132153,-
7.168345328558595,4.971150811910057,9.49976429379592,9.256505879304152,8.15032295361881,+
3.92533942119353,3.8593644574198667,4.373790310114195,8.352182843598474,0.07743777444068319,-
7.578993989281036,4.649472577978397,3.415536496146686,0.8130349309914464,8.705734927621876,+
0.30872728148561057,8.249628882856397,0.3159216058273,1.4811523490450593,8.131281149293038,-
3.7544514251512675,5.466946770322898,6.459415062308192,7.144451163609236,7.677625771439708,+
3.6484213087512196,9.78985653071935,7.888349216032253,10.0,10.0,-
2.3407446212652516,0.45007104638213224,2.8707575267548258,4.741977425922607,7.475985893942011,+
2.9160989034537197,0.8091696125020599,3.5769799517561722,8.754731710276815,3.182589354678522,-
9.699201440470633,8.60748746497024,7.089109558189658,4.16915160700799,3.689166429644274,+
10.0,4.288767004062866,10.0,6.59963990189246,6.339095762203538,-
9.217549262336913,9.3773081533059,3.2479182588562727,9.230834481706214,1.5258342763747246,+
10.0,10.0,3.3040914268147903,5.310352046196477,2.9080299856491743,-
7.253820623247911,6.644755011305611,7.676058527882822,5.087527150931201,9.639740448430615,-
4.072786018015436,1.6483218704735807,3.9473473843711266,1.4783640401931286,10.0,+
1.062649911092538,1.6186220605147295,8.204362768233981,9.182799192311954,1.7565045118325229,-
0.2837156364291908,3.141287426624487,8.46280259087074,10.0,0.11636331470317006,+
5.961724332094369,9.86851763740369,0.8643547854233025,6.190301843961769,3.224460676830081,-
9.3982797746239,3.133900797672222,0.7596136755514797,0.6582092407524429,0.9202769509472387,+
5.33089242538246,3.547418350012912,0.23673512982543277,0.8975420854403415,4.367319552356187,+
3.635858617192578,0.37754575868672663,0.12263822442978682,0.6969992797697361,2.4122691087437103,-
2.938129695087064,4.241084519654292,2.9299566419665366,2.8639773717619574,0.8133738669614499,+
5.727396582230321,4.683538375793072,3.9514672529932655,5.300008263588943,0.8210859671551107,-
0.28177878540415535,9.025816887379397,1.3917412848574584,6.316242081434505,0.8807638435370901,-
0.4474688612007142,10.0,1.4914491779768624,10.0,1.2670538448300968,+
1.7662333353549764,8.437227798355583,6.258948414933043,4.880620850208562,4.738294307275913,-
2.7662980627565212,10.0,7.2769663386235965,6.175654494839967,8.917541374824765,+
7.803251285941539,0.7953978785263316,3.3441109663147373,4.904365627245139,1.9964673192989868,-
10.0,1.0796976857161105,2.0813286652070073,4.079739904242887,2.15191784065788,+
6.715359091350753,9.029727351743635,0.6346617066902571,1.4107035421818859,2.1759356027499424,-
4.1099072967402,1.8221826000779309,0.6342131508995621,2.6941490416670484,0.11194097716460179,+
1.9757244184362188,7.254139747472009,2.141871625764572,9.940102702872123,7.452136232109831,-
2.376071975257552,9.978425990632834,0.9486540718635712,10.0,6.699410721046783,+
8.128895536286759,1.2495216648948526,4.391009651085145,1.0242938979652438,1.670364417537562,-
8.751730715950911,2.066705632182572,4.529165800297723,1.6726666818917195,2.238236331645809,+
9.026771909439717,0.7452734756491597,9.560902209570063,6.429881949739452,7.6429169980001666,+
10.0,0.39240725783240454,8.658596142159382,5.31056786506236,10.0,-
1.6364629509185602,1.6554019218596305,6.158432199105253,8.35361013570657,9.540280751225511,+
2.8492166288198773,0.054939538877109347,7.9087437159871365,2.2836901611976987,0.19949922333722697,-
9.082815123825723,0.19285302783103253,6.851193946472069,5.3362710944666905,8.279341746713273,+
9.132837696332501,0.3617176771725812,10.0,5.967484547115866,6.535047571668681,-
4.483169690665891,5.377035347553426,6.133367751566449,7.8989315447139035,8.615991051160547,+
8.440363226404216,2.9779933398797245,2.288298233709953,10.0,8.12823563399981,-
9.57127009773544,0.9174263472632782,0.6344785283193388,6.854494608515843,6.588461709465378,+
6.373881825454684,0.3851522168265512,0.2968906963892801,1.1869543918390884,6.472818458693938,-
7.481990656853817,1.345466911518255,6.8211194820839385,5.020650954481319,8.15166654228855,+
6.049092506880093,1.3017783693257887,9.015346149955352,0.7198362198218359,10.0,-
9.793878682282667,8.341773434875337,7.3314833841916505,8.503143680169039,0.8193488586359965,+
10.0,10.0,4.351059732988288,8.147789770556122,0.330915522343756,-
2.829507922164267,2.2586572918768635,0.9427113529489528,2.5493446240574666,3.314046157967624,+
3.2307604997154833,1.8369050282113124,0.4805738169034725,1.3436542121332962,5.452012994968667,-
8.213645445147712,3.837961594616667,1.1710490827913855,6.972143224662864,8.224866002268717,-
5.4125357551414455,3.4881251202478687,0.26296793985105066,1.5401249153714673,8.363902799880794,+
7.7120049848505605,1.0767694960014906,2.4559183075285675,9.796545659578086,5.434296674347897,+
8.578993614019986,1.9925425848040248,3.9648710831633367,7.177855942503159,10.0,-
8.73448073732023,0.21963917715474346,0.6094913114594869,5.510883902843168,9.300923635813902,+
2.9932634041631485,0.24753791470665548,1.1313502337686663,6.605067997019163,9.887736480433425,-
1.493652278019345,1.2930751959272768,3.5004481959640144,3.510274765098033,7.851750268022481,+
0.09633213657228278,1.276284317149287,3.8442667970940225,3.027355707512812,6.917297270701627,-
4.7194200070109025,7.794600324845392,7.647445988912152,4.864390122989609,6.808092652049844,+
5.036987689279835,10.0,10.0,8.409998382666625,8.749710061969951,-
7.365194297283227,2.8860233645512445,0.9481526936858076,6.819853880844152,4.96079037949177,-
10.0,3.3106832963278086,1.6517750464575272,6.882492985653277,8.107998680930292,+
5.234411422298649,2.588569727084801,5.757870226725521,9.411877410947396,3.693502485635988,+
4.639334783669184,1.4239703540973094,0.014338060216829927,6.782857715273466,0.4574926858714302,-
2.282239821443918,7.7991959223389395,1.517619845118856,9.787197623910092,9.002942757359044,+
0.31553459222203256,8.051501897460527,0.48139254349850774,5.679764904061081,10.0,-
5.043645037740162,1.701809963079488,8.908585505131356,9.677977899267736,4.597147146191357,+
3.883572979644814,0.26272858102860697,10.0,0.31766984409179083,7.6117818825985335,-
0.0337216646783689,9.386280449801149,3.4485759421363413,0.3219599657523753,7.54072200094313,-
0.0498209021332745,10.0,3.559326310021086,0.40569635585076885,10.0,+
8.972670006220483,2.281088613891052,6.619922861164259,7.745842679448059,4.453952765825401,+
0.5558717100586973,0.4650191685059728,8.083114166246972,2.0480603429149107,5.227449189572279,-
0.70254163619071,6.177915639443831,6.673526210240195,3.6535456532732735,3.4105688808943335,-
0.9815668549578161,6.76635829197402,5.282998811824955,0.8496053167035827,4.395179521447316,+
4.019234877097345,6.979469826771359,9.767996741203818,6.729229089961477,5.654385713472933,+
3.7482367112170203,9.329790677098828,5.9745229701665306,7.459434765244486,3.865389939382286,-
8.674066659613125,9.15366374204736,0.4823945867741919,0.36659007314390535,4.530199032432573,+
4.227723908372162,2.1159977564019394,0.2556960726043989,0.29926599411081095,2.11936034258336,-
8.962170484132558,3.1859698221693233,2.7985125921167353,6.262966420745354,4.431381628222482,+
10.0,4.996119381937249,1.8243858297957547,10.0,6.983771995618484,-
1.8179214684490697,6.051245452851398,1.5496135936719935,9.125289754256187,3.6466348877173127,+
2.162908088584614,6.0946869969037545,2.7904756728969238,6.309875885605091,6.892438834429741,-
0.5798386519471399,7.63459243678577,7.0224444109519535,4.70973532791755,8.554519267618884,+
0.5477598579465108,10.0,10.0,0.2980844424080076,7.311845496273163,-
5.3485577719349395,3.8505587817511766,3.7478246429452913,3.912604970799137,5.612286039935902,+
7.470549277036508,1.5693614256206,1.4813411305351578,2.8237797412045835,3.0429762759454984,-
0.3502661556801778,8.084551514016713,3.5952746402950186,9.487836361890782,7.4654870513605145,+
0.6771573953585323,9.94322793555726,5.682877969026907,10.0,2.8741219105381757,-
5.913592062121826,8.002098845848831,8.379044781343888,5.047569365957494,0.9441196045221667,-
8.688941114584035,10.0,10.0,5.558681349205649,1.6568303904657948,+
4.506926016500291,1.025361974834914,4.749793842732601,7.6568396427657,5.6223667875051735,+
1.093096962723349,0.1574675557757517,2.892129738904324,3.5826920766395096,0.9103435098347357,-
0.10300155360212004,8.399574743436961,4.740998303624609,4.388143201354766,6.134615145375573,-
0.12357240627253184,10.0,6.343405981468636,8.702585121406855,8.686325953552421,+
6.275123715657159,1.08147922281978,9.349343697895968,5.644710023077834,8.50883555984688,+
6.504948338181904,1.498940653290409,2.980388741735756,6.398305169091619,10.0,-
6.879456275474736,3.720306545815495,6.6019311406451475,6.672080959219732,6.008181185750833,-
3.5455275841111797,4.92534211608543,5.7099266262534,4.595708427327165,3.605168097164029,+
4.1866546873778185,8.76774189329003,3.611067300048277,7.249584806975129,0.737115924907854,+
0.7487846206564385,10.0,1.9117699671698112,10.0,1.3418510833452624,-
9.351213636276762,7.567998818926078,9.002369508709636,9.481180031442761,0.40128741304149673,+
10.0,10.0,10.0,10.0,0.5136218763491742,-
4.990217314457281,9.557240476743708,0.48571860430283165,4.378738568142499,9.927769650966443,-
3.4862998926743876,10.0,0.8541808172445838,4.7823908146102045,0.5489649732711231,+
1.523070710970057,0.7385780731465408,9.974144831315002,8.463158303487806,1.0404483404745057,-
2.0659521068162854,0.0806975793063203,6.4343427902558945,1.9808371226543855,0.39241914236953684,+
4.756531387099092,6.433303836377901,0.1492740555418015,2.2928186507282855,6.8688520838093625,+
0.8484008593831859,2.946047993701722,0.12943640473181503,0.06047407427357521,2.4000199449847575,-
1.8321671777971427,6.615355230397897,1.8789671096405125,2.7432051443162964,7.352662155835336,+
1.7407765614174968,3.596732504972205,1.6050173010362512,1.1414781318476792,4.347931727766112,-
8.701962641755554,3.043881124888861,6.022623637284179,6.121747944938298,0.20173884342725046,+
7.784499866388808,5.445384892190757,9.38475907877861,10.0,0.2683552152865939,-
6.510360696276493,3.9678919473817764,8.282033741428222,7.542507952135279,0.44716164689735494,+
3.489732542809637,2.232445603090043,1.23903718716963,7.247176093981719,0.3341410300053675,-
7.945871855961536,2.3796811570469547,2.293702532605141,8.612668601134924,3.415222985845674,-
5.270975944647557,1.276175538874503,1.9322467450611587,5.782001602452763,4.813344495749995,+
1.235544653409879,0.8064279701921218,1.912555490815866,4.374008192514309,5.403905165786468,-
2.337549440024636,1.6066743337021687,2.1030600945603695,4.552320627411569,6.258838764974715,+
2.6620482398139766,2.5774359296676685,2.6737140297620012,7.128084528597338,0.9011357274978027,+
0.7033445648129948,2.062814459240585,2.630012833834683,4.378517901526268,0.4367966790800244,-
8.42944024983424,0.9424104935146871,3.3736865511447203,7.696738870263543,4.933795903758838,-
10.0,1.613526946307778,5.753501453374836,10.0,5.55324326589625,+
7.378173408522327,7.018573727234621,8.81713268590688,4.184132689462371,1.7592011019876708,+
2.097868312855034,5.637429606526269,7.882161382927037,0.5119715229629476,0.4184352038751351,-
3.370702684972419,1.106292384159907,9.886470572730369,2.0462723564343133,0.8213304726616344,-
6.528048480354877,1.8766626143432297,10.0,3.795248746834272,1.4108733923630452,+
3.889704869408707,9.002659665329732,3.9823940312092554,4.023581613233089,2.564501574708329,+
6.780886423779249,2.4002311994234216,4.252558386720205,7.825138418623967,4.336336227355764,-
1.3109135864251609,1.4006018348123184,8.59348236071898,5.009671740057339,0.9953693905589711,+
1.0669154180890976,0.14917689344898777,0.03659555460526886,1.8788435592623363,0.07211163318562273,-
8.47440516897547,2.366785573133315,7.940926644455278,6.647742248026906,1.8334010925576272,-
4.437445152346446,4.244917641277429,6.18114432954049,1.7186044240107137,0.8723794901851055,+
3.1198617556416663,4.570793967615671,0.9111207507171826,9.18105717060354,1.2729600498003635,+
2.180121897172395,5.106038563428143,1.6487566414732118,10.0,2.514101571255814,-
5.685772641869083,8.283139008170616,2.158794383844427,3.964365820120178,6.434659373731303,+
1.0456675290002209,4.9862633815870865,3.206509032524195,0.1847758648341244,7.480622389935202,-
7.831889378443661,7.0525679093861875,8.839446932286272,6.503229348573685,6.751964685286474,+
0.483899343507278,10.0,1.2871078163981255,4.161779531442962,10.0,-
2.779800594116332,9.874016845393378,2.5567418943721876,5.860127294785075,0.9112751485485415,+
1.0170850505843434,7.834226190781436,1.432588273422947,2.997045827207796,0.752432176213071,-
4.29382440580424,8.159139536808004,4.486574698253238,8.66711213673741,2.585613307781852,-
3.6619701558116007,0.05899614308701968,5.123880012034449,0.9235173505031127,0.289978151571996,+
3.7719690362791027,3.6078457462737576,8.97412548143543,1.2425936537046556,9.732055550604574,+
3.742300972911744,3.389336968111374,6.146582837239626,0.26282350687949835,10.0,-
1.0958763873958655,2.3950973825650657,3.828172992375578,2.1933771184151816,6.4590256297190765,+
0.49676810952490946,2.3607746713544473,0.35249648270367556,1.3168741784970983,0.4961620590764497,-
2.830110634031575,5.735221410856102,5.435235870900302,3.3173778185941405,5.964003491779991,-
1.0590396383531515,9.109914156292987,9.252430808721547,3.8376767073552025,2.371947810769743,+
3.6447121027517824,3.6463432010880394,1.5887203150054974,0.10856792471138133,8.01924155763819,-
2.3656812815728294,7.24746367620298,0.3552171074548202,0.00486954480745261,1.0701564269068164,+
2.751503453828482,0.8751895415968725,0.0056175700931926364,0.9541037283577347,7.643132903812378,-
2.4094167914593334,0.3284660613977176,0.00480830295444651,1.247093403110373,7.454568327167225,+
4.299205148930682,8.149975410747416,3.146938323768821,5.559390631976631,9.358635992047247,-
4.349878161432608,8.91596473250104,3.1062651595907265,3.4421321031654544,10.0,+
3.9771263434537407,0.7636137505857088,5.2040972733199995,3.1712719281302713,0.0703182398863833,+
1.969928639433926,1.1713165532734275,4.653644547958237,5.056435196680889,0.014511396911257236,-
9.521976089878724,6.121222929650733,8.941098129948134,2.517720402945529,5.868150914519808,+
7.918401428300194,10.0,10.0,3.4849237796846575,1.059466212534012,-
8.28996080357406,0.06496773815199752,3.748500578087317,0.13377015967169337,7.742658531044756,-
9.902569539574857,0.12274843320601457,5.535328810175325,0.24449145096266536,10.0,+
0.4307217543250019,2.6465103387573996,4.998054222114839,9.640171775649613,3.601302942898953,-
0.6454173422068976,4.424723659454012,4.010640620320323,4.764308617294353,4.207058989277627,+
7.225766567462582,8.497276753809155,7.891921563081618,4.109964558075401,6.746068363717277,-
3.168595377009406,10.0,3.1913720883577197,7.960777860001565,10.0,+
1.9419881535864714,8.253358204436326,3.077066006868762,3.9150539194511436,0.02937615724251219,-
0.12592926786773306,10.0,1.3843841010045084,0.2630545786741326,0.015266367752216488,+
8.21626494158491,2.4971019165079165,2.2105724435364014,7.0226261248561785,2.0614320633286685,+
10.0,2.5955552468273866,3.294865448728576,10.0,1.510115240700076,-
3.25260043017669,2.654689921837272,5.8558005728277305,9.072853151770111,4.505850734897773,-
1.296664714541654,2.9277287112939447,6.692485630646647,10.0,1.0300162512614093,+
2.0228645566454304,5.252419385054559,7.58693923774949,5.9363885747105885,3.132931482979635,+
2.6046793855396104,5.455669047141634,8.913467175548062,7.665370811257603,2.0723381797414975,-
5.839816579679969,1.9515236534597113,1.9840844954112435,6.1076410026596095,9.90451606834655,-
5.820251306201958,3.325246067839389,2.0187874696487222,5.486864653061381,10.0,+
9.881466574666934,2.101521228124996,6.305887274924409,2.959599447917798,8.891130085603253,+
7.418293538368135,0.04049907190223008,2.065459522752621,5.060690498840705,9.303089439024882,-
3.1684645066323602,9.154121013487124,6.596756714560424,2.063648740564231,0.21321414221973423,-
3.6025665824291138,10.0,10.0,3.823454839275612,0.23933934115215874,+
8.51915098256962,6.755154827456992,8.366127548106618,1.3838258806625892,4.686743060541837,-
6.025565232379894,3.829003855192289,6.767521906028558,0.30045772478744337,7.592472169311378,+
4.5064128134395,7.735044813892986,4.7402027526339365,7.566630482299716,9.015431869542928,-
7.56079272828319,10.0,6.37168063511264,10.0,10.0,+
9.121009271383867,3.365821153609032,2.278440392522605,2.4273667858962,2.85154063121826,+
7.806101023120728,6.658952890192881,0.21374284459483045,0.17550525613027285,3.31813753158293,-
4.493566273118022,9.865129108054719,6.1541260815384655,2.159320264236335,4.3456066738221715,-
7.844427738413069,10.0,10.0,3.717614304422476,4.778584844776662,+
5.975553746867396,9.989147289025519,1.3211768372220167,1.1107296139936351,7.438470118645633,+
6.794310732429451,10.0,2.2571192625397356,1.1754082831978585,10.0,-
3.143166201401434,4.45607533677898,4.48845375697308,5.789779600580813,8.432464822874387,+
4.544997496836377,0.5644225007594545,4.157710336242936,10.0,4.579402288677475,-
6.349000378371174,0.8624143016707753,2.2582329300765203,0.7543793496122986,8.40384371074512,-
6.3467448543960785,0.8101963313828956,4.203712136676103,0.3318102002851198,4.870258097060844,+
8.670308215308268,1.6110153262269455,2.0022117606539935,7.21978766993603,3.351817249588821,-
2.246954116408126,1.2717552989014937,3.183532690071362,5.4436462869399715,2.0372028173087564,+
3.9203672204694993,7.661593184447041,0.6981865747941662,1.6287666866498685,7.749456569334422,+
6.9383325647507075,10.0,0.7370533399964803,2.467995213667892,7.259632777106117,-
9.30648886334952,6.41508762573752,7.077915003925714,5.5702013293346075,9.876635269727,-
2.4619894852750197,10.0,3.3499402209743865,0.745548923925669,4.349297418989631,+
8.508982172281225,9.716736307401192,8.581553100809007,2.399509836914482,2.7881734841535,+
10.0,10.0,10.0,3.2452646262527787,1.353907587047277,-
7.6768428873641925,6.8669492579314,2.643423342767408,1.4524386872025952,2.9903179670669755,-
9.580793638833084,3.0415888428091447,2.9310170245855156,2.8092908408853337,0.6893720992077916,+
0.7711895505002697,1.295895779000713,8.174189311276265,9.075012091679515,8.722198859899231,+
0.9280795755660829,1.792187974172547,1.3830747312762135,6.001264978505715,7.160297295882253,-
4.207115446588863,3.10980625285574,4.4531269065799615,0.5753067610251184,2.363151279139488,-
5.416041313564415,4.112067560468596,5.848511427365541,0.9125193766026328,2.740609332003401,+
6.541882206967722,7.446098096679514,2.8088180845160804,4.832306347216264,2.6762669123732086,+
5.761229194402784,10.0,3.4873077843559748,8.77834369136727,2.8276133005483968,-
0.7881286284696631,5.531136667876806,0.17516236724050338,7.841926250296517,4.791361496679848,+
1.0735657502887292,9.464966657977149,0.18141205689734158,10.0,6.728594760214319,-
7.2651517323365224,2.797645123469544,4.823574386881217,1.3506601269632912,0.1818381203111219,-
0.15646273953156883,2.148570542946939,4.66073871186897,1.2538365235905697,0.27722984700595354,+
3.0711339627207748,5.751539733132808,9.267995984078912,6.003642404250638,1.5814345602670998,-
5.5016713312971115,8.117369101858676,3.044486095125508,3.032213871715251,2.1610774762999108,+
8.593433602658166,7.775285809703173,6.71059652257168,2.476972816503374,7.832872358618451,+
0.6083233259044094,4.985482215461494,4.2575301844499895,1.1331407623338257,5.20016178985801,-
5.828492429583837,1.35804944102779,8.74607831815596,7.778270720482142,4.0365602221216825,+
8.562359640450664,2.222655122185317,9.08539969275756,0.6269274198659182,5.981149847594185,-
5.810422676342659,2.98220815827586,8.808578709166554,1.5002268259337803,6.486233678757123,+
5.039870137005801,2.336687419354669,10.0,2.5379565704953215,2.988729860613996,-
2.0886868802786007,4.4580568181914035,4.2709332595968466,5.234324327537701,7.022808990144095,+
2.962125790645404,1.725627429798121,6.880302062785259,3.8362500666001376,5.296230829489825,-
1.564657547003484,0.11396431424206765,3.009338418081464,0.13933851937839914,8.880418204915518,+
0.3048669482589597,0.17279052864600447,3.9515689154721136,0.012739987099184918,4.925047083982881,-
0.4721474641197243,5.557666270003474,7.699311949491911,7.494620004324068,8.438422567308661,+
0.2032813670499099,4.740919923233542,4.997931714111175,9.451225605525257,10.0,-
6.178250792578383,5.6953678349700105,5.306963725072356,2.8861909394977516,1.543740782584091,+
3.1303293887035335,3.7022363897742627,0.7596030981265287,2.731035062440661,1.1405024048666614,-
9.804499778549916,7.008660978634631,6.775581117946512,9.025654094323652,9.403486253314137,+
10.0,0.5216975605968924,2.3221988967607263,4.710477267973562,10.0,-
4.6683300077560705,9.089252930076377,1.9075256512343475,2.2019133055382554,9.047920513604053,-
4.675529411474828,10.0,2.56445901903799,3.835132185874226,10.0,+
9.369864041297898,4.690832165257421,4.147071293806021,3.2128316387392863,9.815651562227274,+
9.774181378345274,6.774238072306825,7.201682888161086,2.1321264374168707,10.0,-
3.2686465376251572,1.2823142416421573,9.909299722703686,7.704323707585312,5.46873705391246,+
2.1302415612787566,1.5804241852874261,10.0,3.3147601002212395,5.449648599276325,-
9.193149716903514,3.0626753005454366,5.8109651012903365,2.9301567145237883,6.667932284020552,+
10.0,0.5569068607090212,10.0,4.11098328404902,8.728495323407277,-
2.607305524170014,8.908760562258774,7.109209266957643,9.465561984687342,3.7756926779607323,-
5.051361213507325,10.0,9.036645185624856,10.0,4.369042535452402,+
9.787735339511634,1.1516027105498716,3.263551263367237,7.486030181984581,3.6852130427719243,+
10.0,1.4266100164438245,4.000734517741775,9.668266801529786,6.830541714188021,-
0.5573359972907777,5.277046371022813,6.143918542621169,9.952358656226153,1.1299264211312654,+
0.15083185025164964,2.6083665076756724,3.7040951027958715,3.3425985743518716,0.8099334682239363,-
7.228997240718529,0.11336307507072152,8.381215390606632,6.785519939777044,7.950920255048153,-
10.0,0.11349495582505557,10.0,8.525999445093916,10.0,+
4.126656069000281,0.7542674726200038,1.067902972767233,8.666400499571916,6.050329280339826,+
6.701411966707705,1.4922474968202137,1.6057080325127804,2.9714631823637485,10.0,-
0.72320995307385,0.5776689175425065,8.998284629136657,2.12079138412569,1.7626186876420513,+
0.35430817966015443,0.3709446481568095,5.329657768853282,0.009659279448194556,1.1142365648844659,-
4.028446828332211,0.5588833111363145,6.919713532578044,2.736354879102886,5.526421404484225,+
4.658596768194403,0.6086320060414975,10.0,0.40358278712268164,6.983669050882523,-
0.7840571604706825,6.365005911813145,4.290676354736137,6.422256759981556,9.038222827939768,-
1.2502690310472186,10.0,5.087709568338357,2.800469808401623,0.4613974003092293,+
8.227424340953903,7.966762167311575,7.575017827995034,6.474711404454844,4.088748321514103,+
7.593739689200699,1.7078839056423798,10.0,6.100522019480089,0.19110969518515816,-
0.5345905249729566,8.763788098422674,1.7552250456163765,7.457724066075588,5.807610922932368,+
0.3329524549080373,10.0,0.5764707107110134,7.796702317569149,1.928985846114706,-
9.634856611446837,5.112894643204539,5.78765182267343,4.873482567341348,1.9199282815135321,-
10.0,4.58060562011175,2.4363170184613163,2.327138730148342,1.3260342787138966,+
7.47981578389993,7.733849193445426,7.265183779461584,9.099570344672339,8.748364402893035,+
3.227392025040884,3.248419212976175,1.2701559747779074,3.1816416888501706,3.173879826887148,-
6.823543557393319,1.5229362754672593,1.910573682381288,1.8492616881943957,3.0948004385727867,-
10.0,2.18214345029367,2.4710905578552453,0.9975975115088704,0.42622394965515326,+
2.2791398285947784,7.8575220630144855,4.972722757690018,7.2712829504443235,2.3180407033221364,+
3.880896236438012,4.685599725461312,9.394978137771204,7.480623641683344,4.183554041100668,-
6.98286956764662,4.869094076633106,9.463049982204675,7.106891078081009,3.23266544945896,+
7.294310503853216,5.227470146374316,10.0,10.0,5.15508690696403,-
7.742591381262795,1.5943949676251956,4.131899147521441,2.433509300955521,1.4906197360539808,+
7.914259861175451,1.5548073283398216,7.572853587439734,4.860339096285338,2.0532175836089164,-
0.42258604163138647,6.933719111658787,6.708235141124682,4.065185937209942,8.141232511659434,+
0.6072366429705732,7.707352843356755,9.50854619273181,4.871523592833685,10.0,-
3.3626529004794525,7.299241567313547,7.880950083259696,5.118075878868665,4.534998574837591,+
3.0706886451940667,2.4307519242294955,7.147595051565856,6.315549985437816,4.90368376983518,-
5.6344055877262775,8.430055632662318,1.1652904744193593,2.825228301730698,7.183534835971322,+
9.001963786074796,3.462932736879144,1.6960648784092687,3.348803406540903,7.417518095928264,-
8.655924892932497,5.973883076289179,8.376266999185118,9.44010052766193,7.140809785783837,+
10.0,0.33768388290713947,3.4361858558273024,10.0,7.072899119837972,-
9.801539193991765,8.89090612773305,0.6198526465860688,5.195776736500291,3.59161629993853,+
10.0,10.0,0.8662445081428432,9.16444661063089,1.5605817610842252,-
5.605021003933909,0.8972738153823234,3.6057607470586186,2.8305985653969836,5.063829763921525,+
7.155517790750375,0.35183103347921263,4.841279634800849,4.919945034555683,9.885951199094796,-
8.174685434514794,6.184400474454016,3.237350843798612,9.083830984957652,4.583743708364121,-
8.651103707131455,7.054079320661305,5.189013645609238,10.0,7.5973347694876825,+
8.821048444670277,7.249022220719298,2.8944341699522336,0.4739197336791412,5.150168385245005,-
8.802454536078248,10.0,1.317215975143545,0.4726536261213011,0.257389699926826,+
1.0939081908477521,0.6390470268816117,0.16643404162245967,8.443935656305932,7.021354898548406,-
1.1993939882331313,1.030388265425947,0.26848240366169185,10.0,10.0,+
7.597509315890942,4.301249754945051,7.588244189136741,2.8996542563917407,1.8107597232636663,+
0.22358788340159025,8.510894719377408,10.0,4.877860648312571,2.1953162806221123,-
1.0401165842069415,5.00625080903092,6.512070511082321,6.2158555490914,2.3905740453114586,+
1.1114785096889503,0.3151476415106259,5.023806071007263,10.0,0.3035834462709325,-
7.821897947234748,7.846963823717491,8.159690318540811,4.296065152136011,1.2294163234901745,-
6.761401336622574,10.0,9.616239805179482,8.54700600643628,0.2725854491470217,+
1.7185520327811232,8.807895743211567,2.9363484637699133,8.269762839924802,2.6130760263947614,+
1.1661880242412357,6.05771231800413,4.802869089282526,5.093726215611571,1.7775260397187749,-
7.567699223731012,4.717069713852755,6.688837073102201,1.2686401598793473,5.474083774415625,-
5.067456918309477,4.453850436314766,10.0,0.5293644232022697,2.7438272476974457,+
6.701783858994318,9.363206967111658,6.274336040585769,8.329113138939954,5.456124086365754,-
10.0,10.0,9.938121292508875,10.0,7.477029532079528,+
1.7636405584785464,7.368064536764062,7.022480046704515,2.4588243458072725,4.93765107691369,-
2.074230351752622,10.0,8.119963043465054,3.933709802592727,5.5345191454831975,+
3.6124911540910287,3.3060460165777137,0.49620120594343176,4.818458954401818,2.8430605316788906,+
0.6418706240941077,2.977102951202674,0.26232229071804497,3.865787081237821,1.2660502286672242,-
1.2156943218723981,0.7032637298633893,0.3283039329041071,4.548702556511312,5.4841474093864555,+
1.8578910154570225,1.143166139546679,0.26933033711282717,5.244247145899227,10.0,-
5.934184585197951,0.13092063422107225,4.587279295693474,3.546687964053411,7.561779674992843,-
7.255335092383584,0.02610489331536945,9.026053395932292,3.156773618870482,7.774573586534125,+
9.913437180607508,1.7573435888228017,7.4308191269191495,9.013043245811774,4.114948047595696,+
10.0,0.23102864385135863,6.1501142149685135,10.0,0.3264462441719579,-
5.588269934910956,3.953121564315384,5.310583275044109,9.925813351414178,4.026311653659671,+
3.5124224572078204,2.2623188899741953,2.8079663743228758,5.177844340075621,3.881138702430859,-
7.040798706377496,2.684773927698918,2.1582664382986705,1.2389716651145433,6.690459216981565,+
0.46552355048158256,1.4929064671413086,0.380699712484558,0.9425675926672042,3.226385380967708,-
2.810711359565942,3.4537600474007,6.024359229211669,6.0647591149836995,6.327605218452464,+
1.7234675080261723,2.703962019666039,0.46374240755809404,1.7114042242068896,2.4920988739402197,-
7.310262402572168,8.783455803097121,8.896761529973002,8.317811181232923,2.991392454092572,-
10.0,10.0,10.0,10.0,3.8666427414062787,+
9.815386738047145,7.448812175944399,9.402560318418857,6.8703405907603265,2.392945142560033,-
7.960168898643702,8.662272362773505,5.789933866127178,10.0,4.010634703387393,+
0.13606171644284792,1.0742588555954924,7.43461920041195,1.1029612347590467,9.650998990795669,-
0.25247865343040593,0.8472738127987455,9.915787019819117,0.2175222271443934,10.0,+
1.1566285755456396,4.415599465249994,1.4823276639561989,1.6890547587097138,9.76384443311547,+
1.0460362084214554,0.11462829039569698,2.8496231631449818,2.555533705786207,4.328525530267346,-
2.986378133970693,5.719405571178954,9.060760724669144,2.584986809385126,4.567639948152583,+
3.6311343761888297,2.9697437845832084,4.687067831331008,4.065986213752026,5.155833287295648,-
8.13831929699787,1.3560744643558453,8.573373401672056,9.250823990533666,9.145713281741184,-
0.2697691509091348,1.3671942980892635,0.5939969539440156,4.776092973122474,5.931384964557951,+
8.802260290037815,6.615076876404519,4.131630736407076,1.1687360913878897,3.0929830158506135,+
10.0,5.139773640894704,6.613758866590295,1.5405609516758247,5.12653137378904,-
0.4211012396467839,5.997740846401624,1.3793125162230968,3.9162468689550414,5.492041905384003,+
0.09820581710452693,4.227768926474516,1.5584802445438186,2.681524036670247,7.421127869994445,-
4.163104070847288,5.558552894500767,9.527799424851612,4.564562830137371,9.701048052752409,+
2.444991885808924,2.305650863256181,9.969250680047747,0.732215397273644,5.9476649958103405,-
3.660520146235987,9.046253409055879,8.072892555848961,0.6694604933306092,9.335468530368967,+
6.566883993860055,10.0,0.45178213573674253,0.13252325766441106,10.0,-
9.039015419483384,4.094496991236017,6.319728437420223,1.9404534689767006,0.47048030229612015,+
10.0,5.540428258879255,10.0,3.022379433772912,0.5278285423526072,-
1.9482633335954713,1.395492013658981,5.546086897152106,5.396899030556596,0.32141745315052983,+
3.3706083557145554,2.754654018700117,5.6651246437120175,5.781417066367251,0.24678336005623402,-
7.488786338880349,3.2253826225067828,3.770496631484772,3.300737196599559,7.631760184069803,+
9.690979381081963,3.203879667255082,6.7522156423006265,4.6875548418676285,9.385309160308093,-
8.386223307294157,1.3281383864225016,3.5054715559633056,1.2000656895594386,2.6409712778380445,+
2.233382360848235,0.3420083050783858,0.6085086318130113,0.4697310321843359,1.5592751027065603,-
0.04179965765361726,8.797013182406587,5.30102954221772,0.21580879218658033,9.970880509774448,+
0.006566253331598794,10.0,2.908335514298277,0.30445182722553754,10.0,-
7.306799658087605,3.935818039493424,6.347208783961252,4.787679266171908,1.9266513898419535,+
2.807424711933154,3.755636761596763,10.0,3.2083967463435332,2.600252171776371,-
7.441779946860704,9.594013231251028,1.2568415151349255,4.657868728257197,4.997962683762412,+
0.04309488859417868,8.021654403285442,0.7654787878276285,1.588932591405478,2.6356198831706155,-
0.9272908186796025,5.074448328111214,9.897200341972583,4.331499850503561,6.001959303363595,-
1.2941248792624127,7.416110952268851,10.0,4.692181080245619,10.0,+
5.619847696426166,9.662918044086705,4.028148709346025,8.312871887246207,9.065344023593452,+
7.216913606749596,3.755303845449775,3.9404304058788746,0.26976754618938914,10.0,-
9.001864691986542,6.922106986696319,6.440706510760831,6.932537072926132,8.592499617944775,+
2.239346949921119,3.173788239861263,6.429362304315654,6.12071420908307,4.400256891950307,-
6.209615892275915,9.952446853173676,4.105095526490205,5.927784401859256,9.958423348216098,+
9.772706707806657,10.0,0.6952603294884897,4.384360588526898,10.0,-
0.48315224176772475,1.4797377101753806,4.128303950947876,3.2142228199667224,4.1611702437581135,+
0.814907379732908,0.7845975400634498,6.999672901022367,5.573694590648967,7.71691007636037,-
5.754150688589862,3.5968996242566464,1.6353918129768408,8.821757759774126,9.653028787829992,-
7.0331857288689115,4.002932194768488,1.2200170130522656,3.2583153779282394,10.0,+
0.5931862133268706,2.6637652695916056,6.926954259815168,2.568870940036827,2.0001668959289187,+
0.12942098418054462,1.4590832903684716,6.708135838603716,2.51885253993591,0.559872824221637,-
4.665306119489625,9.594850007071773,1.2389208533265639,9.233261218601639,1.0710060709915392,+
7.311360110737528,10.0,0.09305136687766154,9.481603949084562,1.9327040778443207,-
2.5886523328801294,4.10240190200156,2.2186250920344044,2.4138723714955,5.665457066862418,+
0.8978361968847901,0.006494031142538514,3.638545602338732,3.151761889875993,7.887461767009796,-
4.297609237715966,5.540776735197115,3.9304482719695866,4.743989893784487,1.7403641987679974,-
2.387290001252977,2.017328536721358,0.22617957569406102,2.374077061315089,2.6271403143117875,+
6.769142015662773,0.7498765063731172,7.975438928966687,3.1598324874336257,7.0840419003705515,+
6.052842906824484,0.5315861088267818,7.168663409456118,2.5620672294595273,0.4300189226637935,-
7.2487006587467615,4.988800557802473,4.422355689638557,0.6426788896209434,4.946983212809824,+
1.7920638235308384,5.305213958554579,4.770813628745723,1.1470724638496592,0.6589306556452027,-
4.1343261341866455,7.996618298866211,9.950757713376094,5.552424237166349,4.261284489928405,+
5.070761333966279,10.0,8.647563778630804,0.3877045315899996,1.8746372753125977,-
1.2140315522902756,2.107107746037676,2.1814870798914887,3.8703556114879345,7.560620843483473,+
2.2893157595894627,3.4355997903014575,2.7382248211165203,7.0981276028322995,3.3169911714395033,-
3.6803190884026815,5.554847452393253,8.203381985831681,3.6503093843008037,1.429342187476541,+
1.3806986912734354,8.269911692018024,7.49426515728305,0.9934133171892936,0.10853561885715374,-
9.302316636703264,4.266442049318252,8.552598065430768,7.2189022120100335,9.365399443384488,+
10.0,7.65291802133895,1.71673626949475,10.0,10.0,-
5.0949170710977,2.199418105821971,4.106230483796849,9.467982043425126,1.546557187071056,+
4.506063769512248,2.083731808788341,0.8238786232522641,10.0,2.4293053915281253,-
9.974631573918668,9.587432730404748,5.676126542840532,9.85473008878571,6.61782635227278,+
10.0,7.321277020039982,9.734667664129644,10.0,10.0,-
6.739382449067791,9.179967482386186,1.1869704591621355,8.099570689975655,2.4493641957746703,+
6.699222552190921,6.0134143111764855,0.2937939754070306,4.5078202682977855,1.2895172472838776,-
5.805569728442136,6.6520457561659505,4.300476822391781,0.2529712269552564,7.176214215043283,+
1.6932834511789319,1.956915864617096,3.153862458161499,0.24993564633459878,10.0,-
6.6505446441011005,0.6107410500981159,5.143057903896429,6.87167725582959,5.268972529517404,+
10.0,0.8402415209569513,9.732733611377403,10.0,1.1138426716798353,-
8.122771642376987,6.247456500470522,0.12403282017887984,7.850584220826367,5.062524023235979,+
1.5083345346837949,5.401313509175435,0.08583915785132688,4.444966970360746,4.251409196899305,-
0.4186165512196671,7.712919948013304,0.47740471933290896,7.932195380493953,5.94627726236742,+
0.11746179687575914,4.975961716061646,0.362246297699042,3.4653633028995423,0.13550269279091331,-
1.3098569732461551,5.77806769092391,3.7336019997484717,9.930283770562262,7.427047846109128,+
0.39817094273341963,6.761282658384535,3.2549061097046663,10.0,0.2923799987784486,-
1.6056204597275825,2.3400792817385305,2.8254772162447805,5.838721560785962,5.771459417687651,+
0.7846135374607724,0.9472693659519585,0.7841358299557009,1.5704570874192285,2.2282577430000576,-
5.322367675881451,9.857498471590507,5.667470351593916,0.40234338482721066,4.634910981570082,-
5.623414774983987,10.0,10.0,0.11232436895588287,0.2754619416020946,+
9.02448021631858,2.439086066997106,6.29536239971147,5.142841259764923,7.8399178463049735,-
10.0,3.946461479411688,9.172733168080685,8.491271589859679,10.0,+
7.8298752126861935,1.3871752756588807,7.160581416916031,5.829367343409113,6.961118943690354,+
1.0290696770493244,1.1150973451240054,4.758814126221443,1.8261750667001426,2.219548079531692,-
8.269109653739777,5.9607147101553295,4.052336565675577,9.941437038559775,6.149136081781115,+
1.010949251723036,3.947208894998081,3.07110418544193,5.001408149326511,5.896800279177971,-
8.377420896757164,8.849093171126,1.1013199049743794,3.2270797127179938,8.839793793159764,+
10.0,7.648735776151098,1.4361682950678285,2.8521195753187203,3.099431936851618,-
3.2159876144929314,7.634959822693901,9.543295850680417,9.101411542465481,0.8096312677097328,+
2.203628935217903,2.789602459877091,0.5882314108381482,5.8889053693683495,0.17574277043503655,-
4.432419316894242,7.511773534157039,1.3276181335964865,8.059619016430853,3.7483237656079806,+
4.304697344337693,5.671466799245246,0.4489339854775852,2.241621584904749,0.16843183804071046,-
8.502027048104374,4.219898883315729,4.189556630642377,2.795673473260476,5.0526883486757965,-
10.0,5.568598103776084,6.754272321763964,5.190175154187341,8.028561008210493,+
8.687767251376183,3.9171327671448806,2.724264950936698,6.970053524014194,9.648244153675295,+
10.0,1.4521063622733974,1.000116724691968,2.3935135057183907,10.0,-
7.002228821819113,0.4244890561509851,9.367070880522615,1.226747891583112,6.3611415442959975,-
10.0,0.6555421203800804,10.0,2.1176909503318355,10.0,+
5.490405783780132,0.4215839683892064,0.10463870867847058,8.150971780208748,0.7608827922670447,+
10.0,0.4307255814275997,0.19709074434481938,8.787222334199134,1.4993570342381646,-
2.8921644764464016,1.582460328804487,9.659437431580255,1.4838073531878593,5.235681581912795,+
1.7232718759133596,1.573954043939003,4.65369202837606,1.2709866596788342,3.6389761207212827,-
2.2651411122681155,9.290818909216688,7.946058846703345,8.008597054283898,5.890120267016457,-
3.7245065367074917,10.0,10.0,10.0,9.65791231858916,+
8.071777746478933,4.025430342770959,8.200928409649865,3.081051229921129,2.558177017318325,+
10.0,8.043272788753935,5.9836565573637,3.517982083249546,1.1641079687085705,-
5.670551447608188,5.00234657987064,8.095882972694726,9.097947774007139,1.233775816760807,+
3.914688132939996,5.62347408355065,10.0,3.460958572086231,0.9340509791558304,-
9.013887549321439,2.583433893684146,0.8326414944371863,7.951652917243335,0.12109965637782216,+
10.0,3.6528431375286137,1.2501731744442997,10.0,0.157096208538387,-
6.5204042503615165,8.571837613215731,6.417176698235433,9.174273778242881,6.047826971439787,-
10.0,10.0,9.372696654783796,10.0,10.0,+
8.1375851525128,0.25678491204331855,2.8140938568465588,8.648300982405047,6.732485861877865,+
0.4003479018922348,0.25666407491483284,1.1420946305810744,5.812958749446556,2.997525497439574,-
6.549976557963758,8.218665184312341,9.47802728230051,1.7750784768870043,8.134898329445155,-
2.785147696803931,10.0,10.0,3.2735110136653387,2.7173338095810995,+
5.194852378360531,0.9501420134896854,1.645272147988791,1.7925577504115897,7.792272915025427,+
1.4899303826597046,0.5201087297916368,0.5754403594886249,0.28603327315091753,7.62788799234056,-
2.53228742487134,1.6599989694280037,7.133532118647321,9.131509250468758,7.647652572984378,+
4.758625220395561,1.1701611671407988,8.276427461443983,5.8414937771270585,6.844145270109852,-
8.007570412968207,1.151584722489194,9.358718149878495,4.049096333220744,7.1405396662698575,-
10.0,1.8110881267053123,10.0,4.178136318599313,10.0,+
0.5703304126059383,7.20861575686838,7.83879352752775,7.9519450471447195,2.5354861015479213,+
0.044478951774395134,10.0,10.0,10.0,2.7002532160367254,-
1.5981067256669446,5.05267449630217,3.8263834306262834,1.9309062992818127,1.0335505875915818,-
2.709289666423133,9.133801162888048,6.005457578869529,3.040856946258911,1.067265851304544,+
9.863138748340756,7.2099091539350155,2.1665937721687465,1.0493806112232595,0.8767203747348717,-
9.239496726949,9.218171617416465,0.47995238515214284,1.186674294201704,1.581467603769793,+
8.668787085883368,8.359000736596588,1.6494991538780301,0.5042378041503037,0.5011432473632438,+
6.5253148208908875,10.0,2.252916520865399,0.015253035505504876,0.8408480392576373,-
6.627724088626045,5.118230162781863,9.828626968357128,0.7703475887175626,6.56582778487607,+
3.6396770604559396,1.075617319682566,4.502060460806853,0.20497047697134801,10.0,-
9.449762071852222,5.562230388896404,7.9454154793636995,9.286210765979591,8.15467577158304,-
10.0,6.285391302118403,4.3673146048328295,10.0,7.4900406740358125,+
5.55122608378562,3.8715773974244883,9.3557739701353,8.491208894496449,6.979684074958873,-
6.4788795132387325,4.729334058265884,10.0,2.081962504397015,1.0722397013492124,+
3.258032227288481,9.772313841446122,2.6205672010193193,5.160143761966217,1.7981230315924301,-
4.759377730494015,10.0,4.027629290655709,7.078129311364227,2.3835764917207394,+
3.6585547921257664,5.88482434848733,8.792975454985374,1.0501828711208039,5.420404223216807,+
4.700852392365424,9.196866982672894,4.002947072667021,1.2167993286220011,6.814214984074425,-
8.941751033851386,4.912324702244502,4.711107774238373,5.647148248285971,6.08953677686512,+
10.0,8.484788960156795,1.1150525851993245,4.864684231703042,5.930425394190493,-
2.2338015801020994,3.5654387326221326,0.1146560664171481,0.2982359942000101,0.9305437274922601,+
2.822786282498799,5.7344733667223275,0.22314517437436807,0.3970158309102238,0.1151980607394817,-
4.2306530562697695,1.492228281900777,1.2199704213997442,7.485126569410967,4.7393604515068954,+
4.875402995853893,1.543224159260297,1.7681106633321804,7.723537557078897,6.049384682412219,-
8.334695796808896,7.260726000558529,1.0326888898276598,0.16470206399232135,7.8366340850225535,+
3.3170174349156993,10.0,1.691971431550075,0.23137539350180122,10.0,-
6.013050620287519,3.681475578599094,0.9989841493347351,9.293860557556616,7.130897506389937,+
2.7394781627221243,1.9134934849132275,0.4783649302121021,3.4078644332219157,5.560976598465596,-
6.794267683958745,9.818580197661344,3.445983284195022,4.992287318725102,2.347343920927498,-
10.0,10.0,3.989209093147696,6.574180961434939,2.506039485021877,+
8.241660472902355,7.4843616200298255,4.969621628253368,6.538559318085144,9.709768920787344,+
8.846407127618464,10.0,6.182757458209356,0.4452777149180686,10.0,-
2.6014664849578493,2.317221527960873,1.5773656730641117,5.1449543925601695,7.475949896114951,+
0.6760054266521822,3.7771560150824084,2.931325460469292,9.98099580281012,8.498841773219532,-
1.9051939183839095,9.628011103584074,1.7186371782310783,0.7766169619467755,9.60307450560321,+
1.1239962002763395,7.34515536041674,0.7618551043551299,1.2424508804605388,9.989973473610602,-
6.784622974596225,4.158122712423101,9.697318023024163,9.366593818566308,2.5289111907699358,+
1.8653842464942338,8.274080979006273,10.0,10.0,2.009394787840295,-
8.010540769710508,7.353569184864156,6.426906646624441,3.369854706567864,5.607459594240442,-
10.0,10.0,10.0,3.950632791794681,8.381011406735352,+
2.4307635764444466,5.731675281301426,6.328613933320898,6.2737203065669656,6.7307823524708565,+
4.086841115883002,2.1340840446154976,5.331644424391323,0.4277832700715587,8.054246045375441,-
7.774600800401302,4.252157299442394,8.609474895130528,1.2977986767683447,4.829279893784974,+
1.6275548991076878,3.7280425666522214,5.610625824063872,0.5953643562955206,2.3050140648377893,-
3.9885881317103378,1.371417019263339,8.395596668869382,7.4795252577016065,7.213038012223731,+
3.383941983377087,0.31590555967412615,8.053169602459805,5.376621562854434,1.7170367737711725,-
1.339932523271633,1.6051541397546298,7.264679698661438,6.227428357547494,3.495966817468994,-
0.40558103223956865,0.0011747776887594255,0.9582742916627167,7.473425556371403,1.7515948799227927,+
8.786499060605355,2.144905314574249,3.7923309386082407,8.56863098523773,0.31802353402507144,+
10.0,4.087580879177553,6.055335334998723,4.990462778050069,0.6356153221093394,-
6.819301445629954,4.445185417255883,3.6874043758533217,6.13943653176031,6.440877057566102,+
10.0,0.05325895357522676,2.677235281517016,7.415796888772212,5.603696391234862,-
2.5679216572186094,9.982223235765384,4.746635348377538,8.184075872556148,8.524141745558522,+
5.037677001388429,10.0,7.145530075194463,4.911010042275863,10.0,-
4.514150896505708,0.9835537415965856,8.69238143220999,1.830961232971282,9.640162614799552,+
8.500377238707154,1.489685929132488,10.0,0.45148459151095877,10.0,-
4.812792870022923,3.6580085812203444,1.5312414398149032,9.145573765085235,3.814494354124769,-
8.08800000627641,1.9546250828323406,1.7810386604228423,1.7247594740390286,4.547621425080321,+
2.6072686806431165,6.928317664321143,8.717961658802452,9.074838519300151,2.749496916647219,+
1.3821893596844483,0.9296972151798091,2.5918410574095287,2.382069961541358,1.33394806270333,-
9.662508577437873,5.13070264087344,6.7384711725688025,5.971595634768983,8.306916780785528,+
4.366138364530967,2.0045117117161224,3.9252676888105253,5.488338314624725,2.0115941632710723,-
3.3812536652055316,2.3503719052624805,8.6733465667372,0.7936642533404881,0.34249242620352005,-
0.35236473652177797,1.6802436212466936,8.563825190046495,0.30726301806254813,0.6756892191018109,+
8.805802879103158,7.306266201236474,3.621946161930667,3.769547131147556,9.549766094464538,+
10.0,8.576608897514282,1.4049791572576344,4.5380984021168915,10.0,-
5.609679399713931,3.232091506368576,7.1183707909606175,1.934660709920556,6.637813005499917,-
8.581592390959738,5.420838649539676,8.62673746583475,1.3665224935163691,4.6419404577363075,+
8.947650312845115,5.618690298531435,6.488303684902754,5.25496489231691,1.2775946745454947,+
7.2800200842613165,5.1563263938514545,4.8419610372570245,2.5810038169114873,0.2251142919091618,-
6.457020970995169,6.0927546083951745,2.0176070175800542,4.919583111338706,4.637475242711363,-
1.5093764845179176,5.186573653701825,3.8531478343681633,0.8348796643356324,2.144442824507945,+
9.834988318830163,7.240997772821867,6.618280437959823,0.46874808515788513,2.0242032903800924,+
1.8452184464256274,1.575595608336655,8.408503117115298,0.6523894312953556,3.4435284923879204,-
0.7078682407800885,8.392051812949976,3.494506060038151,5.3100834929264025,1.0754981311088119,-
0.29139718437161577,10.0,1.2286271537296358,7.990654984087256,1.3987557495777265,+
8.899188314346606,3.4596166744529078,6.955161320668838,9.9937597829599,3.6916000769918798,+
4.310839358471263,0.2576379105961194,0.3175492872901858,4.030419322969817,2.2513952797828973,-
3.350418951265505,5.650442685190735,5.247329267776195,3.7631948466594745,7.031851626027821,-
3.7129723686079665,0.00902866011856397,0.76797131869722,7.2220766109044945,7.786048614974966,+
2.194507253481619,8.55757546962722,0.885143184163254,2.6263801057151968,9.353430115609433,+
1.9505811740422843,1.1318231732021076,0.4325538036390962,1.1926626162438458,4.3716527182551035,-
0.08097132787397543,5.529279646046228,2.546849794293895,1.8269542633620406,2.6169770388552283,-
0.12364034630388011,9.002762051417015,2.7405074548405506,3.3180296696606018,3.208160566252046,+
0.3575915258661011,5.657901012815394,8.084659834198366,6.284029545188897,0.3189473310938784,+
0.12165529989612225,10.0,8.704502328712405,9.626637200365613,0.3536734224064455,-
1.7973715480500163,4.198448776974974,5.761798723715838,2.643844499552249,0.6221167078557821,-
3.121529222010948,1.2363221895544088,0.7934108243920549,3.8570923451207015,0.9179418031749605,+
7.856794551603335,6.558354577174752,2.4718244199908934,7.903196883812539,5.397328580983409,-
3.302188943644288,7.753680228342175,4.236360626148304,7.933682477061427,0.5231619616749854,+
7.4597098487920475,9.032765409660827,0.5684370981494669,4.142754281790495,0.04434157809104833,+
9.105413678796621,10.0,0.6370829830647483,1.5303667121401794,0.06898208717215644,-
4.666118232458819,6.70821341389209,1.8159899785546307,6.146179793828384,3.8663066018712033,-
6.901272537494088,4.219053217928025,0.4987117315157785,10.0,4.199684401262607,+
3.5414104399190016,5.541886013988716,4.627495638778063,6.383321140947119,2.518525993111058,-
4.958662335538723,4.940546307375379,7.352346408052468,10.0,1.8135609235646362,+
4.737932272057062,1.3082915637875714,3.8241970857845353,2.7895325701833107,6.2066529264797605,+
8.1038888350442,1.0232013683958212,3.330921234403692,4.769875656463526,10.0,-
6.665356776710853,0.0386490031338671,4.406160378255932,9.764325182096954,5.268687375638825,-
10.0,0.04715865847201038,5.177662180178121,10.0,8.887068787772062,+
4.638379735482667,5.53166918439061,7.210443789957609,6.698612770617764,8.24778982716345,+
8.750632074038688,3.5674971516802807,6.56302662936304,7.223589684518823,8.43340432396529,-
4.101114481728853,9.804964973051053,4.909741395056716,2.1786015628946274,9.476637259406251,-
7.463888445923393,10.0,5.680543357593638,4.331618428783215,10.0,+
5.520821500212783,2.1815972756201116,3.729933395284438,6.145878221361175,7.05048171838742,+
6.509845897780968,3.7067807135749296,1.4186572199496,0.49858752071964596,3.726216544147987,-
2.107351363405645,9.75490514414781,0.07487735836019915,5.455786914260809,6.1226811845588935,-
3.729782712695556,2.441308877709314,0.07330610350444652,1.6914108689722676,5.795242273203491,+
8.068827136776116,0.8812902341399276,1.0917109999755104,7.73469772874626,5.71061098897726,+
10.0,1.1119461976863207,1.570183763606159,10.0,6.717578938927811,-
7.893800017391623,1.8613023944362406,9.974417106051149,2.5786952489699977,5.476393004721761,+
7.704898867215797,0.8265309984200471,3.260791611158686,4.013965024000031,6.905911490127893,-
6.026936460844547,9.173234964449634,8.457981438814496,6.320021973264555,6.9196079895648275,-
5.837274050877961,10.0,10.0,2.074677725433717,9.210304238658466,+
