3.6529954450724036,0.24690973552112694,0.7138645792550768,0.27181362294515177,2.290083349043086,+
4.496425930970509,0.2018648473525926,1.328824006732379,0.3303244346390673,2.8239086110225498,-
9.409089343867823,8.885942757145559,9.018528474020712,1.918065861348952,1.4890428753098306,+
10.0,9.86712108965231,9.62654049127784,3.786544446439145,0.5424682989341905,-
1.6763516634918818,9.725485060690692,6.260927158963668,0.31627567421973923,1.5251894665590982,+
1.1254013440564274,2.349808923534356,3.579097796842531,0.05371318308447077,0.9297639879675298,-
5.39776078787781,8.159537762906288,5.734725770069463,7.939694807169434,6.149031789266829,-
9.959126298149856,4.72640392954355,7.69640988548552,10.0,1.5181285347182925,+
7.540555037954205,9.376436477957627,3.194786151850165,2.916981978660359,0.3431659280400101,-
10.0,10.0,4.169247254948496,3.248036099531493,0.6186973527690647,+
2.3672140580440892,3.2451285101693816,6.683676312821721,1.2270122651583093,6.524953707483868,-
3.3870995669053463,5.09186175737135,1.8563530232957537,1.7782633839323077,4.582048308063334,+
0.9962560648667584,3.307336932711007,7.9806948829092885,7.352197715962192,1.2660867717978064,-
1.4841209720503583,4.880820097253567,10.0,10.0,1.6941603012906794,+
4.026749237719835,3.867853801003948,7.151646673432993,0.5712800419202746,0.8788571899240838,+
6.644170904393745,4.9414661215395785,0.48776572365921544,0.3831781973643633,0.861899816674226,-
9.122745667851904,7.222718593810974,7.204411272282774,5.256170305524882,5.827854614798388,-
10.0,4.390014459078746,5.78856384461942,3.9582615716584266,3.848191482812846,+
6.647581477031719,3.1055379492031534,7.439594097038312,4.107263179502128,1.744024341086411,-
2.8079131566901077,1.5652114776131183,3.085285943598977,5.1353251713676284,1.0465183480923341,+
5.0444665265111475,1.6217270309259968,3.928941147403183,2.7514147573428427,7.957643749511735,+
8.627243567001612,2.537528615151623,0.5648129870920862,0.5605666272308273,1.238004771829443,-
4.803772123229939,1.2582868752564647,2.5752518277278345,5.453734747087627,6.824120941458686,+
8.161116867433373,2.3281516450090285,4.259289893149116,9.83944931844538,2.986518067241551,-
8.987610933588158,8.888647187080728,3.4760924817913996,9.357467795595227,8.421428594274014,+
10.0,10.0,0.6300953628378234,10.0,10.0,-
4.367893262311954,7.843417965606127,7.944918668550399,4.514984360885758,6.172683029042596,+
3.0856600333373883,10.0,10.0,4.717348103742353,6.378973118576148,-
8.815422877080701,8.218967601243504,8.728818289703721,9.385611429315677,5.555627505008525,+
10.0,10.0,10.0,10.0,2.1548778450744277,-
4.694976865750203,8.736860047308951,7.617459257456074,3.1979978447184187,8.191072205441994,-
1.1955303535711264,7.2083500117182275,7.707779901472256,2.39837649475846,1.544537967356222,+
7.597010032705595,3.3292485357161206,7.566665059508262,8.02748995984775,0.6099290150653436,+
2.3371421474785072,1.727929934034965,3.020769762462607,6.370498268211076,0.37460209849055615,-
9.765252901069232,9.19349239284637,9.370398187901,7.454613518813212,4.659380896477997,+
7.215831490957829,4.5609724573546915,8.01109525571957,5.308904014995507,3.7958461075079692,-
0.3202627904118094,9.16152333702662,9.759874145761742,7.913288453334436,8.593176303348795,+
0.007844396355373129,4.16495197472876,2.742076292082314,6.692662860221589,1.0027570090116205,-
5.536457537922239,8.304767646518735,5.679296989716283,5.950375471872572,4.629898118859474,+
4.661903974911529,8.088490157580972,1.1000176537047108,4.290052063377956,3.722609264259331,-
0.505213766145417,4.316753569735555,5.332419200442798,1.9960898660220183,8.903279617772185,-
0.7090378478299223,7.389770938710809,9.019929322775658,3.9787845638930563,10.0,+
2.2553158997900336,4.2737306679015585,0.5722376526933082,1.8548250493032348,0.6341966763386453,+
0.06607648855565676,0.662350725660727,1.0938624725916692,0.774107001720871,1.1777120199135607,-
3.7041491760788703,6.5017168797888,6.911144134225554,6.471260413145814,2.2896786261058177,-
6.529612383560513,7.235541759956113,10.0,10.0,4.093654332306133,+
1.2359392113618073,2.0017501628413905,3.0644124611042765,0.024607675145326136,5.112111300859759,+
0.9624158708737172,1.4103701604934482,3.019633440470916,0.015643738327365257,4.475921757066242,-
7.3254900769346145,5.127670254770152,2.8181643664798672,5.182504160022682,3.313918222419555,-
10.0,2.7939047321060975,5.5779629412690594,2.0514711545712294,5.033412778196512,+
1.8171236590108586,2.5320531142495284,4.594949867258487,3.8716734260161445,5.666504499648393,-
0.47220462676876845,1.7770542838596135,7.851576950094097,2.6539945741774353,5.11844142482753,+
3.2509725922932198,4.56313687758215,3.7022611559074967,1.577632880607679,4.281888781535845,-
0.9808800534119372,7.698673150000807,4.677942189736824,1.7983718511161626,0.7284233890020562,+
1.5832939564165927,1.7574106726407224,6.76577008696259,6.746483578078442,3.6853432447521364,+
2.269686638292771,0.45474073635044915,10.0,10.0,4.606150048155854,-
8.695981008238292,9.760545134087117,5.077313934736241,3.60140429251837,0.29156084017691986,+
2.2879541639884673,7.528625680227554,9.700415928065691,3.2495023663738416,0.2228398504338943,-
4.430607594637552,4.661909768106528,5.113283864544881,0.14691021235219814,4.181233869356334,+
6.403946155611249,9.3120901439674,9.288485500603057,0.19656274205211888,2.6652179048049804,-
3.0820093732891407,2.1894621305440474,8.546778336201838,0.0879501342431166,6.567495866273667,-
3.9764928313152876,3.536080733430008,10.0,0.09659939024180182,10.0,+
3.0389502000974646,0.25887938675952404,4.007634554709947,4.305068956110816,6.3905750950798845,+
2.3455352692189786,0.2541798355619117,0.4810125092637526,3.992906626108486,3.591053557183517,-
9.383794559265263,7.147749089277088,8.256573820862052,6.297923607360008,5.902164753169488,-
10.0,10.0,7.015065093990753,10.0,0.8759138329556834,+
0.1629632561335237,4.786304818130464,8.608338274186009,5.80312647034037,6.705538966827317,-
0.10082865629119014,2.9825445917894995,4.252984238291409,9.064566403302514,6.198995110615244,+
0.9516745272008165,0.7929075251349171,9.498753601207927,7.109828771306771,4.830799837961579,+
0.7234519919340863,0.4638344370287396,3.0429078861642025,2.9740864853972955,0.5467233868618783,-
0.04050874815861527,5.219433565430929,5.495119422648762,7.088974282447254,6.998681445144941,-
0.05255958089443347,6.774804303596637,9.44784380752897,10.0,7.20726804574,+
9.37336636882155,3.1261063859291016,6.450916110496262,1.3329235755414737,2.267808904139217,+
10.0,5.047106424816412,2.1217918831949327,1.1656214187389666,0.9267707124764482,-
5.956413862340833,0.2561273828152377,6.922644808250858,0.41612086398152615,0.9641253189437227,+
4.639286189641396,0.3761388599748295,8.999197793400542,0.4330799451665676,1.1453202041484898,-
7.4223528962969745,9.876303220699018,9.958134961832172,6.025712393388733,2.8600819390178134,+
7.79082368155588,4.766599002161837,10.0,9.80039839664064,3.991683606048422,-
6.704579991491572,1.5420111390245883,4.686325194691646,5.658703114827962,1.0702530401146781,+
0.21649744717591626,1.6115763168920476,4.560366721477873,4.985800982259226,1.8370336612138998,-
3.065390483774925,0.8627744794632275,5.362013117534524,8.396905549089354,5.354809542851866,+
2.157248760746635,0.6476829718377013,7.943160461659754,3.011754923787301,7.908164599043942,-
1.318697878525541,5.568242077778198,4.529001419971317,3.3899135409096526,8.363719171005297,+
2.326664030196481,5.645501879163787,0.9735670482445772,4.10352005299487,5.507865238521893,-
8.52516925459248,1.1172618525814926,7.584869898401072,2.353293977400762,4.220657308786727,-
10.0,1.8299139187239606,2.2975454852750095,2.6948186922408057,4.07772289256429,+
3.003754022464975,9.98643173327274,3.7904380434975593,2.9762144831867254,2.0086166103186756,-
2.702737138002685,10.0,3.141794036865463,2.5468369961986688,0.9053236173752992,+
7.695546271380861,4.645724270708152,4.271545861959575,8.680201103346494,4.55913673250034,-
10.0,4.678547133307638,7.867008198361516,10.0,5.500106444527501,+
7.6618856746446875,6.839443402648041,6.091266535782063,2.9461489187709144,2.4008441510665324,-
8.155085299452583,5.829395120943241,9.36027771064958,0.8929088626589814,3.2342044977126836,+
6.801496341334526,7.4002908509085845,7.032849031657569,4.726755740162755,3.2805883941648495,-
4.565096382973562,7.599000254410046,2.7126895161159315,3.416029398613293,2.423686593468699,+
2.063355817315556,7.684488014839898,7.164520697730836,2.1082207335670833,5.4951061194144355,-
3.435833136179504,8.70759669399145,10.0,1.4713629106736335,4.411320468845466,+
9.62391718828673,0.9556687379031781,6.713979022706727,7.22660021636316,4.922152030085543,+
9.50208868694335,0.8646180186575053,10.0,10.0,4.502907878004264,-
8.974990834531717,8.385616189474908,9.507349818393644,6.142537717023844,8.209119059825683,+
10.0,10.0,10.0,7.911490897805618,5.875196259393262,-
9.406190793979698,3.963874855195102,3.11372664649741,0.9502854504472313,4.63548710130182,-
4.752882716003657,4.625997978469577,0.09648028362788097,0.7216051467299222,1.8995957224824478,+
7.384515402087359,9.736080136400545,3.9903928158839674,0.3446830900708775,9.67940478490919,-
10.0,4.349799963753993,6.320886380191795,0.632192649598992,6.188022521678273,+
7.6865899169751914,8.247528859652542,7.361920545902528,0.7618600369493767,5.0306177481001715,-
10.0,10.0,10.0,0.024085772211456,3.8272687209365297,+
8.779164708387476,4.934503759549584,3.5583437463503964,0.6749439169763438,9.163809842872745,-
9.650781356557644,2.564258559845912,3.61033558637956,0.10452839397110537,10.0,+
5.666784511345384,4.947051368046211,7.708442004350983,0.2093141908671181,8.932300848116226,+
9.692850377099205,4.3644297363767315,1.836858265518884,0.04439867066706395,10.0,-
7.744052549131638,6.253871962804078,9.479990297661264,0.91103924282947,7.970686089711156,+
2.407743539952267,6.689354121174505,10.0,1.5049567065966185,10.0,-
1.7194634456534663,4.0609615883487,0.4644807049904087,2.788433411689023,9.675218568388471,+
2.8840080895206666,7.885801503606285,0.5132738047373476,5.525421188969789,0.35042431671863217,-
4.637580713295703,6.960159969027247,3.708159372021119,2.5845268191080573,7.643066846583283,-
5.733030841700974,5.224067819189229,1.3985581984744855,1.435911582166574,1.8143932599110915,+
6.2163900175654785,6.346829461146337,9.277829013261776,6.996623567324534,8.639610288939824,+
2.1035667551419164,0.14212395415016585,8.152881307599927,0.9319806821916672,7.834216833967149,-
4.933899577530305,6.5313953936075295,9.113449164412199,6.737043709378777,0.2707564333758694,+
1.767512659504242,10.0,10.0,10.0,0.30742026743302775,-
3.410864546500878,2.6532819935408023,0.687599972664934,0.9389363559033748,7.39599348080029,+
2.44745880997388,3.1206832648262197,0.511715300718596,0.45396876934042024,9.529676249864377,-
6.656805704248009,5.285531869270404,4.651803355406989,3.4175400617080562,7.568023995898235,+
9.592208438691666,1.2408410448779228,9.226392140587723,4.327519688802824,10.0,-
4.441463508759348,1.2548420826849815,0.8556291665132087,2.7863279690851517,0.4599233911591105,+
2.8442582985399687,0.9903453074090948,0.3635818866664404,1.7616940469111504,0.08058911895626836,-
3.08587540938099,1.7290285917478698,7.35945219196747,9.992711492730516,0.7402016620208751,-
4.96525302407867,2.060692101877484,10.0,10.0,1.2342473898101893,+
4.3168396122002894,7.700448329274941,9.706621194226738,9.294210382164021,3.1477744749099723,+
2.8869723634640643,10.0,6.565015436614402,0.6801718495486053,3.4465888835158323,-
5.034683530176434,7.615415846118933,9.975562462150027,2.5917613835535436,4.868840065599436,-
1.4357142537423764,2.85095648377128,10.0,4.564003644696779,9.539605020021087,+
3.281750076524789,7.201603161929548,1.5165006312572227,8.864758011203817,3.98362896113217,-
1.6191330536356354,10.0,2.4714689702935146,5.612959914154946,6.447001434685769,+
9.524191943335095,1.0809663837492567,9.986067301388314,3.865170031186472,4.580137881927795,+
10.0,1.9058582272053601,1.8731794292702288,7.461633652859183,7.5041684212210376,-
7.085948578305079,5.370867606118579,0.013237941932868758,5.568838844658716,7.366983207021747,-
10.0,7.126770802229473,0.021554106195513355,5.795456051121037,10.0,+
2.9844720863313654,3.105171519610753,6.341762124944354,2.3315233712672967,4.855488895531979,+
2.2163772540993354,1.6118689432147455,1.9413028755364325,0.3959786721373489,3.255483187373748,-
2.969599050506353,1.1957279415456046,9.43388255258717,0.7745715165960432,4.833681853058451,-
3.5601657188279283,1.532276488069087,2.8115432891881817,1.3104213739807717,0.4286453057318276,+
8.89693060271773,6.318904795054163,8.268001242664164,1.457338237393423,9.213630630876608,+
6.969685731509503,1.7917646955101927,2.3712433854013244,1.4279504977742277,8.029114814959733,-
8.910997868806321,5.422769496154457,3.432768995845362,4.132559724425726,1.5879070840983134,-
10.0,8.79411423909968,3.597961532126968,4.864590869110196,2.423368578804629,+
2.7323717329454897,2.7804426822973802,2.7477712741185845,3.5551331450747616,0.5490657496681006,+
2.6208732154900245,3.2315257912019875,5.21888960754266,6.165217479937072,0.5737442967419347,-
2.353497180397217,5.063339879677972,9.950610099670259,8.157719708001302,1.5847242751630564,+
4.6695177768624765,9.754080272355782,10.0,10.0,0.9015393721633491,-
5.436734964597251,4.135910294624198,8.956600100993228,0.5576719057506219,6.204542320110924,+
2.2240572532249514,3.953268587582838,10.0,0.8869337400825674,6.136599023170029,-
2.060932641200374,1.2156677372963665,1.7476384630922648,3.11587721873419,5.8837464531489445,-
3.0479962362254205,1.8189167597983504,2.9139636027812457,4.59001542017179,7.928185771694553,+
0.36476028123561766,6.73763855755607,4.405481346476869,3.1477912606600222,1.2004378185927211,-
0.5671750870276231,9.557154485823526,4.607455176829203,3.244834947731843,2.1914422173209642,+
2.311408420378289,8.845726382154577,4.336133194751946,7.457343410023717,5.97232282192871,-
3.9055152630472616,10.0,4.945620235869973,10.0,10.0,+
5.1603140022174045,0.23534089809126968,7.285812266795377,1.2322449589108675,7.545780854388193,-
1.9792989070202947,0.07170807826050864,2.353431380384514,1.401887029703456,7.333141462021376,+
8.083740220573842,4.471455808644556,6.745352187377164,3.4104344418630292,5.605999441796578,-
8.638022180010694,3.1573322675807196,10.0,1.3796521316297612,9.786220238905493,+
4.858429173399987,3.5532542295452085,6.399535373744961,2.504212400665863,7.644465774847634,-
6.9834204092720675,2.0900606877657824,0.17466154847827034,1.5566553335300597,3.923899081349983,+
4.287463422246516,2.285978684043468,6.044219213552556,7.48058274360174,3.6102919735426453,-
6.864539454770087,2.8707240032054937,10.0,10.0,4.925088089298834,+
7.078733279137599,4.807565221012743,4.839620322673315,3.212142196812441,7.0728237035991555,+
10.0,6.741872636711166,8.671285289668525,5.1638474042197595,10.0,-
0.3438372561091718,1.465663053927736,4.587228308192176,0.11780733851770142,4.742495705018395,-
0.4706981730802974,2.435926898988492,8.38679717778305,0.21648087818219416,6.967648178118141,+
6.792510471180469,4.541678705424924,4.9755583022281975,1.378144856539878,2.9760934731306765,-
6.66374843152475,5.570618808919204,8.02904451022348,2.238727850193499,1.7012245701502398,+
5.290311020309986,4.514658883501581,6.079940100134956,0.8627772676919709,7.820273696874581,+
6.904183595507701,6.537884820243585,7.3484860180540865,0.46595937088086686,10.0,-
7.064150550895666,8.508111921688144,3.080611150321171,8.159578356709206,7.306656975372058,-
8.210940339907292,10.0,6.069048246298585,10.0,10.0,+
1.0349978292033368,5.071717217933724,8.188427714629382,4.9219048495140285,8.242600665789523,-
1.9858402455569424,6.517341700491505,10.0,9.05741180775041,10.0,+
2.871843281153689,9.230386765188697,5.131286532717995,8.680378961569847,7.093582590020565,-
2.900939625948303,10.0,5.273286872360004,10.0,10.0,+
6.506636524084745,4.045456062179743,4.8391735392918935,3.9258052109790675,3.939564257925997,-
2.4409779987586266,4.175226375478468,2.273445997332,1.5872965437705822,2.5240554219859295,+
9.204057440792216,2.537980279099786,4.210205692617959,7.925108158829763,9.875245679562948,+
3.2362177030303814,1.605080482142498,3.944831627844682,6.524471212867596,2.6703999647333623,-
0.36736794223230507,0.9411733863389626,2.05659203146215,5.203960190998799,6.940110097287881,+
0.2014395752037663,0.3914276606006644,0.9983375911182835,9.706556044495388,10.0,-
2.8897107174951255,7.9697772657268064,7.757901473554769,4.69602796125958,5.587821940279993,+
0.9561499626109519,5.6030800050287155,1.044114333288986,1.071281758852115,3.988354831950151,-
2.252310742186655,3.1617478621545523,5.843341909979336,9.148190702966977,0.8215287198297039,-
1.9597527348048214,5.78515303235135,7.280989634269181,7.406798802924117,1.1377913384367302,+
2.013268031822457,3.5750426960416,0.2184369519647389,5.655062673792642,0.5018360366535835,+
1.341090060950263,6.430109948268872,0.3143360951001063,3.150877246661483,0.1805126501094615,-
2.428953369532323,7.652040564768505,7.65048924586652,3.1617416951621493,3.5900495539045894,+
2.7610889424842413,2.0665591772621723,0.08554528134979217,1.03365713301253,3.939023061789618,-
5.617253096643633,8.103962316192078,5.69144489729469,1.0108993611444927,4.628473704983074,+
7.964407321364809,1.760677959163931,4.023679606084869,0.7167172754111989,9.117729934409077,-
1.0685856080190248,5.363456043048131,0.5193490733760087,0.650776948601508,6.633141317502275,+
1.6075489555908327,7.633494538555597,0.44424608775446656,1.22984909158378,8.794759633896597,-
3.8738338685396325,3.7116773016807647,0.010390142720608786,1.1787450478099126,2.323256021431069,-
1.89407281693224,1.2336548093725008,0.009914277986288616,1.3956982209843884,0.5159871129485598,+
1.0591605594462972,0.31162460508260215,3.529883331351882,8.294345354139566,2.508125632867065,-
1.9490033728081966,0.17132668636819812,0.13286849776064316,5.996662239937888,2.5000654837416723,+
0.8310886688027597,3.4850437990080394,9.664443458052915,8.009469166320072,1.8436985030855002,-
1.1657575938514606,5.74254141875237,10.0,10.0,3.643928282723904,+
4.905324566540887,0.2791985948742115,4.847045951012801,0.05430302091385397,8.332667578915459,+
3.7557174737513765,0.3990680450697606,9.571487601734594,0.10579239827572241,10.0,-
5.175497004921191,8.525167640912102,8.115273865560319,6.995272396144411,0.9726950045540217,+
3.9544534443876675,2.8813677099159327,1.3153918727327192,3.4336661269146003,0.5233794148016,-
2.4374995566077895,0.7743682264953544,7.9613727769470435,0.37825355393934723,9.525014678597394,+
3.9626069914552247,0.8561589136248399,10.0,0.2606889592677203,10.0,-
1.1097352565280505,8.893424440553028,0.8914605143611509,3.6686384838796418,4.564989074774093,-
1.0371914892331004,5.242536655292232,0.287631181622923,5.829945717830533,0.02042696653843849,+
1.3936015023475157,3.7572444308927713,0.8243459887550975,0.8340433504069245,0.1916483458580298,-
1.051628559428891,0.6055328778348652,1.0812914162492009,0.5156474795242948,0.08603899281259396,+
9.567830563357242,7.438974764222399,3.067789000699884,3.4569111287416607,0.7712112649571912,+
10.0,10.0,1.199253789498035,6.182363324843138,1.491240454539326,-
9.001425690731558,1.2894448300310613,6.577468711669817,8.568040007912636,2.906865578263825,+
10.0,2.4349454311090226,3.770898251943379,5.059431759440634,0.5170275720346171,-
7.241667282656671,2.810819452140522,4.877916797498923,6.0203392530664495,1.764704988768262,+
10.0,5.0879476146229745,9.565539719169713,8.540201841688877,1.4520702176241447,-
8.011679102936695,4.845688556932597,1.1304306540262232,4.534374315158535,4.493860889389662,+
8.964521864722673,2.509730476978662,0.7224344113522717,7.073895833669129,3.072856888301796,-
4.35142308029021,8.10959767863002,1.7498747327284125,1.5059357571296583,7.3655241007513546,-
0.339816678987936,4.2239062696526055,1.015821834850814,0.8877018980960606,9.944331275897225,+
9.671588676086847,3.558875267434373,8.297838148660801,1.2123925788161938,1.606691675974683,+
10.0,3.10273595020674,10.0,0.48536450473442844,0.22613083176223767,-
1.2726631659380916,0.6941303651356867,4.308901840568685,6.626258954548179,9.015713798849973,+
0.47673825610595616,0.8224921368785586,4.612309943543848,10.0,10.0,-
7.057018303488243,4.8727572332222575,1.5788071614025,6.613529867913318,0.7071178751776408,+
4.799477617697519,3.8146729743438126,0.8666604063170804,9.055983442887124,0.8723378472716502,-
1.184908161765117,8.781793855860984,4.652205141014849,3.774833369300815,2.349836175617096,+
1.0637356734175005,9.79226436535536,6.022431260462782,6.78290464182518,4.419509883846035,-
1.552388698468865,4.1187961988305695,8.872193926063591,8.017175252287702,8.199601756577986,+
0.36702592516851834,3.6941272624566426,0.687765125925465,6.823447611625916,8.122023639002867,-
4.187375019196945,6.444438307582498,7.037118214656949,5.581344249782106,8.532113549393788,-
1.932899430755273,9.748603193005318,10.0,3.8841675329959506,10.0,+
8.917131370574792,2.0327462125523708,1.3996530211046054,1.8925122595413024,7.181125877553724,-
3.138452245193855,1.8416313514576244,0.8552399159001274,3.0912326979721967,5.170229790454164,+
2.3266128572129197,2.939819672580356,8.120680503359846,0.9258674727026328,8.84500138214988,+
0.951815004679585,2.0193356160877514,10.0,1.8288928361929901,4.873276346907419,-
0.8270626995008512,2.178644380809863,8.141082090112754,7.839434357094797,4.019535644079028,-
0.6817807656620014,1.1903037090715307,10.0,1.8947847532623852,3.452295055721645,+
5.207851435569495,8.983698105212168,9.995376387637318,4.816015845312234,9.954947423343686,-
3.0585475880378037,1.3658271936722728,8.533037077441204,6.44248687398876,2.1790976683281387,+
0.8474080667630657,6.719295266305757,4.165408667477305,1.5728935418047063,2.2082148981104344,-
0.9315066195707061,9.904653895981479,7.998671944993798,2.785682571400321,4.083101930803741,+
7.794091895820806,5.578891388421173,8.422782210788142,6.638927907269877,5.5876662919403834,+
10.0,1.360941147060788,9.556427436619554,6.403296809684358,7.893776890638954,-
2.4725124372423157,4.492055880862946,2.069996810517977,2.944194453284651,6.2597140474652715,+
1.185045904857046,6.562991608174666,2.5141284688510894,0.8875056422370402,2.8317792915774764,-
1.4981732178518015,2.084232947286605,5.718092849354149,4.648504129536296,8.920221045811656,+
0.890546404717905,1.606866573233553,4.15753999029117,4.193985303730171,0.6195212228022259,-
0.5040355167294741,4.7620324655818855,6.318386409826018,0.811051756999599,2.86622727198663,+
0.3864864711990457,4.388889181000665,10.0,0.12066513030091981,5.653909387319596,-
2.1836210735650905,4.080082661642424,4.889150868160609,7.639840880880646,4.8059308851275295,+
1.3908257383818416,1.816104984717378,0.6283025633093272,2.6759776852448014,2.370628832824271,-
2.176114829030429,1.3688725567227056,1.2490822621266173,9.119795501421127,1.3499061382182287,-
0.09929781651617578,1.5786585438153649,0.45997944664521867,6.258146344123866,0.38765569413197026,+
3.813072581689406,1.055159996430064,6.083240863278133,7.303373833048412,2.2953877858521388,-
1.2941925574727005,0.7867044381780345,4.28908314530092,10.0,0.95588690447232,+
0.293543641777807,7.086752581412373,0.5755865184363607,1.9443220609285405,7.893098508038414,-
0.2439102633278508,3.6803062406815883,0.4599384104930517,1.496279097665152,9.51045999454423,+
3.0389117374960595,6.1271213596206975,4.005168432269168,4.125587378872152,4.755669495401293,+
5.883143623467329,10.0,4.610025128079481,4.788495372394287,2.2377805928933205,-
8.749735307299233,5.695285206378705,1.3594625497524915,1.940745807905766,4.560627588127918,-
10.0,8.548054315227652,1.8278570780445658,2.1174909626074876,8.497000876260602,+
3.703372658409915,7.3700167195211375,0.5993377790151588,0.0012236434100065807,2.17924535671417,-
4.302563349162186,4.009474016173948,0.26916817995916614,0.001938819893202318,2.26949539183409,+
2.029537116496508,7.554998941774173,6.213743614285199,5.363016050317391,7.746729373867072,-
0.6427192771364806,5.077837456578741,5.2054297261809,10.0,1.765689823126058,+
3.26941583225325,0.5355162699357086,9.05940209045098,6.416448793278392,6.658649875371269,+
5.17191539649612,0.8898781192151634,3.9142461715653076,2.8833426454908553,4.954588035541983,-
2.4583440234729337,5.219813409977081,9.802411333159686,2.3040216684470662,3.8900006920488748,+
0.028147964218893293,3.1279611312806987,5.063044409970438,1.9303831068708728,1.3210653395142744,-
5.843094192907099,4.370592655005742,5.449776866359738,0.710206675102083,6.536690688365608,+
10.0,7.092845247499181,0.9943707467486683,1.3170176874620185,8.38321846628908,-
7.766064677735752,3.4806948168711385,9.839860672159,4.139374509055319,3.723436431707933,-
10.0,2.2980398848136936,10.0,1.2356639570696228,6.088593132460813,+
6.579100007918345,3.0986443456254023,9.394953883694656,9.949562966799792,7.16591740123955,+
5.35242806244262,2.7032318362049215,4.38767954352463,7.4490595735101275,4.751273117851832,-
6.5620339218978465,9.977651991454225,0.20028182652042648,5.577581543931097,5.791959617888988,-
6.074514351323531,10.0,0.29380307704165454,9.269689150092773,5.633045094960894,+
8.726872460537978,7.162374668182182,3.157369377079137,6.951071632919578,3.983977858639558,-
10.0,10.0,4.669175994194548,10.0,4.892106242017925,+
9.27760616521134,7.928092093584778,4.087936541192013,7.219603902956066,1.2522867899856194,+
9.81260908522456,6.660346417795471,0.3655695245049255,10.0,0.33975707378785586,-
6.408076210239421,7.217894679776461,3.921675423065735,4.915537454012321,8.77929432827626,+
10.0,10.0,5.050937139790285,7.217566817654336,10.0,-
8.13872319487161,7.355915815035802,4.401432044937307,0.654604807256639,3.6386306145927128,-
8.33393382918303,10.0,6.079350694290106,0.857630123226048,5.1817210145229256,+
2.487779611463571,4.541693324969803,9.413877041420367,2.5071268138918503,8.38784233999957,-
2.45140254662677,5.119888121085924,4.884381335816052,1.8791324079093492,7.834318319994942,+
3.9191829201104267,7.807825172425103,4.007155353990842,8.859954023789571,3.4023869225044634,+
5.562574325863253,10.0,6.694875784082234,6.70719886844192,5.413357755111802,-
4.66316557686015,6.515917431902242,7.196094942305819,2.7201795773622797,3.963294291370353,-
4.842024339640465,10.0,10.0,3.9446659324347935,5.426639398289586,+
9.57173021184633,7.701523356018462,2.0592403621403568,9.980078272556455,0.05601141720114389,-
9.579752624066792,9.942070280773413,3.4345516542153476,10.0,0.08578605367853254,+
7.819187427019262,1.620329972753285,4.715196652956165,1.0283824231017025,2.355164311893674,+
5.791922617066513,1.7775683836376004,7.997049121034392,1.7772326350933347,2.4199654996441105,-
6.8711703302756435,7.606210074065146,0.10388748768502265,8.121125056503033,3.0447908610091714,+
8.48095193885478,10.0,0.2047860643086261,9.818127515605163,5.8730302862738055,-
3.396246408236273,2.214640770134444,6.250415624218984,3.750814616347098,0.10957781267742606,-
6.154639632298298,1.6300817269813843,6.157986261453726,1.1068482714769687,0.05254445910479739,+
3.3477726423722256,5.329044359426296,0.14001011446016065,2.53685674605749,5.233621839030876,-
3.7735685176795877,5.790672772331991,0.23942160119955402,5.056575498180957,6.021903849399811,+
9.32960909312463,7.6791922390305505,8.418187674048013,4.405766406438195,3.5778060102712717,+
10.0,10.0,8.416684907509516,5.409586975949306,6.429355784907955,-
5.439859194138641,0.8947738098901026,9.989243801774846,2.8388724312303717,3.0713245134251563,-
1.3858549387460832,1.2294072219174679,9.456074290455684,2.4889287220244736,1.5758913232249048,+
3.9228830828683203,4.034706164152654,5.610278545106947,9.632118205421573,5.7992341854559015,+
6.266591105387178,1.8798370059752618,0.753354823730953,10.0,3.7495310673765894,-
7.7439971163022445,6.396411512297805,2.099827475043453,5.861053231206183,8.707045533093073,+
10.0,3.3192266842758458,1.4249196804350561,0.6988487771765034,10.0,-
2.797392070614001,1.696236901534538,8.366035286608966,3.4540964391867615,9.27465469560395,-
4.4150513320708615,0.9456366577962659,10.0,1.686484263883125,10.0,+
4.410916767132283,1.9598768448954063,4.92980471461437,1.6563851853654632,5.325667613065105,-
6.865894626629085,3.0517822238570926,6.4504764041114955,1.8026064353517954,7.719182756077951,+
2.68376599592008,6.75245129990616,0.5644646212615367,4.160672323505875,1.3426174266482405,+
4.055835182015929,7.178912466124462,0.17063933526181624,6.647732370217145,1.9084574241003263,-
8.84769171268216,7.3862388274113675,6.555504927130631,8.934067613053745,7.1796804498371944,-
4.565744673154869,10.0,6.324178813239788,10.0,10.0,+
1.6745402557443345,6.089854682888291,6.2938320276599855,0.1572919912929216,2.4868967758381535,-
0.49548476278214537,6.16501028311049,6.369270120722814,0.13229566638356646,2.7268997772841237,+
4.38333739598751,8.543004209703515,9.307444013299355,7.305218390137802,8.049883694868376,+
4.8391059516313515,10.0,10.0,10.0,3.6830569342687975,-
3.5355105201902792,0.07679156380198782,9.715905323103076,0.9501700619865028,7.179666775986541,+
0.28920703551901983,0.11692200110824472,10.0,1.3663832779219465,10.0,-
7.291946867027018,9.97319236133917,8.906775422818884,2.8480734546977327,4.856964618884669,-
6.319581979026392,10.0,10.0,4.115424427531162,4.429009943872554,+
2.444747707329833,4.601127123695798,7.553444633416034,7.899670942893873,1.140131946206846,-
2.862836864655229,6.954901088911091,9.571654678538962,10.0,1.7281744413343396,+
0.7188770884836193,2.1937231532825727,9.800293400457146,3.9002827695201803,0.5733984892789967,+
0.45907697410995824,2.970185101596959,3.3316587145844943,6.053099599793538,0.5161726327483503,-
2.0977935728940764,7.1349772882408855,2.2155830922090916,3.387459438749103,4.657769833406861,+
2.2742698351908364,9.983876477480086,3.5354326423465285,4.44519104032506,3.4872476075153287,-
3.1520772940562694,0.626546960091654,4.0689390283891,0.37794349355663504,2.268806260271586,+
3.630594733513638,0.6931934627566834,1.8872355229107205,0.1891745001598703,0.27873071820241335,-
9.338057421546829,2.9473719659822595,3.8606990609776,3.839560855046429,9.856007501013275,+
4.201948358843646,0.26682910395801257,1.1173746131101807,2.242406881332868,0.05725957297635311,-
4.4439265236943974,6.136353390645959,7.190421873766182,7.1129751917894914,4.787329874935178,+
6.483429527606078,10.0,2.4515849189172334,10.0,8.649937464379216,-
2.6176350255173233,5.422100941066052,7.37364741613006,9.219365824052687,6.82044003789475,-
4.0226494908480355,3.315781850864331,5.587495145085064,7.338799752630011,4.814539891934221,+
0.47650320415131175,4.2223407448301,9.683030999172098,6.752226391928663,5.1199864106792425,+
0.28718871725714845,3.033131545950419,1.1005554066923142,7.229460108669984,5.958600471904882,-
1.2881930282711929,6.195616064242712,9.128800269890784,4.216600074591562,2.860159682921286,-
2.056929897376968,10.0,10.0,6.294727356319478,4.827499859632769,+
9.072564884636801,7.975579763247131,0.8347578006062384,4.771688681632375,4.629654137539859,-
4.804997960578834,3.7503363261481377,1.2044427732271148,2.6882189050767584,2.194635076598095,+
8.716943246901797,5.206529787121519,4.852559442845244,2.3103289272398153,6.548106761021235,+
10.0,0.5457023242950239,1.2030754416459264,1.5666106928959183,8.164951517887737,-
6.997265883024307,4.107292572291534,6.406423649689874,5.579273000812433,5.28039353334663,-
8.710878918824955,8.057137304413926,9.999904683313419,9.605183140792597,9.4704476577315,+
7.8335043038175725,0.5928740336357319,2.5331140212898493,3.1129056810969127,8.315187883235712,-
10.0,0.412016231253104,0.04954112854025162,0.4039838774155239,5.78086518168307,+
8.348242185650976,2.183500664181195,4.441971233689069,1.4418500762000241,6.925658072059497,-
10.0,3.773831732420345,8.651396690283516,2.8722881705473946,10.0,+
4.5844182135411025,2.0067598272843865,7.4121559316236265,3.6656204125724257,2.105551652579022,-
3.897418962997114,0.5903302731079108,6.1088819531477485,3.37807032675894,3.363788890116576,+
3.3429537428569778,5.961100167082638,6.113884331268236,3.679550496562599,0.058616152505412966,+
2.334713701697884,7.724480543882511,10.0,4.032150656425135,0.09415987554454155,-
8.607287663346677,7.991144027755083,4.107237549400584,2.7615671738210423,0.8306000809061287,+
10.0,10.0,5.653213996612162,4.993937239342354,0.8285534562263529,-
1.1180153099225298,6.313535645292218,3.7275122124316495,8.440002411777792,6.895015874532451,+
1.4131564293217511,6.042958097724807,1.1532575642718466,10.0,0.3348784241620023,-
2.1198327142550975,6.204700911873027,4.255280645984851,3.2576029256444605,0.7959973460667547,-
2.1638133663766044,9.319546464098966,5.590835592070592,4.620003997078763,0.9960960880209827,+
2.433489337516611,4.689322135693922,2.1736476853521367,9.19728365411167,3.745028381033755,+
1.2803697244093122,2.7608850238987572,1.3688137594953491,7.43445970782473,0.8747492491154395,-
5.827083686930866,8.598835769673936,0.3559042906402754,6.334546320924984,6.445462294948413,+
7.4926304695254204,10.0,0.24987223421022875,8.053509667876497,8.064552754735459,-
4.763909439147678,9.433324895500286,2.619694752003877,9.709800434322048,4.1461387427439735,+
4.546621099809369,2.9369215503201413,2.923512694437897,6.533125709529839,5.469960885876451,-
6.326159472128166,9.423205445798612,5.477385481647597,5.500126905200297,4.777576301037336,+
0.34120340445055297,7.369256027569203,1.2482929413585624,0.45176084051395543,1.4911563835061115,-
9.474184817411714,6.797288791202998,9.434027432000743,0.06370160418343929,8.093444289034679,+
0.0642241473189595,1.0028439496856214,8.054254011556873,0.014515598933368491,7.975882719290245,-
8.031420581384733,0.513309874783876,6.498647056841632,2.985755849096444,4.97384752390552,-
10.0,0.5537620891318311,8.323478083652978,5.195388991538442,6.459233047975496,+
8.993369473741735,1.4188573055771858,0.7238791771938013,7.737994489912788,8.892794217564772,+
8.266011928171134,0.43227619519328336,0.33878646896358033,7.45832713240923,4.784636906188978,-
1.2543844126488446,1.753919958426513,9.368275020975227,8.854965806981879,7.762250724696372,-
1.1826217722463825,1.6872294160592225,10.0,4.57780483766787,7.055294255844556,+
6.296728329248228,0.26988751199346295,6.112546268446179,9.279996009890416,3.720582526752576,-
10.0,0.36167613083775474,8.984102233386531,10.0,3.847488372033403,+
7.2797463459235825,6.945137483882144,9.890299404876856,1.3082526680163675,8.850923294088496,-
6.166401545385421,0.9888662731258354,8.122331500824853,1.0271647442447904,10.0,+
2.463398682240637,9.612887491675476,1.8813349116047662,6.334851345554759,7.889405501874894,+
1.3304923634458543,0.8106696719059125,0.4510785753485265,2.4445499129298254,6.096927838335614,-
8.778138739214786,3.0675185679511485,7.233336100452404,3.134726943435482,2.5597714056177336,+
10.0,5.289689884505598,3.5334861692977166,5.520557743242353,4.117363880582016,-
0.5413958819832765,6.559171344438385,1.8993851924223848,1.3060202332878024,7.816870210702725,-
0.6498273106979185,10.0,0.3305798394911619,2.265355057286291,2.014998764871475,+
1.2468858001710448,5.662851483975412,0.6644261718462985,4.362956563505708,2.420243987006713,-
1.4779766589472225,7.44523167976399,0.7792216537186775,4.902891347754647,3.5768323044704435,+
4.139456275620638,6.044506948335187,2.7660523049824235,2.8411103950645877,9.710998927377085,+
2.7642227995119613,4.84634163043525,0.8166299848233795,1.5091804225461818,2.689606488185877,-
3.3689282892677284,3.5678354572312356,1.2516683782897875,6.139693745462682,0.6101568544806502,-
2.6442203572299334,4.89049193725325,0.9433677373639017,10.0,0.9135166268396647,+
6.824205156727534,4.302113156510499,1.6630768981181276,0.3126217034922185,0.5155862098604758,-
10.0,2.3609510080820537,0.04017005443385585,0.3537366279347383,0.6223313856686596,+
5.0605996597715315,0.7771110086533839,1.5507179555362072,7.1490312943877035,4.0992557317125655,-
5.988177232235169,1.4807001153416084,2.6720566311459564,0.6082314357201457,2.29153916937356,+
0.2929845743296877,7.601348517338751,4.0624133116638,5.773826927873934,9.606546765784161,-
0.1181160558714066,10.0,7.548543720251702,6.63398683054601,2.739079936552419,+
7.801223491050133,0.013172602247080167,2.978394380252115,0.9672644954661991,7.837864406724919,-
10.0,0.02451291909916817,3.5172348839940777,0.5306671961277201,7.080240887191097,+
9.100871384803146,3.7243197532300867,9.518782737091264,8.153851519357323,2.840324753077108,-
1.4610305254104516,0.358353380149835,6.78980412271015,6.529216131448912,5.42476763318599,+
3.111394708491165,1.1697335621585425,8.962062334233748,7.4921994266459375,1.9181371985639961,-
1.6327648685980636,2.109835142990178,10.0,10.0,1.7619658245039729,+
6.333861903202001,6.576604634975959,8.16033454539792,2.457442978734845,4.478580968610139,+
6.649597311422798,6.073566671009164,0.13590150855214844,2.089163715854079,7.314200234608646,-
5.226448124439319,3.7415071480519044,0.3328484361596806,6.806047730427753,2.6527732762542566,+
8.883578871202555,5.164856160882502,0.13388293436978663,7.727806346461645,2.7188390477963664,-
8.695963941324221,3.119957122651277,9.959159299888382,0.5965899290336096,8.841409485210987,-
10.0,4.29021043459179,10.0,0.7279312577344192,10.0,+
5.689926896901879,6.526886542497849,9.469129220476797,4.623750669813593,4.587140656576265,+
4.188586122042869,10.0,6.518687021913832,0.04024842533624919,7.7593335497914095,-
1.038243080363619,3.147325282925441,1.4319488660227209,8.237416061253377,1.7868362234668533,-
1.1531806820347683,4.115652087432468,2.5244648977052773,6.270244421696901,0.4054372716749577,+
7.211947456221579,4.465772808117783,2.0632615262211242,4.303386275455948,5.609422780823956,+
10.0,6.813529539277941,2.7894196166827188,7.500164335505648,4.398898579422118,-
1.4326482106708405,5.008151864449965,9.150849323838269,9.059341720519248,0.6451677013447299,+
1.9615587863224224,8.804402755965517,8.81082275829867,4.50241679233318,0.3882755091611409,-
4.228838790721733,9.493552874746635,8.130220951729507,4.3206201214334685,5.770439072824294,+
0.1681933703011321,7.2814732520416054,4.522145467542166,4.190944571852833,4.001144519031652,-
2.917373901096534,7.099539653108879,6.130230481110913,1.5982448683160566,3.4076814434218425,+
0.012352214923924305,5.647240864060718,3.9694383456974114,0.5077504515821483,1.4139637205686673,-
3.1513775446761985,6.974983183488643,2.2042203492920445,6.86639024234884,9.195294116594221,-
2.4134688924176744,6.7501547401099495,0.86148139030425,1.8868326318542292,10.0,+
2.8308331007298557,0.4370970974799737,6.091827213895113,8.682204672364785,6.252917687258385,-
4.688396953532806,0.23156735139260057,0.2543571680807397,4.799465129763836,5.9740882143242935,+
8.848937482807917,4.843208280266348,4.199476084000084,1.4969204382217238,0.3886909044512288,-
8.196472868116535,7.658835279173697,6.962067867764697,2.3866496956863843,0.24863913651196828,+
2.0896456905111584,0.702772242228008,3.404330100836952,5.499002804660037,3.091509935119452,-
2.3933283101300393,1.076607017317313,4.700903168912621,7.113744981711873,3.822346627273797,+
8.777028695170058,5.376907291737414,8.343213005164248,4.382031436564779,4.264830646909883,+
0.9022432229146824,8.270324966217233,9.405301266867598,6.079638982777793,6.62338602119128,-
8.79168093392057,4.924528951867942,8.124222391390148,1.7926197543208988,6.634655409269126,+
3.903625651914549,4.3001169531154515,4.228763824202825,0.8640392547925486,0.31982451751991775,-
6.505308562302408,0.456392941598579,8.641797351841738,4.553185178450048,7.034690049937203,-
9.086103753477444,0.7593395428273766,10.0,7.846477350652378,10.0,+
9.58158412157884,4.625174566750012,7.280980408249106,8.475371750546186,2.837359123243788,+
9.693097967185293,5.123850703655879,7.701575106383347,6.669500985285686,4.593473662724934,-
7.595829044097937,9.373007673640132,8.577256440058655,3.6647081203922904,0.2024389310819008,+
0.8587554105805109,0.47041682105953636,5.838346644289906,3.0929601460951877,0.10219071913765208,-
3.7284381239026345,3.8089653833880597,3.9527414955123676,5.687272628324772,2.6491232014487065,+
0.26319458962309733,3.4562237641456033,3.4686035759536735,4.000898514979687,1.1745078561653939,-
0.9936355509661665,0.35433354691580154,9.078104823567571,5.651338923986875,2.814432990992258,+
1.1558779337875411,0.37625952018034275,10.0,4.749126606091978,3.6097345574170614,-
5.154241383966434,2.1169786300334392,5.330642559562286,1.12992178265641,3.204271279883324,+
0.9791952777291029,0.5222489969479918,1.459729280376511,0.05796831621241298,0.040872500992640254,-
0.7632377713194582,6.2253938985258,7.080960213121781,0.7790022696634658,4.490846643940135,+
0.2710276608111459,3.1196368036302027,8.515405661844975,1.4953878638132077,3.317269740361506,-
3.338145414337684,4.23305677202991,9.487467735809602,5.401065293631481,8.692910652024402,+
0.7365046189030885,4.879832740276967,3.488938275136355,1.5529995352382429,10.0,-
2.6682145193440454,4.593099805394844,1.7986864979708683,0.45394992107072096,2.2388068280402127,+
1.6830112604125276,7.793294911815666,0.02117238221425797,0.3904565522127101,3.3976412025208815,-
2.254426438945708,2.2032934348788236,1.1633682492735975,5.005011781771898,3.9123334872158164,-
3.942098688177337,0.2976669579411274,2.2952314117310277,9.672533323134623,2.940303478049056,+
2.131455431046162,7.10665439824785,0.2287540965014523,3.910542888681563,8.425862825324067,+
2.1269067850084364,5.721973903641839,0.18001578906331953,2.861963641766254,0.276593405368651,-
1.5553067162262824,2.470489962005048,8.725028217255456,9.868135060353104,7.859569493720782,+
2.760745015678829,3.8452407288019383,10.0,9.463940277041278,10.0,-
5.369644903873439,9.177126246550264,0.9621844992828021,5.188486499233424,1.434991507209975,+
6.7633018180548845,10.0,0.09913087593999641,2.879439635147164,0.8498926500859405,-
2.5543007823620876,3.2221548454002216,5.880850075125369,0.6844594001682291,1.321932764311684,+
0.7436615756416917,1.7197297263437503,10.0,0.3337358654287815,1.8746897259513975,-
1.0655960634261052,8.200303806794349,6.185702559849297,2.114511447356974,6.013413789018109,-
2.0232035714877834,5.144129948550198,7.4208036104761215,1.4635951703823467,7.3912119548163195,+
2.42531405531715,4.0537829157178775,5.72493501706988,9.797586857234993,1.9465624806456028,+
2.9059552271162,6.987163402856718,10.0,2.724428474476218,3.5185729327136612,-
3.1819135567191803,9.60122650708654,2.4166307070321302,6.168942446319662,8.5023232365797,-
3.427352349153675,5.513640996043029,1.7792060504958955,8.917306176623063,10.0,+
0.8358624778552315,3.9529213639873872,4.424076254208185,3.279573598690839,2.808796094410051,+
0.3885853627167118,0.4852813260188534,0.8901682564893543,2.666624528414454,1.7586229336509067,-
6.721030552925489,6.59461081676541,0.4876527604764991,4.403859679971682,3.950834743024305,-
9.947988162534003,10.0,0.2548658166968649,2.031031717643674,5.068742710782177,+
6.2168220941774965,5.782674903014486,0.8348087431695494,6.421567405198003,1.2218695471405772,+
3.977374905064608,3.7237037760393297,0.8060697457962614,1.7258252491120742,0.08292011863319725,-
9.286674864847567,4.575493472429394,4.399570980834807,0.598759704033831,1.756921087896458,-
8.60933748844129,5.375756805691088,3.649085124925118,0.29264183662658416,1.0793221951974776,+
2.2772152059269435,9.17607718240472,7.558367203373883,0.6048438535645317,1.8621933852485595,+
4.157658375739103,10.0,10.0,0.7710728015987253,0.6962376755878534,-
8.794190589596386,2.7613907283985197,4.744777016479857,1.6332253941459762,3.9549084372271093,-
10.0,5.384295583903194,5.952217816213774,2.4884589783974365,5.589610011231848,+
1.8068944569462664,7.881089355968351,6.262824509355206,4.644193273173336E-4,6.887873619657487,+
0.626904179669143,4.639120818917869,4.189529823587717,8.450620178806807E-6,6.800957139379393,-
0.7905790139567526,3.2900872704869943,7.296135002087528,1.4717163671864453,0.9278115164576684,+
1.0277339009971602,2.2647765310777284,7.498825881404259,0.957907654209694,0.5222300013227238,-
2.978026233196492,2.7971424320255247,6.944071077634949,1.9807815852985222,4.440003648921583,-
1.1481240903613483,5.378985935595932,10.0,2.717985320398335,1.8653613025794458,+
5.9764997935548045,3.8956870810212276,5.090384653316713,6.485851826271373,7.9935300099319715,+
1.59806614310678,1.4821849636800264,4.933036374526972,5.964258256461092,0.13529286627540948,-
9.243775311899594,5.019163937512353,1.6745946906240028,9.353726708958911,5.796465606774646,+
4.8681240593423745,1.8167034931786117,1.550620222382331,0.3588529584084118,1.8565372052958038,-
2.740903793815137,9.712120980454364,1.796857462652638,5.619421255886744,9.069758319033342,+
3.0765108956010625,10.0,1.1409791083090763,7.408793501014913,9.138086167013544,-
1.8906366115267736,9.115675006297918,5.407319485557453,8.581778588436894,4.463061221048978,+
0.1490525223229862,3.844124235970586,6.4436693556013225,6.624203267295925,6.45331274318434,-
6.568252518215062,4.49720254502809,2.5146941917008236,4.532989233771033,3.849351880512044,-
10.0,6.8621673857213095,4.564282887856511,7.323764859288228,7.376025269892223,+
1.6470034694144753,4.894139083366975,1.2543094436841096,7.122324791941371,4.472857491537252,+
1.0268182283954177,3.325626597287273,1.6623716185543391,2.501999671201289,8.107987865406985,-
5.102189645907761,5.623184406015362,3.096462012318699,8.492143695146229,8.373105298776377,+
10.0,2.6120351032031075,1.6601918025595792,10.0,2.166313157344143,-
9.160691474637398,2.0271393185807596,8.791791560098257,9.046248919107168,7.742281543245082,+
4.396106461932964,1.0050423748762285,3.112260271463363,10.0,10.0,-
5.632119132066629,2.022571854852643,1.1030723689040245,6.334603653510382,2.520598688562279,+
0.20305227411500068,1.0823400946795314,0.19207441687337448,5.922482799491914,1.0815650007371367,-
2.653933657503588,5.720351893165479,2.008158978460046,1.375238916121695,2.556365960297189,-
3.4081639623518463,7.815033300517054,3.287362835577599,2.5032454488457283,3.6932606288664567,+
0.4612964980411016,3.5066674185534707,6.491922612453345,5.760129686789607,4.50001214359848,+
0.40228615541004725,4.330716846217016,10.0,6.741768220969975,6.2449272235323905,-
0.921324765817263,9.910873124213445,6.5549430940210165,3.5979189894921038,5.415895001090317,-
0.9517024286903079,10.0,8.864028890443812,6.946148904302515,6.364888025333689,+
0.7625760399010229,0.8479061470926141,1.1221783568106436,6.54927686499554,6.806860333686075,-
1.2492279274519007,0.490026133558774,0.9196840635169706,0.4043427185687819,6.562359688486231,+
2.321961997234403,8.268184284222604,3.486675723030902,5.241771877721019,4.797606954326441,+
3.1080726034585786,10.0,0.7089074288937538,2.8488981845604857,0.2607988536510654,-
8.682967901459168,8.272883925676489,0.1469886132680509,6.384706240989516,5.440256791800625,+
3.4700657310936656,8.138252964584723,0.07537399201358137,1.1001156891187835,2.141296474008554,-
3.2140526905459,3.2000379256985214,1.8834181590554533,6.241365810462703,9.753732466120466,+
0.46526591979828635,0.4964538091935694,3.7229056408576655,7.432832240545538,2.4790947410102024,-
1.2238473217842671,8.169540322838678,1.035146992593553,2.2039929754694407,2.5173367410977807,-
2.3320274841035253,10.0,1.3417819446899948,4.192024574734817,4.452743825290123,+
7.164199699912034,6.713324572818326,9.421004334060276,6.704051622413409,7.4657011047462065,+
10.0,10.0,10.0,1.1189455098686247,8.958357145182934,-
6.241213291365777,6.113434269324111,6.149966753499225,0.33011557295225313,6.76113645570066,-
9.733373075620944,8.114561801844717,4.77281522624878,0.16125989262622764,8.407209659874939,+
9.579282059079002,8.520370145027494,4.235616569334697,2.5190524155301697,2.520510885735,-
10.0,8.363103679173989,4.907135451715581,2.992415716735132,2.101896774107111,+
7.0591688086044115,7.449159641775211,7.450731704826598,4.12247082322806,4.123810651247686,-
6.8016481641540985,1.017892612734355,5.900773100473682,7.452215800135161,2.886031295996199,+
3.643630844785417,8.430760608297783,4.6995887442940445,0.8817278263077399,8.90060486127993,+
0.8021289807881493,4.276258415485495,1.5156819248451858,0.7978785065482699,0.48243660999184723,-
7.00257532965082,1.2090101739967807,8.43446892082141,5.766512380987713,7.4879617465938955,-
3.976084349797867,1.7590762854433872,9.698133576361656,7.234863923461277,5.922590155463117,+
0.28498157941573843,7.242016701551995,5.85948405069812,4.582923600045988,0.5810601639875113,+
0.3131350406819158,10.0,2.053832457734895,3.4221404387023813,0.1352488130038758,-
5.615911187884298,3.697064522504383,7.240246285699735,8.66455610166872,4.46370162419476,-
6.150726851499794,0.7328451811662016,1.2153329228041723,10.0,5.657427350024952,+
8.365860215107986,4.536981411746269,7.429095642422946,8.548407209158906,8.451028955532776,+
6.787619066604934,2.4184054977452187,10.0,7.716035092418965,9.012229165739823,-
4.253542361372603,0.6174768286425147,0.2984493346634798,2.728315596179801,9.05903169776521,+
5.167655859066844,0.09147593255454466,0.44268773290324887,4.101155986125029,10.0,-
5.088927294812498,5.1904482201435265,0.9159054190960769,9.99206298332361,4.266090730800202,+
3.274394677748515,0.46722541552676367,0.5434474586629993,9.80329367072426,0.5651351485547402,-
4.738286886037729,6.423351687345175,8.380368038075737,2.515278517138783,9.407717923939714,-
6.509891255788501,10.0,8.390193667084182,4.070048990346916,10.0,+
9.294912343721247,1.7014369508692784,4.634617232060978,4.4923142940358165,4.560910350764637,-
2.704609187515828,2.1697858316570384,3.112583286949295,5.093639206914855,6.200754141149268,+
1.542674157680467,2.601297721479414,4.9237009572100865,0.055324527828589654,3.570778125916645,-
2.070025669924696,4.778607390681451,8.570748565900997,0.07394268630448934,5.286834305771024,+
8.764505439657507,5.656902406317452,0.6227308097260797,8.857965464573605,0.9256468327301737,-
10.0,10.0,0.9149859486797258,1.7212883526163154,0.2916161415007466,+
4.534201806349426,4.039070577413158,2.480141938092366,0.6434609020804771,2.727214689849914,-
1.8971140104091075,1.6273012765784507,1.2155807607605367,1.033043742250438,1.219382808944337,+
7.462786094167231,4.84476515446821,9.772399749100769,3.9670179487206116,0.050091919738326496,+
9.466401993967098,2.2297792157358076,10.0,5.045643180667614,0.06363676370823997,-
2.577210699537811,8.304612858458203,4.05046156704675,7.229702322259729,4.299997839586403,-
3.7092815327368247,10.0,4.192042376120924,10.0,7.52239391224056,+
8.566187084273313,8.551059271064636,1.1634454847725961,4.5131861482732125,2.7384549401679514,-
10.0,9.012764630810256,2.3261967288506438,5.241568119302617,4.768968714652044,+
6.571300895288478,6.736799696944463,5.691913985517678,9.340040871812533,6.352844967106957,-
10.0,10.0,6.509752417767523,10.0,9.827754495768572,+
9.875815939638468,7.644682964430849,3.9514986067340985,8.476535999703188,3.7068903446611277,-
10.0,9.101159656303471,7.299435759874891,10.0,3.81341448203098,+
1.5256727799652103,1.8836459515625459,1.3944612436894799,4.599092469282965,8.130715032696447,+
1.4246974923403308,1.847859369163817,0.10752909146359906,5.694023052581717,10.0,-
0.6925856025785404,0.9598065828869506,0.8930261843762577,6.69224994155574,4.693876671939536,+
0.4610032976874886,0.12246461207378288,0.19827723268612,10.0,5.488272724711727,-
0.7189137579072591,7.305788543291284,6.4472049392859665,9.424362847263474,5.3650426381559155,+
0.6251809557751012,5.7148078879587025,1.8693389496364,8.229089757423328,2.3854866181579806,-
5.079861102448948,9.411059721683712,7.435082323489166,5.908943598439718,4.294488285966267,+
7.058437190431518,10.0,10.0,8.45296630078081,2.4125121083004224,-
9.00866548439789,3.776230971658409,4.9350615991876765,2.909037203364048,1.2234558332285772,+
10.0,1.7805970565655793,7.761907944729421,1.570122643969626,1.1622864479349324,-
9.566484779284748,0.04885972003677019,6.400240976125776,3.741579700773708,1.778647230767908,+
10.0,0.09586190244244472,10.0,6.72928410351863,1.7693224212124108,-
2.470093735847855,8.854565684835213,1.4656044519455602,3.252067837371863,3.2745320705422465,+
1.862129727325884,5.185020828398234,1.2059917542035752,1.5463480361004793,2.043886913099187,-
0.677394835885764,7.323458479142158,3.8880228946671425,9.859542596335643,1.023467030471581,+
0.24085712182094676,0.9997629799594658,2.214139417282481,8.981785326876514,0.37969122550933976,-
9.730740560387842,7.311879112560957,4.61907035918267,9.671884565167261,0.15362812252888047,-
10.0,0.3438389521802947,6.748959541249614,2.8153269146396807,0.29633855840955536,+
8.978311724268197,4.38937289977482,9.541257698799559,2.291504133480502,7.191267746032423,+
10.0,3.945760382533357,2.2217568815043034,4.109756606690046,2.9210782405486464,-
5.838756672557245,6.291938045153388,0.18275361006188984,3.28584432810909,8.502650438574516,-
5.195643483682617,10.0,0.20049621810265472,3.8154269972177675,1.3107176801620593,+
3.7884709823748066,0.4919134675053949,7.0737415612566785,3.897466614602462,7.045960046965108,+
6.214438784681462,0.29139720071584746,9.220742881731226,5.246276022321862,8.870655429224273,-
5.863979894544808,8.1861460396132,0.2246516121695663,6.192645409022227,6.62954201888968,+
10.0,10.0,0.4379930576838154,0.2809301438612487,9.931908264234785,-
4.974485758775664,9.45448051402738,9.319695968544371,6.514080116776305,9.207105173886346,-
7.880127033041472,10.0,10.0,7.913935520055271,10.0,+
5.725741989822605,1.0159791144453911,0.22203627848235596,0.6396996187658222,3.5088631001203217,-
10.0,1.700851565443715,0.3721772336989329,0.9574035776155032,6.962983740071847,+
5.98143282733078,6.975230512513274,7.620629718680874,9.592632612130402,8.883876346137775,+
10.0,6.941733082672863,10.0,1.5717175533349257,0.3347407870303256,-
9.471152016367807,9.105326492464268,4.397331165501811,3.756383985458368,8.641231599890753,-
10.0,10.0,8.235776248377622,5.096600136980028,10.0,+
1.3810499064887416,6.282259297771823,0.40176629523132723,1.1071255447059614,6.349934978255946,-
1.984521529691079,7.385299952624752,0.7676193115468826,1.5698889860198424,10.0,+
3.964867261497856,6.052357378535172,0.03385881844466754,7.119822496424817,9.089572228715937,+
5.477737984081383,7.826130290426734,0.051308432912471495,8.925131147587603,3.8182362628904474,-
4.303359884022994,9.805566795344976,9.852432292060696,6.083520064571268,9.321187245275626,+
2.1818050508470046,0.9285738968214923,8.72109822976935,4.50300050080113,3.370237255607205,-
0.34987486844271776,3.731776028743641,8.115604025175855,5.678000826160877,6.861452151602602,-
0.13741817448522783,6.201403547575026,10.0,10.0,4.550368170099178,+
0.21985685300526803,5.425378188308665,3.2504632257706567,4.579407639071085,7.77444300124745,+
0.2281641022813733,0.5188226621949871,2.872473358895298,7.9200078036308135,4.4300104394958,-
8.986991468092327,8.946255711505625,8.590184090149005,9.243277405264752,6.774211950193973,+
4.514674813119456,8.548796493347101,3.4587217132771357,3.723355777210653,3.9234583443722797,-
5.17181304025883,4.711703022806212,9.291335210939181,8.348683835115242,5.734073876124757,+
4.853253388404306,8.550380579976267,10.0,10.0,7.010102770213468,-
4.097119393190756,6.5284593413851075,4.133108324461037,2.2223273204903093,1.5404417218619637,-
6.342707678348764,10.0,7.07351674964283,4.355056267739032,2.468105107685656,+
9.084576712986916,0.04659727799533275,0.46137158682660995,1.0037909787346888,4.629415945995302,+
7.277445396352922,0.021080863411148672,0.20572069713610663,0.5324378507535609,1.30775620943358,-
0.03751090884473007,5.363385380407648,8.103149058455818,8.98696414987308,1.7898457784281419,-
0.06611514713613441,0.6348715695789333,7.232971876965506,10.0,1.9997528688259545,+
3.7290661065115493,0.3811210982470137,0.8483164635883678,3.9859999506586585,8.23022360642465,-
4.719639365994538,0.7367418371671678,0.8243046792860284,1.7306955989503503,10.0,+
2.8426007942678266,4.725907218733399,5.071844607410002,9.472713151404825,1.4916544703075219,+
2.1984860455688535,4.3991232605072295,1.7516819326190916,1.6796526412039123,0.7136792874757358,-
9.916106993853202,6.445170796296988,7.819760523148105,1.1131579299974748,5.354122099680683,+
3.717205850803372,0.2629553167004495,5.1301823609036425,1.84136399575188,8.18402666758678,-
4.136328561742185,5.813588230827243,1.1353072951146503,6.334294099044033,8.17058446727182,-
3.6553221940967755,7.353263038222901,0.35743118974170823,5.931849980764872,6.944035397384331,+
4.977428908620154,3.595778266957188,1.513852136817212,1.4750227007446448,7.541813473010421,-
9.228031887439824,5.7161977706328955,0.7937541794212865,1.3684580817999652,10.0,+
1.994420841946083,6.307519884867628,2.9188503701860813,3.2620057698337224,7.379525128817201,-
2.081029308377233,4.662018712881804,3.277332965722092,2.9273093458960076,7.499929622719619,+
0.6519259134853284,6.601934711956686,9.219316356611433,1.5797658877940113,2.788346531180851,+
0.7170062374464371,10.0,10.0,1.0222986012468942,4.7387842393290525,-
6.918437415711741,7.528718284680611,1.6270171666050781,3.5802990681287827,1.4680986478788172,+
1.7082591731408132,7.221480444858143,2.073988553248671,3.345571406964195,2.2916163932496256,-
5.8585283899259,2.234911915263443,4.656766595591373,1.1567723065662272,6.524358248569911,+
7.864777594376684,3.081544401373726,4.6411819777608985,2.0379924098968685,6.752634045209013,-
5.308540827810187,1.9245107330854683,9.112509163043978,2.573822387786946,3.249540371876728,-
5.305365370664688,2.3391023203163073,7.438214198263706,2.0347185800556407,1.8597034872529317,+
8.061570876980959,2.2178106689493413,5.048333504892702,5.124605628358795,5.512211095440715,+
10.0,2.107595467292049,6.175651668847056,5.523850251399379,9.296814495928272,-
5.36779049506732,4.033695537745604,0.14694489503900066,7.438896141923951,8.093100184757326,-
6.57025127077362,4.351553743262207,0.27718247124749773,7.726324151310682,10.0,+
5.46072079219936,5.245321040106122,2.6045892838894136,6.980194675254534,4.163510822043053,-
10.0,6.820292910762504,3.451387717089742,10.0,7.829605285340425,+
2.7903501341771197,2.9032708783525107,1.6539920362402727,0.8801180164898181,0.5440206028312267,-
3.483833844545019,2.2177766153136167,2.189895092320618,1.1312597276774414,0.12115554627292761,+
9.671793433236274,3.9363054181570356,8.649227367063668,9.848714686110403,4.4051679683786995,+
10.0,1.3870164575919162,1.1740470034356747,4.333960319684035,6.397397143981422,-
8.051826270292024,9.155323380958396,9.775691264950076,3.1714633044328524,9.236389970791624,-
5.560303491833383,10.0,1.645121287462545,4.757436882635768,10.0,+
8.0970792306199,6.004284169589257,2.547128467465163,7.513801141276732,8.67236471949368,+
9.591939597324428,5.582563359168236,1.7285716527120678,8.07010519237132,2.1417413899966427,-
3.500280395962135,5.002323645581637,3.619374401074147,1.652761494741829,9.144338356741459,+
4.1065787814573635,1.2497313762757658,7.070608783843472,1.5841089718787844,6.287506807935284,-
6.195262831381287,3.2724372410010805,5.547351351886917,4.995616958060115,1.4707398741487865,-
8.310601788261547,5.751081677007058,7.8131048442054505,5.623191364556781,1.9649954543503003,+
0.003945099375076699,8.564420550094308,2.6778189356123105,7.267900569845115,7.492238399537129,-
0.002104048400241535,2.1446415932800695,0.7698755348773685,2.9546211710473935,8.002595251035638,+
7.432609140668131,0.2420617171512729,6.125087835302839,9.906121571113905,3.428800738749469,-
2.492286107213577,0.20411671696212128,5.023730986387716,10.0,2.5010749390070024,+
5.753427311259804,6.522333596897916,5.988354516463525,1.5848906087838577,3.055389792764409,+
2.717376397026977,1.2455788641975125,5.197203136940475,1.0921801842716905,0.656550726047929,-
0.8983629117740755,2.598886340826211,2.8541044656867043,7.025891094038352,2.156365249441836,-
0.08721778770032311,1.422243909222976,2.489270025506406,1.9471392756183181,3.065906159463576,+
9.26530509440884,4.306955505940167,6.853957129411183,0.7126572539020037,1.7212974421008298,-
10.0,5.711129141372503,4.844730549643764,0.6414942886329299,2.1643266140549873,+
2.638788762488027,2.778501141072641,3.2229232349650516,2.123428491540771,8.298693243694757,-
4.63332471409664,2.0483363062569278,0.292541057946498,1.6799392213618816,7.889805375625752,+
7.2877059386077185,8.081173831553592,7.402362213545316,5.760432415845479,1.640568928523919,-
7.844933373420621,10.0,10.0,10.0,1.9527966018315883,+
1.4043886964321883,7.484719761881449,5.792849920660016,2.8466998864859683,1.850938209511661,+
1.3503089832349908,7.000109731643479,5.574372313032834,1.6433203459254457,0.7419192091892705,-
1.5265659161936562,4.569694745464004,3.4987766180256186,1.7745466421447043,2.395774332780144,+
2.757048709692471,5.756354613256328,3.0722322592002382,0.8176545054910279,1.7401972359320357,-
0.9908355237161359,6.405274594413795,3.328357857637574,4.679015580544824,9.046838808926026,-
0.227099534229171,10.0,1.7954958716131633,2.7148204321156864,2.2119280908080765,+
1.2584952985855902,2.010869204771897,8.46856285615495,8.539889508676357,7.445215604596518,+
1.4166818506476555,2.870701126052447,10.0,1.9055984986344323,9.976781308096612,-
8.039130512849402,5.088403836961469,8.895716104883537,5.955211227097223,1.550441953549636,+
8.492194765408767,9.621350522486821,10.0,9.899605465801509,0.5045741509400196,-
0.4919944405735177,9.677950999324182,1.2634614823719248,6.027818858229537,7.215353849984766,-
0.5733571767379376,0.023543328501977705,1.8836978296645401,5.46607026197112,9.232631118494922,+
4.086912687223048,5.305361189828986,7.116781914022884,5.344425951408088,4.518680841494248,+
6.1330333644440325,8.27414211292609,1.4669728760752192,7.078629945797105,7.99033983002933,-
3.3338102561235394,2.2668428408073273,1.7112024874449416,9.394566164935341,7.401278553981266,-
6.551000249650054,4.169228628755463,2.0719560954930474,10.0,7.5943480045634875,+
8.5197896562535,1.3181393099374161,5.093932635610264,9.990653453016451,7.522616977559745,-
1.796046619191501,2.6276454026165603,8.264047517395865,1.8713659182366518,10.0,+
5.768821736800579,6.648139559888021,6.579396163825163,5.2674018942289855,6.610925986852784,+
6.683715501312552,10.0,7.25554885210908,3.7512328689591614,10.0,-
4.516855002686371,9.479912717234795,0.5700966597963386,0.32956989489915545,2.3840034728821102,+
1.2107400937209984,10.0,0.6284206432479365,0.45127200929728034,4.061068571452196,-
1.899690836987794,3.355376080140533,0.6017292391718421,4.622330070235378,9.561909627532222,+
2.302990813245949,1.0593381744627663,0.4122834431860275,3.7365839586508134,10.0,-
0.9349984334168671,2.6525958894056267,9.156223969183262,7.389032457362168,7.51380252966336,+
0.32490403552497876,2.128724023789095,10.0,10.0,0.32128130075863,-
8.310196920634285,1.7303291679852961,9.168060073831573,2.4835010038587524,8.887279395711143,-
10.0,2.3096207789195797,10.0,4.109167340908021,10.0,+
3.687642399358808,0.7556621120517626,3.1854199556119465,3.6480720872740555,2.4217443770594715,+
0.9226817777611267,0.6302169323180383,1.4192919268233155,1.819390585697166,1.4842148484139217,-
9.54593286418229,4.686114928690925,8.815004985429697,9.360095720405067,9.050328327226424,-
10.0,7.532720381671261,10.0,10.0,10.0,+
1.2090780073672625,2.504448420611726,0.5604045464738983,5.573168440828927,3.2220007951236296,+
1.8923482378643735,4.14913701167495,1.028103662986458,7.4182917589141315,2.961267188342646,-
6.93936437062992,8.152751639686025,4.108436172925113,8.644882221241447,6.203349576510531,+
6.415695415317034,0.60023075286843,7.045339397370065,10.0,9.382624459521374,-
6.493316448966544,3.990058297932352,9.617183211956856,4.090400924515746,7.583405669426568,+
5.371470670174667,2.5386300644995647,3.6456502761321707,0.8081159277526435,1.7527030086023494,-
9.996610145906669,1.4333603845713738,4.501041638184966,6.9939790515838425,6.810101011863534,+
3.232201289104405,0.3897952851223588,1.871937351397825,6.449146933496379,5.436663537913911,-
0.605785738874528,4.56358993465323,3.164791228776378,8.474053503517338,0.9202465424976547,-
0.18976617571633494,1.702772428370792,5.943282012821323,5.577571870060149,0.870391712867704,+
3.8813280689258276,7.555418979401718,5.419172954203284,2.9130911588071595,5.722349126410618,+
4.359037205746602,10.0,2.238731369104826,2.925545450311107,10.0,-
1.8115354166842335,3.3974908667233183,2.9075453557939257,7.8369858037808555,0.5214381858568973,-
0.8168169619470346,0.5167906093860035,3.769801093338348,3.1921188589209515,0.34984941469948655,+
0.6190060294053112,8.836225683673321,4.784479699819197,1.1075893373380585,9.694508381803763,+
0.8982492589329051,2.728660079981942,1.0518238497141208,0.5869287070138327,10.0,-
7.385729060015546,5.708600677558504,3.028329870203428,1.9276843798732235,7.239822052399699,-
0.04263494222649763,10.0,4.534587778538692,3.1244889489870324,3.1895043601610826,+
6.11420001475964,0.5152454648738258,6.3450482704474105,4.161555664703497,9.050823395720956,-
3.50875637151213,0.4249027205682058,3.190328831948233,5.0931230869370605,0.7538741590558,+
8.184609050658757,4.984210831995286,4.175293520453822,3.9547029641443565,1.5278419275798971,+
0.14212978531834627,3.05202323949798,1.910965058295001,3.089463976067017,0.8499714732058323,-
6.867664552919402,3.6728927493794448,6.109727282714648,6.879574995135499,2.020012507550446,-
10.0,3.871746291763432,7.355543868341378,10.0,3.0462768840038104,+
0.8943054878813439,5.08059911295672,0.39407290342931667,6.9168274305604935,3.291058009905685,-
0.8171876173993883,2.730259744962965,0.5836297113934764,3.223705110533748,2.6399569032081747,+
4.849798643186967,8.344855398828312,0.7941000636823614,8.458046650676069,8.080304623448463,+
5.515608168975618,10.0,1.3977615546039002,8.249787525951074,10.0,-
9.684518865030334,2.014129381204073,3.1779477923528567,6.18348888639032,8.509844614111957,+
8.945068517273212,3.5279913638154214,1.1233024982332163,2.1086660621611872,10.0,-
1.8737599426322926,9.006892314584626,8.752362083472999,7.00343821776114,6.2347092239164255,+
3.7463947112758014,10.0,2.297221552390082,7.659703104033204,10.0,-
2.4083182354935406,6.2453363064277365,9.32326772405119,5.588163031815378,3.3964311414666195,+
1.9201585774387742,0.3753323083435532,0.9517091291343571,0.7339713127603139,0.32275328184758234,-
5.611387805405663,5.376625649131482,7.259479876772525,7.203837738681439,6.212272643085265,-
10.0,10.0,10.0,8.767801253603087,9.210045325489999,+
3.9203167620479826,3.1452574557211,1.7079943299903388,1.9928502917112012,7.205565077385165,+
0.1632794500396239,0.4895759639881152,1.2498538930325784,1.8310881946497142,0.07715260665703307,-
8.60679813140536,9.813560851511792,4.920615094256919,3.318205805802531,4.43073894304897,-
6.485035263354858,10.0,7.300372566122448,0.34650531189053363,5.6311632637485465,+
2.850936622767799,7.525418653038497,8.075720513248761,5.498853733872355,6.176441392952432,+
2.520019884086208,2.227926611536956,4.6516793410082675,9.521732576805501,5.904383974439069,-
8.510339609739939,9.195270523549855,8.933079214413999,4.57463310971876,1.9778692497392591,+
10.0,10.0,10.0,6.085454767433179,0.06019623616992135,-
9.867399884492091,4.18099442830456,4.375452022583167,3.562127011732624,1.5556416639298132,+
10.0,0.16444235452520545,4.971703612265829,5.528843653422502,2.755631623740102,-
8.540625559331584,3.354168367097551,6.439822543842592,9.737777179036643,1.7031032264569101,+
9.187077145795081,0.21159940649024936,10.0,1.825362014730691,0.7577100772831025,-
5.886507911068489,4.082183795940555,4.655258305271226,4.7080858472360845,0.8955423894210879,+
5.639414952895481,3.8127945317450846,3.863863343200299,0.9215087593957798,0.010517456248490233,-
0.44012392401031275,2.120028708185917,9.373783094385361,7.565929229495962,2.474133998007705,-
0.5708821313481421,3.1468345875774175,3.3227649895175744,1.9154528888266233,3.180418401072703,+
0.7470230927064803,9.83458988481909,6.343617885415339,5.152368166490282,0.9295117941992148,-
1.391220871627393,10.0,10.0,2.0722653723655884,0.2314443374760796,+
9.350469742993086,0.5538658959705034,9.044784174432284,7.828413650645269,9.38510749865783,+
10.0,1.0014725337916524,0.1459413673111557,10.0,10.0,-
9.854639420117202,1.5526610763925597,7.9409047565856605,4.31343899620222,1.4865960953813362,+
2.141114657719922,0.40515958325010076,0.5632463331833112,1.5954925728944058,0.0673799028934983,-
5.229761090954245,5.220723094783361,4.655997816832449,4.731282922955327,7.301436036755541,+
2.2906255763600525,0.8102908276902938,2.880778849008989,2.974321632407145,6.227587499341637,-
0.19498086450846053,2.1648140519306125,4.847856139580889,2.4071228027485194,7.185932088483776,+
0.2310795823894674,3.0135142422582977,7.6834648867001665,2.1445021856438173,10.0,-
4.9734165479838675,3.8047157499993514,3.097395101073529,5.904470745533307,0.9266760133494945,-
9.27129949121806,4.679769920101348,1.777587166008949,1.8934950048995884,1.2456038508643885,+
2.6028393297768195,2.532102293518564,3.553329755637138,7.242587736567855,8.446082586364739,-
2.734188335806191,2.123473590646604,0.4568870820793165,10.0,10.0,+
4.669711321274798,7.1907228721222785,7.263530857283835,7.3642142990138035,1.3043451131464723,-
6.580686949362823,10.0,7.7530922130788715,10.0,1.5426139088581015,+
4.481658329109004,5.6482041130321115,0.059945167618229434,1.0619995199031518,4.721580814316217,+
4.67899923212386,10.0,0.08816213679544341,0.7521411173468218,8.614388782217686,-
1.2513698014112518,6.056511744913045,9.525120260006405,7.614612857385909,4.211845679372899,-
2.1334887487675225,10.0,0.3503691990999702,10.0,1.1494054036511305,+
0.1885713272934597,4.13688185091245,4.591090075725973,8.153057607181871,6.501486901092984,-
0.17132216168709738,3.89126036815509,6.6847800555445644,4.343824305804642,4.42011824869167,+
3.7912611200023196,6.216277256357473,8.068942518401895,9.005811182803665,8.397115034265461,-
6.116334821431413,8.269214398784143,10.0,10.0,9.935978602664052,+
8.37060229192556,8.712882320802018,4.6954623669542634,4.256093719422384,4.101850653251823,-
10.0,6.721067093427234,9.273185281002208,5.944221247377318,2.687125449472274,+
4.398993936683361,8.637995148240668,8.920564334939009,7.332371843308713,5.613036234741249,-
5.56775012498027,9.132532726600415,8.92460890089021,8.792929329116657,9.897942486558506,+
2.9264262558167875,6.7731563771970205,4.347583841669672,7.414225816123005,3.2210178066986463,+
3.041456197613943,5.483742588975921,3.651634457594972,7.822134581760916,0.34254475616958285,-
2.7602834628426454,3.900428177825419,4.1816445817600245,0.10867287103157874,6.855063631279181,-
4.664138365996157,3.4483048644721728,1.7623936984526636,0.027126838985332805,0.833540223500905,+
1.5791170934243737,5.420701785433155,7.477986284325854,5.5024806662944705,8.11892962491054,-
2.4069486953237416,9.974107030082058,10.0,7.3739448705868025,10.0,+
5.490169563348765,4.529448993516853,0.3647712147788573,4.982361305017424,7.57917234628131,+
3.474635329436179,8.867719384127957,0.16090690265271138,2.267443053150477,9.137209807567027,-
0.22333188764404155,4.348796594984084,4.594466962044609,9.327902121485822,5.906135416838623,+
0.2532320663128051,4.646997353005969,7.904012027174029,2.155871878297376,8.717085344153425,-
8.0105134164797,1.989245300100796,6.68192488177655,2.6799498684990484,8.617636638110135,-
10.0,2.750388088967286,10.0,4.363070953526094,10.0,+
2.4595106989528137,9.364144594021935,4.4357994565676515,9.5352095375281,7.87718442457165,-
4.489095513236149,10.0,6.942326227324161,10.0,10.0,+
2.5910591851221207,8.444516195064596,9.123500505763808,1.785732014255419,3.81033953894916,+
0.19611981140956047,10.0,10.0,2.089742565617193,6.702158966008723,-
5.121866501365217,3.7571530093025296,8.802610761806175,3.4939833532811915,4.914404235930082,+
8.194840887308443,6.84919383943537,10.0,2.4565568817462546,5.967361260819299,-
9.35917997633929,9.429912104628054,3.3545519807021815,5.853347749674972,3.7670972792994872,+
10.0,2.73394430341105,1.7764478862333741,9.021676165401992,1.175726901317528,-
9.266872585700586,8.244890354066358,2.490775783384885,6.346349208034519,1.3925811417389289,+
3.552821851818722,4.2806871464770255,3.616115986668234,10.0,0.19061782477815087,-
3.8848574066034383,7.2614843169150065,7.314652632757131,3.3810270950045815,7.6537981501690755,+
7.425723875226467,4.958174024877351,9.518619489186094,0.17061836914894676,1.5353109028376375,-
4.037154115044856,1.4849061029406219,0.26684429059181447,7.298319972338686,9.825773568093663,-
2.224167885131755,1.3773530076587495,0.2170784833832675,10.0,2.1568497060819096,+
1.5769395436026579,6.413433435349052,5.153659376381743,7.63696519607794,9.905717015435732,-
3.140871797069072,10.0,9.34732843373968,10.0,10.0,+
9.42331484905173,3.979617027211005,1.0682661784602787,0.6495457763796231,7.9583601212380515,-
9.876655135250775,3.0033167053483174,1.048463099394013,0.32791582768505784,4.743238546618653,+
8.393142098992762,4.18091037549736,3.1226191487903643,1.2458717664224683,5.801565139779937,-
5.093616586973902,4.062952848279138,3.445457970318288,1.6193595604841513,9.018837485412035,+
0.6256110296611717,3.66596611635164,7.867987372187109,3.138196021598789,5.273862684441704,-
0.3237910506492753,3.788316048125771,0.7428069923938464,1.0199189370296977,1.107074791006753,+
2.626765978818039,7.514028375327443,2.571941949925154,0.6806678535160948,8.057422705282091,+
1.7399905180694402,2.521864139260328,4.059256702525992,1.040190519658404,5.67279983246834,-
9.54326927551035,1.0189689521249057,8.48509436250098,3.6148747659860145,2.1302125312468756,+
1.558182118910819,0.32506585079641265,6.501239015274653,0.5274699439388477,1.6033129120872482,-
0.767373067119318,8.349171922102263,7.431439967427868,4.281400476913007,7.129848835861013,+
1.1525029794401345,0.9000906071494577,10.0,2.1083774354419504,0.11721400336108913,-
5.531591404720003,5.064762914374085,5.191677699056027,7.1949454712215335,1.3619163439873316,-
8.152571840637258,5.925289673578171,7.355879319377186,10.0,2.69807804436851,+
7.873845428819244,5.5278036589098285,2.582740339486075,0.515761930459675,7.6125827397505175,+
6.439553834983039,0.9681848978629969,0.6840035497789081,0.4129469608613205,3.556593075818046,-
3.757601412560158,6.681962019221077,5.574425957339759,3.1136910015891317,4.911687574238998,+
2.111744489690057,9.588436226401361,4.508215856506343,1.9017205921851599,8.559320507184069,-
0.8878862933430964,8.722956345619352,3.6721725639983562,1.8100255015554079,0.6186705024183192,+
0.882614963609528,1.7847053269236215,0.8415378417101128,0.41182822117783807,0.30109973123832984,-
7.085754599656361,8.606324444063162,7.90740485672348,9.85907426855998,9.024026089332855,+
10.0,10.0,0.3461928077729409,7.581958648621755,10.0,-
2.3734412286245754,8.686353451168342,4.775789797204321,3.8522918830707376,3.6236173603483426,+
1.5955576557711846,10.0,6.243976758082121,6.0890975967379015,5.581965502361472,-
5.990476916833717,4.181893657872844,2.910969865585693,1.8793380712606433,2.7392264812980494,+
6.1631967711481614,3.798825602856113,3.289167302670316,2.5106012310208605,5.292130333565249,-
8.792759435207872,4.2245974402459545,9.860658681745166,7.079093607253272,7.068102297117765,-
10.0,4.381153368043322,10.0,10.0,7.71936940706061,+
7.290098050601034,5.909527543356016,8.863708522768905,9.457169014004908,1.0012765935932744,-
2.8663899989190855,5.193459889980339,10.0,10.0,1.5170758497865455,+
2.1491363541394803,5.636821836488128,7.540501579831849,5.104099705735878,0.7612110020682117,-
2.2831992548472635,10.0,10.0,8.317241724537615,0.8373476419917933,+
6.2449821742090625,5.956135552439576,8.234514930728631,0.6033816970815764,1.7669829617820332,+
4.630177413900817,0.13096843149161594,10.0,0.610496716222776,1.3468928759698253,-
6.570814407255247,1.0029185152295539,1.155266526305535,0.40540703384798316,2.0996981001799186,-
7.011696422119313,1.754497599793106,0.8882113854280494,0.6345011966239225,0.4986589616814624,+
2.531932803043274,9.602666451752704,6.51905365046487,5.753924136940607,5.138563259305541,-
2.979776305359838,10.0,8.2912316637073,8.99124864367059,8.115734180626248,+
7.085277156006767,8.830129646929288,2.5249792775308344,5.753789782862938,7.990829053409446,+
9.353660834417541,8.336599229744625,3.8258060050858553,1.6713964427107413,5.127328975419785,-
1.8737012275647802,7.848914487803375,5.463690570422908,8.281640667063092,2.450681804530074,-
3.4836864782462182,10.0,8.513861309174992,9.528969257001593,3.5452882547346727,+
6.135662221058865,2.878271896239133,3.0771720340311215,0.9688159810252805,6.849860696841593,+
2.8622982434057116,1.0096875147317832,2.087081392113966,0.5679171696777783,4.316718867013799,-
8.402068886982045,1.0054923906506763,9.484521996126267,7.157879395612267,7.6065655280343805,-
2.879357136216369,1.8660726218544406,10.0,0.5322650527911313,10.0,+
6.47227261693224,6.871946152492257,4.30294425942499,7.898484828013097,6.169431021097561,-
10.0,10.0,4.779679225581289,9.91809669069458,10.0,+
1.407652327229818,7.490652793773319,6.140280755967851,3.2228059049061777,9.4495376368916,+
2.7735204876691486,5.636640728531364,10.0,2.231794054747942,0.38980266867344987,-
1.865135869343868,2.7215567107155545,1.5359166854718764,3.2832376293318086,6.222320563676204,-
1.0656687405951601,5.422300902626767,1.2821994913209407,5.086620571551108,10.0,+
9.152987984101092,4.392854697248688,8.237773639409165,2.2894355417127987,3.79882685710645,+
2.495667581768606,0.3451003305646624,1.89986507522902,2.2350086907174926,3.244490583256899,-
8.730382229385315,1.1291393711740116,4.476742797793189,2.4851514288324505,6.55570358564483,-
9.791885054899591,0.6154418964485984,1.3672483336994428,0.6669245063670997,1.6308984414235548,+
5.015808376173281,8.964745497973773,7.831841566163716,7.113250096851081,0.06017141625379696,-
5.068927258832343,10.0,10.0,7.751489309820604,0.08560467917467257,+
5.556504355206581,1.8393928656604275,9.535680030429063,2.0245222465167,0.6388534031758264,-
6.988369454089183,3.1413589643660473,10.0,2.6850714364787134,1.036949541397533,+
0.541111839424393,7.126238477664064,7.41359746944542,6.398928341686174,1.7027098026782461,+
0.9808910164178333,10.0,5.0325939134684425,10.0,0.6755283757887508,-
7.038993781711879,7.69415976973484,6.225347004334139,6.148114758618323,8.718785089765419,+
1.1308144365564503,2.473584989796564,0.11905214798717045,5.517603922609717,3.3401949832401923,-
6.215624287298166,2.877514393933277,4.914691258742973,2.191143792907697,0.19445810616685266,+
6.137372030457022,5.183033166203948,6.106925781164291,0.8901486817205043,0.3145813581146722,-
0.24222262084204305,4.453446419839681,4.692692910757261,0.8140634127807966,5.228647094696384,-
0.472548404658473,8.468703384745554,5.464558105897533,1.552538207443074,7.066700384888909,+
5.914715910946099,4.982021893235604,1.0556876476904076,7.256184538257323,0.5170784048043087,-
6.052972361069501,3.435970174918197,0.7269672275881988,4.494798921909663,0.4029836883540097,+
3.191321852126544,5.080424414411562,9.371510971850082,5.718537456536205,3.8298335633310443,-
4.108635027501993,7.378299729324266,10.0,10.0,7.45734879509151,+
2.83444986243527,9.34427099604333,9.493927186143026,5.842773257063291,2.4627578555584417,+
3.5406663197583126,10.0,1.6993594511143797,8.078411391400104,4.275229890365933,-
5.740257195007979,6.045419722345654,6.980529704877931,6.482560687737601,2.6687058510809503,-
1.9350001559198193,0.2795851149743191,6.608979330358331,1.3272816671832095,3.893194907263273,+
2.99194098118857,1.5370108257974158,4.993838244976279,7.4085830424035155,6.321100413945889,+
3.2168235737315536,2.0876260469863364,8.538483154450867,0.7714176790734353,10.0,-
2.055446118382327,1.6423753039290245,7.414936246947961,9.80446374735233,1.397846373016719,+
0.4660406258167358,2.2111319319093554,10.0,10.0,2.69590124413724,-
9.614861714444338,2.05829555676217,2.7268543705378634,2.9941802729861857,9.582889886313012,+
9.26703424216694,1.2952893819349895,2.639106665742756,0.5240260604630121,3.149465932485769,-
6.9638757954260955,3.6053955907394233,4.565752576031988,6.251518652220599,0.1370140641536577,-
5.0875433979425395,0.39871787792927443,6.918967362359479,5.0999132274159775,0.026225645216712803,+
6.5209822145452145,2.2520320968369747,1.094518109068201,8.064083871004168,1.3804524369694804,+
0.023823736876440835,0.43195062719308575,0.26783970611370106,10.0,1.481249754714795,-
7.006651981248291,9.776001851514145,5.291069360966452,5.853594385477453,0.5083440821324303,+
10.0,10.0,2.5642614858179793,8.682820128382513,0.5756311956107838,-
3.789571320662758,6.7557241833872705,4.428701785915941,1.178208900376373,2.9870020840451073,+
5.369401270637774,2.851817308491829,3.8820516258854476,1.3215562148289677,1.9896296295138909,-
9.55100786549426,7.1909172540809845,5.2698627506542985,4.393093858814877,5.3747995995803866,-
9.39120500453172,10.0,6.649542318523695,6.658868540853812,2.3920935210303558,+
3.9062643782736295,2.5656594330508717,1.9275056640315802,1.2851805515180836,5.181984755450197,+
2.8693331339677615,4.371367353136259,1.867546440288768,1.126522969042219,7.100366650681214,-
7.2076279519365825,6.4018775580160785,3.0856297587126438,5.838839991117158,7.325941595219706,-
3.21714125506011,9.178055218571421,5.675885903349194,9.000366060567863,2.200516066878035,+
6.01592249526819,7.250898999331284,9.473643654069164,5.466626999286844,7.349105704456626,-
3.842336358854205,7.3181440986834145,7.644598846822685,6.01669325072996,9.298920274115405,+
2.716656093988037,5.969631424406985,9.987408383023034,3.488786660107851,2.369435344227729,+
2.4888814595322093,8.460111614748062,3.166654766317899,0.6842634202042839,2.8455411581940724,-
7.182233340111768,7.9164994562569815,0.7566431132863394,8.524549256702205,2.259366062623779,+
10.0,1.6355805777604353,0.7468097020465675,10.0,1.4352958381785683,-
1.942932159396894,4.073480351696604,5.274828126136145,5.969048035719742,7.651384714022279,-
0.8399606555050563,6.6918628977865815,1.6505022926126613,5.567126269591374,4.7298050375610154,+
0.43308378615896315,3.594255988528797,9.666872491655319,7.4049335899453,0.0772493304923283,+
0.09462857011388642,4.50368735509305,10.0,4.459107839852761,0.0570265728608206,-
7.464036623451646,3.366550870523257,9.471502698472374,4.701424702021857,4.307914651943037,-
10.0,5.841485851275437,10.0,7.8468729213360815,8.495946263072595,+
0.6449416825300436,7.163695623215754,2.3044552814619665,0.7815395359501787,5.390863410746405,+
0.5537748159178055,8.602754987642868,0.2203834120210316,0.9294783838175531,4.064620695194113,-
4.392759869911656,0.4588487825428389,5.612167879653813,9.4089315678602,1.8946755426999118,+
4.162569202306356,0.24510869398825322,3.3733294906570404,10.0,2.111031398700381,-
6.529351277868065,7.903597838893829,1.89784586191729,9.409276658655088,9.744278022938964,-
3.173767629136881,10.0,2.8950989406972925,10.0,4.603149342235783,+
1.0831132334954652,4.81448072277815,0.14489112388915482,6.04049312267445,5.375094739757696,-
1.7911239493718443,9.277414570670173,0.12312758652549757,10.0,0.6093816458962704,+
6.550191886508101,4.281214829364187,0.16992046545755146,2.3767699581004598,7.035527143802133,+
10.0,4.305348968141747,0.31842444476655984,2.884227545438167,8.41220144855457,-
2.0246434481635855,9.265666399802782,2.4803242290562197,2.365147614257488,6.526434671475597,-
3.2999571134567116,10.0,2.7789591554180975,2.708184855511865,7.978358924278199,+
0.5994373074870774,4.020013993762821,5.948618993409253,0.7943532147738219,1.0351924666442547,+
0.22042085117495405,1.3190660071051024,10.0,1.3411963142616152,0.25303298808108804,-
9.131097447508763,1.737691162563999,7.194978894998765,2.0538616958840885,6.170295360346973,+
9.39515063416255,0.6408109671394938,0.6847512138733333,3.586358596677251,2.78776407332549,-
1.654409287929236,6.237088829846574,8.251166419977825,2.507522803772421,1.3032996435178101,-
3.037184252394714,8.4604068452663,10.0,3.8465324400105314,2.3567203103397865,+
9.803075207608314,5.145242495426664,3.6980820816015303,1.7007307115323578,6.8164597179399165,+
10.0,1.2275774134218942,7.110597805090647,3.330688061415581,10.0,-
5.8022835072865515,7.453177047336923,5.581257563808232,4.465861324243936,5.153852712949517,-
5.29749969665283,10.0,3.9699595705015853,2.2926926251855706,5.0202011007391265,+
1.5860984975135173,9.438514941176887,1.7967123206851798,1.6349851549809202,7.501652337302541,+
1.24656767079853,7.519421951331372,1.5155484781586879,0.6662539433995243,2.600067205817253,-
5.452136505147034,0.8021627761116479,4.85606716558315,5.57850769095495,4.350406925553687,-
4.286184403593218,1.2288736417513992,9.681888334946679,2.730212189763987,6.209141177381896,+
8.206060941410872,7.81630381114164,0.6326314534869271,4.057883417886638,4.293965750258816,-
8.551928460890007,10.0,0.5428367003456178,1.7418155568841398,6.666997572974406,+
6.801068330228234,6.690333000518839,1.378227580887098,2.5474779210487517,6.849413868417049,+
4.984965720102259,2.2655196033653193,1.5059390638196237,2.31582461050311,7.5317338278144295,-
0.9215899944585171,5.342577857119802,7.694014302379653,5.800488117457149,4.670926886959337,-
1.6809545476353278,5.595737881528998,8.803766515287517,10.0,7.4269584703734575,+
8.664657576512688,5.910875575911741,5.177030461702422,1.8654383310281863,5.285791208156415,-
10.0,8.650241906208988,9.688938186659097,2.627311360005028,7.605466729768612,+
1.1305672017943136,2.4990198486777992,7.438047481066351,9.698115613395576,2.898890388289205,+
0.8723989519147509,3.9833900604885932,5.520381985895103,10.0,2.6892516402554136,-
0.9871318921241135,4.541219285142379,1.4482382670845007,4.488898383266368,2.251613437344875,-
1.8925010006977547,8.97420639566783,1.7142298524416937,7.883940406202675,2.440947928940688,+
5.849477982287282,6.8569586587417515,3.460674827657905,4.58900060381235,7.354859299019826,-
6.870873433207575,7.343743504465699,4.343077194166697,5.233020241290256,9.363875143753516,+
9.970498311551061,5.850927785555672,6.9819043129986404,9.490598395562563,1.8233866934871668,+
0.743672343498561,2.830428201118382,4.456832605583166,4.07044917991212,1.0613283496999724,-
5.672466459956027,8.80453266393632,5.016026375934071,2.235001592862634,0.17636390504138344,-
2.7349978668530976,9.299703391320296,5.306827477232522,3.3998441220313307,0.03733413793302765,+
4.385531581709792,3.8659157819960277,3.819219792412676,6.5437370676186815,8.356342042179293,-
5.955712853301172,5.955574034132877,5.382284764071301,10.0,10.0,+
6.756031218802051,3.566006669781958,8.628589171809814,0.4468887761435203,6.269111342473067,-
7.971239406461585,3.945313661526765,10.0,0.8885984883811682,7.984128912050014,+
5.607703251401067,3.2590952828684925,8.136177415813926,8.7967362243893,6.710380565915051,+
4.063561638541254,0.8140340726459276,3.8110619650688258,7.929729206962705,1.2552613403348831,-
5.853851961839936,4.563334468724842,3.1085335077347063,3.3129722687065644,7.963789482914273,+
9.41926127074988,4.633700604499967,5.900550894890864,4.485094738080802,1.533162783259876,-
7.864771097231983,9.47962167006244,8.976091199310757,3.992677617024334,0.5072419278982487,+
9.784208576883923,3.196089425451709,0.5217554671446735,0.04283339419766622,0.6600656281623537,-
0.45829409996472226,6.762896243292717,7.736479324326348,7.39264816016507,0.05239636196347375,+
0.6305431160351883,10.0,1.9113550001265125,7.807298073682164,0.06914966811173731,-
2.809474830219929,3.0240016665552325,3.9008809084171037,9.940621373528494,0.9535779827454904,+
2.7976223862035803,0.03229256451209437,4.274430079041624,10.0,0.0163708064098848,-
4.298304657339304,4.420663935067369,8.28218042487468,2.043247733693274,3.076979301808054,+
2.9111255704513463,4.750962440655131,3.1299212660466007,3.0618159232095197,2.8271862468177393,-
5.177741893447378,2.606284454743034,1.9784223775670917,0.8268743515474009,8.240175653366297,-
7.7811791221019355,3.2957128448778596,2.8022471190678635,0.9681746119845873,10.0,+
2.078850832301492,0.26639478384261506,7.366870745410457,1.8557172296654556,7.244733234028038,+
4.144509846870938,0.41428608891788343,10.0,2.082476715765886,8.314528571560166,-
4.891265006687409,1.0236130706629054,9.06567636125581,8.339729474099016,5.983792146096299,+
4.949228479266504,1.8662452631944788,10.0,2.6730385493030497,10.0,-
1.0786331128838622,1.7012748792859045,4.912175083639925,7.673791334830441,0.13619834506714446,+
0.38752161826418013,2.813122656273694,5.423510176911513,10.0,0.19790309093883499,-
5.430927464879327,9.975186005687709,5.363135395103246,4.345900878732268,9.07024189345777,+
6.652160059600334,5.733265555177977,9.9116583941834,5.307024707762927,10.0,-
4.255695056835954,3.9404778359799577,0.9075207312859956,4.614751193263114,2.8456531903379623,+
4.0714883038536005,3.73320650425066,0.13529234163782541,4.551622131017169,0.24343133853194912,-
3.5361315600772847,3.772315005404272,8.807072022295598,7.998534796028695,4.023052522199759,+
5.083405974120642,1.6475059350167358,10.0,10.0,6.2119773631074295,-
4.389149664451526,4.144412659512814,1.7916818446140192,7.032327821746195,4.98725230711107,+
4.889434395335869,3.9549752579961344,1.9149053193269363,8.141040256471863,7.702888878828643,-
