2.4687602183001456,9.030367701390439,0.07508080350364654,3.783289191765374,7.965873087423646,-
2.8458096420962025,10.0,0.09548586648107771,4.991580666974139,10.0,+
2.2556944815483826,4.984647375218971,9.346084633504315,9.63692352862951,1.9378772514822984,-
1.3787252613315453,4.141825736632321,1.7536342482867522,10.0,0.5286232357493793,+
5.117287411336506,4.381921258396611,6.962378165462251,7.289755603448916,5.973924028783801,-
0.4363799143801499,5.5970244231134885,9.3901738636014,10.0,4.418617970232651,+
7.552258508487383,6.411034739576041,0.02990260727975258,4.766273136099187,5.720171138407281,+
0.6647561259483272,4.978177059239636,0.0015555158201799363,3.804846567735668,4.10989660345702,-
7.711309713129814,4.190155479351231,5.432186025000117,6.524000816214633,3.3966984316698867,+
10.0,3.936647843549334,4.5817763197592125,10.0,1.9045668558850577,-
6.593868941284317,3.565166991714034,2.947458318111711,8.399802185002205,1.843821293209148,+
5.446302598927896,5.626911905625155,2.026689028749788,10.0,0.39271662107950106,-
8.238263511468979,7.919731612410362,7.092023261364123,3.0065776416086685,1.697666843895963,+
4.427345733760874,10.0,7.1872798671008775,3.516663809614231,2.801608620459502,-
6.31076634783105,5.199902201184539,6.7394013931635754,8.39909596108498,3.9046043843932066,+
6.737958623375258,3.0073874546255497,0.319912174553944,2.538378982168306,2.621729183235262,-
7.230427289587253,4.671565197648707,2.6269437348697657,8.64577797809722,4.082679491507584,-
2.536212052681754,2.0096946690076587,5.163286727330874,0.623849057242181,1.4252504877826948,+
6.4930808705726015,0.7365697665046234,4.375727703954824,9.865404552660317,6.222939050674822,-
7.757769882791158,1.4127493348084326,4.968670958609452,10.0,10.0,+
5.874515188075592,2.228203005248799,3.537436534006643,7.391969352605904,1.8419269176744857,+
10.0,3.9497742110031266,0.8461127062944562,9.857087064993605,2.966246527635726,-
5.528504601818595,1.899847588311535,3.398591606949516,2.9705208716599274,7.738240305133283,-
8.49956878426343,0.47225671973814176,1.442094366846635,0.4562629996878551,7.01711614823591,+
2.3601467121315634,5.869228817806835,5.458855367339053,4.12275945091317,2.2443880025660534,-
3.1963492556013486,9.169111939770794,7.881347211738731,7.293091139979703,3.0848900616270614,+
4.647320906501756,5.31969091075661,9.075029999996273,3.647145860642312,6.116888762901996,+
1.112406658597289,6.904563603815541,10.0,6.77999785693786,6.578505328958856,-
6.436169634128019,5.955728395281712,4.453051803506907,2.005205663808589,3.283649384411188,+
3.7977355691979757,5.045438974461632,3.5920770552455314,1.7345074547909398,0.07548640521079103,-
3.7204321595366086,5.603311746582458,0.5446739262343725,7.00351703078574,6.395592895807112,+
4.119397555710076,1.8943135182041029,0.6801583989625735,6.546636911148503,0.2321523682217649,-
3.713897737668157,0.03487387879405057,0.9507784366853977,0.14614752304238587,4.593169090115943,+
3.0295096110024944,0.025507834475211058,0.7151889193149505,0.04212722805726975,0.6535632924765198,-
1.0615886327757862,5.001287328585428,5.443677019721969,7.593605886711475,9.426621431327614,+
1.9128677951824982,0.5871328975883453,0.0756974240581003,4.1380587885716205,10.0,-
4.6064231431482305,9.49022663043636,2.7835773764199914,1.0725714141871523,4.112885146062518,-
0.1070903059876932,10.0,4.287727484667666,1.070803804082051,7.964007799642678,+
9.235364554913659,4.859266371666317,9.256165798519323,0.01631104150513263,1.586062998382014,+
1.0460515434066586,2.742879108889966,6.4391124797326675,0.021184447551044802,1.9676125988355546,-
9.978014461168172,0.2560853281564668,1.543784273294817,5.174812593564074,7.050420124846218,-
7.084145802497074,0.34893388863862296,1.7175605550068105,1.99043358000553,10.0,+
2.0811418964949144,3.6608713958393735,2.9394248014610245,2.440411340018983,3.5697601703496984,-
2.392300749857692,5.767413559038963,3.7989441881014745,3.128652352394623,5.3122501994203555,+
8.337291702463522,7.0221473328413815,3.254113914967914,8.85142932790608,0.1063300157536351,+
9.13173366129668,10.0,3.882237586743194,10.0,0.19438903358743168,-
0.8438681572726336,6.457443113031816,8.709076112847896,9.958362717592857,3.087031251868828,+
0.4144544659910286,10.0,10.0,10.0,4.294174057786924,-
3.7746867274662277,1.7963745017797117,7.444643427495054,2.599476030217762,8.970316274190118,+
0.607445490395454,2.3353882020920356,9.129650906245312,2.5407690980831688,3.6490815115827417,-
9.297550702003191,8.247552506639064,0.9404433449797123,3.953822042827053,1.8709637410450553,+
3.3738227218052326,5.97299782023962,0.9236738382753621,1.5009392028785393,1.2566092562551487,-
6.930964069736145,4.924286160126654,5.59408286900736,5.168368152001577,1.38933078849235,+
0.3299470792690425,8.36528674341073,10.0,3.2882535224672136,0.09682278756910273,-
5.36698847910805,7.628301278966352,4.661014366899043,3.6478561260421225,3.4824835602473527,+
10.0,6.873458939001641,2.0405530684187863,0.6087649250031101,5.199514159645146,-
7.95860872561767,1.0631793416821456,8.385456320448885,2.7633603973058407,8.129296956497065,+
10.0,1.4783741325954822,10.0,0.5295622290567047,10.0,-
5.902412062345173,7.180609886571475,1.2016267356885024,2.0686559540549143,3.4408679636314075,+
5.523395340187645,8.233234520659419,2.027487376051993,3.822491466438086,6.742680112612291,-
4.116576937695311,4.659456206541438,1.0052874979248239,3.0244026118458436,1.2162404042223929,-
2.2067234331647794,0.9342275098173521,1.6264334635766515,2.328262819146677,1.0647883820600221,+
9.53978578570977,1.6477046646557147,6.081818057668272,2.488138999400067,5.980408005516145,+
10.0,0.7421914434314724,9.26269273442974,4.713391738250203,10.0,-
1.1386701836949242,6.475222440823418,5.034333307629399,0.4950948877498329,7.470128075878993,-
1.9194327237335793,6.855520668640573,9.144405627860849,0.6557945609958266,8.816632462494805,+
9.62083478030624,4.8018212338398225,3.845907798579881,9.826313761309917,7.07264454287348,-
1.302521931138955,4.137119088174401,1.5428253714267752,10.0,4.335598772860111,+
3.201215694146897,2.276933704063425,2.516463347319845,4.5416093797153145,4.802450587115734,-
3.471000237577577,2.631699848731235,3.1382545310034318,4.627911347780961,5.504478642139744,+
0.2984714388836429,0.4206385736854179,4.244196520222761,7.5601277896274945,9.90588232766271,+
0.10517855095325723,0.2081148095551845,3.5184758786239607,1.6459621352008416,7.061249862192641,-
9.3923343563968,5.896841702769361,2.7206685799606944,1.8515598199459138,9.947787421465591,+
2.0703804240804735,7.42170101544809,1.9553056578272776,1.3852401613058098,10.0,-
9.75971815459025,2.663611675494918,3.1662473056565945,9.510692791082304,8.394826843308952,-
7.932934166607906,3.4251673345549967,2.396050315504236,10.0,10.0,+
0.506586496632685,4.552657750191738,3.0256518699639576,3.683623308842301,9.135598505872968,+
0.6691508050507737,6.569797977320136,1.666715225324839,0.7751608653157005,7.6843935182143905,-
1.5560189792317936,1.710607458201192,5.352568394277358,3.279184585119417,5.9519184324968455,-
0.7343681287376124,0.6617875572432226,6.5803059550406635,2.6749555964696055,5.702423577540846,+
8.973880035544287,4.537755649942219,3.5013081029804995,1.118544024073691,2.8388036290347776,-
10.0,2.1943862647899683,5.6555971097175215,1.2695506963204515,0.6537831889631956,+
8.650651995042267,5.358955424767152,4.365898912605381,6.216636297228167,6.53698424385123,-
10.0,3.5248956817488635,2.9701378711343103,8.960164051132184,9.107822809292603,+
2.068300917331575,1.9169225368781095,7.029192406311282,3.722782963047507,1.3005361687517714,+
0.8487653069507968,1.260227474478914,3.2606818038959173,2.197711599635044,0.9751914882471358,-
2.95225007852883,6.865506629399805,8.27762222572262,7.426008293313795,8.752768832113778,-
4.661278859679964,10.0,9.036224959657734,3.531058687696101,6.682134248746639,+
8.815882555032584,9.219801383729283,2.855920761297016,9.626897249544687,3.683866511843111,+
10.0,10.0,1.4035986751454719,10.0,5.833430248099176,-
7.329500203467882,4.253802704832292,9.990453541383532,5.579913216667718,1.6008835837503577,-
0.2506313214609047,1.147888053230334,5.289809374320812,1.3977226457446297,1.9316549521263928,+
7.870992726205866,1.251025660814442,3.5384382888915633,0.10117409637197539,2.83450628448797,+
1.8890399325976879,0.30366953981811096,1.1963964257141506,0.02957809471741345,2.326528846952336,-
4.3753037834372455,0.5070767301389656,3.3769692896321626,3.8367454596425765,9.557746441277478,-
0.3122747879490731,0.22400450601360816,6.601339689807169,3.607870955070332,5.901429011991159,+
0.9421793150068147,6.074523702765402,6.428076928241371,4.533636848518582,8.663717777713217,-
0.15509171165839422,4.268916553754145,5.994262654914992,5.20132854919584,1.008267346887631,+
5.004505788833623,2.918202098259719,3.2285256701599208,9.086393528055206,9.932124176753167,+
6.3579308525384235,0.30742224981012084,4.025248773754287,10.0,10.0,-
6.801378810485252,0.7254563751154353,0.541541968380479,6.138355865720998,6.605285435183826,-
10.0,0.9006809706292056,0.7464772533542766,9.298669833072255,7.021330865129053,+
6.739698570291159,9.451434577535622,5.113841796536346,9.5420850307267,4.346905214628828,-
10.0,1.4531692877040838,1.2826334520939864,6.825623265823344,2.9962274697000857,+
9.423429789080414,3.2541633458124064,8.20281477191231,6.103070176397542,2.7490035322260145,+
0.4679865481984742,1.3849287948471982,2.647208803387327,3.378971250144876,1.8191888815309807,-
7.5812777893886905,4.785421091019274,6.291382389238996,2.7817321657352867,9.828493854053852,-
10.0,5.076745842024546,10.0,5.100131448669741,10.0,+
8.853130847336935,7.976134392003283,4.658249966941998,0.17416503259909621,2.8537061453337276,+
10.0,10.0,8.796784085317642,0.0882030726034993,4.211209774380062,-
1.309577586129318,2.468678676598456,3.665324158042239,1.9763705528717412,2.612693586880309,+
0.4868149131277793,3.4479016192547625,2.5918844114191475,1.6144855930445152,2.5411705984948436,-
5.269589183147074,4.982715948107681,9.895492182834115,5.232036227176624,3.787739678446286,+
6.921573864264314,6.139434156991761,10.0,9.83367930848057,0.8264926022318979,-
9.72796450198405,6.551734151250463,5.325427186469581,0.016658841239434174,6.165465132240524,-
4.920736870139335,6.115761037596784,7.3786086393116666,0.008611956680417362,3.7068528518011887,+
5.233562023377111,5.005111660435427,4.135415443610919,3.381930712028427,6.0772856668580495,-
6.1881683666477985,8.271417736104084,8.039842271789015,4.686655440352219,9.139555244678881,+
7.8736020640051905,5.517920533388111,7.562390986270719,1.9374056058522948,7.933296860090416,-
8.313510626628151,5.178159795762006,1.7879003499138355,0.8239700024774358,7.1238512336794155,+
3.968556672393709,1.0360088095868258,0.09043923747757865,6.375965619512636,6.854289407540968,-
0.18996758544178965,1.9355859570823095,0.0861372420825823,10.0,8.711010851633294,+
8.375727618687295,0.8461355034586104,3.9207153787723517,5.3981383149458075,8.271348151833319,+
2.804283727802827,0.3970783625782416,3.6941864238123636,2.2070224872266744,1.9585495177769612,-
3.1586600808461407,8.628344308217242,1.826597535434834,5.088215168286487,1.6084930091555594,-
2.917207129731972,2.066326450716677,0.20027637230781653,7.283299686903252,0.4004086607454455,+
5.015138428303957,8.251100911961743,8.724333705086648,6.6607639622494705,1.0660611033989287,-
8.501926284294694,8.98563454966564,10.0,8.949136914176798,1.9204115082532982,+
3.4980691982010748,7.477634814329877,6.119902072365061,0.9286962164016099,2.1953941650035844,+
1.4003308839668944,5.330984901382728,0.15538924041252886,0.18430861007554183,1.9241237586735322,-
1.0876108818144248,1.511524579580501,3.4068801182122552,7.10793171585676,9.81873143541414,-
1.2846502591635922,1.8450624883151685,4.121346241955162,7.884151641936852,10.0,+
2.5780614363722485,9.958760226530975,0.6091492722682923,1.1520347311470636,2.1879673391036167,+
1.5302436189161783,6.742165219721981,0.09247315930749275,0.5987998805946778,1.9145670719101437,-
0.3639461920555087,9.12599087502302,9.340715730338642,4.188782976916042,8.728726827076548,-
0.6501843678922086,5.466626779002256,10.0,3.9520772274142013,10.0,+
4.227478482625978,9.932103530766232,7.228435085741697,4.488488918204051,0.2698473809725499,+
0.36394821244250836,0.031840081307307644,4.497553996245783,4.432962013583543,0.06820827219624996,-
3.617012075278787,2.1202798989663094,7.604176581401858,8.63258952935686,7.318758684896276,-
4.996544406713238,2.7749214634919825,10.0,10.0,7.630488656816652,+
9.423123141970343,8.528308852574067,9.26052864157565,7.822226145247248,2.003353783776495,+
4.123651659725758,0.05612579056456996,7.021127135871501,4.16920438403786,0.5075525206478744,-
8.973018274709204,5.638681907205881,6.630657443390683,1.9078963910203839,6.056482729715467,+
8.566823490899974,3.0407494951477654,8.083254547546513,0.271872212344495,10.0,-
0.4209316553614284,5.428851523468524,7.702541990403516,4.5563550037309986,8.21282626330187,+
0.6541801336213117,0.12080322415316502,1.3357893147838267,0.35710332361395136,10.0,-
9.664463996312161,6.979116597686824,2.385194319677084,9.99739198214322,8.479371945568689,-
10.0,8.471871743829933,2.4153002328112687,10.0,9.772250540770315,+
7.572851729907231,7.992350305465474,9.452785885883966,1.6113749880990968,8.470083570688749,-
4.571131976727815,2.1566555280394124,6.278083222470241,0.7556146054069965,10.0,+
5.563491963311118,4.559702735567097,2.20617481218358,4.160493894348104,2.9138462219072583,-
4.2595071584385975,7.634579276906407,3.8526529771133076,2.5832627505870347,4.186960526223491,+
0.5895981365065783,0.8461002675526563,1.9489109447102293,6.70650268490936,5.892579080554587,-
0.6882540175756922,1.3629094947606815,3.644570773589838,9.258744244612368,7.79208810835736,+
7.485744351420127,4.465560199468631,1.0094539389917545,9.277779277769858,7.801562826301698,-
10.0,5.339620814499259,1.5942709319779333,9.601330345579594,10.0,+
1.4176454156300422,6.252640073311611,8.891054000610032,9.543500721753759,2.0524464650160867,-
2.046598559657415,2.6942659986801836,4.4848972123928945,3.3479851633102715,0.1961996628899597,+
6.710636590207329,3.248744997560155,0.0470321714995936,4.8779426782004816,6.953109396126619,-
10.0,5.895434930399452,0.05392598453311532,2.9994187591714696,5.0871431410781796,+
4.261631478624459,5.60826466534642,2.3303235525481125,9.91543544352672,8.665745792851364,-
7.890406736400816,5.928352628660273,4.207318711826321,10.0,10.0,+
3.692175619890956,5.469857234717576,1.8382128136602427,4.735529180602355,6.792152273864066,-
5.119396350611847,10.0,0.8708363980737663,6.464002209096631,5.554806005901607,+
7.076236795534352,2.3586537536333783,3.5857624687398646,0.46446537539199695,7.292273039103838,+
9.00432095071717,0.5257237625203718,5.254467502939491,0.6711888967419385,10.0,-
6.637897926533069,9.509723482778256,9.73885701075383,9.230456635474951,4.019469741644663,+
9.14037188153658,3.2638947802596925,10.0,10.0,4.222264082840036,-
3.1008741874708488,1.5559090538677867,4.555363882611814,0.5815053241135026,5.164013978748403,+
3.286841004071289,1.1663247189934354,1.861605603728828,1.0402702017083592,0.8225563849330167,-
7.119659612342457,1.5586167347791435,9.746044464806808,4.0736919408615515,8.504098162577932,+
10.0,1.127589000304849,10.0,4.7419599276764375,10.0,-
8.965916416553682,7.490515035400641,7.022701964959155,8.596623548983025,1.0974824062674193,-
4.915640435832115,0.5085998740071578,10.0,6.482093157294906,0.7688113553866239,+
6.333376481686984,6.454475381639342,7.020806787709475,4.088934699883118,1.294811294528454,-
6.048404588178424,2.438328780544533,10.0,0.5676936428202192,0.8035489354418885,+
0.26758995900997173,6.009628621772935,6.6701754292603175,9.053133016483457,0.916151473205693,+
0.054514158380906355,2.5239836189343294,4.281974366022047,0.47806671733088035,0.7862768256156232,-
3.2942257386208498,4.195730688773569,1.2569446109842852,6.482022316430708,6.112365774422877,+
2.274492581938026,1.6284925087195756,0.06798700001572865,3.0429149740154404,0.6642700247365579,-
0.36935454231668996,0.2048945890410514,9.36864427567505,2.5142132608342305,0.41432616202309314,+
0.029828459036585205,0.29692764972434027,9.376018714679352,0.09825842677300486,0.43985000455445866,-
1.5924151067195358,4.722587867067758,9.61935441304087,8.95907313621683,2.6560616984264174,+
0.5747737927848708,4.256049859504027,7.848863065784249,8.383157311381526,0.3558891827259477,-
7.057084663063536,8.765341909857892,0.7278966858564162,6.3979524615227295,1.1259249670757476,-
2.7117383634835326,3.772345329128694,0.9646632745941759,2.6519663966586844,0.29940437129984754,+
4.148293690215585,7.147250026259204,9.012270175584646,1.4903025420686233,8.213510059395704,+
2.514554719045232,0.21020176554947181,7.287837410150932,0.4838936499171188,4.887145857574546,-
7.8720590199989635,9.906302905389877,4.55023180304588,5.261206185606911,8.28630614659129,+
7.214733504006048,9.412823654179363,1.5511445157226562,7.002975073277132,10.0,-
0.5276964449855859,9.601735572065381,5.69617606121843,9.234545714754677,1.8062277341220412,-
0.5381362347099186,10.0,10.0,10.0,1.8265006607339864,+
1.5196433846853297,8.866591778799794,3.194667247778966,2.463778555818321,5.033582069843509,-
2.8796974934030595,9.014538080408421,5.844270592801828,2.5065894276452756,9.397616958574309,+
9.523835483525563,9.388208906498786,5.531684958768737,6.37151747411698,6.059843774974905,+
1.6704063366135313,2.3999732695580343,4.7230638240626215,5.55808461565112,3.866603285374247,-
1.6308670381545065,8.907111079114202,2.7211880221311513,5.208159976664355,6.003453094040657,-
2.4599983670150003,8.42173486091354,0.9625510865931616,3.5549827936276914,1.5643741348775737,+
8.84651884521306,4.4457836499720615,0.3972057975834331,6.52640384873049,9.754419155353212,-
10.0,6.244308141175619,0.7707948242928726,8.847465723396121,10.0,+
6.433979532961672,2.189075019137463,7.007259856753857,7.180129058086555,8.055698153175818,+
10.0,1.4059530734129209,10.0,10.0,10.0,-
2.6568063461584766,3.104882154987111,8.783764801435431,2.783154137569862,1.3838260965431037,+
2.1045268428617363,0.111648731933848,0.3850541649618963,0.09743969604630588,0.8122867849727476,-
2.7362461157016016,8.03216345386227,7.386658273316932,3.7770928739005862,3.338044086302024,+
5.015129003384403,10.0,10.0,6.490239151414909,6.37505479725398,-
8.2566220235422,1.8568366347012866,5.478214348474294,6.027291755199573,0.7906674026757832,-
8.334226447819798,1.2682661618754032,5.858265555176614,0.28501987770194354,1.5095164667608043,+
0.19887450961208253,6.458790533296623,7.926712251104386,6.580474159168474,9.46402917683564,+
0.02453489381673528,4.22905336260586,3.6073618119819884,2.0899056770227444,1.7880028722950234,-
6.0284702582132095,6.9150527518492275,5.895051443195195,8.492593343594235,0.3817521979754468,+
0.2713490358544302,7.903371564256703,8.904210316603134,0.03942254586322579,0.15229915253453039,-
9.804126089028781,5.204823304704666,2.7066014125994107,8.923014497295554,6.819787152215363,-
10.0,3.3957386222645822,1.895545202356083,0.10008789258888635,2.9902131037180526,+
8.451113359074265,4.668147572673716,6.549477774389954,7.338044682280675,7.545837135978745,-
10.0,7.386801453594579,8.334541286391396,6.013771528796033,0.34104825283176515,+
0.2822098013039598,9.414230959909027,8.655302676795811,9.731953168468237,4.564916357434935,+
0.15649241700375302,10.0,10.0,10.0,6.496905355728886,-
7.386883027675858,8.25150280485287,8.361390085247791,2.1976596149121272,8.87830018074119,+
10.0,10.0,1.4817074525007308,2.6227945248406344,10.0,-
1.5352535817199486,2.0287347578528934,4.575578056452009,7.0808899103520515,2.576505398329311,+
2.197687118556435,3.5561533557530085,1.4614573744741153,10.0,3.1448599755831284,-
6.8820136643028915,4.563510533395471,4.412408172422877,8.732111133275051,9.03106675927615,-
10.0,1.530241139195835,5.087022590812456,10.0,1.10147403195117,+
9.196652804259028,1.3683306970380682,0.34779496357302375,1.6737336754698928,9.249766894120746,-
10.0,0.9295916157892858,0.08619600179517949,2.4365480007825853,10.0,+
5.995798251733157,7.12990186512477,4.85882323783581,7.242880114355379,8.69799632015838,-
8.438773578555516,3.7622454169352313,8.085123888846715,6.418452806768367,10.0,+
3.703946784219668,0.0785410314813928,2.021349514189091,9.082673079502184,9.853313174935096,+
2.323244918689719,0.11948436356023971,2.9402805617266523,10.0,10.0,-
9.187931800625698,8.696584935749378,2.799023814617568,6.464457677378493,3.5227404161865783,+
5.90672239831867,10.0,2.3664751984090886,6.165570757803042,4.844370226535023,-
4.681880351268536,9.087940681490021,9.94485756685225,7.270568242319788,2.1660145338289913,+
5.8240450546208224,10.0,10.0,10.0,2.4504697900428196,-
4.052496413388978,2.535829253179606,2.2345302964015215,5.602558184228488,7.603844551839732,+
3.3768173324621933,1.1561917310457872,3.648266869325711,5.107622375846277,7.128173015956169,-
6.482273448726561,2.588218390138594,6.77435701745998,1.844983612073009,3.5845314114265605,+
4.882029954025243,1.0520797687073158,5.657588375450409,1.3227188488835615,3.4945865367877165,-
8.158412657345826,8.36756962683203,9.7385421108905,4.345246392349182,8.426717208492201,+
10.0,3.021637531742633,10.0,4.375339483385367,6.394790004993708,-
0.12651717583374245,1.1167072226026942,2.5920113011870036,5.3986286741321425,4.026437439189535,-
0.15336182756993122,1.0424360927171332,1.9083139691633173,9.191345546074844,6.620418802371426,+
7.724662711116204,0.8817630654285546,4.3759341850807285,2.4889613405410946,1.4699329142221285,-
5.0031933692117745,1.5946185058610471,5.217019386197156,4.679101261847825,0.7904303848124667,+
6.363180004320077,9.45820072098135,2.8204843674114386,2.8637061401996124,1.5764308288196804,-
9.879846880536402,10.0,5.257107813291235,3.970920496421687,3.0100595395220187,+
5.04535804203161,3.7247226334194874,1.4368388743795024,0.5612795942650817,4.508906874601064,+
8.399699204636118,0.9705803740841519,0.32904463637500153,1.0347257304732091,0.5122941695821207,-
6.078205759730464,5.178640123689603,1.743414204303655,4.421514532666672,1.6465680192971222,+
0.05816954518079537,9.41672119853804,0.45708390476358113,3.9787710575469215,2.2703700551523482,-
3.0379734457490915,1.9145214266925492,0.5282832505918,2.1054763398435927,1.7132444513661627,+
1.8683526237571304,1.6731642234662,0.19516019786415598,3.6929932040729354,1.8629690711754354,-
1.7438699269160285,3.8928246214958797,2.9693995300363687,4.69998639526761,4.289336081331757,+
2.682472515399577,4.1645584431598905,4.614622812153498,5.492178099657034,3.153530553321123,-
8.086165301073503,0.03459114941827934,5.314579692774139,9.245208637154862,3.185163000166311,+
7.943678297996253,0.004643503642492575,3.848959592294399,1.8914093235026073,1.7281450313211564,-
7.358770901402746,8.518381639970208,3.427950775611154,4.534515706513748,6.466905274236837,+
0.2220560081605614,10.0,0.9741521100331522,3.139875047992345,2.3583994621116,-
5.350252903152444,2.6563372691682794,2.2480130558417724,6.0717340008873215,6.753071041154034,-
8.238065089499319,3.4782639561398487,3.28427231109658,7.65970784933914,10.0,+
3.3841419453165744,8.910581300534792,5.516754452714796,6.598425491941404,2.0552495163185567,-
6.371068641996619,10.0,10.0,10.0,3.998512697468095,+
7.874699662176441,3.9572918138860045,6.3647340495820846,9.390807792547664,9.896873524192314,+
1.3155882193360058,0.8084567277383368,4.455031813662961,1.9981948708530635,5.199059001681646,-
8.9928391669192,3.6740802959763696,1.5610816639140546,0.340603956029063,9.489324073612563,-
10.0,6.805413610063904,2.7573225457371078,0.501842641990724,10.0,+
4.445785675197962,0.563942309305071,9.19500473648093,6.856051102540928,8.518415699455852,+
6.622842725087774,1.0959475941382937,9.149135090473385,10.0,10.0,-
8.063741631418461,0.6322019909791277,4.576221017877462,6.460911656805653,7.139862242973038,+
10.0,0.7605290286040445,1.7837058893622406,9.397353718413893,10.0,-
7.235987059966263,8.218227935386556,5.803540335856043,4.3147519215990116,5.81178564637572,+
2.590190595175483,0.6427610842649664,4.50505399590153,0.6917695515578716,0.49609472303602953,-
8.016185304988646,4.308534680921258,4.701866982249894,0.6703169991647873,2.591055926867172,+
1.3944894394741578,1.702080360749242,1.2037698163240669,0.3327948035275302,1.835342787204415,-
8.23415409354335,4.570816326309282,0.5280443740116791,2.3554148735075966,9.31867751463093,-
9.601673456607598,8.144054482451658,0.5892822203161269,3.1094992371000454,9.887438007308624,+
8.847415291008563,7.797989888347835,1.9684906537894875,7.561333770662246,1.1897097777856847,-
10.0,9.116731351259062,3.219660181571256,10.0,1.549025352328769,+
7.9879857448123035,2.752220424286611,8.539761177973913,1.3584607522375558,0.45265242179719833,+
6.481487205655495,3.7278438725759258,10.0,2.6773033962005974,0.7604873078046704,-
7.084800256020962,0.9632772771476183,6.280519273468083,7.829540473277493,6.457669675417646,-
6.470810000588891,0.28900339947695486,8.810473031285863,10.0,8.44218558093023,+
3.741402724360573,8.920174514566199,0.19507104443749812,2.1332362037861543,6.960454034285286,-
6.802582751293915,10.0,0.3205731063597096,2.5250000563955393,9.327081972097137,+
2.4185202700080843,1.4176469819682336,4.314795486837259,3.663202055724628,3.880958421298085,+
0.6740618904514085,1.0172402258065905,4.25173379942558,2.0759400096168954,3.207518923822665,-
4.604900207274323,6.942779045093863,7.425447477478146,3.882748824825102,3.222228791923957,-
5.032052076982078,10.0,10.0,6.118510950470075,5.0675632032784845,+
0.743494031540628,6.285132727626731,3.343689185822003,2.5945669271349194,4.105573674165606,-
1.23157986647632,10.0,4.273050103014254,2.851694832633646,7.374298477052288,+
1.5782607516281644,0.06612119712511966,3.150261129034143,6.624061955165357,7.606643356328796,-
0.87408438111228,0.08675842784053678,3.8650257350968777,7.994969136900019,6.013629695908762,+
1.7796158608153068,6.7271806808412125,9.185902865610661,1.97987388726242,1.9878678233623004,+
1.8081275801323304,1.4333137111563652,6.140001266760484,1.9618549133179335,2.838156413238171,-
9.79246258343527,1.0784548534065574,8.295461554724927,3.9733123642218606,9.168206639006291,+
10.0,0.2005464147286905,10.0,6.758828562881565,9.508759947329875,-
6.398463018060573,9.360959130026782,4.94400821770466,3.5554242728482377,1.593320139535832,+
1.103230539124427,7.001189426516134,2.929614079284025,0.5378211222419451,0.1888979276063122,-
0.29977271581161036,6.2028574910453855,4.572262698860325,1.2917206116008406,0.14139948863858054,-
0.1957708114439173,1.773970343738535,1.4290000748984317,1.551101532596459,0.004965315337374031,+
1.0343716152009907,3.9012685377882503,1.5518318943736609,1.6710121794148292,2.7858165123115928,+
0.8996055954157272,4.9767993001021065,2.6981741170753,2.35273529667397,0.6351784557313931,-
8.283358047707148,6.678740161764409,6.174362078873807,2.566484120306315,4.431092423716784,+
5.0885321723789145,4.9649030012194295,1.0833444133288945,0.6451470744575729,4.123769876648011,-
7.918886657828526,5.866351243434915,7.96102298010542,5.975619678136797,3.390541516434209,-
10.0,7.86030146148699,8.905499428735938,9.240294405420668,6.741303473810433,+
7.832993704565119,4.130379661696222,1.8573304760365539,9.12272678825065,8.989302805047668,+
4.685966327439953,7.280281197587735,0.7591284163553265,10.0,7.282648292525547,-
1.8296022092730646,9.641902065697721,5.783419983412058,5.029101777579921,1.6747222420033203,-
0.02978449381016845,6.782974475374795,2.0319120675308766,1.0629141328108422,1.9622138778745657,+
5.019547531931012,4.424305609277926,7.832245627905554,3.328532292059765,7.6691900720278285,-
4.5262552918328405,6.239135740891377,5.924588164407836,6.311258816013401,10.0,+
3.4222697219905474,1.5244006641200558,8.44561121957237,6.688158123928078,8.253632735254072,+
3.3902499592536,1.2322740803365464,6.292897954708089,0.7880419357059845,0.7173926960095482,-
5.4051318360168334,8.092641796693721,5.84144609593558,6.513556670359493,6.288725165228566,+
3.838431225648207,3.381978819907522,1.034640385093018,3.641363416828671,5.697023925463517,-
2.5076682570557107,5.163341261998563,0.21491245863734854,1.14896229158854,6.508614766641506,-
1.7464572940115826,7.856114226723716,0.055936928103246714,1.852918569860989,10.0,+
4.974122889328373,5.419833236511852,0.798850367371603,5.288700946806487,6.303520577674352,-
6.31111848449511,1.9367825925231141,0.2740435559231645,2.3200019699269525,5.5354623675632535,+
6.563222043944376,1.2723676133146755,7.440540503727684,2.9570997914552075,5.077122507037163,-
10.0,1.9112774948582356,10.0,5.1270251758441825,5.683476186828544,+
0.8503867194543735,6.027469565652783,7.202670325331924,8.916925492133158,1.9035247285499857,-
0.29553181609063534,3.932104697590346,6.6868570704488155,7.420118961434881,1.9274872893144095,+
0.5576306181205015,5.492621652215311,3.578719484787316,5.774824486805626,3.2928360073458993,-
0.7278991920693413,3.889721979505928,5.33708286607841,5.261423205151967,6.516275298551647,+
4.702144728301113,5.3833126578387605,7.046073554979342,4.065077748270727,2.007132695964877,-
0.11066193634286119,4.125786133583379,1.9369301737984996,4.8551129266251465,0.09827529054593184,+
4.600613713024316,2.0525169186556056,2.332523025298797,5.439406404940779,4.187727759419477,+
0.8298997980990263,2.318528721173737,4.60274748028038,10.0,7.183273987090799,-
9.979880789867687,1.7030827616097233,1.4952589935199556,8.059877970912453,0.7732165573492744,+
6.9876761779568035,2.47409563966567,0.14123410653492674,10.0,0.4426949777709042,-
7.636741819636135,5.4387362625610045,1.418509000918724,4.23701475397618,0.9380288453736119,+
7.258619833860684,3.609697525952077,0.07058804047765042,6.410925540052735,1.5650026666720804,-
5.862405396405714,0.2585889241214556,6.361098738089394,1.7814488946095541,3.9164668396980398,-
7.494475212025416,0.3253193208493687,10.0,2.3776749493614115,6.092709213088005,+
8.755564750910242,7.496863816469206,4.549604865291979,6.26802889724671,4.732324887596489,+
1.4240781222329215,2.809214165817953,6.248359796729728,1.3505970198996937,8.061660098053217,-
9.09290226075316,1.1702037625611428,8.212442925739799,3.436091994674503,7.382473040574559,+
10.0,2.258313739181198,3.4808632829803763,6.395512032609235,9.17428907904166,-
8.682048483327144,1.4726440799939622,3.2567125631911975,4.995929940807347,2.203443766585668,+
7.723385268419148,1.367384339374208,3.053161637234296,0.39174092484234463,1.210186841784326,-
5.488401921939178,2.3339345576797363,8.502025372426843,5.930882600813771,0.15814780561650532,-
2.3578190591472326,2.9407629136003735,4.49264982152315,8.673920623884879,0.3108985538410005,+
8.964905729795959,6.824182248951302,6.192944330758054,2.947682302361753,6.1020533260964,-
7.200998152880708,9.472243736453326,2.633890179846739,4.239912399499518,10.0,+
1.3616508350874112,7.726408768045543,8.01250477613925,7.353278844168996,6.604508519974237,+
0.7916057912054257,5.403554664285904,10.0,3.588661790821623,3.393528489735219,-
9.841547198540836,7.957797772097663,2.991147305610087,6.499659988788239,0.3379301377663957,-
10.0,10.0,4.598241307953255,10.0,0.3693568897624751,+
4.154617960599053,0.4347734890691979,5.273499151630611,8.385188129407483,3.688261612131919,-
7.203430083934306,0.4731009791644425,5.432979533270738,10.0,6.617090579569517,+
5.684326173376136,9.865720504714194,5.468290812222873,9.386396161270662,7.5467945320342285,-
8.857705729666701,9.415631987642474,0.7878360930155933,8.846617375020202,6.1099488478231265,+
7.068854327589946,4.417208639536565,0.8016403111582626,8.505329571586516,6.5681745264697895,-
5.475680234075356,1.9716511004281814,0.02991361703071213,10.0,5.004569281391079,+
2.786061267572202,6.156056041234789,2.9715504198039664,9.301372047767112,4.8630734186686,+
0.6769967720296712,0.6361537552450838,0.19286044314766249,4.258974276584875,0.9788334543402419,-
1.025597170854332,4.9832896287201915,4.880148334303501,7.341421987131685,4.523629278531551,+
0.585063551350499,0.9257012741608972,4.53172401962451,6.817353263607322,3.435364566047821,-
1.9779057233147512,1.1064734559933809,3.4999863943426233,2.7097850980188265,2.476416264238125,+
3.5856212435029446,0.3954473922509242,5.521788538265283,3.4620396724117017,4.4715565260720815,-
1.6867011863411985,5.843605056317496,7.752701085075678,1.3122830112402528,1.1453679814014117,-
2.5015495561558536,5.384890254925105,4.323378894954052,1.766935334740875,1.5026575678594294,+
1.0528992950006655,3.8072192190257512,3.6339091476552254,6.476598310816001,4.399337100020567,-
0.8150467402784234,1.6936972264024264,0.8706771373036439,4.737867980865516,7.479652527761276,+
5.030694514189679,5.67627058146145,9.179866982813675,3.9026766495214638,2.1826949509546822,+
5.777702629446239,0.39372016532357745,0.3087612597178145,2.0016051214809325,3.9895538871615397,-
8.030627152749647,7.2060949890020005,5.214082882653253,9.114081794543626,0.446609244020425,+
3.316879559159037,4.74377304093296,0.9899516123036621,4.216429749026985,0.18742519533254992,-
5.360244142226832,0.8765549004625606,7.438468072511536,5.8267731998895025,4.240540950712649,+
2.8197401411092686,1.6939922561215583,0.2584540368927739,0.5305351090965054,5.399048863444515,-
8.12311645377899,2.929060316523149,4.163925552146614,3.499664381764964,2.4211040121896863,+
6.69730934118899,2.3807768881347005,2.8348290542391075,2.62051111859572,0.4713129984703396,-
7.012308541776177,0.6865758923485854,8.67441873961434,8.972623919814742,6.8315458181347575,+
0.3852700850153767,0.5443135985675183,10.0,2.855666046082003,10.0,-
4.377333875068671,3.709931967255936,1.7577948317029723,4.375716301982928,7.562062456885657,-
5.572213294553326,6.77443269132262,3.1958658856032995,6.587488064669265,10.0,+
5.059970024339603,3.722922506219687,5.484786779664056,4.140147829992422,2.839801332143894,-
6.716831223052393,5.954598875416811,3.9853800683422747,2.3421120811686436,5.397585558627045,+
2.0485727721298232,0.49458597615150923,0.9000033411246,8.782217071823462,1.681113552854473,-
0.8831571625526987,0.3893490577906488,0.6939241394761635,10.0,0.7070611167319896,+
0.8026196279674147,5.247981779240277,2.3821821480270247,4.465619221021566,7.90976403603345,+
0.7778660445221846,0.5766826304206356,0.9654759947436838,7.158373624752742,10.0,-
1.6633482224498364,7.595337655574395,2.3712967666715845,3.8658953781911967,0.7207571982840377,+
1.8373649759303532,10.0,1.0627330817874925,5.181440647152549,0.942062623633856,-
2.0548199919757226,6.638743121649081,7.789106961529124,7.149356408516755,8.47175412136819,+
1.984339936602311,1.1483581595302992,6.623444557581832,10.0,10.0,-
5.185093048045115,9.77412579611882,9.538408060821013,7.792004358324984,8.65237102257327,+
2.4092544018609567,7.626015778300603,4.644058308810647,2.374142376001151,7.956181189776398,-
7.56301829852188,8.835807393334896,4.645626262814179,6.057745342819235,3.663658993029739,+
0.7481903466044852,5.567669538774328,3.319492773491761,4.963338574811627,2.246027721170768,-
6.717050854486807,6.689825337550196,5.732560230396305,3.3212029754735086,6.183398564624849,-
4.883103188829749,9.173743612873857,5.712195335994505,1.1711846357945053,5.071994322390501,+
9.706381755305433,3.322581377068553,8.49252978438,0.785619909732167,9.47385452132953,+
4.285301740495158,0.6035692403999222,6.349570118667995,0.6597864600051981,9.237018894067232,-
6.946821101671024,0.5577969949062334,0.6306335006986097,4.9415864343265925,3.493747565355152,+
8.518346392383775,0.5582018178434565,1.2461274890520049,6.190309176500363,4.420036148526678,-
2.913666287223724,0.22678002573303102,7.863617381733176,9.263264121148518,4.999570248184403,+
4.179302062404242,0.2498243854420483,4.410091900187111,1.5770417093583444,0.7453486662702363,-
6.27309705542914,1.3670615297875843,2.6221431120648764,7.797237824151017,6.582268111436819,+
10.0,2.6621758446031367,4.333281785610432,7.829360845501783,10.0,-
0.27566596018597567,3.7568742487770668,3.031660252049384,5.295157522713429,8.501527245800878,+
0.2609603902904959,1.298904575039181,0.612046365894645,2.6440375015435698,5.977824302591891,-
2.5739896581291455,1.7787601231959282,5.492173427749129,2.3418627444478046,3.5001038448625508,-
4.422398787057417,2.3807612137944463,10.0,0.2209124845128972,1.4277095371908057,+
2.8578330112473624,6.867331010517283,7.00671218290939,9.546176800289846,4.727780036491377,-
3.5566310654665263,0.9065142531761056,10.0,10.0,2.031695170560981,+
5.6686388908862115,2.1018975758511296,8.032267132410714,0.8457536882377215,7.506104677211956,+
6.804489079958123,1.6590936139460184,5.76226524263006,0.9248830016605392,6.797569551926219,-
3.504608635937082,4.498378795209054,5.184454934188446,8.295502727761253,4.034592560382755,-
5.28840551700265,3.6952233882706293,1.250484243969022,2.120172695062215,0.122142793271586,+
5.436618037512161,1.4130674793538134,4.55491638922338,9.235832437541335,8.331985443787378,-
0.5699733813504165,0.8088378643044906,0.04924124685596751,10.0,3.504888706863656,+
3.9202887656176575,5.328825943371566,7.680855866564888,5.173354915596939,2.591287233414359,-
5.886586624834449,7.116704406077849,7.708510723425099,2.4951271719791497,2.47633983338814,+
6.168723714631085,6.995467773477766,5.1502729867407595,7.450849481391456,8.937504804644995,+
3.700767404206478,5.844844750734368,8.114746821457041,5.828835673439374,10.0,-
9.342394984048557,2.684215724621004,3.162611840686548,5.714476002238092,6.981795313290469,+
10.0,2.9396568891076673,3.02048210214471,8.4940728896524,10.0,-
0.0487308097814787,3.0894357688157124,4.684527423471353,4.501657372343239,1.623662800644543,+
0.06727987612854401,5.25132012883233,1.8053927284221183,6.980196184756408,1.9445430068676635,-
5.994555283171947,2.619107732294,7.010530208837484,9.213872740623758,5.202022704326521,-
7.381689718768528,4.527479875283078,10.0,10.0,6.096028047694873,+
1.9233501781204865,2.3011722026481074,0.18235156726754131,1.3495921942806899,5.3072911586653255,-
0.9185089453320663,0.860070955365963,0.2562417123895158,0.7660606573209379,2.101586995209469,+
2.1961765842321936,3.347557697153923,7.729842310994362,3.1134628169338665,7.509515062031241,+
0.22800079485197222,0.37696972195046236,1.0397585794166897,1.156790498047016,5.412670042317683,-
4.686065578626764,1.3121419828147451,0.4080322650443957,8.539816963411763,2.5507845234235993,+
1.9171099722700642,0.8536989427196804,0.2610065623544063,1.4649183053825339,1.6765241754398756,-
6.790269774348073,3.092072223183612,2.884498789569565,0.8863139556666688,4.508695162744207,+
10.0,3.732497512712937,4.591283073344753,1.5769275544750887,1.0976280581044033,-
4.163284667712989,8.941737352784042,7.41817161464823,5.828518407362733,4.878395398208731,+
1.4820235670650388,6.854100566936124,4.1128343055867,1.1201719804676977,3.3248789081574945,-
5.229124929241048,0.7884539501606413,7.140490588197843,4.853373095385967,1.0427644504368772,+
3.8559738990845887,0.3591333651339222,2.3443338403570078,3.2424750744901387,0.8003076289720029,-
3.2800204842702585,8.16661033492931,0.14140345068902938,7.282210783615665,7.736339308373413,+
4.610086214841838,10.0,0.0030737046609670493,9.172894709949034,10.0,-
2.5204207728182437,6.534621968659991,6.8756767344278895,9.051575366811296,1.2045564868447989,-
1.9381110413128797,1.3363416190056805,1.5735037202312747,10.0,1.0603616118900285,+
4.60914655538339,1.3725514772367875,1.4012123200647808,9.930328083506945,4.6722682528526684,+
5.980228910691269,2.1809183754524875,0.9455578563688577,10.0,8.656352245300331,-
0.8888814944376522,4.420060564458108,1.422578502168823,3.1834523646360258,8.476846368935783,+
0.5088466936833338,3.152599166706425,0.36649212850793883,1.6478218595037246,0.26028883025703475,-
7.859748659477043,6.0312059788929755,0.6398333714052795,8.660061375996237,7.715345616400214,-
9.743857094940767,10.0,0.8069887578477647,8.822624185759969,9.347305758372675,+
4.143417422321015,6.373367536617582,8.732857513342259,0.19356866217020596,0.1438336590667999,-
8.025013625652665,7.470264684821136,10.0,0.20527072515410077,0.25367369758017705,+
7.275954023004046,8.46243314592218,4.37448714739452,4.598437191633561,2.000204707296982,-
1.0813809880371885,10.0,2.7892079204979923,8.98131286171318,3.124492374911865,+
4.198446695793545,8.911072232810225,0.4717245960868399,5.354698349703461,3.049136880504053,+
0.21379462910752772,2.977427402586247,0.10556728765222559,0.5246620840220158,2.173936820314623,-
0.11764689081526614,6.599464657545742,2.500401884255612,9.079778492992276,1.8418252496572896,+
0.08180537270072505,5.4148693398296155,0.22116629962745418,0.7642527878949458,0.5897414745340618,-
8.916962803663054,4.441064854799056,8.79572289314095,4.0540425959029,5.904724262343297,+
10.0,6.96741309397212,8.937655792699365,4.268268450640418,1.4602699651350222,-
8.768602508070309,6.737414939737528,4.0885450937564185,5.535553485119038,3.9535871269739253,+
10.0,10.0,7.210430706149567,8.5889125899258,3.1656799779066445,-
7.984670302976151,8.02659914459227,2.943187457506591,9.523333450495436,2.491083497481039,-
10.0,1.244734368791528,0.11188185441491806,1.3181080576298851,2.07643824136501,+
9.622145285980428,1.0148987441310187,4.015724978675449,6.718620884806131,5.42302414816459,+
10.0,0.41372265901647126,4.1040019057090875,0.5411486060627673,2.4572641519783147,-
9.377384862527958,5.943723724476175,9.869185548931782,9.158731357507392,1.504198349184066,+
7.285844587122133,2.7761391395823196,9.374559680112291,4.351240318731248,1.420580552117537,-
2.873696825538051,7.005833921726792,3.3440418574610242,8.01883528446892,9.953479612031272,-
0.40617058336625467,3.150552659488882,3.4762407751309707,9.322588679386396,10.0,+
0.08873701408657952,0.3054360862295247,0.07440738356412235,9.9990847668213,6.662962406679838,+
0.10139298850409083,0.07703188685569726,0.10890904806534277,2.040444767702278,4.752762537717495,-
7.37789209094415,2.073539994140533,0.3963425543472676,6.359922466878329,6.8110276531380665,-
1.6832043784365758,3.7914956869920777,0.17693386728105073,9.076311346570126,10.0,+
1.9601342077314066,9.104325520456692,7.569238891989521,1.5083834289605647,6.871554933878887,+
3.1888099698796255,10.0,10.0,2.919380345651822,6.521813945155169,-
2.3715173277071755,3.298323340005924,4.400203656230871,5.2895159119532345,0.8001462768145085,+
0.4574345273728975,1.4646849641563298,1.6669008399680647,6.645006638920354,0.8173884895971768,-
3.068097923980544,1.2681594599338697,5.540395140592591,6.955972460669325,1.8179467456920073,-
3.9637558609745356,2.254879840654406,7.255147386327697,10.0,2.7773878673679695,+
6.385439014160474,1.8934451997440693,4.571253403849447,2.350688177684157,4.115597638286259,-
7.656309652086229,1.9702859523728822,8.675870870853156,3.5156492834688997,4.761014740230281,+
4.613860718905592,4.438354918797622,5.581756142808994,3.94550068271026,5.566392168882059,+
6.680450639812033,5.232443278812446,5.958300357503511,2.831921481483577,5.8504211969995765,-
7.017131866305687,6.717139032653962,6.137142672454491,7.988924715315706,2.321353809269102,-
2.3898205834465203,2.3796591121280626,5.175461420199542,3.989143702973133,3.159685450409217,+
3.5943638796591406,0.5223403886154698,0.9476038521381236,9.361226626244537,8.200758607610073,+
6.985278067066963,0.37619742907946097,1.8520522128850192,10.0,10.0,-
3.71555532334456,9.947657047791068,9.468236272009223,6.863136049193903,0.5663877359936154,-
3.435339429151951,10.0,10.0,8.250059061478925,0.20806771143021632,+
0.21089654421317938,7.893703669772901,4.507013272046163,7.126860447464861,5.741311537821126,-
0.3556677999800483,10.0,1.2146333265657372,10.0,4.85860276435209,+
8.040030899652516,4.72054627850105,5.335783744303284,4.751613174544987,5.660003683091398,+
9.533279908511762,9.421569207286932,2.980160659928944,8.620072708321427,6.890572466089592,-
8.831964461963025,5.533190712182846,4.7959922734258935,6.176915623640751,8.069417663643875,-
10.0,8.291424193358381,6.687837665764535,10.0,9.128043056209126,+
3.3818742098684105,6.971832301098395,5.5136366351938,1.7298722100707475,4.700122025641354,+
2.499027847698686,2.7299907818290534,6.317946754269326,1.1712989008580785,8.04801952382699,-
1.829229981030801,7.230391808686827,0.4089579690625189,5.049064067855157,5.693065375875835,+
0.8771600422023093,2.40291576075602,0.006566958091615893,2.7465415089078773,3.176738433947933,-
9.380721855815464,9.45346011129373,1.5062401921652602,7.8757097131790585,2.764788315133483,+
1.0856285381872488,3.494185920042438,1.2740047755597281,6.866563556549786,2.056770780991457,-
9.362499393308546,9.576469676698371,3.743695568526179,3.1292398647167974,2.836492063703968,+
10.0,10.0,4.963909118308106,4.882511719739277,0.3876877003081806,-
4.194028424035505,0.9802781026288832,2.2511413335740817,6.220857587696241,8.55591781502104,-
3.4261424699129006,0.6958796728277914,3.1861806983783305,10.0,10.0,+
2.913140118043546,8.9163686718049,9.612142305965378,9.41154221006936,3.428845263906901,+
1.2437698556140941,5.082537151501058,10.0,4.624848584991934,5.376883502762438,-
0.16803063165697463,0.79921585313802,3.1514691516498097,6.217625931203944,0.03826136710382677,-
0.003998115729926893,1.0897083704244073,1.5120494153621682,3.947431014949518,0.015527514431333968,+
2.8354447293498852,4.69355819665256,0.701919350940079,2.2571443313875497,4.850260665855563,+
0.22369745120748555,0.23563235312146816,0.052337855753779916,1.1395619745214234,0.9811029038939805,-
5.241434276093897,2.421846856427404,7.6343068971434,8.342692736389909,6.340089363666354,-
5.529524655872706,2.659873836267761,10.0,3.4544574583113508,3.8612135320595713,+
4.281358895827939,7.621211201062154,1.0272235078843728,8.421916988330038,9.467484390241067,-
3.0358350088636223,9.172939909791507,0.6937777906242191,0.3740921428038201,4.453260189627212,+
9.449965727802764,7.0018104558618255,2.5697201170608706,8.475948746435906,5.703488338844186,-
10.0,5.78643102773159,2.2693449112932975,10.0,9.680436232843157,+
6.452820853795385,5.348461598828119,6.357609502068724,6.373226621332746,6.7294852295407885,-
5.789240464290372,1.8750963818162558,5.797067116538045,8.919061070259708,1.3315201564055212,+
0.7731660065790014,8.208693270846352,5.934362277397614,3.532590163472192,4.565290243145168,-
1.3178672148923118,10.0,8.224123418301392,6.989993401018177,5.164032992000196,+
7.429539975279783,1.0739076136657244,7.906050530561649,5.014477681184445,1.6184061879468514,-
10.0,2.0482324753481183,10.0,6.448706386668552,3.141753403705031,+
6.876790998036074,7.496996496775709,8.765443374076703,1.3779102039562396,6.703235643245893,+
5.745499307358245,0.30067887706726665,2.314697153721492,0.8663630966237923,3.548091760270656,-
7.830176138094563,0.9690067883282605,4.368538012440241,1.0135718843142905,6.91898506224411,+
9.25675180017684,1.0254735621728517,7.313716782475226,1.9025309057395163,6.681268314761662,-
6.708041024117738,7.9301202816331395,6.108979016957409,2.0202194577753074,0.6417541954942751,-
10.0,10.0,6.507381233542179,2.1890596944967684,0.7096169283083454,+
0.33442809162442577,6.638823719017011,1.4492486854579778,6.697065351847779,5.604471297871465,+
0.5846283288092492,10.0,1.7660381730049375,9.432212965268734,9.4020310135527,-
8.655523278289365,4.446605169884709,2.631140084485141,2.730341835473652,9.220788183732632,-
8.13853742381953,6.215366656464339,1.6673873698770925,1.0554715665542629,5.414483032489625,+
2.957959426722141,4.639461917139957,4.097076160002723,1.1054009788109043,0.23541099744400773,+
3.475560062149118,1.155412571175386,0.17096810495335818,1.8457711314245742,0.08943530215316364,-
6.693617126701912,9.516957692315763,1.1780941441715398,7.450697054928128,9.509536137303677,+
9.606247432753587,4.72913258879518,2.034740636781243,8.99573619122327,10.0,-
3.6190149186984333,3.332488181297802,4.54237525891561,5.125515226010501,2.7280771163391435,+
5.2648486161388846,5.998557893751174,0.8510509606231018,1.9051821527427808,4.117041839321481,-
1.61831018626438,9.222323962402356,2.161727882688873,4.039471523432761,7.134945107714472,-
0.02808664869106658,8.210520776529588,0.23445024291259478,4.475867154505998,2.1830516011071106,+
2.4917053530611186,5.946257798781486,3.0590708018347037,5.652782558039485,7.1345448942160195,+
0.9934471890418229,5.3601361759429,1.62083393721566,0.3712100441079316,3.7733758042102434,-
6.918581599527583,7.307534475013807,8.747332653667671,7.448394329745503,7.906562151573295,-
8.28255160071624,10.0,6.2011850280277105,8.231835071742365,0.484808661752373,+
1.144072020374085,2.0048089303099337,2.72843766477303,9.879721445796587,0.5715971619551818,+
1.8831032294407635,0.9904987522578371,1.9256617924189523,1.6715007414558236,0.6068185240759283,-
0.8844386363061352,9.27707102308757,3.1534836499602372,4.901486310723826,0.8347373873436059,+
1.3887446827757983,5.579850353615296,3.9795653732036276,8.294229851097683,1.4236698797057654,-
7.780417369418204,4.156830125360239,2.301242508640976,5.319295480329677,7.420714174881063,-
9.040915031909194,2.6559656954239323,1.9312272944344786,0.7089246724964312,7.125008645222886,+
8.721794142867843,3.4841714900461787,2.054085303964718,9.450448191006405,8.304633889293283,-
2.9025350169636543,1.8726073699701429,2.886029223937883,4.9363468608676495,7.963759150713806,+
6.1487030637435955,7.2836576552371115,8.445347804549705,6.221236571313408,6.037997472378581,+
1.3398531542941836,7.594553575819199,7.663440470289659,10.0,6.034284577548475,-
9.726552474605057,6.046867770077371,8.910431102583944,0.13252385080749884,6.246844117531762,+
9.23494098897396,4.776025746465907,1.0824491460910803,0.010640610037017302,3.4334612157654263,-
5.581954530715719,6.5204321867634905,4.10696604794172,3.310696623576886,0.9261366801405424,-
9.67099617732923,10.0,2.854679028003361,4.464679027181048,0.8878014440174966,+
5.1044554120946835,1.4160498999692672,5.893951768083914,8.38023239138076,4.543139294852166,-
5.0662021758321485,1.120212075654458,0.7495111852494613,10.0,4.179474773340093,+
3.9739542591831,1.4841541121923219,8.593403895142886,6.979544731096721,2.2677618126182573,-
4.579314521480785,2.2364804466130344,10.0,9.492031152638392,2.935227060532465,+
0.6874780163498773,3.102084597884307,5.390441697260199,6.404767925306234,2.311382714355118,+
0.12123646031262317,3.6723608757150195,6.785263240327208,9.180622321830342,3.569670504257577,-
7.006406868911391,4.401037521870361,2.876455755777325,3.6039518803107615,5.934640807166876,-
7.701269284044148,0.2619306347918324,5.4455238603845935,0.7415814511928382,7.583954097903983,+
1.6602439134321412,8.517145825972076,7.835089359261983,6.662101113028513,2.554251579528226,-
2.3307997619233243,10.0,10.0,10.0,4.035951033663019,+
0.2579397071916223,1.6631993127974654,0.5341517314704269,6.0541776995342165,7.848963298158861,-
0.28099630153364547,0.6368624972111679,0.4666033013377342,2.492963364569616,0.7666222189181313,+
8.595086589623946,5.3981772824443475,8.066741877281418,2.8371631684558904,2.7145213007683378,+
10.0,4.370118223103441,10.0,3.963352552537647,3.1602730116887003,-
2.0107962298438355,2.5385588681042925,4.481838310059504,2.686627288287532,3.1685972140670993,+
2.4492271311551375,2.8263359925364258,4.528672661064895,0.558863733788245,5.217488227544886,-
8.839408960072848,7.833297573169721,3.4422874194475392,1.0174644804825195,5.652495981555208,+
10.0,2.866932372381339,1.0237453318602436,0.6795608202102483,10.0,-
7.793310010985542,5.394915835484615,0.23151460021315962,3.9887414682211766,3.5670708138409712,-
2.1826337024512474,8.975179988917626,0.008762510031354875,5.3045235870285214,6.262076227442515,+
7.118907132617908,9.18541472770027,4.423393480220723,2.7549973515868476,5.626579792520941,-
10.0,10.0,6.10218859289768,4.880839238091026,7.416172694093284,+
3.6929115379079835,0.41802782057140386,3.80315197275869,2.9330225128169305,8.913134319088877,-
6.516056774306526,0.8157381506793536,3.8587236284163855,4.148427074685487,10.0,+
3.9142410842994977,9.559528583765918,9.897741237967313,9.52014552153877,0.3630239483134645,-
7.595801504244967,9.804976538636314,10.0,10.0,0.5829433368817286,+
2.024084857310048,2.222425373833543,3.506797047405703,4.277787885187523,2.1074441387950027,+
3.368560282841445,4.052423467043872,0.3093681198172152,6.496468938935148,2.6925689074154517,-
1.1343226287413433,7.9094646514733125,4.715966717711105,5.432409329006324,7.98340054417963,-
1.8762211329536251,9.813365715549457,7.378580103096702,6.603017199308058,10.0,+
6.615221370636039,0.6559001168911249,8.470401565918806,5.613348023990337,2.6158406810207326,+
1.1698273084484845,0.07699119882668892,6.573887458984123,5.544219121597853,2.536369244391348,-
7.279281701078835,8.864299055709031,6.698168643034842,8.042076111994275,9.315995671707475,+
4.586645479325636,10.0,0.9955268958284823,6.052214262412543,10.0,-
6.301189747460546,7.854494666325948,0.9873809632505148,2.7645586871183347,9.908520026269208,-
3.0746842668976626,10.0,0.6270791559746927,2.3124083618215883,3.507234962752385,+
7.6019674669685875,5.5749337711971245,5.260703093858419,3.0160864574223645,2.1491465137221857,+
5.489854982227318,10.0,6.262130469831618,4.709268878931386,2.952295303562733,-
5.322675129561141,6.01132280354017,1.450125473558015,9.446085155779095,6.274282559766156,+
3.4289540872887394,1.5079962588254339,0.2501281715210809,6.2057027821407775,1.653960044441977,-
4.11494623864424,5.159397575917896,0.8481660596506779,1.5809927663134538,2.0712226786895838,-
5.874476534470976,5.212188326264244,0.27092683875441725,1.2905853270648828,3.6502740042371387,+
3.9889186758807127,0.5542120281434659,9.745689673139575,8.607402668484882,1.6164946234957,+
3.1070695643742634,0.4035846219458045,0.2524158838722577,1.3479704178193437,1.4209974540480244,-
0.010791296213082946,2.800497956338872,3.0060758004128427,2.9583592177598375,0.8158048097829196,+
0.020443263308807365,1.2980845109705859,3.2691831161790517,5.433428286822576,0.8949846862761055,-
2.0807124299852706,7.0614571036140985,8.218500030266156,6.928914030522839,1.2710680717813938,-
2.020082939347945,9.041265616468436,2.0374338424507714,2.1521035502716206,0.29599885329345615,+
9.899651442562474,6.764243614223215,1.9626402112516295,8.473331782231101,3.0043961669877683,-
2.823910299651056,7.764418334478388,3.8246117066053817,9.857511332904695,1.5896694005422976,+
4.577058765986207,4.590600739431416,3.6816358369782174,5.970243118410151,0.7392441514640857,+
2.0731200469347724,2.3994713115028836,2.731216455958701,0.06199401109490411,0.6704688741396341,-
5.966247141712698,1.372018179294493,5.826842300637521,4.992559924834041,7.877542693514016,-
7.235536097540763,2.6744489902005264,7.6736952836843795,2.8483689761658586,2.849128901777969,+
2.1116531548610062,9.791422990836251,7.357993586605756,7.612516433096259,9.067051969925053,+
0.19534191162976156,8.661447881897491,4.462101013897493,4.490640931356658,2.0977191760559526,-
0.5677181333002701,1.2838270956790665,1.418596188635709,0.34848017295832534,8.052798118531303,+
0.005309101446031301,2.1808465405084894,2.749531878520081,0.08609308330755647,7.250573369926771,-
2.449187182255661,1.067370298260143,3.319313715820218,5.980966459549118,1.1039313392950578,-
1.0846561722418069,0.6971425539070697,2.3003604851810198,2.405197035793273,1.7894162785600822,+
4.233925513852722,2.106496904240307,5.380978237583388,8.97332082575763,1.5998107573811227,+
2.5409092504351696,2.0677993531296948,0.16387584094727398,3.288732858687505,1.2185126901943668,-
4.9791570638145535,8.362203393764421,7.649510480094098,6.218751080724542,9.648959944318152,-
8.912780125811329,10.0,10.0,10.0,10.0,+
0.5273055973768337,2.481598205622597,7.64781362009578,7.725643797950416,6.290609563391602,-
0.9716726934948832,0.02091985482238479,0.2145128444836581,8.783493514547565,6.688293270042215,+
5.09754185824698,8.100297964585735,5.165365101365611,1.5545425590094486,8.177642228793939,-
0.698149710157764,9.546362441844773,1.9155329556242917,1.8755751936307512,10.0,+
3.675980348187875,8.219619407797314,5.7730335512562,8.231827798005853,3.2695948020296814,+
6.748532283517943,7.830459100770458,5.756402912030821,10.0,6.330648013651643,-
3.616446465018445,1.3958789271545091,5.767518430067284,9.643847078887731,1.7171490504763287,+
0.24376100827919303,0.10426793432050017,4.145773966764105,4.475288177729868,0.930979439273626,-
1.8928225698222867,0.4337379850671286,2.5355748416082724,6.8027962092828895,9.93654431666526,+
3.4120601548319414,0.862231162296704,4.547511286787752,8.222625040973304,8.35833252456319,-
2.3510352073268526,9.831435040265736,2.6568097521984235,3.528857985624063,2.1548735186041634,+
3.446399439027849,10.0,4.992872465122719,3.396376063004313,3.0942857488117923,-
4.246335607190094,9.653324033664973,0.863585512298668,6.4312528065067145,1.8479299942434646,-
7.253217809384522,10.0,1.2486990954525234,10.0,2.65515306051308,+
3.8828178299766334,9.464761874338555,6.596853103980218,0.36959297570686167,8.756917448811256,+
0.918363245315985,9.24982638381591,0.33347704301341236,0.3461244710265921,2.1963333676866124,-
1.878911541622167,6.44283384452671,3.273449487591585,0.015374032680418592,3.2200074399391,+
2.95492771082339,7.712635801204554,1.3065615194296676,0.0159768740564126,5.7211809083753185,-
2.488664374418328,0.23584235321723157,2.441488791291815,0.31013439576453306,1.5392649403323244,+
1.9540701582020608,0.0771274265396174,2.348169436097641,0.11828863347172235,1.074751113973081,-
0.03418847872717845,0.3854869807671957,8.4992958598614,3.7746589680745943,1.4214060541351548,+
0.047677481911606145,0.47236492314985606,4.387009765957264,5.6722943515154585,1.5528099057859948,-
3.393520223389924,9.00000772784672,6.673359339497662,5.574970013422372,2.9598048678869393,-
5.111166105668941,10.0,2.67384283491576,2.5388030420663013,3.742732737690843,+
3.6244911963869675,5.885395926916527,5.011048172073757,9.834133171165105,2.3589894005868572,-
5.477918637710289,7.725923485722484,9.212658359358358,10.0,2.561004325099851,+
2.462114585246421,9.905087575580646,5.481100602852109,5.915991676328744,0.970778327926507,+
4.07179618926739,10.0,5.906573281348479,8.278088601825589,0.39316886698840015,-
0.8321589624594694,8.881961672473787,6.579406621977649,8.27307142520614,9.322421787775792,-
0.024456787497720487,9.940327603914682,2.35360688117356,7.518534796021372,1.0904916555068709,+
7.1977306533967225,9.367498189816109,9.799070150800874,1.7478902209638747,6.803003488362432,-
3.654337898633344,7.26530392652097,8.123334206032878,1.3989275529607714,10.0,+
0.13608746528627647,0.4880471286864274,4.804153916935581,1.7965940643714684,2.8068453226145396,+
0.15744967126155046,0.7152360840726553,5.346795885773338,0.5662114514124208,4.168173540729727,-
3.3392970905870345,9.621576763879743,6.418264458862261,8.924032417331425,6.58112522873254,+
2.074853498000086,4.466993416113335,5.714180408922112,7.637065873896169,0.1832651029644359,-
1.696467880028345,3.0131186547449174,9.990479751809199,2.444743865414032,9.007057257133193,-
3.143489707070698,3.8183020547845503,10.0,4.260398453365649,10.0,+
2.818226611468125,9.269203087537147,0.8101200680534071,1.1011672280884044,0.21269822542240302,+
4.443693583504909,10.0,1.0470130689495931,0.9709961779173627,0.2977260850466464,-
4.6264340193275935,3.926983853179611,9.861671953501315,1.9787749326856863,2.50197767619714,-
5.870718149790807,5.312038695166253,10.0,3.9450992714258803,3.27555774092188,+
3.596898165353002,3.3956662690219463,3.333643142255233,0.427044738600737,7.324624184063784,+
5.965675741431732,4.1366993726096215,5.613218101262286,0.7508281929024216,10.0,-
5.189385232419798,7.9159646135246495,1.0259167140221481,8.898279785857232,4.440517135593948,-
6.553536028300635,10.0,1.9056292873409948,10.0,6.276896719168448,+
2.571126820361642,4.015055346254118,7.563660182306078,3.9790170892064145,9.819089703383229,-
2.1966677024209287,2.6833131461929387,3.134810683261579,3.9699971518480988,10.0,+
7.914542471152181,8.835555382510183,8.526389063825643,3.277672138622804,4.3975823935783005,+
5.188904131933178,5.274259392546696,4.900873526732633,2.6371894488058443,1.273421346803138,-
1.205360430223128,0.22526920514705617,4.16700909122391,9.217831070929892,1.7897362765067681,+
2.081892343394667,0.4021460999213843,4.700713469753965,10.0,0.8533015067119303,-
9.003236030264432,7.303749620535747,2.0516092058227176,7.114911173916515,8.224614088377768,+
10.0,7.133366585521905,2.2623665192291256,3.4080222110059317,5.926733329997806,-
2.8922294504524704,4.691233591739583,0.26855846531127714,4.60574025643645,9.597178352587857,-
1.0000795642652227,3.471605036074972,0.02205705809309464,3.9797278012413946,10.0,+
8.473296183915735,7.377269846557921,1.0293827491343033,0.5573491596870261,5.1367405884042725,+
3.8463716673992105,10.0,1.3672014675843118,1.10947219105375,4.853582081971445,-
3.29260902036666,4.264660636114171,4.524373508043911,5.395970181117572,2.707406137658964,+
3.1381089951758825,1.0424957135888395,2.0574026342001916,5.502435705506699,3.1831561776941038,-
2.7757435012938347,2.6850582976583146,6.083894436283337,2.220349650222407,1.3342304570671348,+
5.109964008420211,0.564482606363487,2.087713065657289,1.7771153246453806,0.05037750754745467,-
6.279245793299659,6.110709821051348,2.253024464692629,9.933821675914714,0.9800897176443546,+
7.911468438897455,8.051119310340983,3.1019303751654155,3.5762641827125257,1.921957075003338,-
8.765509580000275,6.011976650510675E-5,6.413484425843013,4.769676584356178,6.692794359629627,+
7.451280529673017,2.0024200543464396E-6,4.931003572554419,3.8432702169430466,1.6574470057127433,-
1.0548559457741524,2.555307353545333,1.8819147070310438,7.044020574751997,2.7729066895344436,+
0.32812596985790315,1.4460358338802237,1.752545977179126,4.721691619023849,2.0383346647830525,-
9.355721467732463,3.9847310294371407,8.794635556269109,3.7833009139250615,0.1860901556109329,+
2.0379345395149273,1.6827502246597992,1.102370787467069,0.9231710956533258,0.08911921326738738,-
3.0420091671092617,1.015101022621464,0.9212308085178245,1.742255851761929,5.672041630544448,-
3.2515042573266157,0.26110493477401664,0.14379600630077827,2.37319154826928,9.89838152681152,+
2.251319944160409,7.4221949393148225,7.98715086282507,4.521374635671144,9.637557403468996,+
0.8813697966002708,5.985551901646288,0.69367170827982,4.3964530290858095,2.6410632342145246,-
6.896467433683023,5.759150083436978,0.0037860391564792373,1.0982173640541792,1.2939648272985749,-
9.385433662165148,4.495103785024865,0.002350936415033539,0.794580957701025,0.36819941080783536,+
5.784751853587638,3.39607489730549,6.8038391742940405,7.073686436647463,7.3836855744159795,-
10.0,0.3376640236609674,1.669070852234558,6.263688489988049,5.107904396906713,+
0.6288918103178909,9.520181822218271,8.574132537389868,9.728139370183433,0.7876654252441928,-
1.0409234256338427,3.8884968179201516,6.679220706154189,6.540229874569007,0.010001906993140323,+
6.661921483479394,4.096387955482317,2.2216597710665473,1.3116080561983423,1.468498755787343,+
0.7757084850067784,1.510653870641949,0.1270797403512067,1.8488861335254416,0.2678232611602572,-
8.999969257384608,4.288678115077768,1.503549725558021,2.3693581930762484,6.7512540928178,-
10.0,4.81821659979242,1.538384680715931,4.652799921241498,10.0,+
3.26391096876348,7.83059282310378,6.343363046660807,9.911020503273113,6.698543504204967,-
2.4551430395136067,10.0,2.1610148649035743,5.542545428245222,5.658265258326526,+
7.023335678466615,8.356889974105862,0.696446614188786,5.703674033722149,7.489042142737504,+
4.245706566169753,10.0,0.1894875335472211,10.0,7.404850978903971,-
1.1545665642060365,1.9823238930774545,5.269173318611498,7.938309070293975,7.356860351693346,+
0.9384687124673979,0.4264938246207497,1.1751317391389278,2.141560697762644,5.679964878799174,-
7.316483857982021,8.644805069152543,7.983789820916128,7.471872054595621,6.632127738064755,+
4.307012399510322,10.0,10.0,2.1127328153745233,2.0535823834719698,-
7.225300841388086,9.147041604657954,5.148562982458405,5.171558314123783,4.459664509348544,-
8.262812049763502,9.742108670765571,10.0,9.62756708715443,8.04504554593054,+
6.572212554475577,8.80922316256064,7.275482550594278,4.407423881198177,3.3432713295408623,+
0.09589040362889131,8.190239795998439,9.10644803359174,7.7137066233845575,3.1032613432896925,-
3.864846763020493,5.113604161818362,3.5260253642667005,7.3819992750743655,3.170099932796421,-
0.834265306800441,2.145133738382986,5.324611741725784,8.153392121328931,4.3531970738355605,+
0.07849436948568878,1.5328256105529892,0.2999317007048641,1.9841304798933823,7.892075682105721,+
0.06271599139741363,1.3929400694308058,0.3115223933119578,1.2861446026741004,10.0,-
2.0328733477620076,6.459831149118729,0.8826953334407572,9.743383691250504,6.984597189469558,-
0.5891757789691314,9.247311013313213,1.4739039804904306,9.344601734245437,9.35300770894144,+
4.221549220762003,5.125438332405505,7.216829034201464,8.15104749222137,6.3613030585781125,+
1.7233436608183346,0.0986948365471915,1.281076003503622,6.694544299112923,3.5525082610450314,-
4.9093145536443785,0.9573030651845815,5.012442373131316,3.7652520527582665,4.609838000554464,-
7.140659095012471,0.556816505204063,2.318456315904589,0.24883365311869665,3.382059265373561,+
1.8482377466088573,1.895593515480295,4.247829607109858,5.058762479591767,6.749016080462253,+
2.7195126315113924,0.0721716982385479,8.228745134728085,7.475899234886147,8.725219347190041,-
1.8731895164078738,6.176624913882016,4.2930110184078405,7.265220000091947,8.200172477504683,-
1.2777600746282796,10.0,3.777542243955066,6.819416872279781,2.8183938523057224,+
1.497944776155059,9.366736909663192,8.98586841730938,4.74543169799742,4.4334128802853705,+
0.47777883721173037,10.0,10.0,7.942506483884919,4.846329362002024,-
7.156628627350889,6.150996694633658,2.7035323441983583,3.6257474324971515,8.286923886298474,+
2.9800204432755466,5.863375363370773,3.201364041244417,3.3848284037304053,10.0,-
3.119221775654739,3.0240597308848614,8.40468728189283,4.807839874156386,3.020521403488292,+
0.9625991151288121,0.6866701965082989,9.336025724318791,7.412984024661627,0.9659087435469005,-
6.5172929001087105,8.892191104208761,6.720366846932039,9.690857406351268,1.6411088821284758,-
9.709834359942416,9.873785402800582,8.142246850559134,10.0,2.770908130671744,+
0.2446354111375726,7.402745811075199,3.45713210316259,6.172255066104173,4.972342428206562,+
0.32298962681496857,0.5741854564505218,6.898545059796247,10.0,5.524764684353947,-
0.35471970936324704,5.917272231015116,9.671654729316284,8.704645765841898,0.7532834490536355,+
0.30027621130578236,10.0,10.0,10.0,0.9957816514335337,-
0.5148188753053595,2.173289960071588,1.8496121132873378,2.10055760657339,7.693789591156264,+
0.15403335333342344,0.8610451121057698,2.011084515113532,0.020227401878623562,10.0,-
9.173893246796585,1.5062641021538248,1.6860641161834666,8.457010418131434,2.518262917921672,-
10.0,1.951995603693043,2.3039658799479796,2.9279552096939687,1.7120172488600187,+
9.55753971347316,0.25282567844481574,4.9502802116227596,2.7178030618402236,3.3686089656330997,+
7.797749195096472,0.13777412108460385,4.189511633426877,0.3868318781478887,1.487785971811853,-
1.7784111855656615,4.233643395080714,5.692441765335541,5.515569528051297,2.8415028673550258,-
2.724604506909773,5.808542241801577,10.0,7.989978704300335,4.214237799233889,+
4.539599783308921,0.17121281002713262,4.1086657998865705,3.8968006415711463,9.087927067000171,-
3.5626019018031934,0.25918843019703164,2.1444946656498876,6.883473221198948,10.0,+
4.060255019618086,8.50185007893905,8.236151590739652,3.6308798410607066,5.575122376847881,-
3.1223893005118173,4.6952637099701935,3.749353038651568,5.227231093903737,5.175001276256747,+
1.0593679420636393,9.186744179287523,6.047787526160001,2.5113435542727105,7.006774193339225,-
1.8305499742624614,4.837575439913387,10.0,0.9122226965334911,7.379401023789731,+
7.9037878664589645,0.5730422803248714,8.892159391227658,2.3030869215385295,2.3892145473785065,-
10.0,1.0819823279273912,9.960027847889542,2.4317237830128815,3.1079230701143516,+
0.37245499842211927,9.854697240392897,4.474483979433287,5.766920151084538,3.7480531108786606,-
0.41670536749418646,10.0,4.72906041822029,5.773906376381334,4.207341620454128,+
1.6279625185784785,7.104024107381176,1.5028057365465342,6.70446705524883,1.870438221119748,+
2.076051245794793,10.0,0.33725789151918545,10.0,2.8651331394317734,-
1.9847993312153989,2.2145823921806516,9.188341164818217,1.2021520582415235,7.936752712338819,-
3.731358095677585,0.09622667503679092,0.3157143380226512,0.7562552863482295,4.2242918896802,+
6.357842370745818,9.68958987678323,6.827936048538579,0.6852528852840356,2.2324111029764437,+
1.719616288377728,3.827712618705286,3.5481418392890065,0.30997660744664524,0.2353294161664852,-
3.738708127805064,3.098008669272013,7.326741596957744,6.842404832438581,5.373641226971105,-
6.576348586013688,0.564746639115162,2.2416814954996416,8.576371867014874,9.091538018076525,+
0.23518965698803518,6.64704266800395,9.57799072018686,8.576858439332447,8.864981182491219,+
0.15423354233175499,6.398948288997814,6.703210108754418,3.210253175525923,2.18324669841856,-
0.5558795434808639,1.660385193509265,9.995131389223497,7.556228780771896,6.521183333506894,-
0.05182922405280551,3.2003752946801374,10.0,10.0,2.86288558196138,+
9.291928395804284,2.4135034328022242,6.160377823697213,6.999953878563298,2.2329318214215954,-
10.0,0.643438007404741,10.0,10.0,0.5794960849772488,+
1.2373461778684958,5.346211034925545,4.21667112368442,1.7733937458604188,6.653436295731565,+
1.144331297280977,3.8620680684983553,4.049670201569853,1.1691354252146762,0.7500056067072582,-
3.684635259291854,0.8438859987076741,7.744406686548731,1.2160521134525848,6.3533230789883195,-
5.860921150754222,0.9202858517914577,10.0,1.4745668998561443,7.735233467486998,+
8.257359073651942,6.565967891439154,5.71041864417052,7.58477950167557,7.465575799754362,+
3.56957922288894,0.5485082325390389,2.266085511156854,5.9241218368071875,2.6459117225888757,-
4.994769879176106,7.230850988159543,6.947731247196666,6.300588237199581,0.909699877411897,+
2.327858625028477,6.8122098884355635,5.730131917599109,3.3113448313002993,0.6104750621185018,-
0.2722936054924485,6.495417300812552,7.036964705450709,6.96395011358947,3.781592736909495,-
0.3810539545113935,10.0,4.62351946551855,5.899372635381941,7.359236946919185,+
0.9725925877308605,2.450387719112598,1.8688824439542862,8.394971711166328,2.741867399997595,+
0.7210366830344094,1.9344343870244212,0.8515509755757447,8.131312897649662,0.34346206991769834,-
9.609336883728972,5.719091170638207,3.0214453974126023,3.798198893326037,1.1137227125496951,-
10.0,3.051864448806419,4.014339303115418,2.8495487244145914,1.2726514259005366,+
0.160907749583048,3.524879612410711,7.462485648956402,9.612632585787594,0.03067138306728001,+
0.2377900098834492,5.649268057800491,3.2013112115317903,10.0,0.03281132313693177,-
0.08212967152864792,0.5982984809130598,0.6259116767510442,1.434336147042845,3.3908142108318637,-
0.08395921088660599,0.6206811841526096,0.7819498059831879,1.6547138219251634,4.763792234233361,+
8.201828593996506,1.9093760241257762,0.19844986923822971,1.3936290004632046,7.259093492142136,+
8.931003677580305,3.778995163953424,0.33282850876866127,2.5471971002929665,1.519147059755723,-
7.691842544983965,7.825262789051166,1.8733218377586247,6.677225960947217,4.7861201756218215,+
10.0,10.0,2.7630533761796237,5.1759582695708595,8.967069909667451,-
3.3175441686494778,1.651300755047953,2.775655123931513,2.1009518231518944,1.0017694200892702,+
2.594836650360087,3.253066720326266,2.6801626184836853,0.7625976978004144,1.101316078924681,-
9.923896985712119,0.9562461755791707,4.305297007632366,3.838506749664534,4.397334319144173,-
0.9767804930464206,1.9112028116896835,3.917604542136841,5.835748552224722,4.696305153998917,+
1.2502254786254707,1.12742727588252,5.864123902077287,0.992354813840024,7.669221273225423,+
0.04975272917954285,0.16447129629057558,5.752778224043397,0.950583975496211,0.0012405280295828163,-
4.332946418544448,4.4143320307369605,0.797556174070192,9.273623705918027,4.1182101950694205,+
0.18035394336497443,7.05718830675982,1.0357595820653922,10.0,5.915346574763935,-
0.011790549963982544,8.968846914003015,0.06945548185935513,0.8881568754156266,9.273769058739518,+
0.0015448606852542625,6.659690142559864,0.040334527315565236,0.41854455411236136,6.101980152794094,-
5.31398073526986,8.984849816394485,1.0222359879535292,4.807745059828257,6.89315226316786,+
10.0,9.81646300776281,1.298263336901423,4.838404721537857,10.0,-
2.6555567350594513,0.4670397451473651,3.019090063363726,9.476030408589919,9.667910498084922,-
1.2744288606209224,0.14070402067890928,4.670170731354778,10.0,10.0,+
9.370064595807614,4.223071411635893,3.9718591468836104,2.0217056042096635,4.715722365980669,-
10.0,5.20168382236792,2.8904600925861774,2.708196439916711,0.522988072087084,+
0.3085715304165948,2.190372251268089,1.077625686986885,3.40865602046885,3.544157923262615,-
0.0363767351731111,1.5202600070112664,1.5932678260358224,6.162088069582798,5.12616364378398,+
7.778069618522135,0.32702647348517466,0.8116546703782834,1.652289912623589,4.4130688460693,+
10.0,0.6536923684821002,1.31310557309122,1.9703963187039204,4.236149005658222,-
0.5594313840397214,6.2466504478813345,4.189666281827984,3.0164205914517126,3.3086250154144703,+
0.4362238245382574,2.746491576011689,4.098658215694222,1.2875318040596213,1.4162138640112103,-
3.6041225589903982,9.058454738396073,0.613576098520201,8.19411155282422,1.6045103305467212,+
4.514891610786112,5.842205899743983,1.0287829677187132,10.0,1.7582466206712495,-
3.915763377210424,8.987016218187089,6.652559544345371,3.9782711043689845,3.951028606873721,+
1.7375585018734374,9.911286816080597,10.0,7.555134121046443,6.3635328628661725,-
2.7250136365881037,2.7272030084810317,1.1667592423779916,8.043987265108068,0.39060876590160665,-
4.36296494854344,3.298984935614799,1.8952412489320114,10.0,0.5337846444961555,+
3.775371305471764,2.4225729689615494,8.915071568317032,8.204679470885369,5.181122749570038,+
1.5324919024723411,3.2597613597860313,6.655958994501856,10.0,3.172522667677825,-
6.597118945106808,2.3461205785340065,1.8972085948355655,2.0935697771187844,9.420046325668757,-
10.0,1.2369894414214568,2.7324001509084384,0.30709032491851285,10.0,+
0.4500163284087144,5.772128858827273,5.081165847732563,3.4747169266038336,4.624610484626105,+
0.05403024501480571,1.7002091321238106,3.3010325311295596,0.8545198387702774,4.165247912968759,-
7.012459687059848,2.7827176068358694,2.6951514349854278,8.756782408324213,3.2606646574570233,+
0.005793394835727258,1.9253002932210286,1.6597861626868244,3.434417107434302,2.961350290698835,-
3.713701151649038,7.466193301617588,2.0135143039914762,3.9747798448889746,2.148450852709157,+
2.9034562341854615,10.0,1.3788900348781608,4.496637906377068,0.7109773204381296,-
4.241994325154344,4.676205091562911,3.501362541469736,0.804019541603842,2.9339474385581763,+
6.026811293578549,0.5059618891921873,4.674474953387623,1.3863999780628877,3.691649328548684,-
3.4278018653323636,7.408637131333295,7.664290727776373,1.3834796251124504,8.787955676053553,+
0.9556544778501982,5.271538018263904,3.0403238819337073,1.16739654282892,2.7686182628008122,-
1.7106521354471504,6.158603356145596,5.174416265456582,8.058545606117349,1.8319423471588703,+
2.4915055587879777,10.0,10.0,4.318000169191467,2.648434653087135,-
1.6763109725976344,3.785255208330031,8.441730704323057,3.006558079436812,1.3841929369100126,-
2.8458529885773385,6.120980666728725,6.36290609107141,1.043137957939272,1.9030093836597703,+
2.7633534036403393,3.9104724215041484,5.367053017506321,2.540965530936692,7.839240427277351,-
3.0077444216265805,7.676555094736706,6.840402777608047,4.580415932157666,8.39813119192509,+
3.603051548464572,3.167883279378285,3.3768735828328134,3.313912534528983,5.27625027931364,+
3.8014039244973055,2.3361614744582075,1.0392531480513212,5.639823064566527,7.898904022571722,-
0.35708982363794384,6.421924533129553,5.5962949071638635,6.363689203930037,7.631921755229794,+
0.1464008123974723,8.68294547580089,6.56359840652792,10.0,10.0,-
8.06848520110459,7.5101313160319645,2.3803319448606652,3.6211715443851924,1.8355803478284871,-
10.0,9.030055296399848,3.816566275923116,6.4159296274046795,3.5793478930520144,+
3.059844194173329,4.847506127644328,3.551170551289337,5.115420091754348,5.889287477602565,-
5.704380266587032,7.026193710543668,6.3807211170965665,10.0,7.197486686282666,+
8.203211136765336,8.151617082003353,6.511582788457831,1.0344450492623736,8.580675023326364,-
2.7659524701102067,10.0,2.8639767285337046,0.040332482572321235,0.776440772153009,+
1.3394254160727603,5.614916557866532,2.2417970679817403,0.7280784813634811,4.028855776047914,+
1.7946343523433774,6.9242284013637745,1.635444217209728,0.6911959003028927,1.1841204751994523,-
9.201794402667394,8.584183069399668,3.8554152988699286,5.686486914818161,9.407998489508442,-
10.0,2.1950677537455223,6.418657868659733,3.3713743645238887,10.0,+
8.309977651434261,4.7636512004573515,2.3021599824226957,6.644418996708507,3.514643447835838,+
10.0,5.415790341344101,2.5179016987787337,7.322161298241613,4.783411821651145,-
6.981312568975289,8.070924951716087,7.726043790559948,6.849840890439197,6.936497553119888,+
5.068116715258066,10.0,7.369659962863398,9.066639655331207,2.738236270676766,-
0.558145151495234,5.037332565528398,5.763321156595849,4.42691101933576,5.932700372710301,-
0.8324995194909669,9.502552174805247,10.0,8.629447468121699,10.0,+
4.930533172054277,0.5625679605656886,1.826790768741009,0.8761204204910411,5.217752143681285,+
3.76668889272069,0.45226147038142245,1.2682168250144903,1.0639110853078113,6.632470648246862,-
2.44805918932534,1.334751345156464,8.948255173292939,0.7190303935385434,6.89039139421806,+
1.0190295900219708,1.2582754469482182,8.823242306862012,0.2574727594150761,2.153209057784898,-
2.4779858439402505,4.927711634074522,0.4176212086113429,4.098370896654541,8.879956351322747,-
4.874635798515001,1.5490664934001739,0.7148226101848884,2.5116669619886305,10.0,+
4.358077486876008,5.1365397897565055,4.515343895129708,9.023031894268541,6.896620215091639,-
6.956845202502512,10.0,6.498170561315147,10.0,6.959402771664951,+
7.934191122804531,7.510396815411291,7.246263124507429,0.39505923271773713,3.659042882236868,+
8.516919012385536,3.909802424319472,10.0,0.7750891271394431,3.711240407078794,-
1.840149291422617,4.768474210019155,7.58747179521155,3.120943901423913,0.7313793103816646,-
2.8365179821164364,6.437740284033063,10.0,3.180350461260297,0.9255714047101746,+
4.376523709261906,7.178728738089468,5.536860687651278,1.6978675682282307,8.00265077847466,-
1.3580871442041755,4.678789561933905,0.7715372342839754,2.4068797768850003,1.1371314042408913,+
9.468623973380513,9.62098289238954,4.418938836439458,6.562838828390246,4.797123331899703,-
10.0,10.0,1.073051942381473,10.0,0.7583194831690601,+
8.650031740512835,8.193827699099055,0.3938858209485163,6.973451546029372,1.4124632758876454,+
10.0,0.69797320412577,0.4660625449885037,9.589117948771777,1.4453519534394836,-
2.4224977193995323,8.853974384033465,3.4266487735469022,1.2821671171033289,5.723910027844187,-
0.38020794327795754,10.0,6.571197038637134,2.058360777290621,5.225459480041702,+
9.844484857530038,2.3334137793195167,7.411450279410616,9.608878172546737,8.312726670148356,-
10.0,2.6874461776742713,8.35419464104902,10.0,10.0,+
8.094601542646847,6.811922664730702,4.303431626442378,8.126411271615293,1.7846268876221283,+
10.0,10.0,6.640702553244154,10.0,2.0152162420356663,-
4.789347683881832,2.9859341567264828,0.25050869535831133,4.963818373457327,8.317378392207925,+
6.028625972139096,4.331682975720662,0.43899318618640093,2.7725400536251126,10.0,-
2.249118447405958,7.5482996139566705,3.3738643203572973,2.045269797025747,1.2951208951916826,+
1.2330389009114828,1.14645339339837,2.428800340184763,3.9999518602434874,0.631197862021615,-
3.3501588442831407,8.089802185512067,9.26461194297238,1.807515550186325,0.7827210795473827,+
5.003638381248216,10.0,10.0,1.6817675425164869,1.1420746265521284,-
1.0200445805598235,1.3107578181493673,5.136330851252742,6.056785659321213,0.9711705005193627,+
1.2571269847097704,2.1874073098395175,7.777975406945828,2.376104498410862,1.149530760927498,-
9.387577379674553,9.055374164929301,0.09183036641022824,6.525619277597699,4.8673041273711934,+
6.566937952996416,5.049137599297748,0.03734611404942078,1.0653206968816686,1.0266662784658884,-
7.251309324795532,2.1978119699351018,6.154419846927135,4.319447738863165,1.993579989754789,+
3.1173630045155756,1.5205443233526934,3.4772717503352366,2.2230227071964155,0.013131840179246738,-
6.231574707353102,5.575581041856838,1.5932236422906598,8.898187145068444,8.864692485335869,+
1.737344297684457,7.818218682405833,0.028148746649088757,10.0,0.34732211280869524,-
2.136760882368117,9.05063529805646,9.120508529534751,1.319952093988035,1.9065806536554109,-
1.416169638828677,10.0,10.0,0.766167483486696,2.4542238492639497,+
5.184676766363961,7.43190315265963,5.207753952308641,4.861875175966295,7.187127675650187,+
1.4500070533722011,4.71232944216586,4.951229742116774,0.33024464937849657,6.896883113603193,-
8.646720423979712,6.669692501179142,0.19179506530468182,6.958260951959005,6.566403055681015,+
6.347636265085088,9.792075645161066,0.3343558842431081,10.0,10.0,-
4.130152593758712,1.0071503998424547,9.110497946369005,4.689256212873062,1.287249189208478,+
7.453894173308023,0.18978064750281975,6.801667858619294,5.980128841522643,0.9037446971879153,-
8.467255279966569,9.593131185485385,5.1136934075725,3.5539962582502813,4.7856896162219105,+
7.115870366097294,10.0,5.543602318345968,5.709427534481355,7.2494561033691,-
7.844399354922266,2.509003750438561,9.945680175487057,3.035850726244913,3.589552736632551,+
8.906137671272685,4.180564930185724,9.616907833688316,4.4575444838579985,2.4374438526376667,-
9.349876409417844,5.163431481149228,2.173828645514946,3.642881746505291,6.241685967051516,+
7.235049512473776,7.289550829057013,2.395657676061543,1.086575800385049,2.213880590837841,-
6.2104378151738135,9.413706775460556,5.813711764199253,1.2052311452071796,0.7849197028058053,+
5.140294619210725,7.565874346101931,3.4684350200228624,0.4658885653877054,0.39377333902756995,-
0.7029019442456064,4.289808181119506,2.4398453144896406,7.567170578766275,8.149541156309999,-
0.4560219601712314,1.4692663487376194,0.4142555564491692,2.2941052794064274,10.0,+
8.993513095424825,7.335128725101001,8.86915642975745,2.8487363637642904,7.361436135293542,-
10.0,9.374064752310044,10.0,5.226546996717012,10.0,+
9.713295208300467,1.0823731086120059,6.09417817017099,1.7945277585627217,4.556354596074572,-
10.0,0.49607117228090014,4.812058568050154,0.5842637121266331,1.6906718754584056,+
8.227328001279512,9.314698342526459,5.342840914307354,3.7170576869653136,5.9257623673710915,+
10.0,10.0,4.707841357457726,7.1191261656166,6.52674188803514,-
0.6252968878509335,5.4265665474951295,0.57957386200858,5.3074974300349,8.787654763172528,-
0.13416255535780922,5.375328844657128,1.1206701204448397,2.9625650532434076,8.477336239121854,+
5.96630656311807,5.811092038893884,8.850347931135422,1.9705933013931032,0.529969380336649,+
0.5093983932768843,0.17426386081779632,10.0,2.474390073181684,0.559360009374695,-
3.616226348899244,6.7552375808071465,7.854398635658546,4.175705655577842,0.020693597487109194,-
1.7706142229957442,9.441035714825379,1.7259787628031937,4.203168616009646,0.030456219536087153,+
0.5471567193812554,0.4402999021290144,6.839892564415747,5.5131071743103295,5.019187253051482,-
0.5558344608072221,0.809304530438487,8.25387401927741,4.322750697140586,3.4078168217981415,+
1.227917147323917,4.061718568801584,8.353475803263319,4.663772308124715,1.9649544568696709,+
0.12299386496467403,1.0579439406070135,1.2924125933510318,2.7042545065835957,0.45978061930373476,-
9.294789491540444,9.920608419134373,1.9961624731263161,6.545556929300657,1.367434023612626,-
2.5980138076826345,3.8712418678277962,1.0366254035662568,10.0,0.21638887953335786,+
9.652798217353864,8.889527858746396,2.8048470001691364,0.6330504427744921,5.478256930642621,-
10.0,10.0,4.74607170476619,1.2570814810829225,6.1360565864384995,+
0.1802466248669221,0.8031780400467847,3.5573218990783486,2.100047423258377,2.4930216700219865,-
0.013165128803368186,0.2832623142669895,0.07864087822020856,1.9571122980079787,3.1714198450777027,+
2.907491339221835,7.401874797460971,5.915780403295175,4.934560035567098,9.462990577719307,-
3.4668650325991095,9.904651958649948,5.990650510555256,7.182867412140849,10.0,+
9.40886667669105,6.93407665165317,7.676635536830247,6.837292986780264,1.7622249033052828,-
10.0,3.157320672177535,7.697003842019922,1.0905352252075593,3.1933899006706623,+
8.321356010908694,8.312355397525318,5.9583544995830975,4.944761554009172,1.2924593232186388,+
9.232418503407052,6.771636411360666,5.020162510699692,1.6378599975354524,2.0903833634140407,-
6.47456322878083,5.237302806329209,5.647739594264118,9.850691326154486,8.368613978934379,+
1.2693827136748435,2.693227178069072,10.0,4.851852062472849,10.0,-
0.1376131936139402,8.927164959207117,4.150063004978103,6.616469967713213,1.7702900487703777,+
0.08800355500200746,1.7900983054280257,0.5755599965150495,0.0036566654915253095,1.4915235083489116,-
2.570333010777832,5.38398840135319,6.845749466580326,1.8314834912408473,3.4959085691576277,+
4.342466252306015,5.221892229947008,3.532530709429226,1.6124924163809329,5.180671463166817,-
9.324966353863038,8.825602770002748,1.7658774907869468,2.4026078283378496,1.2169677354615083,-
7.537716276550869,2.0389762567863143,2.3556292679596336,3.4977888637072914,2.0108409514946244,+
4.025639238251956,2.4085711063340987,3.854856149629163,1.2824292024730843,7.524157247966904,+
1.1999716041584423,0.5100677454254324,6.9959889676493825,2.0189215221500825,3.4754143915885356,-
0.3413624618511091,3.8788922182060737,1.2073650521852841,0.24049821453191234,3.72865179732651,+
0.5845009842410916,0.06091450165839046,2.3274077102856885,0.34406940248906315,5.798231621410093,-
9.691260170080417,0.354192909966039,6.879202234573203,9.288784801291465,9.639351007326383,-
2.8748020807196184,0.5012823117500526,9.454590782789468,4.95174650346762,10.0,+
9.423455263446627,4.422707379717103,4.327673580036039,3.944615655569664,1.6736987506194634,+
9.474911471526093,2.7909080762561547,7.708587058212506,2.2723043485313514,1.3595943177563194,-
4.318065165107367,4.648700651382448,1.8014598977692964,1.7295128140586946,4.382075151788957,+
2.542102086429833,1.5743085294640375,1.3873517481754953,1.479229158956904,1.9103283239029862,-
4.445335810941081,9.825041589928226,4.232235564269825,4.1639036777651794,4.054403851060748,-
7.604033325255353,0.3073678830589018,2.6990690646588638,0.10384472969224552,3.593653077924888,+
6.815852209418345,7.499790214731523,7.647752739148153,6.659125585405707,9.9114241079551,-
10.0,10.0,10.0,10.0,10.0,+
1.8510403638285033,6.476932176539866,4.787741873737583,2.1907017964363398,0.9947444257408911,+
1.6881090546442463,0.13454924494917966,3.9786883582737502,1.006254294728682,0.34361330665744044,-
1.2427602510383007,0.3350867670902813,1.6050210606545978,8.7320677291439,0.648729263470208,-
1.5986713515634856,0.4399467178440513,3.1234301160990636,10.0,1.1017930612778313,+
8.772480454379822,3.558199232176605,7.056042790384743,0.34538440825311545,3.1572719334898336,+
3.73389181115695,2.6162111672987307,1.1437430192820088,0.2256933843511486,2.7623454404358694,-
9.724918078873856,0.34928481904646924,2.47362728849871,1.453898555971258,5.176603684356355,+
10.0,0.5002896427805159,4.118362290268431,2.7009497416470043,9.47937293105353,-
0.9894281840015029,7.97153736708895,3.456160149777462,4.477246349035071,9.089012340152205,-
0.07532819648225328,10.0,1.5376979143144558,8.550725388019663,10.0,+
2.0815007680014688,4.830303573867736,9.548566518062877,2.904766468516206,0.9071940872279716,+
2.269996601198331,1.0983837108529793,8.551493121737064,3.5724388107584524,1.0054262465685002,-
1.6182328032996307,9.969479586210806,8.80822575821248,4.172459258140783,5.679328713759018,-
2.7912610414762122,10.0,9.82489494455495,5.680688173263786,9.166037076895467,+
8.87941107656849,1.3518928709672084,8.91196304895232,3.134610086295636,4.729931010430381,+
10.0,1.8117101703716318,10.0,6.127903307301953,2.8578249509413034,-
6.403276722252327,0.1193445051592601,6.263396300234522,8.169254964249411,8.69369164088705,-
10.0,0.21526908687484986,9.055766423941622,8.6457966240822,10.0,+
9.47189130595556,2.2382344738120508,3.2581876637575835,8.26615496002061,5.901188944365732,+
10.0,2.887938142876655,1.9066798164249397,10.0,6.71634955357225,-
3.9948352997514593,9.657562165207896,0.13603251187674914,5.5020896359055484,2.3025151458277717,+
6.419594950714389,9.966929529105938,0.07352818736399175,8.433726951040038,4.05853451411044,-
5.728104510892747,0.1949039807108366,7.24141061454417,7.720176275328161,2.4023535908456015,+
3.7981827187333885,0.15290271195983357,5.9750586515445505,10.0,3.7996857641290425,-
1.182767138820885,2.404291940303488,6.166168729706019,0.752626300775685,5.689896498948586,+
0.8303505364961038,1.5716651837503137,10.0,0.7721897896398897,5.624141510793019,-
3.957877220568562,9.877173262206126,0.6670052937119675,3.290378900127464,5.554379965664571,-
2.2238342422396347,5.683690375574088,0.4432500772811609,2.8724714232366355,8.016579218849076,+
0.5483029735693901,2.4897260159727566,9.547309521723108,0.6685915747574778,1.370212760745616,-
0.05468091450554015,0.5058456942746922,10.0,0.3762794238577596,0.6537339992918617,+
