3.9369011686586273,3.4365020994310527,3.844675298824143,7.009791029627873,9.140066128300893,+
2.1436896970981083,4.581357951488049,1.242297854480083,2.5346346981071672,0.16105582371368826,-
1.7742005818512696,4.353085186211864,6.789642973174288,9.58575653783283,7.5347413850986635,+
3.0435048288097497,7.937601483220904,10.0,10.0,10.0,-
4.946292748633095,3.07313658917555,7.581546164607751,7.585618338621108,1.8651983939343353,-
1.7741333401613137,3.6883639948604445,10.0,0.6512215935851104,2.9848920583447653,+
3.0734423648647624,6.272352297202919,5.1811664080764475,3.8251742466025562,1.508899885295375,+
1.0919364991672187,0.21338365732300352,2.0024385899160584,3.6457735543900394,0.06572355998156054,-
7.209393196367955,8.633339133278362,1.8201018380297251,0.7523546369055256,6.009008855692073,+
10.0,2.6060114818821214,0.20990371463421434,0.8720321414141048,5.5900575576665705,-
3.184363795626335,8.729899611030836,8.440765311467866,1.4001724290913486,3.0099708107298584,+
4.909760106986503,9.139324485073715,10.0,0.5290715340255262,4.468733622928151,-
7.682486273937483,1.4201791375254558,9.272259480220924,0.15268040109654102,2.4246533667432804,-
10.0,1.7524518744987991,10.0,0.2417888135686207,3.377034764467706,+
9.80897220921274,7.618114396551864,1.509579588065486,3.5697247210736913,0.9651800883577777,+
10.0,10.0,1.2551630445169373,7.105297213623019,0.34038104077049053,-
6.656765001487792,3.305914189808057,0.4372864046520053,5.747120807588946,1.2905874374846027,+
3.788052663449079,0.3705462439936623,0.009647840954773968,4.623033945811448,0.9341586314371085,-
4.810513576370823,8.467568409190857,2.0230014005422414,5.395447770045775,5.9974101216868565,+
2.0344730444854773,4.944060132597119,1.17441192345727,3.96636605001701,0.18275038385951425,-
1.7546187651901657,6.46684839866481,2.6106560610362384,5.029711541566488,5.658726144680019,-
2.955096105604978,1.649172788817812,2.4500931768983882,9.748935798650615,5.6705649318807385,+
5.731632143644524,3.002765454176547,7.400297388968192,2.8263957626866754,4.359787743601917,+
1.077702166765496,2.7466025603649005,6.3509146889575785,1.0464952067292748,2.618998466524876,-
8.35153436427129,2.6975938689353605,4.859102907741978,8.13815610360701,1.052019091867995,+
10.0,1.1284676210214797,5.201026604506372,6.171426965949952,0.4603149254449992,-
9.238768721349759,8.27128460055301,0.547486504483583,1.9910286991002424,3.433140894373431,+
6.301223309955636,4.906327303904179,0.3052404145923497,0.8983881082454688,2.471929768983021,-
3.853383234952379,2.591188694357016,8.420824021035576,7.025179687871555,1.1180346562724475,+
6.108606838271989,0.8697331452513617,10.0,10.0,1.1968840338937874,-
7.680156536615237,9.020484061788808,4.281083919488649,5.732948972549007,5.308126888894887,+
5.770310650487429,9.832350740836592,6.489487217827872,0.6056116118296497,4.970507434787408,-
1.1739721888834764,7.42556147413389,9.350129842984932,6.070727050714262,5.133246272702542,-
0.3687904773575136,5.753503739303996,10.0,4.181666657296006,4.213264665968267,+
1.4303145009761942,9.957171920456794,4.845357748581663,9.581340065661468,3.641704527170717,+
0.43750150085276956,3.446837140025057,8.820317160104922,3.771412396466404,5.917602684735133,-
2.3896981547092,9.196043663601845,4.785664463400079,6.005651089696532,2.098412631094634,-
2.5076742062609445,10.0,8.318957340016475,9.24463599284617,3.9688511084981064,+
8.499669848367683,7.016343841843949,1.6846284656831145,6.333881075251168,6.368854398246425,+
10.0,0.8824313682166871,2.2513191524180223,10.0,6.8262406815012335,-
3.235131960589243,6.176953183645038,5.776596412599757,4.1485465731986215,6.318583067220511,+
5.123474240300972,1.9885302440597805,3.1806631486110635,5.61249623874152,1.3524118050922431,-
7.407698182384198,2.868308927848038,3.873673913974053,5.159647676917462,8.596092156782518,+
8.506499136646783,0.7541304497050534,4.406433703087913,6.633633087431358,10.0,-
3.279358259894348,0.7139125684806713,2.2999244292780263,8.04433507230488,8.482790438506612,+
1.2065994950569516,0.47924740254541764,0.12531776121248087,5.768035739897141,9.306802214950016,-
5.6651638509862625,4.828953334048434,9.26900604419012,6.46707196703696,0.8311404466410799,+
5.810718367216138,3.3381209533842173,6.946068733955178,1.8073252615109046,1.304345039241791,-
0.07668770959534665,1.8204288363286003,3.8700587551846812,3.9551450606566227,4.082360410198758,+
0.0018588320501528124,2.5519797800392006,0.1552909311707194,1.8612408631556725,6.173868419172984,-
4.241823820915441,6.687488886352451,4.2928843266996,7.236056084213991,9.80792020625544,-
4.612360725201566,9.690737862074233,4.854225604986081,8.058804757920038,10.0,+
9.01008481264142,9.413316826017109,7.665900170501385,3.9553169537818067,2.8214513200623657,+
0.5844111865731186,3.759311127707865,4.603685245583521,7.79590885616845,5.193493743422588,-
6.324628520783478,6.215826437726286,4.668021146903082,2.8287650247980514,0.4786739297966869,-
7.811048182535487,2.2129511004938243,1.7528382614342966,0.33322473375096673,0.15280640811506158,+
7.452087197112459,7.436878542788941,8.3954565806548,2.029206876809979,5.938507479189016,+
3.8990680280424304,1.7226714470964664,3.119473385609239,0.1806683167527855,1.6192372363561018,-
1.7970028779122815,3.4830856668593233,0.8530872860717209,0.23642432121834367,6.054069930820382,-
0.7492733522377322,6.598018212545822,1.434622283492239,0.06170719625121184,10.0,+
6.115489534856725,0.0046982195779943225,5.421967449984836,4.121147642522784,8.942386402741747,-
7.893915450441507,0.002239228230336851,0.5133095698360938,2.8878053010584606,7.139541189592562,+
0.429604620778824,0.45012008594115693,1.4173856131300977,3.6123190664309535,2.477839425043954,-
0.008475763421093834,0.735700953592007,0.12712622874765372,2.812790654461908,1.839961219721383,+
0.12150312067520708,5.895784494720311,6.116542030335586,4.58165890698699,3.3345194018088655,+
0.012899120589673133,9.176172486276405,7.614068658619154,7.399360511530071,5.45111802304956,-
3.515333943342859,1.940792465170843,6.286150204537893,0.9075861662682216,4.004631071591705,+
0.4732785751632635,2.46091510094971,3.8827559187866405,0.9410963984420889,5.756119563304069,-
5.715196383942808,8.390474109474443,2.014256778029141,2.5298569257169747,4.935114916701239,+
5.1535228391204,9.514501699596293,0.873611085407894,1.766966866381418,1.2677977304393393,-
7.550109629630283,1.8828034614161948,7.427356257618224,7.12572999228254,8.946391219473002,+
4.258471421288245,0.39658962591194336,4.3189253224833095,4.377774771510023,0.4600557456476323,-
3.480517912060952,2.9638261711940683,8.804877619823829,0.4015481138208654,0.15886295974374298,-
6.126912628192089,5.7872112925110475,10.0,0.47865936414510263,0.18414639567824384,+
3.592508177425089,4.788486977340689,2.2743565850770517,8.959473443212365,9.436661057568141,+
0.07164384946915421,0.6308704499328865,1.5232796314695412,10.0,10.0,-
5.8087700455817295,6.345974654108204,0.2117678303481052,1.2801161808963235,2.742052794928017,-
4.89774503341477,8.547672706214463,0.3446639201603168,1.291691467377112,1.747725055244578,+
2.3212038017733514,1.6063194958836902,8.441888901350612,2.010872166282811,0.3288513617704303,-
1.6062940262944256,3.1193305805084064,10.0,1.9910762805112905,0.6216299359772348,+
4.983698364637164,0.12489487868545424,9.302180937802914,2.050893500113392,7.39739540855644,-
7.620703712958833,0.16327775612065265,10.0,2.6901736111291443,10.0,+
5.418705319344188,8.093992889517672,2.9037138797437545,4.6828063850276305,8.049453195938591,+
3.408981005878908,9.66421221820445,3.986424313452211,8.577971221858053,10.0,-
7.7692901282732265,4.239233618624876,4.258160514346433,4.6950668003533105,4.47426977831846,+
8.934889956065488,8.477490973916632,7.7563368519081735,5.459943935780336,4.134756544383974,-
7.731251275426078,3.655469254179504,1.0390941458667668,0.4627712244770621,1.6399787762262574,+
10.0,5.903155712174468,1.789242496909567,0.5054147405288848,1.2794866075343927,-
2.9670125043103934,6.4441765031890474,1.757710156840131,0.12243153964830444,2.7274488714617364,+
1.762370056486623,8.656274564354929,1.0623233728787382,0.11303037201840963,4.904338147049722,-
1.0875486095820852,4.907791274256967,6.632751249451553,0.057928014292031316,1.7846030749023178,+
0.830301538492313,0.49262651015264647,4.920952766767778,0.05028614150524726,2.2850813685866544,-
7.152992010203846,6.834226423506307,2.4692520965154885,9.901440926495674,5.286330293053934,+
10.0,10.0,0.9887416230777187,10.0,7.762539250949539,-
9.791518914744362,0.539039018146451,1.065629674558849,6.9525920732243165,2.4130529872035114,-
10.0,0.5931294018742503,0.8409673074392193,2.761113633702518,2.958880870077247,+
8.030972137300676,6.243244662823496,8.972547918388816,0.624920573468345,7.106688129894412,+
10.0,7.636360213117994,10.0,1.1322428398254745,2.1293522110839938,-
3.89944405305512,7.945205082641308,6.562473030078742,1.3753155930279937,9.366698277844158,-
4.639637793139026,10.0,10.0,2.173594481479221,10.0,+
8.90308498742795,5.979871704734311,5.285551639506575,3.1096933323653064,0.16500450361559893,+
10.0,10.0,9.209427893243927,5.613748580455851,0.13003391995605457,-
7.50035403281728,3.404079160180733,9.779310743225707,3.372443126599296,3.5869153360883974,+
0.7011178672490125,0.9340278668536746,7.482001706238592,3.8950987428662462,0.25058304971118006,-
6.997816354605443,4.712369193485349,3.7790038887968547,4.472790941609527,9.736455196549542,+
3.8185117298032285,4.1704800952994745,7.484326249839308,2.8845280466915515,2.526414217366162,-
4.583346351682383,3.909479233336499,4.158282981692546,6.571077662538475,9.433763035011163,+
6.04591021916998,3.8525474723592046,0.5375871410686208,10.0,10.0,-
3.6394707595152354,8.703880071744704,1.2249519842581535,1.6093860135712745,0.3378817274263801,-
0.17680293876275247,9.85372155317812,2.085637912689813,2.9299026521708726,0.11679751385194496,+
4.426457667986597,0.4785361163092905,6.837776989948451,7.556181175616316,0.5233694652114995,+
7.130634427486087,0.526539417804225,3.5625491062810486,10.0,0.8073554718533584,-
0.46727545719223995,3.3735303313833054,4.343952648617966,6.2778742660139075,3.5648900542995388,-
0.365688374573078,4.186506467429142,2.2609356029322143,9.9731040722886,6.627845317513229,+
6.913464393712143,8.199527139126415,7.6883171895327616,3.7685117910284163,3.2664331176443264,+
1.6702965175931095,10.0,10.0,5.058847965312399,3.909727251377616,-
1.6101195234370136,4.747204632183325,4.8370083036101255,8.866320779414531,8.729949753343764,+
0.3041451478113824,3.52808023912853,2.871989952588042,4.344151965095988,3.990927032487542,-
2.131245948357651,9.817457192913382,4.143730229780073,9.283356489788169,3.2660664607483936,+
1.3674352914052423,6.873750051460808,3.0880082592823537,6.679434638446137,4.676702531802656,-
4.012997619482847,0.42186727307617855,9.834630679982714,0.31745087949873296,5.099913732441457,+
7.663540685420463,0.44112740963467856,10.0,0.5685782975087404,7.790374437366164,-
5.212033284947401,7.53502504812251,8.113613846807073,7.009567955455992,6.812233721904159,-
1.7738692714528062,7.024663987902228,5.447356567643658,10.0,2.861386330283709,+
2.7864998345902716,5.447642447749459,4.489156914626995,2.8230320452673285,8.470662107261791,-
4.365640567581122,6.8512922437674115,8.942314969273127,5.565415190817593,10.0,+
0.9695517170299994,4.773014354431649,2.082795577683554,1.2119375334474713,0.38359921087621207,+
1.8214907817634505,3.0873324842879843,3.656016382631042,0.4663422857571137,0.00965173392563401,-
7.8715716337657735,5.418743003554425,3.7087688601364945,6.245693353416566,3.712776005431807,-
9.413124577572136,10.0,1.663273719231752,10.0,2.8363802877094075,+
7.347992995260604,8.1129952339888,0.4484932036286826,3.876827954611455,0.4104023522387068,+
10.0,8.94745002503382,0.6130345709869024,7.2970270486985775,0.539612844300266,-
5.6953779505168365,6.590696455727559,7.5607559417247705,9.180461059212421,8.67613841130735,+
1.0946241065511462,10.0,4.622949060169698,5.024025167086375,10.0,-
0.7017045241154762,1.1697009667493863,7.893399219763349,8.56164575676172,5.621428614783169,+
0.017333947260457516,0.6088453678720525,7.883171228853119,0.01203262788302786,0.40974801267212274,-
4.488248834195996,7.879470498354512,9.715568919444987,3.075650147163392,6.214713806460912,+
2.0946306345001964,7.45174817175025,6.223537011952973,0.7203073155853517,1.5501501357171974,-
1.0400671994536603,5.628848858304883,2.176321978702468,4.117956647087482,0.50607519541779,+
1.2417707111049892,6.106870111136331,2.7858892616050923,6.7489146980570975,0.28914704249429696,-
9.354052939076729,9.38151275862711,4.077017511725347,1.2650022144316153,1.0494202006841546,-
5.466026944349463,10.0,7.444429124069542,1.8073932855524246,0.04973479796392066,+
9.23132530894665,2.751189490077015,3.8700945506965767,8.435866336325669,3.823111206062746,-
10.0,0.8776694971170406,4.771600234797283,1.5683749673555922,6.699054662960582,+
2.677914048465161,8.138563195833727,8.422523947235133,0.13984620450509522,2.211408574256859,+
3.7373287044512318,10.0,9.082916938522086,0.2119809418652387,3.8421497022312554,-
8.73255387768154,6.043361683178126,3.15292078733958,4.0352072961075605,1.0804904610023802,+
10.0,6.7767325535289356,4.525619928120628,5.670122987541048,1.2783054041907316,-
6.2111772956952835,5.05672834184843,5.655553611211354,4.387389290956555,4.181746447557545,-
9.294307948848344,9.392737680497326,6.091391703458052,7.688587450587529,5.504253309152551,+
0.9391358549591489,0.914169483521825,7.813786420552569,8.75090620525444,0.49506596751395127,+
0.6398394131776072,0.6431507243166021,0.6044625472091913,8.11657343278377,0.38641823287032895,-
6.21947168994971,4.274260857468675,0.34940843434334234,7.767744014654905,4.41905616140693,-
10.0,5.460262464572511,0.4514193288760943,4.1438435356701735,2.5976047121823465,+
3.336667330039936,6.026941625445257,9.338713201347554,1.598505800563661,2.487216806693154,+
0.4012222919058504,1.0573207636715147,2.9170429333250256,1.490109223935317,0.2411253422917992,-
3.333887301819416,2.565690025859859,9.935123181636326,8.450585717233364,0.7965554219848303,-
5.161253425145265,2.278601332478527,10.0,10.0,0.5819328039110443,+
9.578148407969794,4.83217126790517,0.6042555541093819,2.6165190495143245,6.592471080353228,+
10.0,1.222305026267164,1.169602899973008,1.5398279418413383,3.9195443549290796,-
2.8260016274124222,6.843624452617153,0.6771736235809633,8.89774640729893,1.4709081511968602,+
3.7768726649620006,8.894905145197276,0.3365946692656421,10.0,2.497477750658755,-
8.85095437704327,4.654766770043432,1.3897684893303985,7.896281327824858,7.210077822878721,+
10.0,8.290647120167273,0.9774350455790929,10.0,10.0,-
0.7198998526236233,7.41597638326639,2.874610358601657,9.778224483162871,2.254246321837632,+
1.3578753263342977,9.426874428959707,1.9433778164180053,10.0,4.321374559984696,-
2.6297136604501334,5.43513733220252,3.690051281902872,0.03096244434650952,7.686374866704707,+
4.6852831811326485,7.112076814628197,4.9974247597865675,0.03638919340910325,10.0,-
2.5184576104830536,1.5444998281724032,5.089821692408606,0.42069311198595805,1.5722696744566245,+
0.6490525518125638,1.6570903760997415,8.004711912835177,0.2521218079864737,3.1262471694624754,-
9.499605217459964,5.967074851972718,8.25690016634667,3.4962784152679682,6.076019937006514,+
6.349467990593872,4.041631123386155,2.2351629894306315,1.7325676643861716,3.0580555560689273,-
3.8183909882733733,9.404555969590602,1.2459409570171232,6.739159717083583,0.8684018441733998,+
5.822466633205213,0.867675852276332,0.7817243268943295,0.053392469004726995,0.9050371901155478,-
8.033101430987568,1.080846387332619,6.328386197627748,1.8634684489954911,3.758753148843498,-
10.0,0.10540517341679356,10.0,1.7099341410372213,6.4929686841773355,+
5.500238329626982,0.7323431806131497,4.541701335276227,0.07255673670485407,9.990644263308754,+
0.40807583903555433,0.0656763807528884,3.506223769898123,0.02783894851290001,0.47268590902538726,-
8.854807709201184,0.33773166876937766,8.336047901665996,6.463516173084419,2.5918452903465026,+
0.4390721779183707,0.5913825948248062,8.870936910603263,2.9784816226608593,4.4727202666486345,-
3.0894535744377816,9.851074743423773,5.444363967344331,4.435436659235189,1.091623294796501,-
3.1431025897124973,10.0,9.863040072339436,7.334273038821174,1.4262521714619918,+
5.7692049217491554,3.0756870257303093,3.058745320556536,1.549287421175004,6.274518200933599,+
10.0,4.633915427097883,4.652122134676928,0.35291512801462177,10.0,-
5.9729140009658295,7.8035974725571915,9.3661378321681,3.056897492518326,3.889506573679087,+
5.29557257376223,10.0,10.0,4.758256942684272,7.403752317229366,-
7.365008308989166,9.302816075981678,7.378830800105738,7.004723254315292,8.27210015107203,+
4.8721373777529795,8.500839373529912,4.9731690507499735,6.6202248530742365,0.2500166613078259,-
0.8126701959020055,5.200616602542989,4.463694955861412,0.035770647872300776,0.8341999095788066,-
0.03706883320547652,6.175370826314152,0.563506363846887,0.02004860128015572,0.4295300015159698,+
0.6874496995244483,5.997379990421487,5.814780975715523,1.6672658110251692,6.678364454984758,+
0.4494007821675458,2.9999378630919527,3.4530317005684785,2.621252801366004,0.8279264429941722,-
8.05123159468226,8.546455458022272,1.9566424432281981,2.1999255405676954,9.534617570783112,-
1.0253031202391625,7.594437678460637,0.7437893963442639,2.3313056489219752,4.004418668075611,+
2.3052022496117774,1.0396230352470692,8.383348288235965,1.405065299953292,9.17948881404402,-
0.1937530558140869,1.374188140432642,5.273312207951213,0.8211593995062889,6.786217974249551,+
9.279602312603727,9.209466906504247,7.1054153787855645,3.857322136563127,2.918637947771553,+
10.0,9.674137657946225,4.850281655407808,4.604613025099547,2.763382329995875,-
1.4801340788968786,9.424763237664186,8.966207199870649,3.2502398827489207,5.230772019545409,-
1.6354665815766904,10.0,6.991971569808772,3.3225088743839706,4.689451175281694,+
3.999320941811199,8.90856627797769,1.6755860033501446,6.535069974772777,7.602505647979049,+
3.030961987134558,2.733543642926285,0.4318532818266516,1.0774398086071681,6.940410198870274,-
8.59758351126504,0.7543909802116544,2.778643488412963,9.137205414884097,7.543804671919019,+
8.479870614752516,0.5998142154541317,1.3445169076534804,1.979853453360567,4.603381692196328,-
4.356942433934632,1.5192726758189257,5.12716960909744,7.477130684733736,5.921177995756758,+
8.60533242894763,2.339744311718201,4.523697912567104,9.891568570120468,7.696259946004205,-
9.360431736518487,4.400450619995251,3.2817474143965764,3.3075592164521783,8.868682161939883,+
9.52499253339956,5.930760872653642,0.16314437936395204,0.49883597655899914,10.0,-
3.017173069015928,7.41396017511545,2.816574673709079,0.3086326817954843,6.478643370242681,+
5.171488585855855,7.582346550004355,4.9958365340165285,0.5787327093467234,2.0091594712362904,-
4.4717432291558525,9.124715563328143,8.932992282261973,3.662544099762229,4.763169651096971,+
7.004961540844972,2.2605157491940084,9.650293656157862,2.6413934562717385,2.318407615503379,-
4.730542326289675,0.18773790967961057,7.713502522487559,7.6867137982215965,0.7730892332992745,-
7.737988946477454,0.09343616458560722,4.590362860747773,7.21198711502698,0.13957022088453302,+
9.130946316952649,5.679321842820158,3.7175655137979193,0.07140926287854121,0.23404619195089627,+
2.411327894859392,3.086864820362195,2.4059967073571458,0.012189881862226614,0.19872654854639935,-
0.4748463371619671,0.3363086803625237,0.5626570806199271,0.25261873934914636,6.613442696026665,-
0.837010939001246,0.45040315030054123,0.6742952959039304,0.49345530001953886,10.0,+
1.5450416828034041,3.8363390191578537,1.3156239107435974,8.95074788982482,1.3627859050619395,+
3.021302959512345,5.2803603573308395,1.68354270204244,3.9013486986176575,2.561961068068878,-
6.820420607805958,2.7753727130132386,9.601615583741335,2.5555500997793335,3.8080395622161967,+
4.605275668239991,2.4273274823163584,0.5436779898784188,1.329272556100074,0.7836959612929245,-
6.839469307742842,5.772215076073538,9.237209281206646,5.492000193460011,1.3187045635016303,+
9.37252171636666,9.541148632148992,10.0,10.0,2.1165362101733054,-
9.124997401051784,7.935699088533178,3.5630794075823093,0.6913514521829889,9.328320187765181,+
10.0,10.0,4.196344252604862,0.8213101637149329,10.0,-
7.876557518861365,2.3972221615469893,9.428262396344318,5.487347262214075,8.221047183021096,+
7.9480047698541885,4.053198900063752,10.0,8.719819589176502,10.0,-
3.945610191674981,3.8010204273792523,8.900971193038012,3.4517335635835256,3.6850700357703015,+
7.877697417155907,6.4525972411259485,10.0,4.012667955550886,6.947872640492437,-
3.363172408684737,7.535438753244987,9.95400724745815,6.000483691341226,8.788791372717542,+
0.03693016825354495,10.0,7.644478562411406,1.03801164349882,4.1009094857024815,-
9.565196920681153,3.472789965751258,6.509696755676676,0.8857943653067302,8.77106652222216,+
1.1744666749881303,2.590817244572561,7.962933083181842,1.2156328821632951,5.532642126144023,-
7.774696036512935,6.678367669683922,2.4254864708993393,4.50772777689483,9.054737267187601,+
5.577534115762071,0.08862403785902843,3.585982704925069,2.7868215806417678,5.609110490046537,-
9.592378532085133,5.113848617626225,1.369161687591578,6.479327146064024,7.92330284015356,-
2.229141556463739,0.4079336715593025,1.451193205224445,0.3633811293159606,3.572484481138531,+
0.032001501222218565,5.013454693759521,6.019111651299567,6.1893548856801885,2.41315494170904,+
0.009036998916627653,2.184483504355316,2.0187761916218983,5.195685257485918,1.7791313363175572,-
3.0207140535067847,7.137130547779719,5.714783744155642,0.35938675574087364,5.5426289059305525,-
5.970619421058649,8.71101877370849,7.614319930722087,0.4484829553675202,7.624999711004088,+
7.720913438212219,7.853014895500998,7.568449388087842,3.753764457016573,9.400396745983619,-
8.157412542288439,10.0,10.0,4.278796482057864,10.0,+
4.01074168366509,1.5577894355537691,9.993233883340434,3.245251328548532,7.173700499612336,+
1.2413498774175789,0.254476298427901,4.371437677117613,1.3369599308147095,0.31286033359036036,-
4.202005498701836,4.060241903639454,1.5474577622398689,4.886663636232818,1.6829186688114461,+
7.954808009489739,5.295000807453148,1.556488545727337,9.692026356520504,2.9389503661102774,-
7.5756579711603,4.9118089292027145,1.7641304878158826,3.7044369581832006,3.843907391957896,-
9.0759646943635,8.870084421221243,1.9801391778307043,4.391323253322263,5.163601443488453,+
0.49448488887378295,7.271286896296431,6.794488618750792,2.305475448394115,0.03285277370914441,+
0.0652498636365511,2.351192693144066,9.243829204220617,1.4976363225005025,0.016993831286105873,-
4.331610415846794,2.2851819253658077,5.767727158648761,6.528774931873668,2.895395739551664,+
5.968500884196408,3.2409323601180233,5.180974127893196,0.8907571150616085,0.8611829283958224,-
5.8036681661913665,0.9260574577623915,5.533511483121554,7.113842552330828,5.681272136813216,+
9.172689928398887,1.0546170641706691,10.0,9.292535775981571,10.0,-
8.039107977051938,9.220079762679568,2.6616501777362487,6.780855946488189,3.8923835936031717,+
1.4003187227071474,8.126847866479249,2.5848761726522054,0.7063523101172007,3.711691739541089,-
4.7655095394701155,0.06964237356552494,9.20078001937047,7.9743393617535485,2.280647399186936,+
6.576614538969103,0.1038222137589022,9.833628811061411,10.0,4.109126568243389,-
2.600905735346343,4.7428544997340785,8.588506849114061,2.6064866962198705,9.405757129207032,+
4.80589644350804,8.866291956382826,10.0,4.4873850877358565,10.0,-
9.84601503173704,5.364941884225825,0.31102757272368664,4.126214764531274,2.670668388426262,+
5.877717160870181,2.923882229391247,0.1663712744938023,2.9357266061874725,1.2140807196732892,-
5.149205426385283,3.854238035967609,3.0563027427680414,0.26752995485191167,3.328811512669035,-
2.091105422442154,2.252714420445758,1.0621423787536328,0.44231828874067747,2.8401672450703983,+
6.2991617324420615,2.9232385147369353,9.861772374129194,5.632115032812225,9.848448858327535,+
3.420414282860602,0.9394826293176061,8.597033012129465,8.145794606068653,0.9146523106405697,-
8.867245739844327,4.041908995489614,3.7527086060774852,9.995338759440353,4.207492725158296,-
10.0,2.826362686863962,0.9301477741677655,1.14628621001053,2.2945910567883403,+
9.22541662536143,2.736777122620313,3.8094134940599247,6.134571375837332,7.560486658084324,+
2.153829023331626,4.103434308220879,2.6021600795990016,10.0,3.578699110123817,-
1.6375196016163174,8.991470362787384,0.7229091767036955,4.169625344835275,7.112336293814698,+
0.631938609977248,2.3234312653519362,0.18548464469306117,5.6827092434171655,6.635028915135317,-
9.531748476870758,1.9461346588364392,7.749508359991823,3.864595083070018,3.240219490307794,+
7.0744425827213115,0.6603110363559472,3.2019516981645864,0.9791997794831383,0.2899469845115657,-
2.6565686658687415,0.23679827064486125,1.9818671029667168,2.969563741055725,6.503776416902694,+
1.9594233588533383,0.15344353388403503,3.08060039863725,1.590274859243842,10.0,-
4.341228667064566,7.895205061439788,2.7705190383838962,2.5591323096664143,3.929760202812048,-
6.5063321284485225,10.0,0.45578235890412716,3.812515636035265,0.84054490702623,+
7.464713343885643,5.753314862638526,8.910619044635812,6.121692994413602,9.42508096558326,+
7.38003892794966,6.931028406367968,6.95442361751716,10.0,3.719025919521009,-
2.305662618696674,6.069021390282471,9.167058293132529,7.798026733885801,0.8260253009908491,-
4.53331957915926,3.5384073061558587,10.0,4.599442595337223,0.9619433266527259,+
9.397387472977757,6.940705444770288,7.515878455964352,9.43532194354142,8.497195999065111,+
4.100012589991002,9.74462114390241,10.0,2.217801478535253,6.545666998705403,-
5.855239183069619,8.612710116289543,6.776711438206834,2.8115374604529073,1.985060555902105,+
9.978869102374347,10.0,10.0,2.2379325595186796,2.3809325882701824,-
4.2586041858014765,8.849097603183381,2.054227022805053,4.812272791062888,3.5724741472521493,+
4.846008805552879,10.0,2.653005482596545,7.8857753412848055,1.81025953361822,-
0.2164217436453597,6.913328056936246,9.212551483709897,6.695812970497638,7.441898853211466,-
0.3426252947086784,9.985054978782923,10.0,3.6564681026770627,5.2972631466698905,+
4.8924052411513195,7.84660204908782,1.3712386621875117,8.657553545414814,1.6209130323496546,+
4.49438217432917,10.0,0.10480870126285312,2.0947980240709554,0.22596773341756793,-
0.505723939740802,9.965277380185524,7.596875661188939,7.700399221164533,4.9329050211450545,+
0.09469427111474596,3.2057027888292002,8.472527442678828,10.0,1.4771117955197646,-
5.272414183521717,2.2459122966684197,6.134005195432765,9.530505502303694,9.919629708859809,+
7.655419774716285,3.7474555783919623,10.0,7.571661962381829,10.0,-
5.149553155407295,6.880291554738384,1.197467309827841,6.673247460438775,7.885760632594837,-
0.10992277745070012,5.1741093234258795,0.9917779220872904,10.0,3.266502353993511,+
1.0479699767094164,3.110749313319461,6.7339829486346225,2.8156517396082794,9.126141659384887,+
0.5701273817321922,3.37960561178519,2.900213620736102,4.6583258514957615,5.733431699296437,-
1.6616442378263296,7.001044749679576,0.6959652511742997,6.478854559036166,0.8165834972168684,+
1.198188355462588,6.199252030364065,0.12463625385349987,3.82742981770511,1.4938059399717618,-
0.03524386675453517,7.639082027938397,6.957136941054081,7.96740775163678,9.202813954157413,+
0.06851177028359962,5.0601189823490955,10.0,10.0,8.963836706228012,-
8.374885936495955,7.29531117998574,8.991715288088377,0.2081006521874018,7.719972500493912,-
9.091095485779764,3.5767012785058605,0.06795091220469829,0.14724876921622823,7.353036818011417,+
2.7801889561000195,6.296339101604701,1.4359942728035835,4.916352774312904,1.9781481742351315,+
0.5313321588325712,0.783771765609924,0.3874425197339163,2.759733982862991,0.9787977644432696,-
0.8769845901669482,1.1573933834038985,8.378543350234878,7.7473739079458115,1.827622342859594,-
1.1928267575151195,1.905845873535762,9.535277826717053,10.0,2.0464565382119786,+
0.6251630219039195,2.006999593577683,7.833316657138606,1.127148182551232,7.704070512437068,-
0.7617133508554784,3.4424057669118144,8.332799064833903,1.992160845033374,7.81045915845663,+
6.211885045961687,2.1722243447704948,7.939790610239882,9.161404450301747,2.284135740162754,+
4.685714573289267,1.8358986091035308,1.9368431896841036,4.203791323358887,1.5719779641438199,-
4.089677302047193,0.40118423237562983,9.69427690710891,8.633954578647394,6.5213459185654274,+
1.914882038528099,0.5316753008835082,10.0,10.0,8.62533077912955,-
4.0649066556651405,7.568721969223814,4.587116554692353,0.05924326287971238,3.730874699994089,+
0.9796581778256499,0.1897875185862529,0.4503797458576698,0.11128024484605342,2.28231391204847,-
2.4195368166292255,5.162495253785532,9.564644881522337,8.245149312591879,4.258105790260128,+
1.0072727574295095,3.6570011176740613,10.0,5.512542746092866,4.282664699206317,-
6.159939596943982,0.10653488940233657,2.414415888975041,3.3652943167269855,9.132277320717161,-
7.619295714317774,0.1287470922004267,3.1005228504286424,3.378540682728219,10.0,+
6.994545675347491,3.229424658610862,2.8216560291830906,6.190539279734223,3.05233525569777,+
10.0,1.788626577549655,4.953994175199792,5.947324118164651,1.136468292965052,-
8.178720698331635,5.825809571491307,3.9033482495901928,6.347321899909208,5.200909388998724,+
10.0,0.1680809994832355,3.771280745203749,4.267982300715401,9.773107581240335,-
8.269204834566239,4.555848850110015,4.275158852674336,6.1503348074104665,6.5377466198363035,+
5.625059172877022,4.51754289973088,3.7513823048398742,2.913606019802214,4.691481557886442,-
3.4938967900676445,7.517406385443085,7.040594269482527,3.870800015357453,9.58455672827882,+
3.228002436350104,4.43464764519747,3.8440555515401686,2.6925012160666975,0.44764690212952135,-
4.161822706023313,2.409397068526258,0.9131808511465245,8.788119035439397,7.8575528306729066,+
5.337493648524585,2.299492573695984,0.9093798155144879,1.1047559646534013,10.0,-
7.577260010347637,6.757923824938073,4.258518191042344,3.5204998928822318,5.178059639232183,+
10.0,7.7519981517396515,2.3963510065109754,3.659179893791703,8.23703819515635,-
4.274173350724678,4.900223820386879,1.8316453014344436,7.48839699124356,7.053433709980569,-
1.8699719360934408,4.199866183138496,3.3576725236678002,6.229089310526247,6.929374726432012,+
5.18775518430874,2.573392473863932,8.100530109989982,4.8380933701957405,8.36220593408711,-
1.698248349294341,4.943414469900588,10.0,9.254448375215137,1.0600582069224802,+
4.602989736533064,9.32536791829383,3.4545440957440787,9.386304675051774,8.493594633286342,-
2.303079698231864,10.0,2.9780844222481977,4.129264669267268,7.023668253847094,+
3.51081016570723,0.26317036863699794,5.494420312106369,7.340879835760146,2.949829942343054,-
0.3391996186752014,0.365749262891261,10.0,6.600642433175901,3.3158713602399987,+
3.8109021615303,9.677038728661936,3.1527767530912696,0.6174005996177345,4.552308987311273,+
1.2073214019072531,8.407645041105441,2.9952519828548034,0.3355473571271961,4.4518428006356405,-
2.0534544560963908,6.788698690350118,8.642341754286548,6.252526640311639,5.271508332581258,-
2.4076610615913454,10.0,10.0,7.63167627310042,8.272928023622184,+
2.882676736423715,3.3260441727817582,1.035741754134959,0.7520182388114904,6.675221295601483,-
2.246759190192522,5.638048055632987,1.3770937386356668,0.42117310106749195,9.0721772273744,+
7.558838188239601,0.47610535073642435,5.355938852791507,2.138397177070525,1.6210763372556702,+
6.354861317901015,0.019583668107897894,1.5689305255748258,0.5257305933659412,1.5064540607922006,-
4.88656350724407,3.8567682132810654,9.650136994568756,2.7746722323631277,9.173301229809143,-
0.7397771610550916,2.2108420265706386,8.923350810443164,4.325995778851527,7.021572984081218,+
5.060048883990537,7.677327836256069,7.010454662333119,7.928051583855761,3.849305657032589,+
2.748662905339801,6.454024108142699,2.3312852871769776,7.394943456112706,1.142630624125621,-
0.9442670644544693,5.1829864225417275,3.994230233002518,1.2223141383952885,2.6079667433794174,-
1.3937764219540683,10.0,5.069690502198694,1.311677738945545,4.546608445094583,+
3.773090349686008,0.42585462086771053,7.728928700343812,0.6661802464746147,6.209055370797778,-
7.291730910770442,0.4746308551152944,10.0,0.3299718270728446,5.6525551403416365,+
7.578647733776641,4.996603264357342,9.27909793095832,9.459179692666524,7.294338071787775,+
8.766334280074489,2.693079773597849,10.0,10.0,7.308574711956603,-
7.196259265006514,8.768063596070792,1.9998113970031495,7.057317236643458,8.32809913462314,+
10.0,10.0,0.12696059466949275,7.294960973748514,10.0,-
7.791758622962776,1.8899021543939298,1.7709162504229559,7.926086975163736,8.34125401190863,+
10.0,2.1349188870659845,3.479381366378118,10.0,3.9242885091754878,-
6.744591792050219,8.682902300496561,3.7742158870049582,6.942500092610296,1.1629046646808672,-
2.816576779418217,10.0,3.306667870811049,8.485344861017689,2.2848227549683338,+
8.7545185620098,7.004491409479211,3.4491846889517808,8.514620249629118,0.8984142041964949,+
10.0,6.530706997219315,4.268536261762956,10.0,1.3681712875818721,-
7.680113524710546,5.798437983889372,7.573076762278108,5.4677823018297005,8.137207785305138,-
0.8770359957353381,4.510942854548558,4.262625152173217,5.170802802860052,8.684848296223201,+
2.1465269293711553,4.373676489760758,5.881132151284069,9.169825975682906,4.075914160321666,-
0.02243222256019388,2.7771942357836656,0.12539118812264355,3.805195034497597,7.575768262988399,+
8.589297017531871,4.6899166228027305,4.053072488686467,8.441060309291405,0.2087427635010508,+
4.26634886770825,0.16102197701061383,2.6395941921125385,1.8317771162651455,0.19748093469260788,-
9.208605794590927,3.914275558204575,8.021287355344457,9.605215989374523,8.176023993868348,+
10.0,7.495267650366367,10.0,10.0,10.0,-
9.462279093911278,5.012753555889699,7.440461815128991,2.0449531030866064,5.694472720389776,-
2.729257618492928,6.619361478693926,8.352024607388964,1.017669425211867,9.42463810808326,+
6.6054219953779025,2.2604519977650037,6.613227427877163,4.2423118141129015,4.097254098666994,+
2.3216213503063705,1.412974018308068,5.85033064795507,0.9875776613370778,3.4163266631653317,-
3.796889129587162,2.6531892351371478,1.6425135042362937,4.7783724538546215,4.929597918998557,-
2.286235496033088,0.2230559964472136,0.767392235467042,4.083931060747507,7.004695077158366,+
7.852648819239193,4.359986610021348,6.358422752810002,4.996940845109174,3.977255115227647,+
0.1102720873514772,6.752467639678243,10.0,1.0370761779360578,3.823613969654639,-
3.7676187141145965,4.278946086640449,8.262474542896094,4.037372417188889,0.39859030312341726,-
7.120147272494544,6.82891881439142,10.0,6.706497146153363,0.5588086794443489,+
6.059565852095631,1.374996948306244,5.073599508439242,5.724060976934356,3.2036677384421584,+
4.799017408229509,0.44156284074825014,0.8074863033543938,0.5556271495244328,0.15436780481730103,-
1.7373585633063005,1.0347047256085073,5.155850601164388,8.499815896713878,5.8019381216150565,+
2.8405885051966733,0.5155781967295061,4.043326272246558,2.519760197224332,4.775358570025048,-
2.2392834391209684,4.157025013303497,9.788850146571834,1.3136331749951924,7.217774708120389,-
3.7831271553533234,6.096049746995452,3.1504776256390454,1.0815144552414733,10.0,+
7.506099225578962,6.445986084160272,9.903778261096628,3.2908849761469794,3.2363644358546697,+
0.91662585206465,0.8976275775270207,2.482163013702002,3.4875995953229912,0.5374053294374138,-
2.230006928508433,6.336579839711922,6.8566299142251435,3.032257455122269,5.592613091486298,+
0.2908228408913618,0.3960373797664878,6.171703175925659,1.4993147078906726,5.38505504167377,-
0.41945691515278494,3.982345868459809,1.969888502038608,4.004674653188571,2.2067538022686572,+
0.29205130754499775,3.8260476686388003,0.05553645855083339,3.1414384163968743,0.4090542679017319,-
0.46150325974267936,5.688989658252902,4.788720070765131,2.020469500607456,6.559589380259181,+
0.07797799817763583,10.0,9.527058021578675,3.198681444404953,7.073835392626938,-
9.502130180298096,1.7163349616818857,0.03797800641685778,8.590974530145512,3.2402885314071894,-
10.0,2.0265005225167982,0.06498341926354043,10.0,6.353304004611989,+
5.85896189004538,5.673109770738865,0.729364123346562,8.139293316849404,2.422099673905435,-
7.3637304388848275,8.020095069481371,1.4253702779030828,10.0,3.630538573661676,+
8.562683191943316,9.399073183412684,2.489494633377328,2.9761946881702404,7.103645786184874,+
10.0,9.858882685836532,2.0893870570000947,3.7733078097135615,10.0,-
2.3195792893423786,7.16334340923177,2.6326214172775932,5.173474246464131,0.6143601208363914,+
1.3270742799157853,7.6223070412204885,2.506792071007406,7.232388069776593,0.3111536790267073,-
9.302261642016491,9.98960761030549,7.587587145871003,7.0142933712273505,9.25643639472347,+
0.9923946393872953,10.0,4.60675433809367,7.161303269532008,10.0,-
9.35664023634724,6.148274749850696,3.769558026293651,2.8098936643463643,0.47601085117062847,+
10.0,9.338030782644326,4.235941363596262,1.5858924021048924,0.7064454485427067,-
5.175492782022087,0.660895031526515,4.842517102526602,2.2377565387000886,8.665629730703822,+
0.5320215702125063,0.010715159638588293,1.7097090150063181,1.5975993403087478,0.7670207568850329,-
3.6833695796022803,5.123971882758954,1.8763235746737716,2.6854574168795864,7.437523577107558,-
5.1893982955508395,8.61814408450447,2.3818291449078144,5.287532793281836,10.0,+
8.999326208476733,2.2461196295745776,2.6190451382151245,9.247864350416291,1.381432576805326,-
9.095918651246299,2.7810443547584605,0.43239337848912723,10.0,0.6466977744579654,+
7.857489821080615,8.951190765431726,9.010890142159663,2.384005823794293,7.808494897917557,+
10.0,10.0,10.0,1.2975495280793374,10.0,-
6.057318886614183,7.440864188767672,7.796236031643251,9.956277915346202,7.271718138674941,+
8.371702287622291,7.638835851610567,10.0,10.0,10.0,-
0.4151850470277485,5.46833818867846,9.328015072817353,9.445669979949397,5.54505468898708,-
0.5547462981045144,9.44037905157214,10.0,10.0,7.569028038674471,+
1.0534172905387096,7.86440763918719,8.012933024311062,3.820195346374027,1.1394957679653905,+
0.9342126434682104,10.0,10.0,6.43111133087747,1.7604261596376785,-
0.48709307309521277,7.111649113023278,6.972612544653854,5.815719000458776,3.6478002925063766,+
0.8322355254481428,10.0,8.796974577361397,6.494329750698905,6.8632844415550025,-
3.728223349860812,4.103348367200228,0.2807676616541499,6.786844688058384,0.5438926219501061,+
1.2855949120663492,4.299022270483097,0.34452518350904665,0.2976436042122068,0.9024553868448605,-
4.447866733218538,1.0800543580394617,8.247339590628151,2.283460037375993,5.811786192486927,+
0.22075632798129916,1.0679554895134278,6.529901920148654,1.1678865797511386,1.6983811373223492,-
4.252764112417879,4.268075924093556,6.673171316681983,4.022446945328032,4.401710858111723,+
3.9744747790576316,1.1625898137667223,1.7073952026862012,7.581969903569503,8.20913327208069,-
8.005865628309088,4.586303823111015,0.16189025840012805,8.316448861246656,0.6810826879869913,+
10.0,9.119755785728714,0.2366679721265038,10.0,0.6863994144682005,-
0.416922731320738,7.018919565583603,4.236087417214652,1.5091639124191503,8.223803541056853,+
0.3038263820660786,10.0,5.755510554026828,0.8568512899008792,2.536967886915324,-
1.6119687156041484,2.391997692961932,2.6800862085861343,5.233020171638762,0.25210166244911125,+
0.017135928951450677,4.598161603470899,3.0458921531271543,7.783859535302427,0.32148296328545706,-
6.84594482575022,2.715676462982133,0.034177941154425184,0.0034467668932869344,3.7126980168733503,+
7.753148927058778,2.707279795366694,0.023299596155911862,0.006600534131855608,2.4997028440186324,-
7.03513081794952,1.1088168409788524,7.502264707260937,7.782265646599545,0.6645018145249215,+
7.0068859251090485,0.3613040421567602,5.740746926924774,4.3336242712137025,0.052470321508210405,-
2.9013628264562605,2.759382895182502,6.848467978770065,1.3021469427424859,4.923807784773978,-
1.0720151484273208,0.4496361699796663,3.013763964892764,1.627631042763361,4.8236042081811235,+
2.6111714058626676,0.4255784225157788,0.2859676798560573,0.10156253069050769,7.894868437221804,+
4.892552949544385,0.2411241748651075,0.34693882103749224,0.16484473629238217,10.0,-
8.524561036134703,6.4118042029939195,8.747810198846844,8.441691118277463,5.439417236908545,+
1.5976326310608373,2.299878785003295,10.0,7.9780428761340865,3.521118868881499,-
3.1024121044520236,2.579418404587086,0.25048107456495106,6.2427483166049775,3.0875420299707534,+
0.3225807985079712,0.48439125388625426,0.18364761252438197,2.7104766156734086,2.4742720022788776,-
4.200371248502539,2.8596671986834856,7.299322574379358,0.11776560145440595,1.5262502810101741,-
7.400931095225291,5.471409520197679,2.1800389582866524,0.21142929883892186,1.2482135107389172,+
5.578555629299196,6.438249341163161,7.278364033670638,2.5636209687320575,1.6188099923815324,+
6.377242284529772,8.621974729976907,8.392994437986347,4.974458995901747,2.9937967449923524,-
9.433153624387353,0.022065001061001288,7.817477747672283,6.823635601456468,3.2040444141536195,+
10.0,0.025726404240475922,10.0,10.0,4.217177189393273,-
4.123308477082547,6.696691230020066,9.755991863835074,8.13879086793603,9.057606230646984,-
1.0594493776875058,9.571611305418548,10.0,10.0,3.5249617057386953,+
8.177597117820879,6.777012189175137,6.599180560120051,7.753775142835629,4.643277548329355,+
8.989881655415564,8.602409246750868,10.0,2.80274445749545,5.981099836569998,-
7.287009449176852,9.231896769858942,7.9650621567068525,7.433523019419833,2.2401803130373654,-
10.0,6.994962921384557,10.0,5.548037499480619,3.892185693869793,+
5.916434510589099,9.765299873052703,7.503185303837672,7.436457633803936,8.12120303441978,+
6.353551782394884,6.011437168817354,10.0,9.903203198973015,10.0,-
8.764100264647789,0.7968003579653782,9.663511911757842,5.965063272047274,1.7201050347936042,+
6.3093535617083605,0.2712453514276284,10.0,1.3852075181111805,2.4578083609034658,-
4.0905122265249165,2.6737263028393254,5.588043054310959,2.207941633756272,1.2502416857307819,-
5.059419369404191,4.037762575982729,2.3634382641233014,2.049156236056986,1.8555018422674494,+
8.695188247706803,7.1096168601037535,5.18045576791309,4.461390366086853,7.365004312730889,+
4.057838765795007,5.1491989897958135,2.315140495986348,3.6011783024178508,8.100079845741684,-
9.210726136839945,0.20459524664957374,8.172159705672993,1.9372362094921147,5.613962321091498,+
5.882408338983993,0.0597102836188378,7.523631387355381,1.8544571358371846,7.5265142586057685,-
1.7866939885308808,4.855058959955542,0.5915454356358141,0.6620931173486144,5.9330988312347355,+
2.26558570862822,9.009723180101018,0.0022973247655520574,0.8631174106988759,7.170910748164814,-
7.427273904528031,5.181560505829195,8.300000113983181,6.392167151113194,8.21284628650998,+
0.8526725782614601,5.356095320387596,6.714631428272436,2.1518667447565463,10.0,-
9.851442449412794,2.645196848744379,0.6098425577689837,0.8134041918726864,4.786896679437262,+
10.0,1.6381444645434002,0.06805201102772888,1.2698723646427834,7.289128246014045,-
9.55503159359504,4.865988746335894,1.921418419567782,2.343284208907861,2.352836348974826,+
9.986000426143839,4.44565761701272,1.3508366417888091,1.1684527380910896,1.9781049404241937,-
9.991842283133698,3.9595628692148055,3.0746333064044915,5.097174984219841,2.2826075382213307,+
1.1878985537259183,4.687248272881936,0.7730208685431545,2.3683915117849446,3.805998345180425,-
1.1374862357143223,1.4323984095005005,2.4228172877380585,5.301144794870006,4.783966277329332,-
0.7658080070495993,0.46359281136288394,2.3075505104040577,6.92819722380743,3.03599222107305,+
1.5151258887052999,1.9381243348629662,3.6142877016069495,6.801837154452938,3.153545707436176,+
2.399593763759244,0.6420009021436084,4.385326000426735,10.0,3.2140085536309053,-
1.204328078084782,1.2156151119835978,8.94609473783995,2.890521810159105,2.627255952789358,+
2.2460711390782144,0.7555722548891021,7.473791283365434,0.6348885624465331,2.0005050251757517,-
3.918174761369083,4.1458018820925435,9.523844977369013,1.6006842212649808,3.9718062630049635,-
7.265432571397648,5.848961376755598,10.0,3.1818721905231486,7.8115324989321175,+
9.332985696351244,5.641974522829224,4.946918648080518,8.20675757609528,2.158276874731444,+
6.0698758425283135,4.1708229153156635,2.3523668422096473,0.019841718380279295,1.1502233164649383,-
8.389369998600056,5.5200205708716386,7.268449964940576,1.4424120517167216,1.9719786783794102,+
1.3679300527129088,5.751987291326501,10.0,2.035832586497727,3.2237750887179586,-
7.587976060068171,4.1713706997617805,0.6426379015969741,5.364511923725183,4.636411426953279,+
10.0,5.359069493618607,0.6463265775062685,8.75045737224212,3.299158564744396,-
4.729947226278646,5.9162816857436615,1.4704860720911084,4.68205992636912,8.466977154518373,+
4.535009687024107,9.13643197775962,2.2280727881813305,9.211579605528897,3.8633639659092345,-
8.640774545298836,2.336480872745972,6.054649704734602,6.960216362640144,9.774901801262745,+
3.7219909216540814,0.9949859545043764,0.23825945687905742,10.0,7.291857202003052,-
3.68421677670568,8.49788212953698,1.1944331982919132,8.733137010946043,7.539165032309663,+
6.098395403009498,10.0,1.358840083631453,2.188118105040006,8.527838737650614,-
9.879339002783286,1.3199174948811365,5.917259706765092,0.34433410809780685,7.593924695529621,+
0.34645666228502275,1.9327023569856756,9.52198943300639,0.6871466255211239,10.0,-
6.075611008116502,1.5876246997422583,5.678442949532486,2.4918670375634555,3.1317247026663075,-
7.09792230528252,2.415375306291352,7.21756235987767,4.431253839422875,3.916969178186171,+
9.002300479030884,2.985558827554194,4.810982417665929,1.7757970831253667,4.517803066203298,-
5.612923832113217,5.220150141631257,4.516834983185839,3.3502649856657425,6.828337702560031,+
6.211672494111403,9.351238735559381,0.36858249045379154,5.474336951650768,4.859466338478225,+
2.677630723568253,10.0,0.260370614675129,3.6979553918032395,1.7253091907693274,-
7.318718754816185,8.408216248564607,7.340470519858421,3.829642441606401,8.23440931872622,+
0.9667281905605742,10.0,7.936570325006306,5.637161366735749,10.0,-
3.8420814813127957,7.327009599041832,1.0556150190843072,9.589096179021197,5.538899969360898,+
2.852769075350758,1.183681382569281,0.6376598452927553,3.4757359263567458,2.290622248299307,-
6.44921365763416,1.9837443572369229,3.574254919845287,1.5148252398924245,2.3738820476553526,-
9.802405053264382,2.4902588679101005,5.09586740638201,2.405540366294905,2.673950753511443,+
2.6815094312902685,6.420356844483997,5.383101232381238,7.071030768825176,5.4746751470108475,+
0.6856346815265508,7.97861528335235,5.303045347183298,4.832494274265667,6.817218570039775,-
6.962128123784317,9.695334491096851,6.654542502821882,6.566024209107237,4.7766420491230575,+
10.0,9.674588955428169,3.414193241903991,0.21761753119306704,1.829177742529603,-
1.8797157815485932,9.68875154698576,2.687384790118231,2.3615386179281463,2.000110687929677,-
0.25378823690510216,10.0,2.6941499694521798,0.9120322393618252,2.967805419431364,+
0.740121947741218,9.480262805776707,9.790895789080475,8.557324431576225,3.547552126050574,-
1.0230171452107877,10.0,10.0,10.0,4.904528646358956,+
1.7406942345568333,3.6259455820758713,0.6044441817650148,7.863228686252118,4.798227619287777,+
0.5014465149690952,6.354083268841168,0.8809338025637027,10.0,5.845844450049804,-
9.558986684545399,1.8209914207931066,8.800944746501255,3.306705448466035,7.286789769209763,-
5.962156673280152,0.6081769252269671,6.117044732031178,0.8537611028333547,9.404243529049772,+
5.739796849435748,2.2237294384400155,3.159391199076719,0.12058515974144646,3.68302763681326,+
8.64500983934348,4.093970702847875,4.785376210452247,0.2218554915658865,3.4484197720631418,-
2.777734918191579,0.7766362006441441,2.42899726974408,2.8504058636420893,9.306167910073198,-
0.7604420970958308,0.23063843442852444,1.9840747941650454,2.5419628936895733,10.0,+
2.7887083202864127,0.9856228852563398,6.06214794130516,2.1358529749846156,9.340490222691852,+
0.14388172517398,0.7943313287650144,1.7392919507728168,1.0654456371589702,8.361466705809162,-
8.157175444242302,6.880687459353815,5.840416562826933,7.905779130957934,5.253599724992746,+
1.819322273245207,2.0212285322486765,3.90081770922226,6.40186050890011,1.2731163891585222,-
9.144677649441867,8.730311749047736,5.3236207161726,8.472747407445901,2.6392541928625146,+
4.917871722482776,3.3757786319760417,6.116924758405633,0.4079109978254292,1.4167144111253773,-
7.000986366313294,4.165021776521871,8.85595957156825,7.272203984942144,9.577379707736588,-
8.547129728538351,7.671509162052397,5.310883127315199,1.8285131319589298,10.0,+
5.189668665577075,6.413008683463673,1.82413041223367,6.4307616058693835,6.481441728636628,+
9.193142846511636,5.834528734052779,1.952424626251153,0.01481192502746581,10.0,-
4.003564893539152,1.1957131656333941,3.307999456619056,9.907930799341418,0.07746632746747584,+
3.195930564631484,0.20330260329577812,0.5673415884244865,3.703597736444822,0.04824056425525922,-
3.3546742283200306,3.6858067987795717,2.8703072780380703,8.369397808877292,3.4163446154570973,+
5.83078262952182,6.445901837473476,3.5718608364894293,6.233701662120424,6.662175743189425,-
5.5609627051669985,2.5467842624260384,0.22915839414132777,8.507045038702227,1.5003988816649827,+
10.0,0.007931012898387328,0.19901462478973372,10.0,2.216379670800886,-
6.56120939432495,5.093820119375426,7.791192892121889,5.49460364148461,7.734962080551162,-
10.0,2.6591191080666476,9.779190521521818,7.899669098034277,3.3073757920555282,+
6.588440815665789,5.191917577071809,2.7439419309553905,5.668650773902977,8.03087703305678,+
3.5313493626123225,1.3935841314020774,1.999002267817182,3.728704087695666,3.2589635889533803,-
5.796724730103851,1.172901433723177,8.853014817123317,8.882495284557633,6.9762738000066875,+
10.0,0.33406689125489186,1.7174092006021096,10.0,6.21728048957746,-
3.557053621966407,9.112832016090355,2.693784694848118,9.664106681790038,9.770287485256976,-
5.671653268279339,10.0,5.228269424302217,10.0,10.0,+
2.4210594527598284,0.6777416603986863,1.9480406027574637,5.376451972579185,0.7897364269649298,-
4.4167607551879735,0.891874139837546,0.5481868511756673,5.440847143387141,0.24806936227126192,+
0.7753116710951846,0.8607137890391614,0.6941223603959568,0.10707883077618163,8.636267581591346,-
1.0059654673164304,1.4095127376233656,1.2022744181558878,0.15306851302733177,10.0,+
8.841360354784731,3.7057257529443035,0.5818451908837596,3.9490790550711408,5.380770059907567,-
10.0,5.879168213734555,1.0772466353223522,7.462085704209743,10.0,+
0.7681350260723607,9.354607897100664,3.5812963348446347,2.106366770439215,9.935724987026877,+
0.2892027717978696,5.004433996016179,0.5376144293299888,0.24204700936897097,10.0,-
5.363978936083102,8.610481776421583,9.208753685950787,3.73684684411826,7.379360077699775,+
2.8457645793656114,6.280352087374939,10.0,3.8724734689634372,7.014954884363328,-
0.050064124430957424,5.393163821085116,1.9649447021426636,8.828899518805663,7.351644312649784,-
0.04432191607652425,9.873178705992006,2.811191940000554,10.0,6.179425975984182,+
9.59296160419683,2.4474016685669744,1.3114822763532796,3.1881921105254385,7.748317720621757,-
10.0,1.8924250673434373,1.5217740792809022,4.9921721639919605,4.144461500345431,+
1.1008028449930007,1.735745910869434,7.6508526018904,8.391656848601293,5.591461691968284,-
1.2930171913865676,3.2028085648195574,8.259318837541366,9.681525647358132,6.343578690080143,+
6.529074715477995,7.724108233469096,6.264954357892234,8.056177513728823,4.374941750510146,-
7.029515299740985,4.1640067514530426,6.2437205359624075,2.5093142743773558,3.7601965137029656,+
5.380914332796407,3.936794528514296,7.856834139734017,9.339147746210285,4.616578392353944,+
7.1227174535161355,7.1731713304152525,3.442452309801866,10.0,8.264823941432269,-
3.6791905518880155,0.38840114121112435,9.189591055431746,3.0723583558768097,2.4907129356374504,+
4.464609432926295,0.5206713908278656,7.49015784059649,4.331778039113334,3.2364020916042935,-
6.965123894512119,8.572849805087081,9.751265433985944,8.75408274022843,9.680336118862304,+
1.2994520534414622,4.961090107432339,10.0,0.2090641227507751,6.608876963348488,-
6.0603198272238625,1.811454729765657,8.381365130568254,4.278466459440212,8.067528395695634,+
3.7448696254576648,3.1015665266893553,10.0,7.595831488463406,8.711948118763932,-
4.1391734941625025,6.29857236753619,4.3770847087325695,0.1468121340040407,7.358642650188358,+
3.4294525629639514,4.741208919390019,4.103678975342425,0.012361247025377598,6.370649719050321,-
9.343069540736384,7.632362014623015,7.187377772691429,3.8088908672501143,4.080554303666314,+
2.802928769451869,10.0,10.0,2.7078737062759766,3.64317855339928,-
9.160732361318384,0.05743767366181096,0.8307599692861323,8.285031593064023,8.182000289526615,-
10.0,0.07771026075612768,1.2684215292673313,0.9928373275999326,5.1431493862903315,+
0.40718937240712627,9.96373207839792,4.719191614137896,8.012612181246778,9.681755445621166,-
0.6361461203712777,3.4908949041024573,2.931230297272315,1.9663912607417395,6.60392453997727,+
2.176756164155058,4.181911520523917,6.822613980487694,7.073683681080574,2.743577049655579,+
3.7723359783250694,5.092779569203055,10.0,10.0,1.9794784991380592,-
5.5241492410865565,8.853032433854056,0.36366324217650514,2.988905884653037,0.17998271357950624,-
7.3592094030888076,10.0,0.3026849831195736,1.5278349246959952,0.2487831245862688,+
3.325646162954671,0.9526109707389818,8.501353250890523,9.145654396558548,4.544237464108297,+
1.9364840105798935,0.9613496355762735,2.357315847275326,8.575131615563123,7.7314995054650995,-
6.283539315869043,9.125425787433905,2.1933447759706914,7.381266821640042,3.4985872671748197,-
2.516349022463403,4.5248047709683155,2.06148796746782,3.4062843780452896,5.269976873551016,+
3.560315552824452,1.6820007318164243,5.2103182567112185,7.589593724076758,2.7645628898756778,+
3.889265349154171,1.8615390281701607,0.07795828201336281,10.0,3.582599597846844,-
9.264171341973624,8.998467394938615,9.400879228609085,6.638838233493284,4.21087127759855,+
10.0,10.0,10.0,10.0,6.90886826584477,-
9.540238593028997,2.8942876858965194,0.12340629526881197,3.315775060003264,8.180593348247658,+
8.967558323394234,1.173857892391408,0.012693164227494924,2.578260785441493,7.973926879199128,-
7.780090600769379,9.316015378390585,5.195547329548527,8.422340015799783,9.492032883600372,+
8.25515665713278,2.849253726841412,6.702399161931411,0.7528594478384109,10.0,-
6.535176748449536,3.2291127049577497,1.19519804103282,7.855489412612169,2.985445370005335,+
7.827336809986509,0.954001726098661,2.1441609714068393,10.0,0.5727055488401976,-
6.705157695703204,0.004150894073073896,5.159573927782021,3.863771479209619,7.000271736873767,+
1.6145809240281175,0.0026297596314420434,8.178756235452111,0.8570978445055991,10.0,-
8.310888891295717,2.010705375372608,3.2883213281878962,0.721796024887309,6.770629120064883,+
5.416268025301095,0.6681593818859349,0.7799906076052422,0.6838317155894567,0.8899279285083036,-
8.541181448948814,5.392995394652596,4.585607772178149,1.8327862651507354,0.826140673974255,+
8.129810160013639,4.996991515822274,3.3192751430262057,1.7523463269484443,0.7147603205617089,-
6.313303698996966,9.108662284133358,6.46395071113396,6.137709952369139,9.2955217605147,+
2.8791452542712928,2.8705380072648183,1.6934705462474129,6.1195600329152455,7.2640874519596945,-
6.102644243140357,0.16650607566358278,1.2716972214112432,8.96911087590923,0.9697803915574343,+
4.528858080917723,0.141984140299884,1.237028952135161,1.8377204036026336,1.373896038900061,-
8.776717363259056,2.612681717472797,9.39391919063183,6.395777825839852,9.737454129165748,-
9.888879528065091,3.509673262688391,10.0,9.223931784041122,10.0,+
6.2937497336905865,8.96845469487303,5.178499907823861,6.993854969833022,5.059571895676295,-
7.988193120384569,9.093606197316175,7.637395702770899,10.0,8.263453736039393,+
1.9450907281780272,8.041113975859734,5.204359073425874,4.509473374483991,1.7113933919198931,+
0.6688860919849512,6.896910428533205,6.93493296231561,3.0485416692853984,0.1398689313659499,-
8.581784194956887,1.8593686342043292,2.074620838211785,1.469093372124558,4.8886361916173655,-
10.0,3.240270238833121,2.7255108818795897,2.4136082627137134,6.776441644438644,+
3.7432514129740935,7.959151805823147,7.517352643925581,1.4124682897705632,5.9757488223841895,+
3.5171140788482345,4.283206632683622,8.005683080571151,2.255892131048058,6.188906333920816,-
3.5280824753824156,7.18125151662719,2.1156171612566044,3.1283033486090916,1.1922321209296038,+
1.978517491253975,1.6407013052000805,3.659614182431764,0.9546519368852866,1.8947497082567546,-
1.6153407278320953,0.2795903647492093,0.6084913611825649,9.152267428663976,7.187892032447683,-
2.2212886917831085,0.30689352086238564,0.8196597395820234,10.0,9.690491838886699,+
2.3512526850145763,6.946224183717465,8.105466784280475,7.284456525304349,3.080220984560426,+
0.49118178134611334,10.0,10.0,9.309803499939822,4.657569111711453,-
1.3695540005892026,2.8749036592068213,0.8236323360607323,7.6850983218799,5.63162845542303,+
1.3240376869428636,3.897263058764646,1.1414176011603228,1.4808471854218146,5.219121890819529,-
2.9709523180925537,7.378940472015508,8.34876166806122,1.809718907896558,3.2581804866871455,+
0.9158222137486962,0.0021566030118091157,5.331731627798002,0.8782784947219616,1.016777063261948,-
7.908974884642571,2.0293856624646156,5.9039360872626565,0.5693216037383186,0.16547639496314215,+
10.0,0.35563660736055747,0.9028984047712902,0.3271976741718818,0.14900918268968086,-
9.495016260923867,4.17562166302856,4.503044639222523,2.918724985587958,4.773055193130093,+
10.0,7.014175573583831,7.580741678873042,0.897926026633842,4.910138802132013,-
5.363492256693196,6.486928320303623,4.428806900836616,0.7443305319045213,6.157974549384618,-
3.294852285398346,8.91472708267448,7.457820549153325,1.2111528351000775,1.3781253095570785,+
2.3432441284592254,3.1779820423336833,4.833738831395805,3.1001055567724602,3.88626648494545,+
3.4746558046930303,1.6339548005479627,1.0244817172986793,2.838548087903695,4.373419891233842,-
2.1498619562147327,0.39430654697505174,3.446584387023087,1.4424066286984483,1.6388972574044391,-
2.0448171610385355,0.2204138700578613,5.920114035251493,1.4168745766022885,1.3261422911468426,+
3.773210950648893,7.1817051283061755,8.243473559208903,4.65543500260406,2.666673369400936,-
7.401803136216197,2.008728920894813,1.7091337884799638,2.110248084458648,1.0399395093233088,+
7.695127855335551,7.5789475542145315,2.446785817743585,5.774871119388841,5.2597306636009105,+
7.265245694217931,3.537487728582206,1.408364122874881,4.373340356104362,0.016885642738770166,-
6.8169710114033055,8.975631978732563,1.5888056633561742,3.5255283754656865,2.691031463896265,+
10.0,5.6846285116416855,0.2788322448036096,6.879601913635601,1.2945984217727602,-
9.471260166144049,8.8646252128371,3.795645717047158,8.166592824290694,3.2833066172872494,-
10.0,10.0,3.8905763913636595,10.0,3.3482648488458238,+
3.5683552139373242,3.5846112164247677,8.65907510155305,0.99276400552336,2.6062646389822763,+
6.366781549454044,2.4763944800299207,10.0,0.6036193489866938,1.4073784908494438,-
1.0765560811258745,6.013985397503662,8.954314795912175,4.0903951464806365,8.780842629149793,+
1.2940968164868407,10.0,5.492098090640791,1.6335870261117722,3.3440760537063845,-
0.2699968324522173,8.867166366994605,2.783557425001141,3.886970515363768,0.6633689144640231,+
0.3330500355039953,10.0,2.7844118367686557,0.13804503500433069,1.289290370567978,-
1.0193478295725933,5.1738318444650835,1.3341199389830138,4.446491252063071,9.194912079675477,+
0.7021811098056082,5.602690356630944,1.1315395010638567,3.3890228330585184,10.0,-
1.3863803036855316,1.802705549662753,0.6826860372917876,3.268524847329206,7.639646000597563,+
0.7087418056681758,0.47957640422587205,0.28926408306444723,0.8157754673753711,4.379704186456851,-
5.931157233140114,6.936229599485603,0.0976133689930836,8.797055233849242,9.647899327646122,+
2.076992139508814,1.7916359913624342,0.14862224649321187,2.673969727306303,4.868787116368757,-
5.360542846425448,9.130480898807246,5.863709956978786,2.7528584942238,4.435191983156699,-
7.834725569762719,9.905706996183465,8.428875319642133,3.359042629795884,4.879832395282991,+
3.3254131442453883,0.5827072777255504,0.3807728445322567,9.115322948900712,3.411635605919016,+
2.0191857919933796,0.1406729738241423,0.17198829180267228,9.50489309956453,2.0890480806916982,-
9.831705246214678,7.866444489422754,2.382318304000272,5.392167097536208,5.5607414019023444,+
8.370112330465622,2.482192679282337,4.4875417683688426,0.21740504959767953,4.8606408883503684,-
7.14032500956085,1.4022584481837663,1.555935248949769,7.90054333641571,0.40037642462569467,+
4.939593339524736,1.1481326648898034,1.7932314390331094,10.0,0.06735895148760411,-
7.7471341133988325,4.888772682624033,7.527902757828839,7.62709946641344,1.85194911704884,+
10.0,8.954518703206638,0.5501974823503294,10.0,2.6324693834221544,-
4.746222181706815,5.688966708809485,4.950290224489724,0.482286749389782,7.04844922106574,+
7.570438484265505,8.322310119115704,8.590247276333379,0.9244811854824259,9.190255338646963,-
0.21298549505236242,3.484202957699832,7.311853123002164,7.178082244529596,5.753482949015569,+
0.17731540804349796,2.2804935180827983,1.7994068606170674,1.771113314127831,4.495340529689307,-
1.4392260188235906,0.2374381914551693,9.638731804749348,1.7942123530602183,2.7574483014036346,+
0.5400129282502717,0.3919712979302954,10.0,2.1686152862865984,0.4716897258943993,-
7.005932547848683,0.2532481338827064,1.7617327837814045,6.86237424437847,0.5829411119703065,+
3.4067709079868527,0.10553391234786379,0.052979809555783644,0.5667610448719381,0.22360237460799914,-
6.8025859787597724,2.380949553642948,0.598163115081598,0.47039950939652075,0.6767166460154983,-
3.4308135035793645,1.5797262572825996,0.9986938746486071,0.556035461237075,0.9810319391984508,+
7.855149440372255,2.4915720830792876,3.145965583213947,1.8565290568698212,5.081988345657182,-
10.0,1.9022276870588217,5.29295777840657,3.386602348227663,0.8199151675857657,+
6.483904276973247,0.12602637889975843,0.09910420218327665,6.098562148734209,1.2203749283992504,+
8.90700891540119,0.13766694616134048,0.11228296200269454,1.1505306926728027,1.9754484370798298,-
0.9365715307816813,4.849615852121526,9.617258860462481,3.1883114576133584,2.7511207446895156,+
0.2224700673824837,2.004699569440729,0.7093713554858009,1.4974781553941339,0.6947892094445353,-
0.381130153307242,1.0697187207979075,1.5240552944329622,9.160389571443563,4.568545156076437,-
0.6547469834179108,2.0073801801270874,0.7827418147562432,10.0,4.418014780283264,+
1.5497811115434679,6.200666136835949,5.006765888612544,8.781563600312118,6.91810168136778,+
0.8811215426598054,8.897114194733746,1.0688576291102414,10.0,9.53563314341573,-
0.050014618295718405,2.4323618783713297,5.857764718707141,8.458803759535801,8.064287821092416,-
0.061399280074383424,4.495635431811696,8.574807530072277,10.0,9.500763205449342,+
1.3695508658342825,4.345168246285911,2.650861720983928,4.298710199296142,6.049289503556974,-
1.1278554785310964,0.6773299908096115,3.717331565889518,0.381088742702217,5.071921406996174,+
0.28261655514667083,9.53333563911372,1.182936051264375,0.2226300972548101,4.563601975414726,+
0.03525143966098397,10.0,0.40188246123013505,0.22767648116400246,7.82600356660799,-
5.7939375383623135,8.916218072236838,5.245300719920822,2.729709471027044,5.284041242981106,-
4.411589994059386,3.915342276863238,5.9179001902171,2.9732872628337663,7.941127501422189,+
5.349837869639939,6.908947933652811,3.9951664470673034,9.100184952543403,5.958017218824187,+
4.50945671769495,1.8897172749771491,1.048046155663804,6.128752606938877,7.589054944870683,-
5.29572335968434,4.852444523211049,4.547398534160294,4.340439129674652,9.576322572413957,+
2.5953928603099885,3.695562678134163,0.7379590164607532,0.9791116147178828,0.48012048785352984,-
7.038831818738911,2.5649740653643347,6.907375404653033,4.490767311131737,4.739908244925173,-
10.0,4.863354498290904,10.0,7.132281184466795,6.773850139637235,+
8.729788542914326,2.075210698782307,9.4066595137158,4.430676455913456,4.850885899068144,+
2.2547844034350293,1.447293936864834,10.0,5.4269093525951275,4.01189984899289,-
9.103749702530502,0.579362357288371,3.3544583392675253,1.1264577819755273,1.1394692038739296,-
3.4213167342589723,0.9584314645727623,0.22832858540866463,1.0396643518100528,0.0680040326174158,+
2.7706000118840937,6.9322502448222885,5.818238713214175,0.05161070312786009,7.864222869603489,+
2.8977401200625525,9.037051083859515,7.082325568752834,0.0653889381330103,10.0,-
4.727944000558795,7.997351891093482,6.715358474018467,0.9373000008479004,9.658949431839918,+
1.1856830331306885,1.4733884964748998,2.9288554142720207,0.19881241308257863,2.4115199892166013,-
5.027853393144493,0.05570739949150694,6.4118862901252385,8.747828489461966,6.038986722205468,+
1.690987149606632,0.109638699264037,8.917367843952496,1.5547529853473727,5.804585771836827,-
7.435937874798632,0.9949474356601018,7.443343838770313,1.1807248820766791,4.221201928722018,+
9.406179012920084,0.40490817536609863,6.591388616107722,1.2982745975471677,2.402814273603964,-
6.333381127711485,1.0168801658459414,5.82204081686058,9.565690458771934,3.252215164514247,+
8.092964385332186,1.1854372526436057,8.997283541544565,10.0,1.2161826014741899,-
0.8011433713672367,6.179762771446554,5.2809602165559575,0.17697299369627384,4.642018016427185,+
0.96921761480335,8.901502000411977,6.51423050607265,0.09050863719006613,2.9254342928265284,-
1.957846431181286,2.0475818692612915,0.9810234982915556,7.537098772208165,6.098071275837656,+
3.0742250225533545,3.4342769095265715,0.6505958325447763,0.7196516184696191,7.478796545851711,-
7.612426191849063,9.77798747725575,3.565226010795529,7.981962200609517,2.3736059322546077,+
4.5275007344828015,2.6371685526498583,0.1432034437045147,2.5913992855308825,0.3083417140028175,-
6.23012755306442,0.12092884335384357,0.7016140252917014,3.8749380966027913,7.656101187577903,+
4.832550172464966,0.02166526538412136,0.026664266079982454,1.5663993129666978,2.8516527879007767,-
3.2919221495537743,3.313720314168661,4.446245005338229,6.992780439107678,3.556025544802941,+
6.173488753190264,3.0321542478216204,0.47045230271421756,8.658427657785026,3.2178397986110463,-
9.367497807276559,0.7265585863614932,7.467304524403486,4.481897715234199,7.798193249756453,+
3.752180374187017,0.27462790591242137,6.3373656364646145,0.020214342256622206,0.7838734826416491,-
6.076301198229842,7.714331967184637,5.20907877323629,9.373376264290894,9.692990771152129,+
3.7995369288429965,3.749357497140889,6.573299124214608,7.126350404842099,5.710661410906193,-
9.591610872960562,3.3623597422255647,3.95863136703988,0.8940741273331898,6.642486442733966,+
10.0,6.312608382674593,6.346194466573484,1.128612420001579,2.4156457271213143,-
7.23244051233916,5.227334481773985,7.576086372197235,5.528295159698139,8.97512280129049,+
2.8927944230290925,2.8412950001436816,1.290747596712401,1.2914342204868483,1.9986750042040446,-
7.654270024109532,5.296163847966255,7.842191974124298,1.9412922909467345,3.9297446269640846,+
8.355829122060046,8.303240521525558,3.6665572227411416,2.588657805094278,4.392657472349387,-
9.41387390582378,1.3454144155856473,1.993686388376742,0.032573474972846794,2.4536724592007895,+
6.696620637796231,1.3366835168521027,1.9693418870359392,0.011449246043568968,1.525528143127156,-
3.0081553187076304,3.161572081974496,4.0621356258963015,6.08805215009946,3.138015350647003,-
3.2789133503035073,3.021664534751283,6.407677726561526,0.4183865885925752,4.403285826678549,+
8.875162869478766,3.3111523199733495,7.894802801927396,3.367026730252917,1.863553735398913,+
10.0,1.8932518744441547,1.936437311684852,4.872967542773517,0.14609405806550993,-
6.877616143595566,0.13522920528380333,7.517166216278028,8.013906010117925,6.252510283696981,+
4.34654432841678,0.09371122149956429,3.1737409503995484,7.175415722774239,2.8247421565751645,-
7.4712026290418585,6.026769123031501,4.638816412962874,4.749956674986333,5.483798472763736,+
7.69908742606566,3.270722385977367,5.5015281550889705,8.87882987473735,8.337807008745791,-
4.660279128457732,8.064871898872779,9.954506976143568,4.86336983920288,2.245441324645745,+
2.0389775855587806,4.203990344273896,9.58255862452212,3.1223390102257502,0.3239557798201273,-
8.66181103455482,7.5015085885458,1.3209642656219833,4.9040365738474705,4.625006295491704,-
0.8447329345241262,10.0,0.5018195857320432,4.781889269457905,2.8682076192619728,+
1.4462069229849817,1.5328501434407626,5.482927433684425,8.356654214059873,9.248861236660916,-
0.485148768263159,0.5832592731495249,8.357189345320048,2.654055268758662,3.8279396894704822,+
0.15972007801043353,3.8836180858815315,2.669144114537106,9.787030273105458,1.3022386324042423,+
0.09191939401011555,5.2847323049511195,0.8368019707004963,10.0,1.0837148225440536,-
1.6203483201256708,6.014857463547271,7.869043634210192,1.1549873372141362,3.200169823206428,-
2.5889983113273214,10.0,6.951405471149118,0.8044847343274604,5.991056805496183,+
6.287652072328496,8.347532077722658,1.7499870299605547,0.28396019506088943,1.215863370774387,-
0.8292979636575789,4.881072731489354,0.0012862588396787247,0.47365114893072563,1.2125475300786317,+
4.148537671516802,1.3721945455764395,2.2224257013914284,7.703672129081191,1.9933631995360523,+
5.222471586377347,2.5904467139455827,4.333141609772651,10.0,3.7524807757359837,-
6.415035867805544,8.755247032204588,4.6272940367862505,8.324811863424127,7.410160380018712,+
10.0,1.6817905038059457,4.23429460116089,9.839513994665497,7.218602278562862,-
3.1951073429025625,4.956213649078796,4.453652511786758,5.890041537568229,9.956338847758131,-
6.211009868951549,3.45797368099629,7.125485801921007,4.8503195998726705,10.0,+
8.992097802663707,1.3818340909402127,8.301042574273822,4.053662002926844,6.967304153080272,-
10.0,1.3902005297900504,10.0,7.733959139819375,8.775528604770283,+
5.19356153229663,0.9274616641817224,8.45657972252093,8.039689891221457,4.564977192345011,+
10.0,0.7483769005037824,7.371958194024851,1.1893643329173067,9.026382525469273,-
1.3604749771593194,7.144046323949544,7.88052738595791,9.729133839572624,0.7062665283412106,-
2.343641436040499,10.0,10.0,10.0,0.8058666957248398,+
1.843427932088918,6.532156149239622,8.633844649635252,8.27104204722787,1.2512340630382357,+
1.2695528363190893,2.797372062583449,1.4865637526275675,6.42417309218967,0.42780079359317125,-
3.4339376796127596,8.54153904158936,8.322188232817979,2.963938426087055,5.7897116727886395,+
4.607821732565704,6.97101421012147,1.5425108972443506,2.3212430793413454,2.5233157271659543,-
8.450862293792268,9.300815199293064,1.4193282222187986,2.3344745868846606,6.742546735798278,+
8.547256131758362,10.0,1.8167098125656858,1.8581250450827826,10.0,-
7.4558783130886574,0.9256795136823814,0.24040619715489875,9.604163922411107,9.436900870862598,+
10.0,1.3314081970256535,0.29292715928976715,10.0,10.0,-
9.353643674332973,9.135698262112221,8.078065106698713,7.869276104876642,4.311669162481681,+
2.970474307964035,10.0,0.9394558308501431,6.713170454790448,0.16771457173694845,-
4.3184725721379245,1.957888243042759,7.454268850008157,4.033235232220469,3.7684306362846254,+
3.6154996515689324,3.090142026956191,10.0,6.471556177506969,6.689227159666965,-
6.601834738471614,3.7663042339771478,0.14529115372319712,1.2355244329260384,7.444418021713095,+
4.661973880595315,0.3601953885383887,0.0319559721548841,2.044965219892056,3.022844868002093,-
0.8293459983863305,6.061513227411569,4.509257777807488,3.8087246562459187,4.357535704291632,+
1.5032945227396608,10.0,6.555845420290002,7.385179433193343,2.9184701221266103,-
4.172192961343759,6.194511641623359,6.882884438660918,3.4500133354516427,7.9055298407113375,+
4.85146243045572,3.121905053049625,3.8914429563946924,2.3916212350575985,10.0,-
9.888455599135428,1.5285534665677925,6.221812229132649,9.435063306295262,1.6273556787070598,+
3.1952365612998896,0.9486581532554574,6.5793926553288316,4.678078658098905,1.6297691671987655,-
6.5175926932960255,2.722950341004504,8.377816998653742,2.9233716627676944,4.818683245519187,+
2.370806615828332,3.6497939187297166,8.354268575740145,5.549182374925625,5.218398117164239,-
5.51756835731802,5.039721891263998,0.6668749820381137,9.769842930652823,3.8323113045631416,+
5.996014939994397,9.71792495946385,0.8588538579525429,10.0,5.101219642241088,-
4.896956247518933,0.8433611504810257,1.8144434199514092,5.853260800982683,4.858061136591357,-
3.4983962144049614,0.4746618343179178,1.5024084148945507,9.209767514787053,1.0088621825788888,+
9.234243013585463,2.1683673908117806,5.900439060129262,8.38592928918404,2.1766741868535067,+
10.0,1.4803647723910989,9.09379520412071,8.334704400041804,3.6062678360303084,-
9.02120147734345,6.429145751761603,1.9602304389222136,4.22474437363599,4.086168352940536,+
9.184760943030588,6.532530040085288,3.2623071660900296,0.9796464186289797,7.347231183342499,-
2.774575995414321,9.157241653227867,6.207106955663106,8.799997273514713,2.5972044850863862,+
5.418154616100904,9.965013524759595,8.055832407917796,10.0,4.5143609700651375,-
6.684982406331505,3.807991878142772,8.696424801479798,8.775476964171572,2.959614443626979,+
6.186828389858174,1.442957222425446,2.82441660427398,3.268354646754591,2.3741258073086104,-
8.729452731257265,5.658916749084253,1.8723375810907161,6.954917868162809,1.9746931012355151,-
7.942276435351303,1.5306339754980192,0.8043267014591278,5.365315829268838,3.559431814894146,+
8.375846108565227,5.1866689805393085,8.34678105564827,9.275379264470978,1.698724220657175,+
10.0,6.213346200036945,8.703555529707652,3.777201193631619,2.0219080250923933,-
9.606295791714746,1.9982049927274381,5.285164150160812,0.08282714632506183,9.468537436310875,-
7.744633427644556,3.2964882981008996,0.3166615306346302,0.03473951227380547,8.805460391783933,+
3.765260085232635,3.5957790782715793,7.4739014236309185,5.605808567630733,5.041342761354002,+
2.802259060331403,1.8021697490726034,4.981479451706478,2.662770867640495,3.158496027854944,-
5.590547840129318,1.9160444347297845,6.2405124721037994,4.473370297895812,1.4456964918518256,+
3.5167284264916416,0.5207473824983374,6.108977575829605,3.558937519757812,0.18117602381809067,-
2.0621976157043456,4.5318480388890805,2.64524710533941,9.044120908745118,3.1593496086475312,-
3.633038213952949,3.1322552366131156,1.0704815219885377,6.923566133311087,2.099091821302423,+
3.1770075826223376,7.023531517785745,2.263742049904142,5.867335486862624,0.27355031163671883,-
4.518109420522756,7.993668192890269,1.7536475613308735,2.4852023216806822,0.34536783013556,+
4.420518982604823,9.831393638743375,1.0014765416750404,4.904450569830338,1.5326079581171892,+
5.923515048055763,10.0,0.6912172693232757,9.652263164993965,2.6904746406174755,-
4.94173284992404,6.767537893669609,0.9339707801519948,6.457876443900535,0.05878372663256082,-
9.452055222573144,1.097736425135683,1.3714054681703016,0.9901380844797852,0.09175550213664607,+
4.265071173658593,5.420595931839479,9.402294828084356,7.329918618106306,9.873211125287636,+
0.6836631034063808,9.73376406170944,6.995152367806588,5.739426590447648,2.3919870787890387,-
5.722262025398757,4.922877066219156,4.552318452444189,5.558054296645355,0.7837135949428209,+
2.8114842402050155,1.0790545807439338,3.522425629349841,1.9536952092100495,0.1629559257048906,-
4.001757227719057,6.253527936461478,6.229780415967353,1.0404591131013863,9.381577029101063,+
4.88414894469846,7.138624398599959,10.0,1.7183150414171806,10.0,-
6.042928653161125,9.207070955927206,6.1353869375468015,3.015366580102674,9.972123153701283,+
5.471313034509711,4.193404310637741,1.9977243868079544,1.9927827284944737,8.094804187225582,-
7.738492878876098,5.229531327271091,8.334533578546925,6.5253588896210495,1.2779953628529972,-
10.0,6.398550410356346,10.0,4.999024936244706,0.3669968390834602,+
1.0440436753945792,2.5865537594002133,7.542663559302971,7.666408314504699,2.9263234468391506,-
1.80079844807007,0.767259465603295,10.0,7.300071153389494,3.0049476153939816,+
9.176611800502686,5.810236960397379,7.829928529360307,5.271861566357171,7.578017138656668,+
10.0,4.729832332253833,7.601097534195538,0.5564813357398293,1.1927401782141733,-
6.945298975821359,6.696023194782848,0.10013295836274305,8.04286446817549,5.8834033700502255,+
6.462253295764501,0.2125142207558756,0.016974925587092397,3.98470459012668,1.005033486005465,-
6.476318912516405,5.567409925455834,2.25638956849904,8.52191376371235,3.008982520307215,+
5.534884405898502,9.105884079513054,4.436713057115971,10.0,5.49552485871823,-
8.695705989080606,7.099931247571044,6.147595761338758,0.5202947364486443,1.6718409342599283,-
10.0,7.61254457666411,9.062314515983184,0.001710064244964188,0.3477990378518117,+
8.803092196733287,9.653196058849765,1.6156471032360387,4.39518197284618,5.904658403038168,+
7.289342496606669,9.286007252243591,1.2217717201330098,2.5538014829837223,4.5610069682223635,-
4.0228078705531125,0.9988329539334551,6.660762854563059,3.4114090265182595,1.4350798609502602,+
4.461800963267939,0.6271070558951674,0.18524645042483512,1.2398254838407432,2.0453545822902486,-
3.551523498802285,1.061165780229073,0.0771605181052959,8.539439594149698,9.462425344095482,-
1.1964379342531815,1.1818704859820541,0.05233028863170951,4.562817326608993,1.6277176915519007,+
3.5405102084495255,5.479798045999016,2.977349285508961,0.05095398589774591,9.813871580834093,+
1.0659774916413522,9.254493033382008,4.328808096930362,0.09915991038929643,10.0,-
3.845570156786946,7.259170422119418,8.494959788715637,5.878208707574749,0.7253200683446825,+
2.325887823129987,1.5825649568965985,5.631254098045706,5.467298549641575,0.7007324550987138,-
6.711105363780132,2.6979609249641734,4.883960471111485,8.478813763745771,7.371643032757715,+
2.739532194228489,1.494181958097544,3.085246123805243,10.0,4.493830992838156,-
6.933580652662594,4.946176783380888,0.5038269440683474,8.72160771993842,0.8672243354117548,-
9.23698447243046,8.950543777879117,0.7948591166943835,10.0,1.2799380811046066,+
0.7870244884631084,6.965634864433858,0.6830022365204291,1.1555900730325852,8.47322381717216,+
1.2044486108555323,8.885602803135919,1.2701667512183616,1.347075941371883,7.9833834928584455,-
5.386298169984619,7.653975888933287,7.463986206503103,6.824533967929753,8.873359305833734,-
8.763556968621046,10.0,10.0,10.0,9.587375309446847,+
1.3584063821608983,3.303821490409967,3.583853085290202,8.202567529887745,1.6780338932719763,-
1.9643277528168424,3.9233812117249074,7.1644781962090605,10.0,1.9263861052630136,+
9.525623132427596,8.308125342796718,2.8884797268438103,0.7325235796549512,1.1364921827372154,-
6.37319862698993,3.476167897677274,0.7354493380106752,0.8778826883383746,1.050644262903926,+
1.5633318709515032,5.530590040001825,9.076682058937864,9.438927815145583,7.515535715449304,-
2.756853321121883,4.936605008343705,10.0,10.0,4.25493459308472,+
7.496513774917304,8.621959617875238,4.25260050809899,3.5396459852708437,5.296558093952559,+
4.7384991318455185,7.1958682665576585,3.93124420222849,1.9134856317798918,4.196022668906116,-
0.48831948725506,7.029470630695826,6.2063944734350915,8.785659369446666,5.562287140456805,-
0.9665910527434677,10.0,10.0,10.0,10.0,+
8.913250051680603,5.616914538400578,2.606776795923161,5.678529894625289,1.8679191118711636,+
10.0,2.9578047467839874,5.144584137353912,2.3546427156672793,2.9552816133220636,-
3.125435170960661,9.765383543223987,4.981947390707253,6.44271397275554,8.264769194881977,+
2.8994164633187403,10.0,6.657756991626535,6.675556682207583,10.0,-
8.497118599671635,7.480429653478514,1.3246062979233098,0.17309458868501992,6.617348753292131,+
10.0,9.350534822459574,0.12619869706616885,0.2920458791328213,9.708184652772191,-
7.2367756184050505,4.189819120938866,2.290084393171956,0.6907975594416893,9.07198422543389,+
7.570384967491286,3.4791921380483655,3.102164070610844,0.6010995750125268,4.204981817256243,-
2.6779780210978323,7.979488202152842,5.470897741953962,6.505352070091139,7.352597137917383,-
4.0714570216308195,10.0,9.608181016715534,10.0,10.0,+
6.953117611632674,4.30407004942836,1.109023423272213,7.348467182438538,5.449648788370273,+
10.0,8.175796749887258,1.2819519691691073,7.980525488497295,9.307577724124062,-
4.495328749147644,5.782629939294627,9.237939604985396,0.8136722329225332,2.3396423320813087,+
1.4930703540018289,0.5526895291409302,6.648910351171954,0.09714256218416442,0.9232803358373662,-
0.8488581163442566,6.217546687090987,6.7574443749828506,3.392343336638919,7.872413818880794,+
0.8262831556391985,0.4248611853021256,3.6533422088087737,3.127771858935548,10.0,-
9.98956960841494,4.0907535377063455,4.257146688466006,1.7772023287773608,0.5459738954027149,+
0.17715520995950826,2.4019998126646622,3.761658781362199,1.7611622782218914,0.052400733912649856,-
7.633428612244621,3.0418763628151337,1.8926262746943545,7.845704958825906,1.950977412244248,+
9.705512003078516,2.327499357344103,0.433449972330694,10.0,1.6907600168258583,-
5.270921781034584,8.300554607494895,0.873247361655296,1.8890774648226571,5.906332581196942,+
9.99729324922487,10.0,0.6508831794275796,3.2682339268068854,9.913016198414608,-
9.785847643859967,4.814696731348946,5.637787855640189,2.2075575951895585,8.474232589525178,+
7.709933631507026,0.476648662912938,9.234931924953079,0.35163540894528145,10.0,-
0.5079815399021115,2.759006089882523,7.597025974528578,3.3803863686102718,6.182791095568464,+
0.36421440624684764,4.236783933493852,10.0,4.240897872715446,10.0,-
4.6052264614161365,5.414926570412073,0.5991335834821765,3.6330573039357885,5.080301167741178,+
1.0903580364868088,2.881726839242761,0.005610126920426233,2.5159855695465714,0.20829841150810485,-
0.48357658820170957,0.9958971522779136,8.77788187755271,5.524876837507283,6.5473096531238735,+
0.2968016647730308,0.7138350312458457,7.573905354055887,0.14375144436314055,10.0,-
6.944064338363237,5.835198850586277,9.497707097855363,4.6787372854420255,8.707557694134632,+
9.317491277578085,4.794398072501389,10.0,2.401829205926892,10.0,-
6.30337304265482,7.928588156957038,7.394056479300389,6.5464920254855565,2.3031751325067393,-
10.0,10.0,8.281533323284398,8.47838848590574,3.9279597487052356,+
0.20257346547129962,1.5267381157090765,9.043022597244706,1.426862186000285,3.4649361019885774,-
0.37949472314315913,2.5748123554560975,10.0,2.7660672793344756,5.365876170574915,+
4.071408303781356,6.6567219258704045,1.4209758715408316,5.379805725303896,7.504071238750489,+
6.345876287584195,0.15782927150367257,2.2000165890478036,5.804137338094401,10.0,-
3.2084315630066085,2.5521893873111976,8.089072819532493,9.1018474457449,6.29215613700538,-
2.804266324851779,0.9156814480228435,10.0,10.0,7.8979714752210635,+
9.292483544252823,0.29009397139563076,6.340990118117098,2.1866693992651376,0.8896671470892659,+
2.5556685282374523,0.24134320111508212,4.493772169247977,0.5231824085343838,0.32479028671162896,-
1.2255332846698874,4.11371748276486,9.346490134788928,1.8628231108371818,9.076360434750702,-
1.2493995080895948,4.891828454925539,5.948601464692718,1.285961212709034,10.0,+
5.552277651302557,9.14851530337746,5.6622477739651185,4.709438034593933,7.532442625021087,+
8.130823945750716,10.0,10.0,7.327109091099789,10.0,-
5.313478796205065,6.975723642035718,0.28989624381036916,7.609833506031776,1.4693078757978528,-
7.771252044650399,8.009368785926426,0.48863070679703907,10.0,1.7223578930378458,+
0.5796564053206021,5.213412393959361,8.995317986823421,0.6310848386197332,2.5283225732426895,+
0.519986135625016,1.2796528574670514,6.481806020324352,0.20707918665758945,0.43750164799414426,-
0.0314925303420821,0.4917479363261912,0.30031426840288145,5.028340388127405,0.0015803379646528448,+
0.0348084287852668,0.0647462034797434,0.4640912005482476,1.0585049236000763,6.501664384591238E-4,-
9.520956244258844,9.796894899652283,8.233002167656206,6.646540916358736,1.6179905741433154,-
10.0,10.0,10.0,10.0,2.598442136579147,+
4.21448808574583,9.429286627445732,4.567510484425467,5.194009159167308,6.381984068813173,+
1.157992174754215,3.1514597141513896,1.2684102807069164,0.79734180774499,3.0886482769013095,-
9.549728615457235,1.558974449725552,8.952258654756683,7.025599796801163,4.1374239288947905,+
10.0,1.503670566115794,10.0,10.0,7.541458417836293,-
2.669052906098821,7.952437941622135,3.872595387133637,2.144025584861591,2.9127568942263284,-
2.879063959584939,2.643126412166584,0.5199335750398424,0.7981078379326687,2.0512076566884,+
0.6368581219839275,3.9993433327216907,4.652471660248517,6.490646879116273,6.119291178540428,+
0.6447020413161803,1.8464957212206043,4.5867710283733185,5.100373265193112,5.087710504397336,-
2.8512965066426,8.586002634812772,1.1866989894309465,2.319579849405935,3.3331714405424426,-
1.888361969427169,6.049173609039481,1.983512086532817,1.0599891539471882,0.942715640710056,+
5.717078819115589,2.6619069083226563,3.8915691864250013,5.9430320826010465,5.010690783937308,+
2.8517984587871856,0.582534365773987,6.895184088605862,9.492547469250102,9.85461402145808,-
8.931292516609245,6.246291424509423,3.935219966741329,0.6593159736465826,6.268386260484075,+
5.472223540901222,6.25249323379893,7.672608371153178,0.46104575431413186,0.5721170777368908,-
9.908141531508646,7.060590731078778,2.4384641845605106,2.105368675530437,3.1919891032088774,+
10.0,10.0,0.272996907544907,2.1672650732638985,3.6007763751874124,-
5.865018438300586,8.178887348121656,4.879349027048479,9.273824807936174,8.090882451293885,+
10.0,7.013966364044465,2.0142924193077807,9.92578427852699,10.0,-
9.39701017929715,0.45910554457523345,9.003252224551897,3.836803978879545,0.3782761800804435,-
6.726464056100621,0.4179366039785167,10.0,7.553773801957581,0.7120540182706002,+
2.1921294797276603,2.681740253829905,4.900011813637956,5.550780257185366,9.453379080778639,+
3.585407109359386,0.8205540975747461,3.952306595404729,0.073877205494881,10.0,-
2.9195179344162216,8.921543765070949,0.52341870497284,4.395538773854256,1.0486269419732641,+
1.318173780649005,10.0,0.584838895215402,1.0380590270358483,0.16266138632151014,-
1.8013310547891614,7.998790258553706,4.041480974291185,4.630721007023199,0.9376096327961891,+
3.3674209440540066,8.48779978448685,4.795359057221067,4.14053589965272,1.8129252853412736,-
2.4824258805074373,8.530988531619823,6.601708832095636,5.198890187970598,6.83705820135474,+
3.91881473185835,7.188233254136695,5.346128424767098,0.6431905771994938,4.1849912667558575,-
0.9749995208246554,1.3439767790988866,6.108815527109139,8.372888549434538,4.036455274237127,+
1.686560229976893,2.6397673463139757,6.735785609250948,10.0,4.728245156189855,-
4.657019877196643,4.313328791101947,0.30015219511391855,5.95946125570853,6.127768185817667,+
6.903872624341122,6.482420416367653,0.12093160489307164,3.95856829934785,6.1985593391417995,-
0.16330641897713272,9.245364698312864,7.623262731039638,5.10833252489864,0.8677717886707481,+
0.13708777464241678,7.61827752783232,0.8730981211854472,2.4673294505621484,0.26136424538721287,-
4.140296411932117,2.2102176039988652,9.251909634023892,2.694336250995484,3.106470435332956,+
7.998197045943583,0.7492418264156563,10.0,4.7633546501809505,3.1983110407409723,-
2.2944923137311255,6.413172875962098,3.408094850946485,3.6693100883065286,9.20950805609653,+
3.0079065215553853,8.725707475939457,3.5762927453750444,6.8322854225272485,4.322236795899102,-
6.278866988769812,0.689037922954745,2.674475591481411,8.111125597648057,7.552111763048176,+
4.263787538868122,0.5075943593933285,4.482030881849256,3.978077550817201,10.0,-
4.462885604636044,8.033932376847355,2.2672161283081316,5.324235961357563,8.295504233490817,+
8.253247093990788,9.494049194957482,2.9079360526155584,8.471153889691891,6.104967218588549,-
1.489695112734315,4.329959241626757,9.588295388627746,2.5985266145369055,2.699953733650232,+
0.027974591772355496,0.07507842390725354,10.0,1.1154413681311375,2.526688299707043,-
9.219827307091546,5.750989537282846,0.02517310243890125,7.475305804613855,9.256805914470148,-
10.0,8.215648613308604,0.026213955136202317,10.0,10.0,+
8.64101254922816,9.89798748517658,4.251171166625709,6.802711124268049,6.949389273614024,-
10.0,10.0,5.313437181589661,10.0,10.0,+
0.2224345929952276,9.545768075648652,1.8734208479345593,9.260791175714509,4.682078585525245,+
0.10053631091269666,6.700093194219022,0.4178829208379124,0.7279129498893431,0.9569600579028691,-
0.1646425467113921,8.284526746958798,9.497184968907625,2.287282246552469,7.7355121832133955,-
0.03454018468699171,10.0,2.548765895160425,2.1833776389175896,7.197737276395025,+
7.079246631107866,3.340683229631789,0.018617588764867632,8.53917182774027,1.6205832088445238,-
10.0,3.7230804109484543,9.021122348916883E-4,10.0,0.3403896685602066,+
7.836108931113036,5.785838010133482,2.0193820133488813,8.754187561479533,6.646689379072877,-
10.0,10.0,2.223300797614212,10.0,8.609717676642239,+
0.4012118613695692,6.580243899151187,7.050267112400983,2.0719044483345295,7.18293386477672,+
0.23663486031074815,3.425827504669732,6.539861675635989,0.8064403594954613,5.692254341707849,-
2.7668142305817245,0.1397468603245755,8.49203509623559,6.843553220957017,6.248019590076128,-
3.919223934404466,0.2544654857351445,10.0,10.0,6.508486616633417,+
4.958731853640864,0.8845559997747654,3.357329996416023,8.507183743814199,5.847178287079134,-
2.799798997162277,0.17340518496587917,1.3822264908236401,9.24899373770418,2.7664544478220017,+
