5.123734836248039,6.630529635815204,8.44803330454163,0.3226310489532014,6.19983922464693,+
7.760742754392079,6.396018174770738,10.0,0.6262365208087933,10.0,-
0.7749498184483727,7.239510918830101,9.656689019734541,8.235500951570877,5.205104519042132,+
1.3444179483557657,8.490277513562518,9.532359963811194,10.0,9.12455327392601,-
0.6157194011526679,9.069222934654821,1.1413657674494737,5.137346749379125,7.406204067821898,+
0.4588360130300107,10.0,2.0541899491529145,5.73434045080607,1.710412312143816,-
9.639071794008135,0.49996096686827696,2.412723277086164,1.2238813526269154,6.4124579544578975,+
8.061487787517764,0.06985399385687893,1.8937929465731977,0.380602808158246,3.879708359741371,-
0.17926101069461464,0.04540640363163595,3.505619705138465,2.6298923261650176,2.386796355707207,-
0.12926402107453952,0.07086440245972228,2.7670780765891196,4.851567910278393,4.066194272272506,+
2.844439586039351,2.461946572051814,1.137964295967988,4.714165290558344,6.781460981755448,-
5.6256672912374395,3.2322648320050478,1.9559312803508337,7.230625401899937,7.540535264662052,+
1.7400590519504078,0.6224528330053236,2.9071376075706534,8.838066180154405,7.8279792160792985,-
0.8248116398869832,0.39112356949555477,1.3681041636327398,10.0,1.9780245284105695,+
9.90281149002884,8.20003298888029,9.176630067201359,1.9690720198365397,2.9708130548194065,-
10.0,10.0,9.99246257362988,2.565445515647017,3.0976760290585643,+
5.08795029256016,5.170738396262782,8.43806375516969,8.196800044963426,3.6564922841045453,+
8.385145270779999,0.7369749410917382,0.9776141821698059,8.407901469597945,5.972880895789066,-
9.195848002113113,2.800213390135199,6.164470075652513,8.968034817641737,1.046403308422661,+
10.0,1.166859829442681,7.849190039941401,10.0,1.8156408692667754,-
5.8122157531799825,4.968942081362595,2.7710802896589373,1.1623559498889946,5.8672401864374155,+
5.866856480876476,8.739389189162146,2.591779616348551,0.7743914289384324,10.0,-
1.4019324573989767,6.31429045018026,9.889596368023728,9.816234515799838,5.2371110195623105,-
0.6512977945751054,3.9207713515092326,3.5738819995914555,8.524859258499914,9.740992110091934,+
2.3423134693282077,4.6627250669075115,3.6858989741264994,8.236493600569455,2.6996189659826877,+
0.857672119349959,3.0304681238674327,6.828639977934516,3.9470811823715835,0.8718441415895837,-
0.4410413871840635,8.274069918890351,7.463423084976032,3.0170997737151284,9.689844304937624,+
0.6100392090196529,8.11240746776532,10.0,4.815776664272972,10.0,-
9.467507005828672,3.737427398743125,5.427629788686634,7.5247280751858785,3.7287977930545324,+
1.0036498680979535,6.33202923435362,1.593321857575446,10.0,1.886718455712954,-
7.238745921021183,5.7163371175267566,5.167653961462867,8.74685635639063,2.133608673498657,+
5.894790704364338,0.9057505602945892,0.7012169750738954,6.808240561309663,1.0757654732885091,-
9.273513238443421,0.8697700318970825,9.054505808036168,5.09041803931213,5.793329677185101,+
0.8009796105367354,0.19133661971628943,10.0,8.616910175019903,0.07327000865729655,-
9.400646958335916,3.4722548375116724,5.647352175827666,5.1657583250483485,9.529577456958105,+
10.0,2.5979867664384875,5.9519098260383325,6.889363858995425,10.0,-
9.975436314381396,9.524293235912063,1.5456285833076089,0.4468510849437879,4.100011937546389,-
2.0074502010072073,10.0,1.600943298585227,0.01628685411011465,6.568900776443142,+
1.114607966654959,8.602809788252168,7.952794470885671,7.721199117542841,7.085426925182526,-
1.3718687084446957,5.915324129899187,0.9926449892691395,5.822071073189058,4.649145693180877,+
9.328801937491194,0.7708255170274037,7.0215795988499154,0.09236626645593549,8.922284266034444,+
5.367175836884929,0.016571497557032883,4.919278913480967,0.02366781292509009,4.819892605564434,-
4.982514192924016,5.650221844018133,1.409948773014077,3.795615345638214,5.956303704659155,+
4.699940485754324,7.250495924042112,1.0574234687161932,0.20685719496397093,1.7537208108829436,-
0.23636852119525265,5.465645337048751,1.2136530219191177,3.489408791453932,2.2258129914781932,+
0.22730237042346574,10.0,0.9086778605262181,2.546825431641396,1.678813873878083,-
0.04481065036605392,9.8208227706447,1.249454741064161,6.324716773276709,8.188559442361617,+
0.030586864333963272,10.0,2.2596511631722866,10.0,8.431329325372776,-
6.225982148936779,7.274108843981718,0.18279868508904062,4.209358678060928,4.113967608822633,-
1.5047793286460007,10.0,0.2083364419025609,3.6068171880890896,5.600694317102298,+
2.205470462085933,1.9282454039917762,0.6552526398791425,3.865614338159821,3.860823467573813,+
3.255551744769676,2.201080066719837,0.6736672069637328,0.06800275499314305,6.701752207160094,-
7.803089917017227,1.2047446403843343,0.634684325842807,0.4440191698507101,8.470874368424706,-
6.6863153878529,1.9560313890746472,0.09074512136376998,0.5744699972953707,10.0,+
3.9679996352715694,0.03561499604493368,0.8160738327177697,6.059948525354578,1.2440069856087421,+
5.946594006553651,0.04265877774345886,1.437321865846922,9.829376473643336,1.0798010725278624,-
9.399143109598718,7.762132442221722,2.9573113997942957,6.329730130477607,3.209108455042365,+
6.765493501119102,3.9616375423272085,1.0325591170249877,3.9830525135708883,1.0030759433514056,-
9.786512413067507,7.86257681181413,1.1111592570541817,2.631922717849026,1.632932150892289,+
8.434274462047721,3.7018651785192698,1.7498101006987186,3.6871751163669986,0.0928076768310513,-
5.0212358897438065,7.265166484545082,8.382909185010023,8.650361489575912,6.298129884584823,-
7.831068866553661,4.498456909999269,10.0,7.377750567521238,8.443532267359604,+
2.1888700867979924,6.389694430161688,2.3256375687559605,8.766815981401251,6.7831158028118725,+
3.2817753092006363,10.0,1.5748497767476386,10.0,7.951850007026374,-
9.552595612742568,9.88759209382705,7.867857098363159,3.6130439711914883,2.2556481264932837,+
10.0,10.0,10.0,5.153002214694896,3.0965079751028055,-
6.790519535616384,6.203705622478516,3.6388445056218934,2.818455790759552,5.12046549201844,+
6.410708367691661,0.052127557526613286,3.2648299851779803,0.5507732315201537,1.661475535826948,-
6.354310924157173,6.228408333590561,7.405561408669615,1.2779586987001612,4.28464984221836,+
0.8854919600395391,10.0,10.0,2.41491141482836,4.461530794522531,-
1.4208154704990628,1.7057759107172255,3.759756107368638,7.678011611873746,7.323944037606651,-
1.458600983645249,1.4125754387188705,4.789740738323197,1.9864263401902935,8.856019726071974,+
2.087147952401458,7.979716202151817,7.803880582822746,6.181298705984756,3.7994669762138433,-
1.511849758722586,7.61822039940269,8.177513584855197,2.6370714410402694,2.9626781336719348,+
4.897181928213888,9.699392405544963,4.521615660024597,3.043252614115203,1.6130652396155998,+
9.243126641675918,10.0,8.966604074710032,5.649866488821423,0.32454491943621333,-
0.01075205195384732,1.8174779927217688,8.136553825625395,1.0449464282800458,1.078584505777035,+
0.01678703702488997,1.0416458084340567,10.0,0.6838302624691452,1.7356178335457917,-
6.78493508515295,4.855983952563051,9.721959568343902,4.58055674667761,3.5785215176529803,+
1.6489896209266193,6.2972481585422395,10.0,7.0895394725315315,2.9663173464105093,-
4.077095311658439,1.9926040110140975,3.851151551523433,5.62821594647351,1.592075035701066,+
4.285741458305829,2.6162866242785974,7.456441939035801,9.460580871914788,1.7280752235040315,-
5.603140527913693,6.945363092656764,5.439408660049104,9.118877153834358,8.936137312399152,+
0.26491922379091676,10.0,2.98718300813372,3.4166157258301535,10.0,-
7.674766256451323,4.493033197350221,5.144252241771383,5.642384862179096,3.67684854758354,+
1.623852917432696,0.5137156472576087,4.692696584214292,4.456491231123122,3.6702656493162102,-
7.9494006275407605,6.39197884754244,8.456603046099216,4.388854255808551,0.19437946675054385,-
10.0,7.431749213656804,3.3808124317737778,3.9744633756527374,0.2337075757771559,+
7.010604689292469,7.872610595367126,4.911351938183264,4.6562455602713655,8.88328680027657,+
10.0,10.0,7.828748857866192,7.107615446061196,10.0,-
5.983782674477983,0.15743171650908216,5.326356991249217,9.716870417168074,7.0495622835713,+
10.0,0.23234647475046963,7.4368669665236204,10.0,10.0,-
0.9635484328158117,9.230910617510283,9.844321122195483,6.599730228526953,2.0669858827807728,-
1.8161013691149643,5.892008218143016,6.556410629818089,2.5092062216385767,0.08744814730398151,+
8.277187649439066,9.207855114686058,0.8305874136689329,6.004837859221137,1.5961687531178104,-
4.320102403339355,5.833354030182397,0.8291961315088787,5.4131339936178975,2.236084578040448,+
2.7408059228420454,3.061422408836237,6.519574258483763,9.351339825582393,2.3402433239555496,+
0.5943076544329425,4.259864012176167,4.818517362449309,10.0,0.5192955080761468,-
6.442184488409515,5.131112681688071,1.3189362929270831,3.3509085928516624,2.714704063422059,-
3.5779417213732487,7.656370828319759,2.3876995666017,5.271599877649745,1.5556178983278621,+
9.361913454178092,4.530079458827002,6.234433601214668,6.974367784496822,1.7004481579929853,+
4.333577254221714,8.361868850426536,10.0,9.640400223947486,3.2443504970505073,-
6.681773635205246,7.390294664944154,0.183163747520263,3.756476781966518,1.6750313838176334,+
2.2057009924392696,2.00991137203846,0.11443591361603966,2.441600563302807,1.3892512081842388,-
8.478969388825352,6.618781670619026,6.268411862394786,5.059677930227489,9.571322531132466,-
10.0,10.0,8.004123384194076,9.620437067056102,10.0,+
5.347754571263036,7.533000543440025,5.967077522795542,4.957475978567022,6.0139070713733975,-
0.9747038551600032,10.0,3.8413325737581543,2.6383707919403925,1.0327032160265828,+
1.9689617936185722,2.4364630024053193,5.152730058143453,2.8447612013292636,0.7688764500288314,+
1.8705096411076505,3.206621994066724,5.963807988905805,3.3587248353756927,1.3349007939680475,-
4.7613469892439095,9.232936765056806,0.554855772953533,9.805757454365793,8.357268315685868,+
7.822927320331296,5.187528626405262,0.5974741124959347,10.0,8.858263264130922,-
7.793440148713266,5.480383287543448,0.5188842235085422,0.7039319517326148,2.231505317441773,-
10.0,9.253922140593382,0.8773145429570308,0.7451030186280462,3.6051923345780317,+
8.00310094383468,3.851124698039726,8.494521884585996,2.5393348253079973,9.199851928217313,-
9.555262037377513,6.3420581276887615,10.0,3.068844276357595,10.0,+
8.77421516911575,8.894940579138932,2.0175457726762636,3.778146415512571,8.433687871829394,+
10.0,7.700987664215387,1.687665930510252,0.3060179726558308,6.3905626369862425,-
8.560627941393843,1.703875989610989,8.305608731459794,0.3453619941413044,6.074468509184047,-
7.753148515827872,1.0600417262618955,5.2075164110582435,0.508362870835074,3.6249352151217495,+
4.871654445072102,5.952861073898534,9.558353198319386,3.1465931499088926,8.201230512794499,+
7.163704731950659,7.714536557884689,10.0,2.755976300202263,6.296038502915839,-
0.917306450605424,0.4235413045862224,5.006885109107477,7.212853844353608,4.343511812712357,-
1.5002765752525815,0.5689589507570296,5.077750160286614,10.0,7.771276935992778,+
3.1896040517446855,0.08280636010323139,3.7845215845520386,4.981761385198361,9.140831885792748,-
6.002504306608559,0.10013086255828252,7.184779797085519,6.286709847947647,10.0,+
0.7673408306189189,8.903011985134475,7.997664657743959,8.201620913602838,6.102570594695637,-
1.2213941827714427,1.553543384073637,9.275409508299273,2.97336093070802,9.457024813498158,+
0.25272181025800866,9.252693409126923,7.584484462087225,4.697719213537282,2.7743805026138113,-
0.30886519201458257,5.253692947827795,10.0,8.678365151715791,0.7333933607733125,+
5.130623825833267,6.620835645752123,7.3596711902401255,8.238270525484653,0.05023835357811257,+
3.1152609227457613,0.20441859130405376,6.4612487601876465,0.3067961097714413,0.034487637608929936,-
1.3269006519609317,2.551005994684904,9.500454357651622,4.514850388139767,1.4614050474783113,+
1.3261681085269326,3.7341020285483286,0.37560758366100905,4.369527253629203,1.4122502530619485,-
6.2415862692856185,0.8638877144916435,7.108417597834169,0.3206452478788213,7.973837224714409,-
9.178396004842245,1.2424818473549777,7.1240170063661905,0.39996411773072554,10.0,+
6.413953458067731,9.449233926940728,4.096895583500295,1.2503549530358238,5.630788858649809,+
2.5816385002517714,6.138452956864491,1.1043053441210997,1.037623558961905,3.5678253558141955,-
7.757441000555838,5.995896989319562,9.081577975840318,5.593570662116685,0.7886414072191139,+
1.108529091014651,2.6957734805600855,4.144210199169691,4.864031441842131,0.27374968204631855,-
7.296550032881538,6.614980816039843,9.844977913647753,0.08976407643857098,7.672182194693557,+
9.32686539406197,9.36614627927978,10.0,0.02606848475415245,10.0,-
8.144385305072163,2.1145802721482196,8.547241142473487,2.7908658587377912,2.4728671907613577,+
10.0,4.075778366573183,10.0,1.220886072913304,4.056611654441023,-
4.52595281006195,1.930617558165001,2.075793501645209,2.803353520258388,4.981768910707461,+
2.625788629084902,1.8415151426013632,1.8161560186199646,2.1520656534209133,2.1957958896574943,-
5.939841666238911,0.62006714167122,7.217765332136976,9.706281357289232,3.2883696629348167,+
4.397865967745133,0.44928822813119706,0.5861470788814065,1.8520385518402673,2.5221814982418924,-
1.8277179836897561,0.7994932267306831,0.7152282686055633,8.789621910394493,7.737164451877269,+
0.11978869987370258,0.9434613686375607,0.6379710887596514,4.53338252940152,9.067593310698383,-
1.7516328748112286,7.528900133676019,9.203244192076136,7.11292215008714,9.142077485111777,+
2.54920364698113,10.0,10.0,3.5740317712049268,10.0,-
6.079141852573056,9.14089462068327,4.030728056910805,5.384269546068074,6.258691912140932,+
6.8480685795996745,10.0,7.09995418207611,0.10326337800040271,10.0,-
2.1762367340195676,9.515161115710477,5.964121090287162,0.6595727138967,7.514290634177398,+
1.5571043291212092,7.5216126252916355,4.757433092435757,0.5311313958334708,2.0776200582001616,-
1.1080904215390575,6.798249188248048,4.773878163982933,4.862152690285173,1.9957104946102588,-
2.105842032756434,9.842577915952829,9.343262546485548,8.0736936999566,3.9355770288818634,+
7.315339565387467,2.997330783090022,3.361727950917306,6.737261629314887,7.1696565911260235,+
4.70473318671542,0.3885238986673801,1.9758054852179927,3.574111109814168,0.24740514643707054,-
2.2858479807587484,8.363553328488974,7.007298020100786,5.924075483283149,1.4932422201585716,+
1.49784097030413,0.9844070098424449,4.246957881080766,6.524150895567292,2.1601253817772808,-
0.8526383937817872,1.699416366636498,8.414897982238458,8.296413554051474,5.565687683721389,+
0.07220058663306046,2.2536059507332213,10.0,3.7165759487000307,6.142666644575667,-
8.108552699712027,0.28369524165385296,6.059455678561156,1.075592850597471,2.4174629910252676,-
9.01075223546238,0.43963930434718035,8.675941661765586,1.6757298990683618,3.7342353969616697,+
2.864685833733389,7.502955200150558,3.5536244585961105,5.608432994275111,9.162134892653883,+
4.671085360651341,3.630779456163585,6.063814318600705,9.376765910641526,0.05790954222226607,-
3.0471227122868996,7.8056867017522595,6.750091661232982,7.858539551682002,4.269636788481765,-
1.4195644782649313,4.3148859016359715,3.616877537154089,9.672707520721387,1.1254396411930938,+
9.692953497696463,5.823874255825785,9.024653748310826,7.0682832172732555,1.3325744801265038,+
6.298025578184279,1.5503939923289687,0.5470430588737215,5.9651048563869615,0.5783289787391035,-
0.4577000459521152,0.45846468231331317,3.676334957966051,3.0654359038695267,1.002964291639249,+
0.35618190389387366,0.16740396071523192,3.0412013834444904,0.08388036248999442,0.786113567634575,-
6.42658107372778,0.028640756815334623,5.348460993680215,2.3341621801195025,8.309104251763891,+
10.0,0.04798201413324969,1.6648930216022042,1.84791101602518,10.0,-
9.064386981400649,8.107048227466006,7.95060437172863,9.632266398165427,3.234882063983072,+
2.9858517088414533,8.710379654155492,10.0,2.915361536147808,1.9335673215927769,-
2.6712814410842247,6.039335546036595,6.33253892275988,3.0666332525004227,9.53217182453139,+
2.900001858776575,3.5900811252817797,1.65571896965692,2.1977966170448973,10.0,-
7.233317797360921,1.4951287059586782,4.920470713718206,9.855997211916241,5.780410611580454,+
4.728471130123701,0.6542327961067538,7.6806995701613054,10.0,3.775271105574596,-
3.623114973167275,3.1992041806692564,3.5748402954911676,1.0807649953504017,7.207928109130172,+
5.99931654628306,4.6544432787626056,2.0143176894148676,1.8672503213041118,10.0,-
8.623432654812884,5.150856022832135,8.715911623933422,7.532467979156003,1.6560005479819273,+
10.0,5.0294644723220605,10.0,7.946917498369809,3.155296575886908,-
7.755847108475381,2.448175477240423,3.178811761377304,6.353471965130037,3.72588349369369,-
10.0,0.5148451211142693,3.404351245718111,1.0829078365978415,4.207125854526786,+
3.863999436165395,3.9050666648022334,5.517314412790086,9.219138437180813,2.688677191774178,+
4.997172760375423,5.985056156377339,3.9327422126317004,10.0,1.1992860469509177,-
7.9910942228257165,9.618175455244074,9.66345186142464,3.202600267022093,5.898081787041194,-
10.0,0.5434885292364651,9.58746343812178,1.4715653658208703,4.503435309021748,+
9.155638473834486,3.2473440176238166,8.621112402531702,1.8851066765079194,5.195544977804324,+
1.9797825360463073,0.27109458378274803,5.636812205864417,1.2396882292896712,1.6851898514808614,-
0.5797806141627515,5.010069161980826,8.686997363719613,4.238063222890335,2.1183858382896226,+
0.2920757040729776,3.356772244292168,1.0002149096863084,0.437280247188049,0.31737428904967235,-
0.5936741047337235,9.466549553198396,8.15823457534274,8.06185912425023,2.8588249845269074,+
0.936471685014609,10.0,10.0,10.0,5.604864718121015,-
0.5274322109224283,5.190984338504693,7.9133746579502295,4.001444767023605,4.911428100140527,+
0.35156160534898634,3.8135073317268255,0.7574397109521757,0.8487353462718435,0.7933453888802456,-
2.407621400487324,4.61621758611881,5.98422529613886,3.327944256639497,5.185266701941737,-
4.321780047321271,7.427217166732213,6.208813931559255,5.3078242347116085,7.1872274759533115,+
5.380375402905227,2.654376812511998,8.202413333854924,7.5162147883729595,1.079224875690088,+
9.915182439519603,4.314349611044081,9.697026902308124,10.0,1.9442620846322558,-
0.6303215436270848,1.3439538136994367,7.301767378458662,1.385250836800922,1.5658177096108161,+
0.48778290290217663,0.7227657659471002,6.502442491959003,1.1660440093725921,0.04982065692275654,-
1.0089188796962256,7.279547119714097,8.87407620787486,4.110475603011495,0.3548902719704805,-
1.89809574945142,10.0,10.0,5.621561963992068,0.5126917551200464,+
7.268054770983047,7.852059447385469,4.366642375174692,3.322445287356529,5.1832680908046544,+
9.281491530814797,10.0,8.634224728329228,6.077348923426358,7.287002612262884,-
4.071376357486542,6.710755999595683,7.352308119460263,3.42811308381362,6.781735122943836,+
7.113634630416878,10.0,1.5971341557703154,2.695759720410138,0.3074565771885492,-
5.364636547934331,2.752994518545565,3.8732467993862665,4.232113216549508,2.04478887929843,+
5.764682620259762,1.4776768033772054,1.3578984031734682,6.39999582252512,1.949974212044995,-
7.402509568237984,8.965443264586856,6.010688515706213,7.916463387527733,4.062519192784366,-
4.2126802948212365,10.0,9.42417275930082,5.978654600977224,5.422504460230134,+
0.20082554252244256,3.303529709023556,8.906387045945193,0.5457446195772986,9.745702585328083,-
0.29611972093240113,3.7425802707098095,10.0,0.9116561615954486,10.0,+
8.290461861016844,9.274065742156292,7.169927817651254,7.359168239033459,5.9465179412675635,-
10.0,10.0,9.536411413329974,10.0,6.037224217897494,+
4.371656465084115,7.043952487349263,8.118234495208307,4.493089179987033,7.412100871137687,+
7.810835073924593,3.0150131637524895,7.545935695532222,8.362515967063304,1.0058682440248445,-
8.274513234855414,3.330324297942181,2.700544940039914,4.950869339085054,1.7332804443698013,-
0.7581394937750697,2.132467942790338,4.566536828549689,4.260496930341518,0.40125746382106503,+
5.687437231333297,8.657631870284266,7.995898042605262,4.093229594834372,2.66693468910932,+
7.014975895005647,10.0,10.0,6.9349157860359885,1.7737243648829208,-
7.871853100134484,6.03501262756316,3.0397227375526037,5.546856940333635,2.532320603624,+
10.0,10.0,5.045473098815159,2.4232084472202478,4.437413892285644,-
2.522059068444321,8.23957906608202,0.2779808977647835,6.80503047862044,9.445797360065912,-
2.8936757172458036,10.0,0.5181003152578482,7.402028143458314,10.0,+
1.7958032125538104,2.8394135393760056,6.959065041233773,7.44319134446855,1.3558211849214707,-
0.5322621468192198,4.53198873301523,1.3701083463642638,3.0750204388721656,0.2686287242058317,+
8.304655173773716,8.386886785045322,8.119124108839598,0.661074115532948,2.5611597481874915,+
4.498872496291021,10.0,1.1320514278804852,0.9342894674728758,0.020409543710460387,-
2.7322066885747365,8.33725204661534,1.438712178815541,0.8556469475159834,8.70204412549596,+
0.5270580345304203,8.684044182662085,2.08705015446263,0.253849813546365,10.0,-
2.0679056963462408,9.081928753271345,1.8316048141513186,3.192950729048125,2.2871016156718227,+
3.2199539984800793,2.3724505929260444,3.0913243870761784,6.054080009632529,2.9851038654030613,-
7.114940239135961,3.7787908041855225,6.791347175998092,7.242200728172133,8.71930774213466,+
0.012898487193078465,0.467347311744398,3.274611990516273,4.902182704542822,3.820487778967503,-
0.970989840355897,6.171531863454175,4.269501313218225,6.868348122981647,9.393604726286942,+
1.493529382568657,0.40940110859389994,1.4665392055274185,5.032389186309465,10.0,-
9.725366060354567,5.31469956634639,3.266781246499616,3.4042012152065784,7.506313362791669,+
10.0,0.8446218520669724,6.509763500527228,4.856237300026581,10.0,-
2.999877640368708,3.235551182629192,8.073562675796458,8.464505288313106,3.1132020499917648,-
2.6491391658946153,2.74696207495143,5.627483268224034,10.0,1.8214113112803667,+
8.745245714423431,8.847202077040562,4.305870846854498,0.3110414901858882,6.547702695214225,+
4.7022482405090695,3.475444227664179,8.593747798899907,0.5184629530908297,3.5668200566438535,-
9.20768962699618,4.740818761683785,1.7843214862733525,5.949685001724834,3.631315519782942,+
5.041343826431148,0.2457311799767936,1.8706031187925372,9.451007367912977,0.21396748617178438,-
4.233603359635936,6.061419950065407,3.574503869952176,9.255094028594016,5.6826270570603485,+
0.40148623257623095,9.731602507065197,2.4642806275207167,8.410905501153158,5.573439981147226,-
0.19142145620560935,6.194754023341025,7.245941370415485,6.272386644380288,3.390590651663018,+
0.1388967876489279,6.103153063647069,9.750420487008096,1.3118695119540502,4.057323597602825,-
9.647788872456786,1.072232490399746,2.7082459679513127,4.722191320885405,4.239282356399809,+
3.406895010469583,0.45687206996278096,1.7413394989604285,1.844567517348021,2.142309995259614,-
7.401314431195859,5.147031081832654,6.283007662588606,6.129238797173638,7.023959592808814,-
10.0,4.3841398199259,6.328109174216974,5.191566297149001,10.0,+
4.954751086370907,2.78233773051178,5.943888120917596,6.42653176174537,8.208617086174495,-
5.93099582067217,3.9050735319103946,10.0,10.0,10.0,+
1.0910568581161728,1.08067798030698,4.824109321207435,6.84969528266538,8.231876315347712,+
1.0242091585721311,0.4246065735887522,0.4711124166601311,5.525124927221688,3.5172531198881325,-
9.368307961016422,9.537685710678495,7.090719426592984,2.0614965119384077,9.223462769032185,+
9.22409009074217,9.256661626147016,1.4535463634496475,1.0450250661018106,5.6471569410738605,-
5.42624128904461,3.4272444844617453,2.4858174238305706,5.466114944452988,6.1631819600090765,-
10.0,5.7879223093470875,1.4019784974005471,2.4917288272948457,7.801127553101228,+
2.5899366596542714,2.453216146270112,2.939763726108575,0.20824817239245008,7.50753038994906,+
3.742123260211569,2.6193962185148116,3.515676958187206,0.25350148118193655,10.0,-
3.3886149562029977,9.856224514144802,6.342181575524969,3.134096015751573,1.9685025562183922,+
0.8892410887566202,7.326590895512711,0.689131753434751,3.0499002235620494,0.5929288611955632,-
3.374589735786185,1.4104900913366258,9.82699233384553,5.280851354000871,8.54744559086319,-
3.234602373521723,1.535605515944233,6.846920017472475,9.857504974552667,10.0,+
6.171126000741268,2.9224470758622987,5.179540855519761,1.8844019476101714,2.3601630177716437,-
10.0,0.96244762308761,2.321061506396821,2.7455759752032964,3.9015073279599135,+
9.606280201730385,4.717104924833154,9.126567916569805,9.55418959039805,8.35397109988955,-
10.0,8.230764635072786,10.0,10.0,10.0,+
1.1917987133407293,0.6430163467242034,9.639563459439282,0.6931455708506284,9.712504323515132,-
0.2072736350298595,1.1823279549572312,1.541275719814152,0.2285796232630758,9.44653121097774,+
0.986666015388068,2.1799165077491987,1.6076270905623935,7.260065229564001,2.374472347982696,+
1.3978229142322423,4.13211786011236,1.4300651148722616,10.0,3.173517907787101,-
2.0821808053261535,4.870558337933789,4.832951592180673,8.798988492715107,9.1477681392448,+
2.221636035239689,5.81470750956216,9.598464961957047,10.0,10.0,-
3.684386171811258,9.488460869932482,6.632597637006137,2.0207259163497326,8.435468668262514,+
1.1935969206077526,5.133833640696755,5.187908945169933,1.3884321191264744,3.762642743262607,-
0.19601130430567326,0.5140598157590026,7.386702768782065,7.881367365250023,1.0972315814896194,-
0.3542681697757062,0.9689827354280357,10.0,10.0,1.9040332231597146,+
0.25050574963318417,3.5748697340406888,5.141137722120337,3.5102214609100213,4.662949944539329,-
0.4644987172145947,5.912096004045321,7.9413159609166994,4.521791281969556,4.9883657759231355,+
9.7631722417473,0.9627685363329141,0.40192382283320116,3.150550718179553,3.203384574994974,-
10.0,0.07702534456198369,0.3678660937173194,2.590599957386133,2.898454389436717,+
7.254788699625493,5.886353413175889,4.573515797106471,1.6509315712883554,7.4651082881954824,-
7.45656865356214,10.0,6.685546277877166,1.6622117853756972,10.0,+
3.3838186831042116,9.611451536934172,8.085596529266608,9.50376215790149,9.648408632145614,+
0.3202205676696405,3.8898834911520987,10.0,8.973195313542634,7.4106817475616475,-
7.97430285489797,9.467708690507054,6.142387687912892,7.07433068515866,5.688486797145714,+
10.0,10.0,10.0,8.785202507102309,8.806593506387252,-
1.1333525912952358,8.644346084934746,6.9725809714476625,0.5757522981707119,9.597208750489369,+
0.33382734943680037,10.0,10.0,0.09930907936695732,10.0,-
7.950276467041011,7.659787090645192,6.037619233017115,8.35932176059462,1.1662814160755475,+
10.0,8.07350547183748,5.360660322990583,10.0,2.0594191320959156,-
6.368026788887951,5.894763539675203,5.655756194591591,2.2301974222220924,5.643373578810525,-
2.251276082216582,4.498184554884195,0.759048248469262,1.5369445090348162,8.944307193826752,+
9.627319219442894,6.392079252078709,3.8729128724030684,5.256277235427058,8.44122994369061,+
5.793906152405687,2.7198601824031146,0.6466732849876895,2.074842671712618,7.670256354273561,-
4.421725898072184,3.741003824895807,9.172679301229953,3.2600053762908043,2.110242851498838,-
5.8269110958477865,7.172117706088293,10.0,4.394028698294572,2.8073631619353274,+
7.5523959890052375,5.960900157662682,1.3046462432594352,4.235825990688264,6.802404788415156,+
6.774937247344426,9.690133470236598,0.8794935353999708,2.675992144620046,10.0,-
9.147607939407123,4.4660588353258905,3.6324996489751404,3.0228184668017235,7.196447356831114,-
6.698867279497458,1.0386246230168683,5.764192555855822,0.2116346133141914,6.5775773814577585,+
0.9588426817201678,1.5140261951318912,1.2099859183549022,8.815593146989588,9.881760478107855,+
1.1010081078545486,1.7270532911452077,1.3378252770239145,10.0,10.0,-
3.0290532776673915,3.031636071983516,2.2382628631732002,8.975781345611257,1.596390774211639,+
0.02394929819587724,2.8899873810168155,0.966998322569874,10.0,0.7077805890965031,-
9.413854151116448,3.9786072691259133,9.556860386895455,2.664236667609031,8.750841927123389,-
10.0,6.244153688658525,10.0,5.248582732511392,10.0,+
0.3049135683246107,7.643901824681924,7.539815802659566,3.0642277001245755,3.5942968357092586,+
0.15667780225570085,10.0,8.318771550882031,0.26958567037136416,3.141760707806407,-
1.7621801012155247,2.0828821549825935,5.013600295995789,5.3926233448606355,1.9286392152150633,+
2.292526655424356,3.9896101594393163,8.448603204975614,6.5962375877091715,3.0091946125927804,-
9.308750230295782,5.402095188708843,5.521142445253569,6.674361466336702,4.797283422647545,+
1.1908361386945787,5.886917733193027,8.87041014066879,10.0,7.006314411218875,-
0.6253971973925432,2.3761859980250586,9.459693666609816,7.954551122022401,1.2960356227721626,+
0.028120257802433213,3.285384433672534,7.03760301327358,3.788037185169557,0.018332832744129106,-
7.30389929912107,9.960774579060944,2.25834561583084,1.3572247881982358,3.328579108930163,+
6.42390716931901,2.048824798777378,0.42883494022899976,0.18374018549490484,1.3043782299534472,-
5.405161054661418,3.614532706562792,5.549494837524317,6.964515826918416,4.641000513243335,+
6.402797095764751,6.864332920287252,0.8025358639000253,5.398734043617739,1.976063669499409,-
3.3088894147406545,5.554207852288884,4.351046125156376,7.827505213375199,4.735150782061225,+
5.473063680709424,0.17828197778809,5.243360559804592,10.0,8.741591185908604,-
8.781730297140118,0.35679862031973486,9.409994312248811,1.4809411985577503,5.662448075965923,+
9.771698807036417,0.08646615685694523,1.6997813140661906,1.7484004151366581,0.36223391192634924,-
0.5599992034973944,3.9024360862346077,5.715670469419418,2.2134102675289977,7.046076713014379,+
0.8217262005658894,5.440477766094506,1.8812838411116675,1.8389898769690094,8.466176082376329,-
3.5799411770710643,7.244252451045375,9.813832946555374,0.2642360269407851,2.1604344381961607,+
2.2857329959619967,2.5794920641479475,5.774717549091591,0.2545337665708107,0.670280660437634,-
6.35441788693286,3.440989716105185,2.62466636680739,8.36812814247377,5.424490439105821,+
7.839156651519383,3.937735667520357,2.063722959979714,2.3461105013627686,4.686433621278184,-
0.38850990323742174,3.6900308288494834,4.9538968958808685,0.09895610768000607,4.6282517007943635,+
0.35618384044589846,1.7109135068055161,8.000321524219446,0.16199658820672422,0.38418626994056854,-
5.440100601296015,0.5965696981949498,8.208149056638522,6.0001009607979405,8.005443269323141,+
3.301974888156707,0.581320704368317,5.730217015415517,2.9310353459727416,10.0,-
1.2275528153230053,6.657912393437606,0.8711987719482928,9.26836093241865,2.9726778650219265,+
2.1491104969649637,10.0,0.10992648690449085,10.0,5.9165466521860255,-
0.2558781527816334,2.2999821784663785,4.919414874519635,6.368859937600998,6.05417548427992,+
0.44587768750883,4.541602619110505,5.506365714036897,8.631956077943238,7.648660108018536,-
0.7172451511154387,6.298254399886247,2.071422581653982,0.8831229006112606,4.84316757626837,+
0.2873096849860354,4.514816223060017,0.7942386104457667,0.5435530258976607,1.5683169518743278,-
0.08573987656547599,2.798139974198971,9.86748844232891,8.142353146201689,7.942240462403401,+
0.04751874346999574,4.520772453460966,3.5914486639877294,10.0,0.3327941467635185,-
8.31681194087077,4.5768507938881475,2.826845438152862,2.3711714332270994,6.289175297708617,+
9.108120552957761,1.2802370415381061,1.8779173547107035,2.6610641178541288,2.171727976919313,-
6.979073177908424,9.821926781526333,1.7275711050564069,5.627650343558749,3.9607800467382717,+
7.713894405344319,10.0,2.8314731684076078,3.613386350003932,7.818645549304081,-
6.397575450038623,0.665087984828916,3.06367845775124,6.681948564830219,0.983829759958047,+
3.078893158678642,0.0345372276365402,2.2105004874460903,5.5321044059739455,0.495737249960862,-
0.8555311589951053,2.3951861296036716,5.179454197073898,3.7009418464698074,5.167647171369715,+
1.1050525389779595,3.4817588639210713,10.0,0.16791571170057887,5.809988219723643,-
2.428847314408852,2.2414691668833733,7.411608789268822,5.878168020936901,1.319495568543838,+
1.4610346875145708,0.25394872892785453,3.775141378394222,6.576470841179743,0.5445762731968218,-
3.01147969052759,0.6783103599420359,1.4262639785873332,7.569564072570038,0.6551669411303229,+
2.190201913266257,0.18726512119515834,2.7111968911692004,5.417700727671647,1.128080727977501,-
6.568806932336396,0.9035707906425128,1.3440550057287026,4.388569409307247,3.6924470127043807,+
9.586077552373748,0.8636677854230591,1.3424924698325758,4.073432643632524,6.506555263995637,-
8.99804772838133,3.0402175990532387,7.804188813772981,1.0282591691052778,4.415481904216251,+
5.135062237054702,0.2238381759562769,3.5960853734714986,0.5278086595646395,1.5913648532069464,-
6.28074884239052,8.947318984132519,9.574535702127704,8.409719737165556,6.944026217642754,+
6.944182937431492,5.735415708210948,1.2864319822941066,10.0,10.0,-
4.2422582352493245,7.192805893083397,3.0372908620070604,3.245155311100556,6.35949719196072,+
5.038087919133517,2.3740747607530266,2.619476447758085,0.6647141863976167,8.956393239286804,-
5.027220550327116,6.662512000952317,4.013158411889454,0.22281689733513632,6.94852699520656,+
0.9224489988893334,3.828701198376859,2.794194622717209,0.18136748052095006,5.706460618186621,-
9.519413728219204,2.798957818061336,2.054198265881111,8.490992121105643,6.414754163457071,+
1.1230727064069035,0.8632483500605792,1.359787601119645,3.201514183218309,4.667794339615624,-
7.534476050281605,9.58649874271134,8.928772709666694,8.449806391478635,9.77228080115139,+
3.0326899895993904,10.0,2.565483432399383,10.0,10.0,-
8.117535832341527,7.954609619510341,8.235917150018071,8.223309713415011,0.08922469828061996,+
10.0,2.2869245039244177,7.916671228818835,1.3731156168304204,9.99322514904205E-4,-
6.905911548156704,5.44558898982009,9.38243538244224,3.421021813412067,0.2129834826982524,+
2.429811088628215,6.769419623125928,7.132036326564902,2.5443959689647744,0.3176254268021112,-
7.102252302639255,3.4654668773931006,1.3944880726142006,7.56699010144843,7.895690056330674,+
9.80406864163778,1.3533819682873234,1.9639226599139528,10.0,10.0,-
3.7408672347396688,1.5818963444560918,4.345420415476533,9.353368863804231,5.2473347624142015,+
5.274544501448462,3.0008104652827443,2.952669940799215,10.0,8.05814007452716,-
2.4162265013718445,4.099506698075169,8.607013736510318,9.288989183039115,0.4425858874146704,+
2.439679116148288,4.935130848225613,5.7457259624702886,6.561254904402401,0.4370879444527259,-
1.1588201536451703,9.916292771431369,0.8789394476268286,4.217342785601458,2.9043122452460346,-
0.07793282264375828,10.0,0.06935060450858144,0.1360733783239196,0.9259657828572911,+
2.791077066424549,3.20270843527552,9.335665902981066,7.001783113972804,1.9014558390979386,+
3.812721387076831,5.398581050310483,10.0,10.0,2.4316710990860497,-
0.19182966077672003,2.586496023142497,0.5370880004776191,1.854179526670806,0.30288535729919963,+
0.08433655565133998,2.2486103473107155,0.8698213968806465,3.223296436325894,0.08239795102622363,-
9.276106165623133,4.141808778616454,3.092068235973542,3.9840298350540495,4.265776501729684,-
10.0,6.581633963778352,5.016718210727753,5.491168326801251,6.525176144281809,+
1.5312888044069328,4.140571737690656,7.233500198908654,9.012975826448567,4.127779202274447,+
2.7148872303442606,5.165179302566488,10.0,10.0,7.12182621540215,-
6.495896895496919,4.67666356521358,2.3889296270381735,8.495150381031417,8.63888913201714,-
8.834901753219876,0.4287769446770392,3.211190360427522,10.0,4.7317390940776125,+
5.762979836248364,4.752243893691851,9.67759749660467,5.325785637059285,1.8003496017201515,+
2.6450162882998485,4.350086714576652,7.252827273736714,4.022606908765327,0.13941935043747505,-
2.4240321050456517,7.658062558485498,0.3790303566608477,1.4435799862266552,4.311254440148274,-
0.5838115678293867,10.0,0.22590725452710453,1.3577748929360138,1.2549513956089244,+
6.50179942632252,1.658009016062889,5.510873162839747,7.40710259096473,1.1748144568588859,+
4.3533782995681625,2.3517750740032946,4.642685612814788,10.0,0.20332541309329363,-
9.07413180173436,0.7281738102711577,0.5096295618869229,2.4437827702371875,0.07745036784850723,-
10.0,0.7932875944325624,0.30080448557170675,3.8097498096976437,0.04878574403596288,+
4.792032814770515,4.919752332606956,3.1700914524801407,5.864507890763991,3.8453403985161327,-
6.1328726127832045,7.376747214221002,4.803509517584058,9.268535855994319,4.0895048018236055,+
7.298654935015122,9.5062423470556,9.732686236884305,7.480667119133168,9.375532286811543,+
6.771853765306098,10.0,7.9881401235996154,7.193711281789552,10.0,-
2.10071056500843,8.981061624139508,6.519209058975443,2.101240703049286,5.574537475782929,-
3.4669603478181985,10.0,10.0,2.2803834750413947,8.861693049347961,+
2.9542780348292794,0.5670740510780881,8.887147114395187,7.495273230444734,4.19321622280944,+
1.5607956446105171,0.18056415713293364,1.7872392338066259,5.307395803611176,2.6533130339695834,-
8.609422014557088,6.686555896262859,6.771471424492442,9.452870319463127,7.459229531272646,-
10.0,10.0,2.490236040094168,0.6738727393364736,10.0,+
5.050765031626162,7.872170615561307,3.6584358011157403,6.26622600996238,0.8400359039934813,+
0.11303879706031952,10.0,6.534486446054736,9.898214306224402,1.2694436829986426,-
1.6492546384934137,7.714199150149394,2.327349712552226,6.35611975406273,3.4252585481296185,+
0.6532467083177477,7.39645739718097,4.178671078876872,3.6222782195487295,0.7895153555647002,-
2.930630722945539,4.7785143328277115,3.1762701852107913,6.4932969271674335,2.4276532824237362,-
0.40630709763206074,4.6174344445614555,3.4041864511774196,7.650909384836032,4.501247135859884,+
9.728758122934389,8.171108986949136,5.861088263362553,5.57865941285408,3.0071195938176256,+
5.19810465315593,4.770032498460695,2.8736612725302675,6.1359810358593885,4.747116122128466,-
6.17779106576285,7.274587415333913,9.08067275301393,6.341256936716092,0.9959684308105254,-
10.0,9.149814638231538,9.222977349104148,7.9688582873262614,1.6208997276933497,+
3.580940670683106,9.120598555764175,6.079288351711634,9.31537474454475,3.6882305863148366,-
4.8511016164319765,10.0,10.0,10.0,4.16302875842202,+
5.616561209600574,7.482868159722809,6.864466674880526,1.6521015749417123,8.108260672886837,+
9.124037290306214,10.0,5.178021741260868,2.2493280405450493,10.0,-
6.338493760456053,9.046038964337441,5.054746553835345,9.757086459670901,5.196535159101652,+
8.086874924258254,10.0,4.6140345115083985,10.0,5.321792428143957,-
8.651036571696334,6.933867376201471,2.7981181447049206,3.193101881307925,7.921076861424147,+
1.7500699086301725,3.5600046772691742,1.0182660185981067,2.5999247896623836,3.130411119821326,-
3.934929285602612,0.2638681859536618,3.308759860224696,0.5940560211153456,5.178059709686748,-
5.715914480749115,0.4349080794681118,3.667494257069066,0.9755108114848655,9.244674073963802,+
2.0520080052340415,4.949539188741543,3.9004895930138597,5.77576261099162,9.524962727585626,+
0.39135897002398196,4.081160559576573,1.4742604975382438,4.986722359105135,6.508244046324028,-
2.791732819292634,1.488133553155726,0.7912627914908055,4.6959637389545765,6.841467364289868,+
1.8915823317237983,0.11490070497013863,0.17526817750182902,3.6498251343484984,3.6493902616174823,-
1.7149536549111632,4.113958030558045,9.856339165313612,7.44376325778228,7.485939263447669,+
3.20903696286397,7.343670330681024,10.0,2.8298207798853023,0.8895430746687641,-
0.9105124847917456,8.285137115889356,7.672787048598697,6.310467449373387,1.0383765788113974,-
0.07538288057382223,3.8551148072396777,4.13633557883332,10.0,0.17764099385979845,+
2.1052706859125236,0.729104642410765,9.349810115179887,7.323674791448403,9.135615542270184,+
2.2005120554752895,0.006067679489620849,10.0,3.291184043189693,8.4182143761596,-
3.62874369187417,6.16864962363369,0.7081261093026403,4.066365371531669,0.0812748404119823,+
7.0846892852456556,6.3461677256619184,0.7632828529542431,2.2935435866845575,0.1468535531996887,-
4.617673877191252,3.262908713860233,7.200581100287757,4.347304672614972,5.688290883914393,+
7.95615149325429,5.568090491710558,10.0,3.380774428115901,10.0,-
1.2560165740010132,5.487538591212027,7.544797444286968,3.0782346622753076,9.169417243455309,+
1.1890929410372335,6.041046668506455,10.0,5.466534294658431,10.0,-
5.597146772122498,1.7605792249785412,6.6634716219613725,1.6230690590145413,9.358338093250534,+
8.303160356427183,2.3833402144989457,9.358604047882643,2.5170371606816766,10.0,-
8.448426866844835,2.0462112380342257,9.158143322504163,8.85583841068293,6.847219904880616,-
10.0,2.0611708310946413,10.0,10.0,10.0,+
0.2220101004899977,7.162599106456746,3.6606250119582153,1.7005050181633352,6.659468633660438,-
0.3697305672552096,1.2233846789619802,3.5807825542877767,0.9920968300727827,6.624016882029927,+
2.324802568066656,0.6249125516333898,8.098664293464427,0.1960117377883397,6.152885741955885,+
4.084280779335426,0.2272169105206689,3.1833956358846383,0.37241163415932393,2.9921632652496353,-
7.789948632068472,0.252098160078027,5.881190569584401,3.7500573209291277,8.262293000890033,+
2.8573779714215894,0.11256464276327656,3.7540549331074278,6.872188047515866,9.079429130627199,-
4.359227131030748,7.409937552461468,1.4886417399402974,8.507148340770996,3.0795337721487845,+
2.2620709307126323,1.8677854100863183,1.0316607059403313,0.971375592649998,2.670529508325215,-
1.962216776649679,3.875904883974969,0.7526623909826802,4.868652374954069,5.250520646104131,-
3.6272424564088843,1.833179681387972,0.2726296339545782,0.9158599684959495,1.2703292202152248,+
4.556956149257382,3.4285948569713143,5.956948443256364,1.4968823305409784,4.589886389144898,+
7.66946751890486,1.3891917439668031,1.0163642147511307,1.0645723159371008,1.8294164459587905,-
1.0983504598358962,8.30092874611002,5.739508381586152,2.3115915019368325,6.225505459714794,-
0.5840320946467313,10.0,0.2067600656822567,1.8405067277279592,3.611802017192128,+
8.294666702739445,6.709564861992272,8.39743939062408,3.5472484599046847,6.441732791032736,+
2.1737946321779615,6.426723776038373,0.7296663437150105,2.151007289471371,1.7089377494733105,-
3.4589222248039597,7.707972486352061,1.246260442536431,6.016788167075296,0.5481342079028007,+
5.357026773114984,0.8297856164631542,1.1532043718671656,8.059251817676197,0.27843027694490374,-
1.5332875718717554,4.959326893075487,8.556233097607912,8.70137063116903,0.838654683208212,+
0.013876306802361658,7.958856970220481,1.3659641526957704,10.0,0.662438061315981,-
1.331898731328417,9.989809403770716,6.2087610452058914,0.49407290432015194,2.51205061952421,-
1.4935359072401915,10.0,8.398765096378165,0.8369786226667858,2.571791630396621,+
5.552043149463179,9.042597282650743,3.730710363911828,1.7424422625039282,4.3630087891658516,+
0.47888942678102414,8.759186780074174,3.240920547362136,0.8296859819893448,1.0080217669283662,-
7.9730047802621495,1.337808858737245,0.9011365225399903,5.41854362800282,1.5676045583602916,+
3.94059612152346,1.0307926341770646,0.25981963004347874,3.4295324679353216,1.19120938750968,-
2.0618432153761823,6.4771179939354315,8.669963752716427,7.614172532364587,7.621618812194699,+
0.26061158513299487,6.752663353575438,10.0,4.73794204484514,9.238287231143872,-
9.504157031261668,3.0354941588893345,1.4752955253485,8.02361031639156,5.552292307268671,+
10.0,2.641998167005854,1.6486581611358824,10.0,9.781552583892939,-
5.210270409085144,6.4918000472580975,7.555400559307108,8.124209941863127,2.754878935214473,+
0.7436587912970026,8.965840622161762,10.0,10.0,1.2126927356026644,-
7.634608315262476,9.790612134435047,1.8631523254236504,9.49682700159616,2.2868738844955505,+
6.04440840763745,6.5057817024202125,2.187181359394165,3.4188473038218654,3.932310535203623,-
7.716459640301116,6.754767514857784,9.781739136261734,9.847928297624874,3.0453036396647635,+
5.5865839062060205,1.6924250073157594,10.0,9.110596643124229,1.018018584366259,-
3.098223773790214,5.0914542230656865,8.496838254527498,7.651749680851676,3.999600079877963,+
5.806714435768797,5.825657507096772,8.91101559231909,10.0,5.171397477623291,-
2.399019749086145,5.429613908797908,1.3369721798458045,8.515160596351667,0.9078883590192888,+
1.556470592318559,2.0545654001469513,0.27619104757855667,5.241529610793731,0.6102662435824656,-
1.5104152415352268,2.3080521695732257,6.780292647652284,2.7199150031543615,9.161078163774398,+
0.9409618455446258,0.937435427900044,1.907624116620246,2.2234507628604545,8.487393914855968,-
8.168944449337147,9.812794156733165,9.166435594248249,1.641854756566895,4.1862442260557025,+
2.2318256142482062,10.0,9.659961819045733,1.662406489720646,7.639837165801463,-
6.056780827483722,0.7700424671681105,0.7676855547956751,9.12569413648327,1.8310442319252584,+
0.10155648101574488,0.5484813872270766,0.4414546503206701,1.8758976710616373,0.44678045118452125,-
6.458973441886091,7.525130857616288,8.047605114038088,3.9008413071568295,4.184850403075517,+
1.395131430408953,3.4744434730514175,2.363107969745152,0.9179222283894504,2.345237969739457,-
9.558917543129466,8.499225804598238,6.389121425622114,2.1097791684588527,2.5050805298472953,+
3.728465097330198,5.378800690861846,10.0,3.792777148419906,4.155085081921252,-
5.638906763164564,6.919979150338823,4.0851788887035925,9.435159135419388,4.675982345887954,+
3.2049624525076585,10.0,0.4976730260507435,10.0,7.562331855293451,-
4.36653646801243,4.9441636292697035,4.974248825944589,6.195132946019192,1.0395577910643294,+
6.829354811539454,8.887488753550118,0.3246422162152869,0.7821192866578933,2.004064853079492,-
7.7441920096466035,8.911612982157251,3.5250497230071898,1.530868715618685,5.862129430778271,+
10.0,10.0,4.022339883711966,0.07251674783948718,9.506448091340022,-
6.744692859877275,7.6366927728872325,4.5863271303528785,5.5109542224871575,1.3925355734706801,+
10.0,10.0,8.180056425305917,8.589202748694833,1.0417162357716576,-
2.6139582812114,4.158455615314641,5.655156905408906,8.483680645540336,3.954846835016265,+
3.696892317133159,5.124825768021827,6.690751724735946,2.61357126397541,3.725401209801812,-
9.294013064932393,4.748762415450786,4.761699039148398,9.308309462379164,6.07995303344862,+
4.550926765129519,4.090593351155725,5.5260380476221,7.273315534848586,6.971621802751617,-
6.715242941795015,9.543813925282,5.78444179874667,8.892276869617138,9.85870071867892,-
8.953211575426197,7.621945032085112,4.394614939890639,7.039106414576107,9.806813927772373,+
7.479245620941639,3.829805520375972,8.549769076866818,1.1321192679933112,0.6360208041646531,-
8.646885444124786,4.56886489351071,10.0,1.7441746302815193,0.7806885057871994,+
0.014212907568894595,0.29283933745028246,8.306094519598314,6.209175869900177,7.62983273332554,-
0.0055369946803178055,0.5171725619285601,6.93737678927815,10.0,9.012441453832281,+
2.2131554706625,1.039396587794863,9.668072515993698,3.2681881458510817,6.868576426316025,+
1.5799647638510543,1.0534849367177357,10.0,5.402364461024588,4.714388726462504,-
8.473253659369904,0.19086381555563747,6.009484961915072,8.203215482176534,9.253361350781514,+
10.0,0.2745561414407811,10.0,10.0,9.798182254715542,-
4.321082183370879,1.7105789589829135,5.203009432486815,8.595182210271485,0.9465186774744716,+
1.3902676211053357,1.4929773328093368,2.166377437272777,7.699451889398025,0.9221470503753476,-
4.332166470981301,4.245442536199489,6.17902795810007,8.166066609982572,1.5660912623159151,+
0.021696891060859123,1.0348259169887346,2.1305027498696574,5.854937486748488,0.8485326836343816,-
7.8819803180603945,2.8342275266679917,8.316987449017892,0.87560014912068,0.22364107824665802,-
10.0,5.0174097045691335,10.0,1.453138897117083,0.437358647448513,+
3.690032714250231,8.299391654406847,1.6163140314000846,8.00962311152088,8.379393742332372,+
6.5413956056395595,10.0,1.1601137258310368,5.39453467591075,2.764131400332932,-
5.917647694393915,8.338105999039508,6.794672658266742,0.13593224213643618,4.785793249186052,+
0.4577474683808651,1.083976445209549,2.389576527936605,0.2577087642082016,4.369495676586949,-
8.906365207832676,1.9649571147387868,1.5443417386489655,2.870677493628908,1.1098908363314852,+
9.016388396491973,0.2340054956025518,2.31494757882427,3.196939302151216,1.841146485068821,-
7.179268198477249,0.07945554261015841,2.0382833911237777,6.211254284163635,6.022557342364017,+
2.3014992107632763,0.0024492673928475147,0.8719051914961751,2.4783533496701398,1.5472858013845598,-
7.287195325699304,3.0309639923340157,9.417561919653126,5.75606461496181,0.657464436612728,+
6.421679630126825,5.811300088992626,7.10100902172252,3.9682671410068955,0.7068938590717162,-
4.407081062474095,0.12541234013143665,8.869990654314089,8.900780779920462,5.162973918069213,-
8.11677842196774,0.21654514152534618,10.0,10.0,10.0,+
2.877522340284168,2.722623306702036,1.1709852147204691,7.079019898999038,0.026761039999670944,-
1.346926801199702,1.6835021499188914,2.330904734569482,7.190140912887664,0.04041694136501868,+
0.051998201127885224,6.695630457855357,9.789408484100825,8.346762433935837,5.080739084930153,+
0.039233070719303986,2.905775323972329,0.9057924915372562,0.4260096086778741,1.5690021508919942,-
1.9936765472655493,3.5927912269293705,5.961634377034927,3.158443895178112,0.8456280793953241,+
1.8419987058777947,0.2896634849935771,1.1782909959465058,1.9183906114658456,0.9523367308083077,-
2.2266396737336693,3.579044795897386,9.033599075624124,5.710892869092218,6.984998035852186,+
3.5235113007910144,2.853036748577577,2.6937188470338733,3.6294851562941304,0.589103879867461,-
8.454532027884627,9.693644307266178,2.447669875377263,3.7610396402849955,6.693521378321074,+
10.0,10.0,3.2431330968131626,4.103411565017843,3.877937621590612,-
9.555327432749207,1.068408899725175,5.552003633734239,3.3697831657401767,5.788382245187389,-
6.479380572085601,0.23079991482941212,1.1572017825204055,1.6417772015281444,9.906957896396635,+
6.380953261636232,8.935397356829705,3.8782398743619195,4.161254261061184,5.127772206107663,+
4.626883858702355,4.462061521052147,0.5229970340304427,0.5464648079029215,9.651584126011334,-
7.247923799921815,4.806451813688723,9.17512185353303,3.1778995181409666,9.945056292634783,-
3.61241336977279,4.146712732555328,8.273224964317603,3.765927149495469,1.6476024915165832,+
7.46973270909613,2.209419378541452,9.18522437018408,3.1492170342011416,9.59362655882936,-
4.8798566938294226,4.229937240387752,7.243492389343619,1.179078641383759,1.3537937848512778,+
3.330037146865348,7.182026378132415,3.517768140660537,1.1990549381728255,8.67230300864932,+
4.263889197462266,4.054433481849966,0.9880265839007829,1.728636771070547,6.67612355408544,-
3.6209068516757803,9.120445250082167,1.9770179976715496,9.864354036178462,1.135912228369993,-
4.03467265050789,10.0,2.3440525536582744,10.0,1.73568359256205,+
4.4522628017108055,0.5252924282025329,7.835253448066599,3.316506373405308,9.868614423798421,+
6.257571595985041,0.1473030777565434,2.6104913561684855,2.428097578365368,10.0,-
2.246891665518146,7.890905204592965,7.986069490916164,9.01261172127185,5.513128946607143,+
1.2087573770928175,2.935997060062721,4.767908173331198,5.251835278429305,0.39654902189115504,-
9.133021601164057,7.567223953876699,5.296730742049004,7.543289498833796,7.812250272619664,-
6.597265908886233,10.0,9.072812324123072,2.5514418516560275,10.0,+
5.245677218976431,8.098140653699788,9.835586392225522,8.384624974739792,6.177742492852212,-
3.4763176724261315,10.0,9.525097064266802,10.0,7.626575665847285,+
7.384340156760865,5.872316263732484,4.698871531660705,5.3475327787972935,1.5614111045304424,+
8.416708472218028,10.0,7.381887420375329,9.046279479894762,2.4438773734703267,-
4.890676629856008,1.5664810540770446,0.16449695885825566,1.9329638531066617,6.417341228272609,+
8.606973449613783,2.133520177847256,0.2125075753026471,0.6244512814071166,9.327111027211014,-
9.885494590157966,8.53454226126493,4.479359036109381,3.8812395755133977,0.5586396989759368,+
4.065355987133918,7.246701604901468,2.2585468158735322,3.8149892051156793,0.3126898470702421,-
5.0912813089522855,2.4792075348737317,0.2844102733655318,7.8624034366988225,1.2262243545383034,-
9.604423828965073,2.633938745400325,0.41489761924276647,10.0,1.6397416614263602,+
8.227676940995416,1.7161115169365315,0.8348163948105669,4.998153464026669,7.337703931286464,+
10.0,2.012271994106461,1.2997787484509162,1.526140934786755,10.0,-
0.43599187126494465,8.602986497563649,7.243303131720684,8.575810111133876,2.1115982493324728,+
0.489413493250174,9.754354392786448,0.04320536477140053,1.907378304182482,3.3947327982965136,-
0.3764553010435123,9.550499424334241,0.5921686137995008,8.52998260869858,3.038142849882901,+
0.7262419453115628,10.0,0.9347306073560593,7.585358804121,1.6421826340596934,-
2.987053075908416,9.772458175428204,2.1111863194021607,8.106788300924606,6.973487515291251,+
2.8393189200767925,10.0,3.7224153059326075,8.296323063168828,10.0,-
5.2441218419428,5.208962392948543,0.42434947489999986,7.074464825654819,3.702965349991084,-
4.7079672407098645,3.3386038444655015,0.6409087978053523,1.9854570106063356,2.2426780597052884,+
2.4001757695289627,5.218560997869882,4.226117684313973,7.757929971638431,3.24101786674046,+
0.6811839162310491,6.194216576431572,5.593502140678531,10.0,4.681407016131992,-
1.9663388788888214,2.1326085922603157,0.3203254156202151,2.6210195054801266,0.9465925596549163,+
0.9718622122594065,2.0579578324943273,0.14551229884589498,0.5507953335325326,0.07777720866991775,-
6.933185803065762,7.86802516530803,7.879636803686846,8.791115087353834,1.3551426799787791,-
8.359082345118106,10.0,5.047540372377919,5.037785948495871,1.70922321278963,+
7.450015751319676,1.4847794269138481,1.6824114940168422,4.5852961584498395,9.256653558188203,+
10.0,1.5189392176587149,1.8273544680124947,2.257642281343905,1.5880518142905433,-
4.326730614830611,6.859776725224425,1.969662730807712,5.284705123628809,0.9828739087214822,+
8.415809453554203,2.119864067708615,3.149305207912341,3.433312547722099,0.9433080963514408,-
9.74201424100859,9.785821558228424,0.35457222566552815,0.9373841873346866,0.915089617162107,+
5.682854991982315,2.888379997842518,0.08854422377849303,0.048578925490554876,0.47788076628660087,-
2.0085628207561976,1.053129710506685,8.943290480889381,7.410456606000353,3.855758362442484,+
1.409593114039524,0.03126089028060888,5.210928251902258,5.6162824066727906,2.6399287651436913,-
0.4870196600724941,6.693022864018109,0.016423028488021796,9.506324606450283,4.9622124571248545,+
0.4637982056759925,10.0,0.008681161524898751,10.0,2.520884824492557,-
0.6502149165855364,7.417334325750808,0.8302493206482364,3.022866386064317,1.6470839341347654,-
1.16378174350929,0.22013729862895484,0.39894574232627644,2.3170790526365748,1.4729593243559964,+
3.566935272341043,1.1845282373145927,3.675110630569516,2.3768978070253377,2.9592916808302796,-
2.371519570517695,1.9083844877216318,0.7647814944616231,0.7025670230498625,1.303268501505728,+
0.7191649995955263,5.815236246333242,8.05175660079909,9.031755616020833,5.304496584958231,+
0.7201536375713417,2.3399523875676054,8.95201923219897,10.0,6.2076457375573595,-
3.374885884240406,1.8375691815332162,0.30099952882850056,8.815355419582314,1.059675598852462,+
4.475838159675527,3.0647996660500274,0.5871135739957977,10.0,0.62112823177589,-
2.587962464256276,5.2782251172561025,8.4849660712413,5.553217157613901,5.136278226885547,+
1.3730679773970358,7.075189231255278,4.873920185951514,2.3582231456733993,0.717961371914385,-
1.3657885208684695,1.452419159940862,6.0451444065709286,4.168048622810731,5.924182364138363,+
2.334800936397776,2.2005995540049046,9.169016764813382,4.243318481912744,10.0,-
2.056117929453748,3.061680558693819,3.1696338586719683,4.376487046321747,1.350519524693573,+
2.4383120569029555,4.113782220254396,3.1392483050754536,5.6080950961866485,1.2210095084140051,-
2.9580936000632363,7.185793212341891,3.530185309226299,8.182798204468545,6.095436440542899,+
2.0261574383719427,6.303562184379814,2.2462093647343386,6.506295318352066,5.198334342936325,-
4.549164993343058,1.0820314039990642,0.23496876906753617,2.6576146893896837,3.7930721777297958,+
5.071972193699282,0.8993581314175912,0.23249269257853317,4.347353735058141,4.658290012369108,-
9.424516103442233,3.5312150649525265,3.042539955899075,1.2797997846974107,2.198239808114147,-
10.0,0.1517569983102675,1.3699424615354918,0.29590423186599485,1.2102167144738833,+
5.247308976339825,0.31777932634485806,2.5517536821577624,7.386046454489561,5.072211184950531,+
3.3619754203185637,0.3207817771315812,3.5152389117465526,10.0,6.988676727268525,-
2.8384769913709498,0.20504003756572464,0.90423834500864,9.951946519356117,5.880505628552797,-
4.398978694627914,0.3127687676781507,1.4059218918631207,10.0,7.839274079200272,+
5.155154578102837,6.081703275282275,6.5130587316410455,3.5041154470379974,3.551984376791406,-
5.538576643213272,0.7452071363342865,10.0,6.743527895236151,3.0353008941751267,+
1.1690020305044413,7.639461460615035,2.261128807622863,9.871040044872707,0.10351961729843762,+
0.33878951250421074,3.306821663272483,0.48941883049267726,3.088178814232313,0.07200388578192314,-
7.262986969889669,6.107357967269131,7.803352917246791,7.538928968377517,6.376573667340639,+
3.2046168595131515,8.653821686420246,10.0,10.0,9.553085789173315,-
2.3968175495439126,8.622105297633095,0.8887277553714523,2.4965804840455332,3.901520934983579,+
1.4275851617602928,4.5525978691668625,0.09530812750488257,0.6400891960168282,2.3095762028450295,-
4.12851111727162,2.8534843606316462,4.813081558018567,5.673789330230372,7.9313142845070885,+
3.309966459453143,0.9898348379189663,2.6537746620633986,2.4664178651193427,5.137464074107882,-
3.8890646397064943,4.209057148735884,4.767337808400453,2.317683192130456,0.41651622319355375,+
5.823509010586109,1.0153904334843116,3.1645191410577054,1.5319372948982481,0.18386696849865342,-
1.8875171535745705,0.617146629363079,7.556020153672148,3.1730328152085976,1.660550771076047,-
2.1461754150490164,1.2163441500561316,10.0,4.114093639049059,1.8448454314236988,+
5.906347822813584,6.41931671310465,4.564141691088777,4.818056406875928,6.672435553104613,+
1.066781128915641,3.8753953122983864,2.7262409920865434,1.8086211349917911,3.289755740807815,-
2.5772127264174816,3.5395182936399183,2.8234563705006033,5.824683062995981,4.585267648819321,+
0.38496854728842833,2.097293191807309,0.9152327802718814,0.1844149492306578,3.519992554735699,-
2.7890357942232837,2.645730752210466,9.159481742596585,1.9781084553054407,7.187140076317926,+
0.7301128314400983,2.7136585133302926,10.0,2.7198615613523875,1.025698450554741,-
7.7259335611649425,5.3095110268752705,0.2673308837025401,7.456539610694054,1.1350804217589683,+
10.0,2.324810228511149,0.30937641845163094,10.0,2.1811238261096078,-
3.3710747546750897,2.639378806800866,5.9918996893262575,1.2107978626422922,2.4304429879539393,+
2.76491339388259,1.775452544351764,5.266167844009833,0.4416094694224154,1.5774171248202922,-
2.800901461492573,2.8507052397965027,3.1316448418035447,4.774701510421392,2.601941755911291,+
1.840886360810829,2.731625563581517,4.3403004707281125,5.736270467638182,2.0924004617932446,-
4.034461004264812,3.8305855013822008,1.2245610114262007,7.914307795470825,9.20365924854391,-
3.7025206702077047,3.321619007864939,0.8144979451965109,4.818580291421093,10.0,+
5.67621645488938,1.1894015284944304,4.041281720528662,4.137419048480197,9.940354058416837,+
10.0,0.43190577394851254,1.2046555946033057,6.461779183891701,9.246263613343999,-
2.7611855709063238,1.3848568556830054,6.755384895857808,1.3996415438600962,9.475938095531674,-
4.2983404897494415,1.8873589867987737,10.0,1.4296534008051087,10.0,+
1.2086090624817392,6.552325878476265,9.132860074448207,4.67471827340335,8.0148331397271,-
1.6173468424332154,8.105613423271873,10.0,7.826838389404926,10.0,+
7.75297743797231,7.265019350826537,0.07367063950730945,6.193338632167818,9.301564711678957,-
10.0,7.218430053358365,0.07462896603435265,0.7178443913920737,10.0,+
2.0465887847291553,8.768669009835994,5.679389246937847,8.344339061683945,0.27374392436850026,-
3.4267324611298995,10.0,10.0,5.4982270298971985,0.23484317801800034,+
2.627701849294052,9.43141757244536,6.154111241324377,3.297490008044762,8.724112728248054,+
2.158666720912471,9.401651835566158,1.275711846309466,2.215200661070047,8.351811339124117,-
9.453960561789621,9.66589222212187,2.1646808266323636,8.398267693578672,7.24834536333668,+
9.928859462017138,10.0,3.584938215176058,10.0,8.013738308596153,-
5.364767721246547,4.271828030545855,0.11164132852652942,2.0259635899894404,9.324549464961123,+
2.361539403833928,6.444120355970993,0.04477288332838665,1.0825424670082069,10.0,-
1.7246410954352254,5.715733902583784,3.95929295407588,0.7474363414667673,2.818888022577265,+
0.02327993338116237,1.8781519096126071,0.17227905812557398,0.09875562480314064,2.6923795684353102,-
7.9659576793843065,2.599634756137612,1.0579792958242296,3.4328711362336675,0.49961157368192066,-
10.0,3.6136726140849147,1.4714113613450313,3.946003134899579,0.7150646319599301,+
9.671098062562109,8.665879709832259,2.883667397619105,6.771670257168304,4.580704294699707,+
10.0,10.0,0.9519416347098781,10.0,8.257237185727702,-
4.944310966304753,7.038823877239167,9.725947493818177,9.652503453081898,3.623609976927362,+
7.42287943181372,7.339922122129926,4.925332179737829,4.75599260440787,6.57736989757318,-
9.385423005587946,1.643115327977036,6.782033106779821,8.025182955724535,5.751626013976017,+
10.0,2.7804174476692185,9.786287038149457,7.762518965217687,6.495569644588389,-
7.072533949051137,7.111493998132846,8.910400162704772,1.167901267653254,2.6467067555928603,-
1.8822921848275447,0.6035267875716329,10.0,0.8343604651406025,2.0630360434081005,+
8.894241930091871,3.143320674302098,1.3132848725168544,1.9643032078608713,5.562060349585602,-
10.0,5.543936214287424,0.6944769447184066,1.5761832858958245,6.011414025921901,+
5.457210754138659,9.87563864693681,4.712336294303892,9.457368948184474,3.256705955824896,+
1.895791515091352,8.294499170497422,1.2293454457750799,10.0,1.9489631604243411,-
8.531299185076017,8.353790962538243,5.302177779842609,2.4033089352155033,5.695733042301706,+
2.0157852944224115,4.969470225953631,4.861156385459272,1.2770787253709988,0.8911334137984278,-
2.167934445821542,6.860576693437427,0.2818597974132597,6.3826335412870785,7.377080862057181,+
1.9593911339793588,7.388585361027089,0.36362398997231826,10.0,10.0,-
8.349762461795917,8.95300918411585,5.106946202911347,4.767222228674894,0.6465760428691081,-
7.997453351199578,3.7606796671241147,7.967996263731785,1.558322572464575,0.4008908935247201,+
6.768599407674959,3.997556998510694,3.875395313717631,0.7787297740400301,0.9033576563176771,+
8.801250755455317,1.587666330286955,1.3728685016699838,1.410794984855794,1.2233278317141372,-
5.053127965151395,4.893705847947455,1.5985274922234272,4.863537985530366,6.508377806145401,+
7.681908441294148,9.785641322179375,2.329576129170737,4.284618544770149,10.0,-
8.96844718800012,9.989770145938724,4.017289808602986,3.5658581644047604,9.245746793074954,+
2.451233245882819,5.4477535927730445,2.4961942980409355,1.813679526373912,4.230281492323464,-
3.580618939767717,7.19740912764491,4.410976410394003,6.6228851834917375,5.200156565903842,+
1.2831894723223947,1.0222217840592795,1.806497782097579,3.455303796618799,2.541608854131018,-
8.281828920620578,1.8257405200878452,9.250449324407409,6.186436921360911,6.939532593500629,-
0.769902346738552,0.2576544042861745,6.730548666585307,10.0,4.315304409750181,+
3.2860655777915415,7.270365065526905,1.5145945931388116,8.968165323232304,9.445608524393093,+
0.5019246492036253,1.9663837854282475,2.608121016256948,10.0,5.593274149010525,-
6.737776459884147,6.839654581240474,8.376550575403488,9.332579559026476,5.203856860016285,+
2.8964397006723286,1.722679057316173,1.748610284500273,1.67064801946277,3.1116154583914875,-
2.9283664243281993,6.000387808865112,7.815841372883447,7.445210827878106,0.7661544538155951,+
4.293735972900775,10.0,10.0,9.662320479378106,0.9498521607965907,-
5.29583419406805,6.125181919443438,6.372194791947695,6.240986589466578,4.658990314304542,+
6.923340172161807,7.218168278835933,7.509111848809894,1.7575142755360158,5.4760135000352435,-
1.566321208832614,6.6373045237076225,8.38361271689293,0.920659129617144,4.199806953156495,-
2.5313045407536787,10.0,10.0,1.6977665774100896,6.981713459720861,+
3.800595937113921,6.354512284719139,6.053551509795879,3.2723145056279366,8.138479242812654,-
3.5121478932952983,6.167376977485184,2.664676977088039,3.8441041581027413,4.434725640384846,+
0.48138648601177114,3.1295160327241334,8.46828243968467,6.227907496360471,0.8175249153949238,+
0.010315243293399293,5.672787648482059,10.0,5.630620299656563,1.573257692825422,-
5.671379038279147,6.168313924559147,2.3711867522803933,5.651247001734474,0.3577628613983119,+
1.8377379800637033,1.8438351460778732,1.3934488499795321,5.1195481851717455,0.328258156057569,-
5.535673568957659,2.329578071817817,7.368945792539976,5.689847201919408,2.5102700977091974,+
2.7310799341638115,2.5495180798060413,4.197771514384008,10.0,3.7365352651858377,-
2.046087764272274,4.005492662614811,6.148405652460252,7.258943430993567,7.8050796086611065,-
2.1054239091445526,1.2426505318295458,6.91648287236662,2.3088350533905846,8.840072607176491,+
5.956790231340097,4.717704354731687,4.700092280706668,9.208169060978621,3.5298492051984387,+
6.324862861723533,3.339044221253514E-4,8.525661889678059,7.235851998089697,5.319304695587437,-
7.219927096150032,4.244870032902501,2.264358434265935,6.636727711878634,8.822908407822958,+
10.0,4.268064394516391,4.474071834415548,7.127725530772057,0.2745600486268772,-
9.641362642462772,7.47947806028357,4.782126434375624,3.6710861182117718,9.888043099480242,+
10.0,10.0,4.144251839615338,4.887763808317234,10.0,-
2.3313584092568407,6.368272823692215,6.156756050866338,2.6797524521184624,9.398052066552907,+
0.771840337012895,6.0404551449579635,4.848646285815388,0.7836648873136922,7.694408115066383,-
8.323156478675322,2.3711640220002184,3.336274559505191,2.7453865626789398,4.508000057283309,-
0.6480106138432208,2.3732889401646147,2.667649842848178,4.542333383566288,7.410551222946515,+
9.869154494380942,8.020642968341319,7.825016225590195,9.990021914926007,0.1919836698302979,-
3.188298349406672,6.804559844727795,10.0,7.779730701249823,0.12747605760214578,+
2.346299635871625,2.2261507662426263,0.026679337786241764,6.27341962215933,0.6354058494023629,+
1.8792058791734083,1.8222971637360434,0.00411633015378248,4.3977722157201535,0.2891672767706216,-
7.003058520265392,1.8825423667752572,6.49647018711076,8.503491221140496,6.627733691877802,-
10.0,2.241591324128957,10.0,10.0,8.691760913739904,+
9.874431614641017,5.018460924258764,7.390781253757654,2.0291095197940976,9.586143101645611,+
10.0,8.586425827334505,5.302963748334834,1.35447651314781,10.0,-
3.0076970970955577,0.43104181024318233,0.928887916063118,9.369488287462321,6.070406466176042,-
0.45146944196798783,0.42323757226172587,0.3793637628928895,5.481452047567467,10.0,+
2.999509291384065,2.285296803797171,2.835567470630922,7.153079504172281,4.436998503171814,-
3.9379226807820094,2.8122944730825927,1.5449679151694649,4.833905511918345,6.065715195438507,+
4.48325204548129,4.515649699876805,4.048508475126495,7.6477286713491015,2.721469966665123,-
2.44259313961681,6.16111688763964,1.1535056478674488,6.814125505855849,0.45065287162137785,+
9.097798844872313,4.4557925971906105,5.940160622124781,1.7285529102428598,6.160165576073865,+
4.8763754994976205,3.042084130041032,5.262514673529912,0.34161031428398975,1.963457199756218,-
2.268238762986705,1.5100038007185046,9.94880279336514,0.5488150781682455,0.04837548490422394,+
0.3917640947373849,1.6429151217224085,10.0,0.7010763011518243,0.018421616042281697,-
3.706635455098788,3.02394643109019,0.8540135928244708,0.29561420444728537,1.5359477133499688,+
5.397777739858493,4.41528989107794,1.318654361913617,0.4630958111149496,2.534458564513821,-
6.125266182962905,0.41155943558052743,8.506163352055673,5.078989175603298,6.181941821145539,-
6.384840989073359,0.6706215285836918,10.0,6.05459074310316,7.091387630567429,+
8.232108483389066,8.46273140521185,6.809121622571484,2.788027403399058,5.772794858886073,+
7.715398283549532,5.309849001660742,1.0724984093294863,3.1827518566811324,0.4458250095041303,-
9.351161241617888,6.435872162373881,6.462986183753817,0.7356629026310924,0.25824114276810306,+
10.0,4.9940169273439645,2.3610959434569434,0.22456379277197436,0.47562173285700576,-
6.8746585800055895,3.3238697167000963,0.4681928958980319,2.525246424439549,8.369446831877106,+
10.0,6.4708970534361745,0.3613342852068501,3.597649841709522,8.972214573944074,-
4.048381491890451,7.272926632618203,4.728334783662059,2.208053105683544,2.5541296554687887,-
3.5193490042441105,9.063965494279211,3.276155233530944,1.2239774348280215,2.138024816718002,+
7.022262050726409,8.84693180290107,8.7584616370792,8.27291923068754,9.308318316549556,-
10.0,10.0,10.0,10.0,10.0,+
6.34571423475474,5.3639521940455275,5.070552958998875,4.6685113132448555,8.76612290183036,+
6.049909750509282,4.985836772422419,1.5007089903396424,5.47544651834984,10.0,-
9.422822889787904,2.0035205547289134,8.623003040493709,4.002693828071518,5.363436700680689,+
4.113651859512408,0.8066310023336052,2.527914169204964,2.72202121893059,8.615824146281795,-
0.16265576743194843,7.265076449507006,6.266012143773501,8.922922871376132,6.6083846613861486,+
0.0688107832134838,1.6659245599583428,3.632583516822404,2.208720122729952,2.321574611400991,-
0.09834376697604119,0.6272568150191526,8.930858291078529,5.320714445945792,5.5073903839752125,+
0.12888251283676105,0.616542553309612,10.0,6.774293836071653,6.167375863334277,-
7.207273303647792,9.07883094662105,4.9033183131291995,4.945799851459763,6.00190785318317,+
10.0,10.0,7.658291297846644,5.121072423135962,1.3812022185327026,-
6.089383695309549,7.897375513833591,4.66593297395399,4.081992958810633,4.989672796528495,-
6.421421586352049,10.0,2.4932319364171196,4.029406903513599,6.180973825603636,+
0.6169442119253399,0.6186160042812716,6.923129148989887,9.743500425056675,9.887224926279114,-
0.3030155677203184,0.5243178637308626,10.0,4.134314115945443,0.04193268197707914,+
9.707399895572474,9.436201335169077,9.682798708549706,3.5440669432904293,9.467319976759121,+
3.1233597657012506,6.21068878754137,10.0,6.278372521892502,0.7630013091962796,-
1.4850695703652717,3.1826364559648654,3.3837078108978815,6.3055408429544615,5.784688637017399,+
0.9665526841036127,4.287700633355902,4.0455031200457094,7.1041887338359455,3.227708344879144,-
9.42017694457104,2.3650701461072354,1.7232782245040723,5.780148142730645,9.420170635080751,+
10.0,3.3735301276631193,1.350433728761057,6.052129516005702,10.0,-
4.952967176889076,7.344406401564976,6.21074071921686,8.796821272302825,9.760440528830552,+
1.9764942582940137,1.9604703485726018,0.8621673563626989,1.7298326033851719,0.09734161184941806,-
6.52661505117785,3.122988728381416,3.905300192583403,6.21117162705684,3.4149003352036864,+
3.976752329385335,0.3043137600423244,3.2721640416219815,3.728231566611039,3.0438442965199655,-
3.0314511853942405,1.4516941202505818,6.309093451759999,9.715920840825778,3.471363601900533,+
5.796508208073829,0.995884506638287,0.08653709391520999,10.0,0.5472442829098831,-
1.9143367558312985,0.4796320708452795,6.079016270610147,1.3237990386485465,1.9543463599233224,+
1.1121856906741423,0.16252720849989966,0.15150655363921628,0.13867075566952702,1.1482575817886516,-
9.006849604783957,6.5818414941941885,9.85783903316654,4.174733069422027,9.79973896175275,-
4.618489152345497,6.71691725161719,3.6419151276430264,0.021173582147954312,8.939494457486658,+
3.2323459965115218,1.968718219477551,6.345843000894336,9.208661835874361,6.414699691829076,+
0.6643113574409727,3.70131526781158,0.33261666909717164,10.0,0.4195067897874729,-
7.364718495178853,2.049582300278774,7.223098368437308,5.0990249575439375,0.7996015326696782,+
10.0,2.41779407087743,10.0,8.269798165744925,0.9816460447039681,-
6.7941782515729425,7.778303212028419,6.371849467208708,6.20006264948898,1.5496601832679902,+
10.0,8.934325179556424,10.0,6.259375977228078,2.921802680621844,-
7.149038972432483,2.3718809727902657,0.6183890113203705,7.90907603272173,2.0554251354811437,+
4.792409366716316,4.288954791767211,1.0962509338754372,10.0,2.7352796100432877,-
1.5789495651376406,3.1298480247936924,5.473108275870121,7.589247585447677,7.577014397570513,+
2.490289002634159,5.726989369867814,5.717871742294064,10.0,10.0,-
3.5697099765116325,1.2181763772976206,4.274663787525816,1.032459363552214,7.757695895604153,+
0.13973238992570958,0.9722737328506224,8.047880801550434,1.1232765648198137,1.0159811964841718,-
7.119537758205179,5.9918136338643535,1.8675245880033187,3.292123037712731,9.618897298982995,+
5.674697115542973,0.5735466977477085,0.34835708610802035,0.8403571164204865,1.2311174070501807,-
6.725126313901974,8.897786180439084,0.5435152346203742,1.4769035137536213,9.69155186557453,+
9.603350155761259,5.60608080214588,0.8296726829798694,0.3733347084363739,0.4513642396943432,-
5.255831602428539,0.9883341815951641,9.113446774886354,1.6913115665886647,3.6733841496463517,+
2.1011840827105237,1.7306698129877685,10.0,1.8987288506746662,4.798094640990163,-
7.196088124808782,5.335343318223877,8.974240436874089,4.8716602587254805,2.8975069050291626,+
10.0,7.204539257845212,10.0,9.715601165156729,1.7263819846976542,-
4.73336091493517,5.03968440117524,3.6685581289041833,0.4936466461640465,4.004356491962241,-
3.972157617086528,0.26467855840729204,5.490134379009277,0.8493001230565921,6.379409517938575,+
6.1347951992762475,3.494087610822562,2.0619210230325082,0.4490184112917128,4.57049777535136,+
3.528511097750368,0.9120454735560454,0.4819237961927938,0.7603651903063041,6.092058659001738,-
5.091909744529149,6.888142215193014,3.5602755034618436,7.933307507804399,1.8195160833799418,+
8.74763909049095,10.0,6.617629010120345,10.0,0.8680900201240925,-
8.742957051620477,6.72686364511034,8.88636951836559,8.900058272812089,3.988362310369525,+
8.878499427943929,10.0,0.5019983065814712,9.536323075265257,7.450686622922583,-
7.198965828180129,8.540768000473257,9.93820224563528,2.42262672248994,4.56370474591437,-
6.017298723345263,5.567858206831896,6.389186412731999,0.8821357641304849,6.670806628216295,+
7.3358718912571845,5.654946922234696,3.5116684204328417,3.0577844357395767,8.065339033272204,+
5.98403620138594,3.976334888694274,2.9947877288865805,0.27815203486647816,3.046800378813427,-
6.592144361263623,9.738181913116206,9.897432103074099,1.2513714315080904,4.721672195515335,+
3.3376950689917106,10.0,10.0,2.2121294904919577,5.286623078428453,-
9.928986235157755,4.4133273252137695,8.281094198864654,2.0929590113957475,0.30363170875660317,-
10.0,5.645429136500881,10.0,2.3312843031765347,0.4655828342464728,+
2.0099885585573163,9.828191789486635,3.758687496994133,6.736206101898572,5.450026572578958,-
0.15199900100873862,10.0,0.42406835742956467,3.9688355932355748,3.913123731641425,+
1.82773510494749,1.5630691250770512,9.184511912195333,1.718426852688295,9.34404627940496,+
0.7080686229576103,0.9859687292199705,4.439591363704363,0.9344853628697841,7.0129981011208855,-
7.191488012754177,6.632830960839601,8.967346376000213,0.09452369555895457,4.5758333778391975,+
3.799266608542043,10.0,10.0,0.1677573406550378,6.301226048608544,-
1.4578696448833872,0.6979532013882073,2.570831449346599,3.567375207858289,6.98152926636912,+
0.43122320987711876,0.21758063469886904,0.9969111244779615,0.7163959759786236,1.0970081809279102,-
2.596456054965095,3.934575960821144,3.660398450603668,5.705684209916043,2.383778714723773,+
0.2238554598120071,0.7016880433537124,5.475755022689415,10.0,0.9726353761344452,-
3.997214675221372,5.80754465390418,0.260431259119851,3.906309791686117,9.422392585198157,+
1.0052371951230648,9.250329817072705,0.4862565455058872,5.679674823496427,10.0,-
5.841659594100371,6.097324514809098,3.190849233411668,0.9631756816141546,4.196986316913927,-
10.0,7.7528441409894375,4.189183466834122,1.3325539139938178,5.798494287642406,+
0.8178533808065669,2.135480466788481,0.9435678164363615,9.921728498593223,3.1165370233067424,-
1.2418884096782923,0.06427664865852857,0.9689490029701272,10.0,1.782482907605024,+
4.802985912711942,6.593411738167206,4.682439619454037,2.473393397248743,9.106851551556376,-
6.436640568609248,8.518714101268676,6.915055869505214,3.281129639003656,10.0,+
0.7905005230009099,2.7336871757513403,8.83225551742089,3.294050968446216,6.851945163690333,+
1.1262083923904573,0.7795133442842991,10.0,1.032897723340797,3.507823684055236,-
3.244179240805798,1.3135335542994775,5.543917744427863,7.634691550786873,9.253517361330722,-
4.189384294640515,0.43938835122690584,7.332622578011957,3.1553670879489593,10.0,+
4.432020654042073,9.18666679906001,8.530322382216948,6.98875316577091,6.640742754979922,-
4.9677385953261535,10.0,10.0,10.0,10.0,+
7.588552022129004,7.4527918713722086,6.7890228190742805,5.567833337128528,9.663523087618813,+
10.0,7.557499871970078,10.0,3.290502955821394,9.943949841920887,-
2.198128030172606,3.503881436286048,7.180713951063283,6.288615003427981,4.637663301633021,-
2.2343546404362717,6.55305451880043,0.0821418172052711,4.293404869602094,8.791007792217782,+
2.376666897952515,9.026880546827627,4.205008128118946,9.353186383839203,8.710540766571661,-
0.4202141699307898,10.0,6.1175430006819855,10.0,3.225741597006133,+
6.80793239497059,0.5683702302833238,8.367285558878374,5.29350461019071,5.529564098567668,-
9.579876837487005,0.3380368697133776,10.0,9.516249536687882,2.4800670545875048,+
6.774303038581425,5.2770221257762016,3.985787737789445,8.223739757925525,3.3666836339386452,+
3.2923950401551956,5.448556310900782,4.9045327427889776,10.0,5.112551004195639,-
8.614981693885406,6.021175617587609,0.33273012715140826,2.407560132668328,9.771050040019501,+
10.0,10.0,0.31589486982557824,4.154684507402752,10.0,-
3.865077583335139,2.830701822444391,2.367180960479436,7.363704203882957,4.720023068657376,+
2.295782878473946,1.7343681005988392,0.8556988379094916,2.262988667384251,0.16172420339998453,-
5.876470124899135,6.777397785618168,2.4825356696538647,5.582215663937849,6.4672337934985835,+
0.12878147758425368,10.0,4.605604530102625,7.674073188591421,9.903772792667905,-
2.169446274924404,1.673149917292448,0.4589431202102112,1.8741838352097973,8.82075353675971,+
3.876770044686769,1.5779008189604466,0.39412476127618057,2.0195578365182305,0.3550957273589077,-
5.393699187606984,7.9679452854801704,1.8022345050979205,5.624245260134934,1.0005754838677983,+
2.188405907105883,4.079175988429274,0.060477725677671686,1.7560052946273155,0.5195643890558891,-
7.609640148042289,3.4056937191728567,8.77816315577281,4.175900078238738,9.566412607791893,+
4.093072953848639,3.0863650513492207,1.2152644104376984,2.03019579993068,5.411924752110802,-
2.8900208731288366,5.437862733378126,9.141958176349661,2.3496381982560166,7.4158028878635225,-
1.9519552556234332,0.17376004760700747,10.0,1.0508030384807174,0.2554541734393551,+
1.0739506092083784,7.0826401530551575,0.670921631184509,0.6662873853045703,0.0345914360419608,+
1.0315374491018412,10.0,0.8784967300765096,0.9896054533106117,0.020781263551220352,-
5.676632064817474,3.0984583403507058,1.4858055004919435,2.816477484579285,6.762916936373548,+
4.734732458992845,1.9621435314564857,0.4347282467621781,3.8697775507272207,10.0,-
3.397989592025783,4.872342132893067,5.499837183314074,7.704394601270499,7.0278423996935855,+
0.9158550973566849,6.358771725045991,5.886603133557817,8.90106176994356,7.8290759265543635,-
0.43718825614787016,3.9914163080327625,4.382498085576957,5.838586055361724,5.282228710497986,-
0.7977643106237811,6.422599584093933,7.324764717616396,9.355367755177642,7.257202266909668,+
8.104135743720564,3.414578517749587,6.83072538079474,9.504960801463607,7.175292564602898,+
10.0,0.109833877691533,6.382285835028094,5.361367874288101,4.653236685419558,-
2.134636679841353,3.8616158751496665,3.0342750253314033,3.566930749276623,0.2786023603897536,-
2.8857042517011533,6.731380660233687,4.339801024151073,0.03468306280394648,0.2233475766839941,+
8.710174739928817,1.531783460387377,8.092386209484392,3.971363337014445,1.7830611850876743,+
0.26313543785850724,1.925427655779889,10.0,1.4305800348357482,0.9325272344560079,-
7.68630405821296,8.479726839226704,3.25881803318008,2.982272895056356,6.281763307523688,-
7.716190439599296,5.311264926226913,5.4613603662092,4.656533909685621,2.9716990259476015,+
0.7318214520044974,7.0639898921468856,8.851378460097902,4.02293835770994,4.284582603837377,-
1.0128701317836137,9.129362443054351,10.0,6.107632208522482,7.434028432415589,+
0.6854115863238264,3.079397849480344,7.031074949396369,4.125632652507795,6.1182007342846845,+
0.008560507981295498,5.122724627643688,10.0,4.218384779580245,10.0,-
5.2511723303766455,2.1904043151272026,6.061401584244111,0.6872006172051692,4.786206622025126,+
2.6545691233017363,0.06258951173563126,0.12228412049871211,0.6702426535966755,2.947222862495692,-
5.540428612812752,7.16355445480586,9.878161788518128,3.0894751742419677,7.728298617473698,-
9.183349579311907,1.8013895233161115,10.0,1.7184294858946008,10.0,+
7.026550574542053,2.358441500477798,6.605314955652094,1.4321634569517006,2.036406359239974,+
10.0,0.7358621504079813,10.0,2.3069948897620725,2.417692816783161,-
4.436209243939172,5.345710704633325,4.329312254733978,2.4246008257351748,4.2690296167031905,-
5.196769110574667,5.545362803365572,6.084557446608977,4.349797827434228,4.29111733640976,+
1.7273576435542282,8.568838630812321,1.0491626457965897,5.353168643520137,9.70449853708172,-
0.1412431876403545,7.656063756597157,0.8861492838761917,5.784995947817987,3.1452135227407694,+
2.365523616501223,1.1874691506778345,6.718552859694961,8.250632905874198,8.027023432037542,+
1.0697376074993046,0.009283619915125552,6.369520407948285,5.108641175269953,6.954661594724252,-
9.017539454911326,7.875692808723028,0.4944313725588312,0.6410554742541696,3.25433301100074,+
8.614898587390915,5.331956147852328,0.17485093531013016,0.23505104682844521,1.7683748032085618,-
7.441527219726682,3.105072335651359,5.307070075063471,9.173163615262245,8.73597410607094,+
4.252025732890929,0.10003239248397815,4.926256200802944,7.9602597182909385,1.0867697035462398,-
4.574731182316362,2.877314688793291,0.09823375066720264,4.344241819214822,1.0041168300843972,+
0.7004412319896547,1.588486415123537,0.02664973072100336,2.9328667190625968,0.7150229562548551,-
3.2415918893971876,8.043324670756943,7.448309989690864,8.100160265701668,8.018212470658973,-
1.4480506168798488,2.29147426987681,1.7018721313078315,7.9385934843540875,10.0,+
7.340420286217046,0.3608732474099863,1.4377164352148086,1.1121637985385102,1.083111129248845,+
0.5139411399186817,0.2084112367870223,0.011374379250398916,1.3558858312210564,0.7139654246550117,-
5.702822205016574,6.012365794656551,5.501755834502871,2.8397055589240674,7.159604248086781,+
4.888707627620313,3.2927699473544476,10.0,2.483612248001268,10.0,-
1.8363227298663387,0.012667626209220684,3.4379838860342415,9.744188156898064,5.6336153377220715,+
1.0734287976443369,0.0028874420250122857,0.6465584895270542,3.4034819245982257,4.911458401347366,-
7.2071174951583945,6.648691164939007,3.6319845465349743,4.642559080914747,1.5409694184493794,+
2.3577658689970646,3.195704758676687,2.6956932807605853,3.710070215469176,1.0391451046978568,-
3.207534207535645,1.645368923492857,6.851245371814455,2.2839035042882614,8.678206893223905,+
0.7469958200523373,1.745185037706144,10.0,0.2599383830133182,1.2658262883847844,-
3.1982204899047084,2.462093163390191,3.13317104084448,2.6499582547941203,3.358817292466182,+
2.2809525875060754,4.564286241123527,3.713591683185153,1.4365857655922256,1.8063438682232664,-
2.404688804580494,9.641897977804128,7.965807779775514,8.315035305186058,8.518769373580616,+
0.5301024853075468,0.4577392948168115,0.7203678786737091,7.020053285272792,4.5746496244088695,-
4.884174035337693,8.668453507052376,4.913882558962114,6.68875943601897,3.6423527431674128,-
0.028814718149638197,5.424789483591519,1.3146951880827167,10.0,2.707979182624369,+
7.595042548533718,7.906138283274322,4.797854675477824,4.695852416929975,1.907544481996335,+
10.0,10.0,5.8253712538396165,2.109220317499359,0.15298697590542518,-
1.7846001307326786,3.2461853079677274,9.912958939306776,9.59295458750436,6.52574244410538,+
1.7520664489714042,0.46794412910737254,6.240735580131462,6.088387870735775,0.4687506766444697,-
1.0367525762904473,1.0319974130322451,1.9322891468391734,8.490998535404342,7.1452267346706,-
1.870795436451775,0.49462972320885196,3.269519940464954,1.9828962824545067,8.458215986775992,+
2.4857957900612435,6.303230755761822,0.4480613254165511,7.403458738039995,3.924107921416665,+
3.686460611960791,10.0,0.39372615429725205,10.0,6.926377056278857,-
9.897419046054841,5.915185984901445,4.971273567442923,1.969125241651778,3.3514158160446295,+
9.577462444402629,1.801184111206449,2.0132495046913155,0.25305703721061135,3.3247283924665885,-
3.7872462692360886,7.808691401981606,9.030076548769602,0.12545123193062668,4.321331724848828,-
6.131635949213302,7.507542730562861,0.5892404044296928,0.008738801432621185,3.7247524413726767,+
1.077854819662174,5.766695283692109,3.1766075508677796,9.020651814828035,4.293094191140981,-
0.3211431946273804,9.707748404196357,4.455131559554984,4.337707851668699,5.025026582588936,+
2.020664525112034,6.696964877710368,9.205109720918585,5.646295640038054,7.629464117906219,+
2.191629202283289,3.4810216883534335,6.150562655831221,10.0,10.0,-
8.761381324959551,4.497283265784471,2.402314337940025,8.662564894711984,7.947845583848875,+
4.130743340667353,2.6466051709899503,2.8133523663495454,3.2624353237802755,6.231318879766281,-
8.28477111199067,5.193007269477467,5.071771107653071,9.638126380755276,6.869891903653525,+
3.974207350374043,3.2862982034788133,7.217445186603391,10.0,1.8114586635563703,-
2.229260880639221,4.641387630307111,2.3234238256180473,5.491274177890183,7.097946156475916,+
1.4775795892873693,4.017220818197258,4.02761151678225,6.249559756706191,6.5036408929423075,-
2.9632829177105604,4.664137690817041,8.166272916865237,8.937363147563797,9.209657830761076,-
3.4713509383138916,4.060036281781427,1.8853280831603247,10.0,10.0,+
0.25895748219573744,1.8598408390826326,4.25305208890284,5.005554751766594,1.617688714910679,+
0.46818935396143674,2.65812674060121,7.899120050055965,8.618083292118655,2.7761539099381607,-
1.999803966992103,9.096139666877697,3.4169616306036987,5.328668897111708,1.6569605248381702,+
3.1793021744444334,3.8251641982835403,4.596868915363188,7.487533819775019,3.1623706962597007,-
8.28899623453332,6.318564238685491,4.127618415913586,4.181499360037044,5.327231697822565,-
7.887677631902927,3.5754567357077556,6.9320503703715834,1.1171924125221335,1.1345939706851111,+
2.8926987699676756,4.548314139596449,9.782637806892762,8.128938686052567,8.76677850753926,+
1.4916196195789237,3.614066424108314,7.379965124201428,4.137642671267267,5.5574486901764875,-
1.6043015246139802,8.892718464185565,4.381512008524496,2.2770282257732233,3.4702017342372815,+
3.050320295145091,9.482124234036661,1.9794333808633653,4.42685240511237,2.089258167701183,-
4.099768117032184,6.822425969599678,7.033241197843145,3.4045650689769857,2.3667751665620615,-
3.2117842068997486,10.0,6.587500701750126,6.018913512314933,4.360888107369819,+
4.604102673275722,6.200906697080316,9.031114113255672,4.623790543389514,3.9209860248176573,+
6.274025049857093,10.0,9.458772238308889,4.642519115150684,1.3054541900108694,-
5.011833798609905,2.856346525297856,6.31194544504274,1.1127874278589656,1.4387546270351248,+
8.083338913693211,1.064842389951743,5.448918039108384,0.35574455649936104,1.570429890013723,-
2.5228028806292735,6.5047600625589155,5.101360787539634,2.7937953124375614,0.8224882599810701,+
1.1599853056138247,6.0072060227837385,0.41759606568441554,0.22698680910445698,0.2552669699411817,-
2.234965118141684,3.9812493615966194,6.548738753930818,2.1711277945486565,6.082857854695306,+
2.5651085123106125,7.406647013844584,10.0,1.908669319946209,10.0,-
0.4952200866792711,4.984755659703386,0.5114702298332774,9.50883492636143,5.901643041173461,+
0.7083678629723293,7.310913620096507,0.0016297574997527038,10.0,10.0,-
4.512752853139558,5.409662011560263,7.85873000627923,7.329298477716738,7.76655849991803,+
6.1664235278337465,6.3261965127959865,3.770683023944725,9.42388129346183,8.47449745102654,-
2.7926895188463794,4.935211612428175,2.970561527953822,3.5446406076745385,1.6763934566840866,+
3.638300014760939,6.870321967597184,5.642785210912381,5.995804919156205,2.5199519640169847,-
6.467188990768317,3.9485959813531335,5.360745200644166,2.364078579672472,4.4315943811994245,+
8.971760119605221,4.514142974908243,9.767784333186938,4.35379672279682,8.08486769802012,-
4.84021051913569,6.828833234716076,3.1146651526225133,0.5997859451059095,0.11900550353179606,+
7.520935283881239,8.901485085049949,5.190878867098647,1.0368582273992073,0.0027038144463301297,-
2.6119191629003224,9.46685129439748,0.9989839571111558,8.038568162412028,4.610585007946484,+
1.4824396846103574,10.0,0.2704793347775633,10.0,1.2965662037929708,-
6.3628866565468245,5.156503040762937,6.241309678879713,2.733162555737639,9.642631887074318,+
1.4926793126972462,9.732389877805536,10.0,3.021299100510874,10.0,-
