3.147749936513231,0.9681396075630933,1.5666511469270017,6.810893168207692,4.543701286521711,+
3.1477483458993945,0.6005645202709107,0.7855445404874888,2.0962801236075976,1.9915693337950946,-
4.915227065922913,9.582150466347288,9.264089520791174,6.8889831407743065,7.174997011271244,+
9.79231422414831,10.0,8.211820070845341,8.275463082897026,8.272079842354174,-
9.962550034943693,4.023965362566221,2.4851334876684774,0.5469786159591361,4.971489781646701,+
10.0,0.7587307933736281,3.0379354666352585,0.6694940371849845,9.318940168427474,-
8.236783065221019,1.4076436611564824,1.4924415808175029,4.659382748044566,4.835499694576006,+
10.0,2.2632966633575364,2.8416853021772512,6.096835032604937,2.835868307173663,-
4.104729555827097,0.33582743354741096,9.14128580799069,6.863535525547708,5.951558251515145,+
7.3327932105367575,0.3025102698472874,10.0,0.2973076936558529,9.602879018325423,-
8.32702879505925,0.9423442565799989,3.8262034816108645,0.21727718446100552,6.04902312704641,+
5.712310398492266,1.491022683632345,6.345410043733468,0.28767680112267663,6.960371960945498,-
6.080273223152055,6.041146892841608,2.1993148284669606,0.7392735232904579,8.641444807597175,+
2.9238322831439367,9.009249739895514,2.7497583663169443,1.1602059117966825,10.0,-
4.264875830415815,3.202631861814662,9.482268386925469,4.234397133198228,2.8013693756696423,+
6.943632922296512,4.398886528088463,10.0,2.2876892020982584,5.131973822340235,-
2.889148367709634,6.613651516731985,9.54248779686973,1.168563700743901,4.14285308640344,-
5.510231848653381,9.934957413863382,10.0,0.39394193679861794,1.6220738008975117,+
4.972022400863568,6.9788711149904294,5.726205741990604,7.658489444379008,3.6001702432048655,+
9.098529235490467,10.0,0.7576247198738625,9.602013737000807,0.018538697775446533,-
4.969056727914972,5.330694128803465,5.5070233315079475,6.549941881808515,8.748541485690259,+
4.3420572846073275,7.688610374496897,9.506716861402714,10.0,10.0,-
2.804531159977821,7.181957293150757,1.6357620613311952,1.04337374059139,8.175823124553501,-
4.83534805665132,1.49959358650566,1.115647675850625,0.13260631930635508,2.02904239489637,+
5.841574568273846,1.0996738962998642,7.660793251018517,9.386141680327828,7.420891944854552,+
3.71319279962262,1.004031228925666,5.93230794201149,0.05032820497242478,2.822286514570175,-
8.232503569786875,8.956734517184351,4.647874735107285,9.621897296563436,6.110155987257348,-
4.7142738556158035,10.0,5.236261540438961,10.0,5.30536726322698,+
6.494335567962761,3.087101709586144,3.6073195659846258,3.1018927682770983,2.3209724089796255,+
10.0,4.624058833153945,6.357738011710714,4.549474769069114,2.4211879873782283,-
5.660830596544475,3.331444652210825,6.993997404931531,6.982904459603313,5.226139517913966,+
0.04734410359821637,0.3684718493290332,5.546141592260583,5.748363092923108,4.153885183363201,-
0.4940106289080404,4.703697391266691,2.6045774342243777,5.606123475933926,7.06975079843684,+
0.10004455193235805,0.6548171825432637,1.1065146543146194,5.014806069451588,4.4182439008741365,-
4.213291439283911,1.8590125682565728,8.008266197243188,1.7812684940889179,8.395477768711277,+
1.9094589055022204,1.5728680413443574,6.981450798521107,1.1217503212041013,7.78536796707103,-
1.033098072408709,8.301520247514734,3.6560509679981856,5.382777573337545,3.6284351212363344,+
0.21169379840361954,10.0,3.684312783934969,3.365601582078323,6.577192513074412,-
7.224005330360216,0.70723048788356,1.8383377527680933,3.693017560242268,1.5962812593197717,+
10.0,0.8332277103338863,2.725726044779772,3.7875368597277213,1.8461016964999126,-
7.478189518191073,0.052148435629432166,2.6173584713662046,1.8342837176196436,4.3352087739794225,-
10.0,0.0742546007861478,2.8897497047582674,3.2611025133087224,8.220454636597283,+
4.380423239389344,3.371423794841555,0.9645045205918124,3.296068087575449,4.285388597900576,+
5.056522065809709,2.2715774108693725,1.2017484192034207,2.997155220709029,1.9660655801577316,-
5.002831494207075,9.893048944384935,0.08792652268672652,5.408463653330329,0.7806521909213182,+
0.20642744291487627,5.566695983855454,0.06076462468507571,4.001130114082862,0.36413365827259625,-
6.512659241809349,7.812716061273508,1.5244550815841096,0.2984751994177204,0.6409420553181022,+
10.0,9.093086699309184,2.2239602833159164,0.01323150946995878,1.0936095516376731,-
4.209381224366467,6.371423530908467,4.116495255030984,6.12911993131779,2.946792902680376,+
6.788514287902582,9.705271964530784,3.8456676044391904,7.663668139122615,3.5136383596629983,-
9.184910490830715,5.010167864469258,0.07697791273857613,4.076179945559529,9.444271399074328,-
7.9529787110275905,3.9882927006218374,0.016477435550879542,2.771948919787804,10.0,+
1.7303035847874282,3.9599775911062043,7.109957233932358,4.613776628185561,7.318142076139101,+
0.11027578506924422,0.5285769241870282,4.818911724146085,1.8864590873316298,3.2522993778668075,-
3.2887095184510526,2.1066771363362014,0.19538942520816116,5.231404599598042,3.903079906212926,+
0.9435399241581781,2.250561005120867,0.3850916888273224,7.176953141749354,7.726602609831969,-
3.863191323909626,5.055401809707295,5.927950292163208,3.097550325615961,3.296659432256744,+
0.44669883442724945,0.6111209288964553,8.978478448933325,1.056571340718012,4.702116525972714,-
0.05560807089263098,6.508646239780528,7.497270178338776,2.525768145879117,6.082849005186292,+
0.10286023643259253,0.8810929532993388,0.5401486316746806,4.4315555565972335,7.653459004372139,-
8.761390470052442,7.510796651578944,2.9813012700469677,0.14629807822841734,4.118694651155806,-
10.0,1.8995478835481074,1.0476713831343623,0.11499636191622077,2.8152964677472556,+
7.979168451929856,3.7654308885347443,9.110199528659521,5.406190366813128,2.952615921656837,-
10.0,4.844832058798833,10.0,6.89864668364432,3.7284197741272536,+
8.801949064945044,1.626370958473925,4.064804713772671,7.477316712111342,8.851184827727277,+
2.6081272954052546,0.22820204856303783,3.993490178289441,10.0,10.0,-
2.559597406955646,9.550798534098234,5.504653653057002,8.407918416557047,5.050617691021836,+
4.117327027966419,0.47866351917076266,3.28503563762726,8.579007080547795,7.557840942192065,-
6.624837250307128,2.529734559534588,3.906062051842566,4.217074640557524,5.888599195858894,+
4.9048128898016765,1.5817441701606338,3.611123164020709,1.6066661248690788,5.086579113067939,-
0.7038734106020972,5.490083185570271,4.090785062759612,1.3795844843852245,5.666260488604714,+
0.025852931493668033,7.428792792167522,4.430678508503147,1.4989992231484592,5.492689378465933,-
3.9725256452798696,5.573965089110766,0.5899222337512411,5.8266551600645915,8.531633529356299,+
5.185604512655585,6.144795543197971,0.834487481002302,10.0,7.178452710647081,-
5.757486754790704,8.938158064043941,0.31831033608446413,1.090361885084663,9.637321836211768,+
0.3237018896736209,5.056986657317143,0.1956831864333973,0.8775374649920614,1.7329944757335647,-
3.6316450806937617,7.596880331006503,2.7558785873146894,3.820883152344411,0.9168777323787336,+
1.4111316965061256,6.014285056919497,0.34931689444415404,0.7724001351998097,1.2532142026487134,-
5.746666607454582,8.12568018397728,8.13530542114258,9.422940267185568,0.07769440906135294,+
6.373181910794378,10.0,8.639509760994963,7.2879643998090025,0.09818452529905959,-
2.436667092328877,8.804025164591284,5.928602966918363,5.605273773483324,2.3620516508869382,+
4.252695074166187,10.0,6.229444172808588,2.796161643461882,3.2459471220492753,-
9.831682816277338,0.9453806495006001,7.1443340415154815,4.2837862250309575,8.566211392150905,+
2.973474291974434,1.2147463915689947,6.803955848108287,0.5713026976481446,5.165900309883659,-
4.281796554186188,0.8145112475710425,9.963983945189671,5.657368741365162,7.208692523926569,-
5.705515270647238,1.5006771592288912,10.0,7.317484805615341,10.0,+
0.3157590747802397,9.147481173662037,2.238648523205277,5.176609056258114,2.7896924647953347,+
0.19774423283925419,8.923474105742391,1.1083547270064358,8.748059576343458,0.11564655504544705,-
8.67408267610456,5.017473502754895,1.2218917248206917,7.020929991193911,9.361105387396421,+
4.480649768889248,0.6439496914836481,0.8883158159081471,6.605473711907572,7.211091696056292,-
6.196293100554478,7.162068848274541,3.03178198498156,0.28990650438023624,2.509788615500621,+
4.854316384490829,2.7348196531199873,2.7029948927494027,0.18231588817894104,1.4279904752871972,-
9.379039447003706,0.06780428838954577,4.620356111854217,6.0051249378869445,6.999840261466936,+
9.14100970730796,0.020786158245349733,1.425551056285215,1.066631168132058,5.856825698657183,-
2.9494511550348177,5.027137023302084,5.404500774741614,5.015383467713334,7.411255870985962,+
1.1645920530705447,2.082735339649115,1.854812998591324,0.8426995036302612,0.9548957697033413,-
3.5459087203112283,1.0914590663873347,2.524694288065714,9.851411360271285,6.321022398487739,+
5.324448549076619,1.7894588173688355,5.0012498534982415,9.14247682516008,10.0,-
0.1224026875823725,2.865591417774853,1.9085437175737263,7.906105773734829,7.666459005133185,+
0.1464636859611803,4.348256165816268,2.506851121493385,9.5643871836065,10.0,-
1.694147653543816,7.5683640151947165,1.903689759807854,7.80494563934217,7.2122587466565875,+
2.3396333585109326,6.978307832542179,2.7598896242397988,7.07996540492362,4.764545317669304,-
9.293610614442219,7.187743260312363,3.8554848602635405,6.943669931649852,3.4009726010858845,-
9.341353390897044,10.0,4.169718404722699,7.733530747230553,4.52986113521777,+
2.8526544277087265,3.554453853670262,7.128873304046548,6.254165179250411,1.1901396708048695,+
4.07834779775591,4.335829781199724,3.6626297003644477,10.0,1.535895574924034,-
8.166931405621213,0.1333928248705507,2.333452322066462,7.613600163850246,7.096312222804773,+
4.127021208157042,0.24685636797715999,3.4170990854015506,0.4280240817478718,4.327004712805117,-
9.71535412568917,1.6241399798616996,7.008687158676246,0.9915175622815742,4.927819290537717,+
10.0,0.8028792931810388,4.110892523213035,0.5387735664649383,8.2466779297869,-
7.456092576777328,4.098959872148659,3.5831479676623923,7.112572467473049,9.680166626442226,+
10.0,2.1695451387041436,4.4593809962788,3.970343740683903,10.0,-
8.45955457361381,1.0170410537898111,7.458389563110961,3.5209216817667723,1.2565367507474012,+
7.749788368956486,1.2598504222129114,9.574769232293887,4.663234431570849,2.11042025713961,-
2.4679476601597985,2.014369641929026,7.532501322807841,8.925629724903837,5.648633527589495,-
0.9840622232807075,1.7059562190765363,5.5368189674430175,0.32972651012100035,9.232419440472743,+
5.484165845907281,6.094437282686168,2.4273771269789126,9.684426689109303,6.766559680916563,+
2.765110628812584,4.333042374925037,3.5010135904370765,4.768147145789785,7.526163248384249,-
2.6213420318746374,2.3379878233284037,0.9854482303909551,8.574438465022652,9.261821212518383,+
3.9608944018730456,3.1978391525560736,0.19646383132358067,4.090533796732528,2.368954526341658,-
1.4441339703335632,3.305511066496111,9.180039185112339,3.7573356301389573,3.965382103192626,+
0.9228372823581633,2.5941759953468977,9.027158328346035,2.4726855216342107,0.428845455955604,-
7.617178737537883,1.13047474484808,1.2160144503685477,0.3407333021393577,3.7229122919445246,+
3.1386028048092545,0.6269635822119767,0.3527231028524567,0.11057170646039782,0.3471100439692711,-
9.108592042326901,6.865940839016772,3.553460354624207,4.799007526497566,1.7395152637022593,+
7.761403760439654,5.310052776584375,1.8716862419260005,6.995635698306241,1.1664651123895644,-
4.657178866048599,8.305884144982707,2.821723907546525,7.904817858464926,3.3981422919911717,+
6.71641481399049,10.0,5.400739954507162,10.0,5.648481120159075,-
0.8199863263078722,7.976308207880947,4.381122876298967,6.601096375223399,7.966245946358609,+
1.3110654868949367,10.0,6.15671544699137,7.4229287143703715,10.0,-
5.843101280640447,9.046328049495303,6.095808834128911,2.9184246038105077,9.647747118703222,-
5.71716695974599,10.0,4.787869296869986,5.467272415836937,10.0,+
4.159756972360974,7.275585761080877,5.44704791961855,9.241415525737686,5.757687636668518,-
4.654235994354881,10.0,6.947250177651097,9.534173258311082,10.0,+
4.889527580088027,1.8625690545965023,4.781524133080145,0.668435519244136,7.194310979677678,+
5.098736762209857,2.848421345567144,0.8290652583002865,0.9509575591662294,8.289709474667395,-
0.622680374284651,7.363408638881534,0.14841788424552638,0.53488041127976,0.6155445331880582,+
0.6739153476018388,10.0,0.2620446712611451,0.9040885492491101,0.6843164327686395,-
6.091948395603676,5.683166162919231,4.382664720069473,0.13594410824954606,1.7473898923968967,+
1.138867299841019,2.059518698870796,7.891112786667626,0.17305194630892926,1.9584778873059885,-
5.757001860578103,6.020824542704935,9.471633966930376,1.2412599098478638,6.831005493553819,+
10.0,9.005256796254221,10.0,0.971650780328452,10.0,-
9.223975193796615,5.561541092026513,6.424250923201816,5.1513700929043615,9.212347718835645,+
8.86717829638,1.2479400217144552,1.7572528991053795,5.150709830081017,3.7881710352974904,-
2.9874205039308066,7.148148113172622,0.015015879140002353,8.474610863829101,7.6198409675073675,+
2.271782683525903,6.126690186073497,0.026472248245774103,10.0,10.0,-
5.655657888109892,4.566105103943491,3.4487050219140003,6.223145192453695,8.531358384882312,+
0.8510333937085914,3.8912726490524387,0.410403393380502,3.131655616119347,0.7726945273933776,-
7.139823564952282,6.2192586030815225,7.953386345640494,3.380334601437683,2.1453324900397632,-
8.476586397187,7.757233442169963,10.0,3.847215750847228,2.5021564980050357,+
5.107209366888648,0.780947739353427,2.818492539917903,9.040550958987883,6.237041211825903,+
3.5213815535068163,0.4791835210889342,2.0085038093637757,3.2009484500541867,5.110342915893122,-
1.2775338845161355,5.864544235931536,5.970391638711114,9.619178853833303,3.7334606740571,+
1.9998561605809035,8.590320683229852,10.0,10.0,5.395598891604365,-
3.8416500226952732,8.26477497110072,1.7940711945667631,9.296139265721186,2.307819070046188,+
0.03445407322319656,9.342863077201251,1.6501595026196099,4.659633462680673,3.644540648253139,-
0.35603909397270317,5.78843324808776,4.873551611287673,1.9579692357962242,8.902015715240374,+
0.6450346193568287,7.651339963006203,7.517904812022427,2.1180122374023136,6.094274684072832,-
5.03144199638397,4.174060406348912,8.825987338827607,1.6005405784555993,6.170833017698215,+
8.759181613853722,6.331014032084156,4.449395714989614,0.42165947189251024,4.3555639846498195,-
6.577690263797491,6.981072636439122,9.928436542917913,5.699279792333178,3.523078434525856,-
4.544809140787555,4.391281776526432,10.0,2.5480088678692967,0.9802026551063234,+
5.501789554650961,9.980303324100282,1.4138037380821689,8.520924820579106,7.362284333754561,+
9.288289039427301,10.0,0.9366396377268827,3.372606278943926,1.0299199223152031,-
9.869234989937524,0.23817138545238703,0.8317421885840315,7.938611197028327,4.761771066736137,+
10.0,0.09572607327768806,1.204979238648052,10.0,8.346146963648819,-
2.8625977445967488,7.629566015920565,4.256373425195089,7.147668382737995,2.00911901437708,+
1.8934904723029369,0.19017452151363523,4.049562681552858,3.7093558924125953,1.4167522451812904,-
6.305729467709693,8.407036146421863,8.298917237659298,2.606718358062372,6.9994839045006385,+
9.760773921093111,10.0,9.974273679226851,2.820641269921195,3.1089239085200826,-
5.372464927770939,2.2531286656111504,7.401434851014153,3.072749571715956,1.7396480615277576,+
0.09451943331354479,3.739133027709211,1.2582778926605724,4.283128103474532,1.752200089590344,-
7.6861885157249565,5.3550366506116545,1.7408547850038791,0.0654317658172765,0.33724115265774235,+
3.4121131756743757,4.552055435663746,2.0172166612257114,0.1247672240874085,0.6374095162305805,-
8.251316721951907,4.480467496668853,3.2960635362456134,2.1854628115625383,8.03077829489553,+
10.0,4.668788794732482,3.2068329025892295,4.153747605664935,3.902088538931454,-
0.7327707977886999,8.297586693037221,5.2644815472076845,8.381629365892186,2.0144890577504073,-
0.81448296456092,10.0,6.915407642724829,10.0,3.311827611191289,+
0.14176495716018533,7.0092758667643835,8.160391237348449,9.379158418918427,0.503510194075758,-
0.2574389246200857,10.0,10.0,10.0,0.8765654213362815,+
5.485702956603529,2.3608092813750203,1.5630221859217885,3.427308798839155,4.932893169364322,-
8.506308621695602,2.569990623568086,2.734728507171344,6.2547849423611215,5.837036000192524,+
7.598072521490623,1.336841878380255,0.521253190958596,5.189383097692398,6.209330187185971,+
10.0,2.3204864597545325,0.16290426067392527,1.1901646044965362,4.283125791469705,-
8.91588747935865,3.970725672480894,4.303190728241444,2.6807189490775163,6.799663097918462,+
10.0,7.8669919977261635,6.1457635090534195,1.5775136309487683,10.0,-
5.150130057242876,2.5410364993241643,9.98145621184114,2.609760477330614,2.4935515335412886,+
1.708866129423467,2.987715314955962,10.0,1.339537146897884,1.8800251639026935,-
1.9775765988459537,4.315078291004029,9.917381238807566,9.960588581231459,8.824219698614918,+
3.460133156589462,7.58023384342329,10.0,2.6863673988779198,2.332882294362229,-
9.443947830896573,4.154677359054016,5.459532586773782,5.527950255656064,8.10796338277043,-
10.0,7.535855654298555,7.045136417310249,8.333636990051339,9.77394803490174,+
5.056606329644762,0.733814193403024,4.402342885677786,0.5009450304824847,8.359041550995554,+
7.482436009630349,0.3564126219593842,8.123131218607023,0.8373315661023375,10.0,-
8.629421892079346,1.1181305160866783,3.14354520675054,2.475240858775498,7.553248158304032,+
10.0,0.30152063267910795,4.220215427121681,1.102147324425412,10.0,-
6.187860103724827,6.593583125573846,1.1856721747427579,0.9331309116795206,7.465498380116211,-
10.0,4.389836418612054,0.18163836697027305,0.35531081575842627,7.4293997172263095,+
7.058817631431155,6.166289050711501,7.442673572594542,1.0495269969556564,0.9768607398263063,-
10.0,9.90924028122416,10.0,1.0639176279076983,1.7558880320398327,+
5.38626590987874,5.826453113068282,3.2815377001023736,2.058042748163771,9.414114008971628,+
0.5347277405998544,7.727295526277923,5.042933023128116,3.6910645777792133,1.937419276142729,-
1.7218200397984462,0.7958493890554341,5.4228598383794155,8.71671075344782,4.995319105530673,-
2.325737591845115,1.241445506864268,5.6837659263014375,8.946289964197442,9.925454354169,+
8.549385662483518,1.8299693268452544,5.031627378478412,1.5318048550759344,0.6474331150580115,-
7.517102290611405,0.9835313757796263,7.683990822305324,1.165602240749025,0.5650380724631463,+
0.4164594841043323,8.234437325256467,5.334174104805157,0.8524547632207136,2.196303398590439,+
0.1390150375674681,10.0,10.0,1.4447541660973193,2.187179036055943,-
4.608229410629997,6.327900169252972,4.092423840564284,2.1504810949207487,3.5052778510925076,-
1.2743261137745319,2.9339999870629887,2.842897521241716,3.7641936569368175,0.4079724873122284,+
9.219899214397232,0.8247247906064425,2.9710312196270627,9.746678667902128,9.488424856774838,+
10.0,0.3860659472129,5.939218032292883,8.190739089705515,10.0,-
9.200339013680454,5.521490234058378,7.042736210353834,5.811843247812472,6.835069472614487,-
10.0,5.973329262838008,10.0,8.682519450893333,10.0,+
9.614485635883376,3.8194721963152967,7.685502535698989,6.217986024782687,8.542352181434289,-
10.0,5.19674555117254,8.791445632648133,9.445359207590522,9.930636762890702,+
9.516929874825278,6.359828953211492,2.721368473743161,9.110293105113513,7.124941796452103,+
10.0,10.0,5.270734487838027,10.0,7.521735037353161,-
2.2093022375613955,6.025908839890115,2.4550636223765276,6.973302285079806,0.25648473688404616,+
0.7528587931860747,0.7608797690895731,2.0212001284257886,2.89903642111329,0.18076971086854143,-
3.348819544528875,2.0597569826224316,1.5106703608762573,6.172696433367969,5.904210063432663,+
3.111195268071892,0.26197916253002623,0.7378456703836481,3.3869007841236076,7.5697906121511265,-
4.767510734857263,1.577815685315107,0.9456403729786467,2.265946366753565,7.60829444244229,-
8.370674561193939,2.5246903609163094,1.7926262542870695,2.8083834190923094,9.934525915272893,+
8.409262273623153E-4,2.176579642064731,0.6351231304298322,8.234396348469792,6.303635928951925,+
0.0012036832949588647,2.9279090711521687,0.6854401319388946,0.6482792159901495,6.390529388588606,-
8.228527560107898,0.09907212305994118,5.199812991577355,9.276501466985755,0.7704845539784455,+
0.36383389416669565,0.13693570975342062,9.031222152006682,10.0,1.2565836888408257,-
8.84395252401313,5.406603818006381,5.129782982745359,4.302731521400501,1.0561002365478267,+
1.9588283338772756,10.0,0.5341973340572072,0.31918759593106844,1.9745861873776551,-
8.473975756255548,2.10456454270655,1.8990615738222805,0.5532127238021767,4.586935860580455,-
8.7120242244799,3.0781748074303987,2.902106718506927,0.8636138016800802,5.880956794571596,+
5.450788227775211,0.1378837499154717,6.9606646029855925,1.9976624885850547,4.24010655801793,+
1.6700320941363924,0.02734053026219906,2.353731731832691,0.17063128784214177,4.042885711363651,-
1.9593724584238026,3.9150584682298826,6.412136734516839,4.1968486232909585,4.53592960924679,-
0.46656157252368646,3.106159654419459E-4,1.7487387697180716,8.253354378105316,2.223907625437273,+
8.641297459856993,9.4998034488567,9.977733890664544,4.2428830158354565,0.6392837546118879,+
10.0,10.0,6.586416028863769,6.49182609408768,0.9049035987471927,-
0.7678695466209873,0.696712257988813,2.7904771971024744,6.075211161581291,4.329079100960951,+
1.117884443162073,1.1822381497693344,2.5270453740514514,10.0,7.954760595748842,-
3.8518187336797647,5.31872113608351,1.3879297019107817,5.8086160280449555,8.184615320124221,+
0.36285125063535384,3.198125587263772,0.25116800053749305,2.968373576797653,5.244732431290045,-
3.514785867689322,0.9562145191041005,2.559925934149685,6.847216040701455,9.111964878395804,+
1.7220291565315629,0.37410556003577955,3.5002697407910777,3.5952270447235795,4.444018716358877,-
4.652962621371941,2.198604117170423,6.80031328610332,1.1922112865092382,4.707053179152067,-
0.3019020448968627,4.383692403195634,9.096313490838211,2.1235186636722205,0.4837729517203849,+
9.343358771715016,2.133402561294867,7.142017566758847,4.500380420651985,0.6826757321452415,-
10.0,1.129229340756334,1.4907721106178866,0.6308791558596902,0.470783912863671,+
0.8837257460485748,4.5933449111660805,9.533990121527884,2.185717584586926,0.041432123528298836,+
0.09486843354880568,3.613483645233877,9.488614139084705,0.1547792884111288,0.011708665028155285,-
3.313560807901866,3.617328522976919,0.15644785639558179,2.8367004071464197,3.8716285300454767,+
1.533204210014595,6.690694901822492,0.2539866419816035,1.9973487924439366,0.9487755519529518,-
5.911579524094535,1.8093840802738814,3.2455727045149674,7.544130149684095,6.517662487744163,+
5.970982795835098,1.4342168264785273,1.5744473388720046,0.22940393595265787,0.44930692292300345,-
0.37801325578710965,4.81959982904526,1.7104837553583263,7.312172879060567,1.6553002704298037,+
0.5928398231650287,5.096800523793139,0.07225734591463447,10.0,2.965999755733809,-
8.214116435550903,0.2053305213395784,9.136538714687157,7.201524625627779,7.787372089385411,-
10.0,0.4037901156886771,4.573314648851319,4.7113892793845915,10.0,+
8.522644299023977,3.8076578622729063,3.526808414052167,1.5460136523504941,3.483706137367022,+
0.5347753024234939,0.07998199414415241,0.08500565567060696,0.3591388537493872,2.1595975067466893,-
4.508047344729297,5.677492274279809,9.116278381783333,2.646112428421797,3.011107536838211,+
7.8473912246319575,10.0,10.0,3.906694422404059,3.510674847386735,-
4.74995178024132,5.436029029897373,1.2960984456175495,3.2571389243643525,6.760396489063066,-
4.570376639388572,6.1087106501274375,0.5283052226523862,0.9911959589534856,5.090276337128932,+
4.960494783168128,8.637769524847785,2.5341799401325193,1.575867795594178,2.7882331253783432,+
0.7016830913953284,8.851101634676787,3.6314365560528907,2.734348715446385,3.983435484071364,-
5.168980158926669,4.522133938919509,2.3119702779799214,8.72437951359178,4.038349731690024,-
3.5336932373312395,2.051375636869199,0.43277052033390667,9.428657163685545,3.5440977226366535,+
7.638560805534805,6.231071372543835,9.273865440875026,0.3462749415386046,8.952618671643602,+
9.019224866737712,3.3215878238788714,0.751516687177765,0.5939041397567467,1.0736446189126336,-
5.157561041935876,9.820760843505088,8.354365913870735,4.839084657318548,5.313230080913547,+
8.882857594377754,5.841705639438047,9.000268089951598,8.090526039538625,5.40068043220106,-
7.767998824585618,9.85927491597469,7.576290215048465,3.2717857161217734,7.449979935519547,+
2.7507472962521655,3.9342733491060633,2.49267222392265,5.600205926441866,8.951735294601777,-
6.943523593964862,6.569125784569527,5.131236705340268,5.449526257409493,8.968080180422477,+
10.0,7.669579625775611,7.674902303187388,7.141832808603757,10.0,-
7.735865030864892,1.9794775277965926,5.468707101726018,1.3197300187949201,1.2218309723075593,+
4.594886580933082,3.60550679872334,2.9305229153902816,0.8180868360525334,2.2259658349424343,-
3.295719312506499,6.2710762974347,8.813632623273442,1.0816887662092578,7.195519941556513,+
4.730242249764888,9.715213611044254,10.0,0.17729396011507623,9.80551203444693,-
1.9276165486324526,1.6417884537460536,0.9623826786505463,4.872854128230527,5.507803734778766,+
2.234897202944455,2.988312742862694,1.3621312514099997,8.135533721688674,10.0,-
7.210481240666246,9.0146314400499,3.2941033228445873,2.0079845189278323,1.7496319733199883,+
3.57444481676592,10.0,5.187208108244559,2.619105474623724,3.252226782291199,-
1.593299395294433,7.28348032964187,9.419072164718425,2.8472348265734904,9.502647732391692,+
1.3344122298477905,6.425271236899213,8.196849673247453,2.7608395414484748,8.07490970174569,-
4.555138295509872,2.318718780742841,6.4124209641123295,9.437140487398711,9.218458660191038,+
1.4615444203896841,0.9478635051537431,9.92090848254364,5.34278198969967,7.712243822404163,-
0.08333950524089806,4.859388171557835,1.4592032333213245,7.497793636764673,2.0069586773989148,+
0.15481135724464773,3.389476056441757,1.8359063496380026,10.0,3.638713563365498,-
8.617340908431698,8.023368156201652,8.212442150559202,2.7188182004421435,9.247676434407431,+
9.855515476229556,8.279926824139574,10.0,3.68674278117586,10.0,-
8.930703052976614,7.454048757266293,9.28441059194656,0.42609290066965344,8.259256883651181,+
2.3395132095101636,3.7088525870898676,10.0,0.5900088610530032,7.1477639255380545,-
7.7800472741286155,9.660329609646944,1.3697775645665267,1.6822516642031404,5.695769756170036,+
10.0,10.0,0.48519168675414426,2.53939475912655,9.4781675228718,-
3.3909240832120426,8.156990190137707,2.359043912523285,3.3151062633890263,9.99825906625724,-
0.810060921107163,6.806413174688027,2.666861932855059,5.3869165632077065,10.0,+
6.051418814309775,3.847564009620558,0.3409325443854816,2.4840571673765277,2.5271955711692637,-
10.0,1.6051912581227574,0.655231472257452,4.023927393152686,2.087647616142669,+
4.369050797842526,7.563178581058185,7.998974982955518,0.25459956182836807,6.279939754916485,+
7.648613355376168,2.0760388316764375,4.2796497414308,0.304637205028402,9.808131302603668,-
4.122139008252179,4.199250061965848,9.182345781739613,2.8372884556954814,5.448778577946536,+
0.786002115567884,2.374978971930271,5.109865774078776,0.7231193717473394,4.95844908562591,-
2.2503658817639405,3.4533682682314115,5.106318902758953,3.465769983730574,3.6800621159676195,+
2.0079567546658477,2.8487562114574008,2.0604364985335106,0.7492280467310752,2.195702457748327,-
8.074473849557709,5.290523112934552,0.48262572953386207,7.451706073925707,7.180253909501103,+
5.2114251350571665,4.52439345898001,0.833338651381646,4.2572925963751205,10.0,-
8.858043571791805,4.685388939111675,7.640986490055194,3.1855799222451497,0.966926527805988,+
10.0,4.8405438675145955,10.0,6.247324843034796,1.2283402523667601,-
5.011783064464106,0.02102148309497398,6.907266649378538,3.64820256500878,9.360855157132978,-
7.809139183578053,0.03079479265648657,10.0,5.922242514319147,10.0,+
9.986325409123507,6.217823713261933,9.929266182008439,3.70419261769507,4.686342027788287,+
10.0,2.889399534238077,10.0,0.4738065693232548,1.9909510555966208,-
6.471948746017148,7.851355105305031,5.056392993706449,2.3620183983747136,1.705373302500981,+
5.209775822476852,1.911681691487754,4.605995795531496,0.6010395559357637,0.7464984069534959,-
4.100217151262472,3.5193443134641833,5.004587965281465,6.03482361259662,2.143796865068323,+
1.4443165626221461,3.306415428108849,0.13950394880331768,0.9101074127853067,0.03719001662753489,-
1.8380708814779156,7.723757173323835,1.5068924238630954,0.8793223398864225,7.7792213108918995,+
3.41224357877259,2.33321805514966,2.0788147299882263,1.5471413796072617,6.675616002279475,-
5.079346492502661,3.695264058392932,1.308117114942392,5.033474896404581,5.9424137725067006,+
8.837455112038532,3.3278538197938055,0.24836986116489543,9.817111425198688,4.266947000245393,-
1.7836840114137464,7.23060246560168,2.209441767789496,4.4891627426752585,8.595100814591765,+
2.7170458176749377,10.0,0.44723940948382757,2.3308181267980026,3.2455727909203755,-
8.285957422834642,3.324246933739863,2.345164868121561,4.509515470073283,5.684218738683385,-
3.316289896485192,2.8868212182041573,2.6382505537706877,2.892228669824427,2.4465408558003374,+
5.207078468044843,5.324983760191392,4.9495458245718185,0.2637571641724368,7.504347290808505,-
7.483980728720031,8.171858598724414,6.668333841424852,0.40920626328754983,8.508109487614904,+
4.859755558688612,5.1494212529397085,3.4416588036145033,6.232238539293087,9.749757843711748,+
5.507325241190002,7.70713059371938,5.985521698466915,10.0,10.0,-
0.14455667410173567,0.4295000855173303,6.286548659101726,0.8666783317165971,1.7623787790589607,+
0.2521183632962168,0.3350360060672837,6.684741917759476,1.2341593767060477,2.689339519272148,-
2.6473223314752445,1.2763177069033171,9.523878184610316,2.5398210673488153,2.1652347120032847,-
0.2724810676098072,2.363954875363319,0.5446758774527378,4.293106229091202,3.792039559193221,+
1.070623460371678,3.7200920247316738,2.6673114473708646,1.41908914035637,3.42202503638155,+
1.3718834331059522,7.311772003947414,4.3374919118796305,1.4917168740709705,5.681374579789299,-
0.5844990582181919,7.985071316597274,2.9344773438602436,5.366035959051753,1.2440846580105114,-
0.03375481286437581,10.0,2.5113485824685866,8.654263177364207,1.8809270483725515,+
5.872779776692929,4.248609191130837,5.131297402401095,9.776644115890754,2.395991124816824,-
6.514413243687051,7.629610340234406,9.226258890474753,10.0,2.4232461141879242,+
6.185249510714115,2.2532795457255137,7.377937603020661,3.5510471662168452,4.802933706274439,-
3.3911029462670226,0.8515957778101638,10.0,0.9486857674554108,2.8574703061507125,+
1.733185817960432,2.890086216599644,5.9444353742560985,3.6429537802371725,0.6350445359400769,+
1.0992716426522497,4.766700814807438,2.6659473429226574,0.7663500724669969,1.037987806078976,-
2.401688963970826,2.050774086445567,7.666030229520992,8.612815358210707,1.7905208225331037,+
1.8837556079767093,2.944258676373349,3.040009516600453,5.957152833375605,2.4206344482468065,-
2.265851455679729,5.951076860996213,1.1499296306853135,6.98970236570284,7.90168710498818,+
4.427875650584333,1.6573421904493022,0.47213336076672135,7.813009033428258,4.237456559163267,-
9.506854839508906,9.69245177223974,3.8634654959069845,5.900215087687563,1.8124813036694998,+
7.932833582605083,3.6411575702532164,0.6275472446683878,2.0382319535997224,1.3459826705283218,-
7.851489648856035,8.390099768178349,1.3467017111083168,8.779216343021968,2.4873255211547782,+
10.0,9.648472552779346,1.0502604200743215,10.0,3.4310668486878013,-
6.334424013364705,4.462090807934084,6.813568957224653,3.7868843130048035,6.716752787118633,+
5.027610610333587,1.1934667361501625,3.8405241533698193,1.8306757005427792,1.2023078518176142,-
1.4432826779573071,8.238799152178991,7.510812135823964,4.921078820466126,1.9558472490904388,+
2.0388957129159775,4.788653819998699,10.0,9.372661502764156,0.33412126750646914,-
5.431423385105485,1.0489104110761638,8.91309924807914,6.195803149636596,4.242956006012511,+
1.6877322583894065,0.7515704207290314,9.64844664784657,2.9148171800049454,3.706610432523703,-
3.9456906022190252,9.716642400364183,0.9668463562299423,3.3099435197954596,7.611490298958751,+
6.442629968220298,10.0,1.6324947765355307,6.548545047253258,3.835074685716499,-
8.041266498286209,6.792606872394362,4.24318280583022,6.754840214775633,6.210531214954182,+
10.0,10.0,5.374625092402698,10.0,10.0,-
6.965610979850657,2.444276378150474,3.697888117835978,9.47876895120024,0.06564498195752333,+
6.595785479307741,1.058316671060006,4.13253801715958,10.0,0.07137370632579071,-
0.6335714215525046,7.745824728370247,5.138041789088097,2.4206585538272716,5.040210703595203,+
0.9981157463817936,10.0,8.36315563129733,2.1902516479045437,6.438741733353513,-
6.354095633736941,2.002579885909168,9.171869097588951,3.430996670489729,5.55878621508631,-
6.385055012745229,0.9288331124119309,10.0,0.3940787270888751,6.965814014602496,+
5.036984102574758,9.220227687401847,1.5628189106963086,6.772532047073863,0.0783504289314263,+
10.0,3.690439903637208,0.977524508471396,2.269775843843508,0.02462372646481931,-
4.513351105701036,6.877465594765416,6.079360090578584,1.9018089835458385,1.3578641341868014,+
4.517829846044349,10.0,10.0,2.559795724585945,0.40153925538872826,-
3.785722428051087,0.7597132748093349,3.4926761880161292,7.61816534954686,2.377588574580783,-
2.8641325159435773,0.6113135835762951,2.5250522747618476,5.074615544402364,3.3082469724456245,+
8.355653525500932,6.971681393637187,9.498667125137636,4.062629264538295,2.19656558916658,+
5.273711709491803,10.0,7.288537310429086,5.348936593905669,0.16861139695894234,-
4.64834021149105,9.17048461984997,3.2947852923909435,3.753910068547648,9.283057489916793,-
6.113285714196933,10.0,4.71186682972724,4.475119516895509,10.0,+
2.5905153626430155,9.831001488688923,3.104260593501973,2.760605834651729,8.968344887331009,+
3.3975786949296505,3.1954807229922078,4.768081226127243,0.37241194557010415,9.623496545524588,-
9.885922615145553,7.288119187291047,6.836076256419239,2.8081418471489403,4.295317948544488,+
10.0,10.0,10.0,1.7942284156391095,5.872043978085117,-
6.536188950857534,3.01968659977803,2.7204721484389194,4.3357210244660385,0.510878479534157,+
0.9599501111369266,3.0462884527041454,1.8382232535557794,1.332186912630245,0.9517362064399253,-
3.8675722097189014,7.878748688944945,3.0683750525516187,8.014773559302647,5.929246182151612,+
4.51572823150323,10.0,5.959462030859429,10.0,9.717318871562059,-
0.19901258155655577,7.927138534458221,2.18252518701728,1.4024320049339734,4.585565103733432,+
0.1919268959681426,4.294394488267158,1.9152802674627676,0.2887145451338753,1.2615242020834125,-
2.3547717372795542,8.2091355637784,4.605222569706646,9.969099170317609,9.568189542545035,-
3.8101729153565334,1.4574574579722401,7.851070920740315,10.0,5.660202867161289,+
0.467216741351284,6.735333300852218,0.3440786073614699,9.503242163442946,0.7145854784925099,+
0.5303847424268496,7.55116175291148,0.6706537283842434,0.4722627135026615,1.3275690930143946,-
2.5845790104415443,3.9538644832056393,1.750347031694579,3.9301613854966155,5.70636154110573,+
1.8416238611317335,2.9473671373426242,0.9087284526179242,0.11654376665747622,3.775571245815223,-
8.759650231026122,5.356683360056195,0.014593083011046337,8.705074924299845,1.3069264196965102,+
7.279928659348554,9.150564368020701,0.019645255561369722,0.7763674390631791,0.370480142040101,-
6.510217676260972,7.8078431659876335,7.309122980760554,0.592701233824332,1.7578325818062712,-
1.6952124275327696,8.426682803263162,4.127175202569948,0.5742066445513816,0.15977113748608582,+
4.733531440548142,4.698170411252428,8.99084032374536,3.0110422162790975,3.1642239198261155,+
3.105331071094237,0.20770816183367158,3.8777377528863672,0.9454346168908037,0.5937138567790368,-
5.896418426766533,1.3341118430490062,2.4149738295228285,7.2291120824049635,1.759601064301386,+
4.8966606364086,0.29834329997473646,2.2348718398452743,1.2596568369420142,1.952362458641718,-
5.826838453559967,6.736686427475153,4.597765327049833,5.37791213238363,7.831915991361118,+
5.401713191325014,0.2899895409500724,6.576811367650842,1.7709217342268273,8.754820720260769,-
5.082545361980648,5.051931740237606,9.536076016825273,2.368972064485427,8.749838002735737,+
4.780325238984717,3.587787965912948,10.0,1.3440066702965208,3.6944145572397957,-
8.414005677797187,7.674893659827183,2.9871268165896367,4.216658674898487,6.115607275483289,+
10.0,10.0,3.9140504180905293,2.1068798506147286,9.641413057452404,-
7.741582823715846,8.704250556427992,8.903232671846894,9.938838987370216,8.76945424632009,-
10.0,10.0,9.9691878968035,10.0,10.0,+
6.856085819097513,7.936124466590141,3.2676804671609094,1.3053843324926029,8.555401980019639,+
2.0486637993398378,0.36905239894204495,0.7671825047344774,1.4626015038578593,10.0,-
7.606789649269594,9.173482234634987,5.392049327198263,1.4610191829243646,9.538404368460872,-
5.413945889699173,2.6735733321394037,1.1091300969875966,0.06987828683129108,10.0,+
6.04283171574088,0.9709495842040639,8.490290586826765,7.102124506840861,0.8926035729306325,-
9.732836642026196,0.4726977161154177,7.506803989534892,1.1492336864178334,0.707393163789606,+
0.533644572437838,0.7743755536422414,0.4194601895561356,0.8628186743993649,6.925001670588173,-
0.7623922853336728,0.7002434053592593,0.5268055592653597,1.1532165515069892,0.9426475453384884,+
3.3393536017483005,2.6285173429849076,3.0918194863186077,2.9787152811077577,2.8664554204384904,+
1.6157945828552895,0.34101184941143164,0.3509792620601728,1.8246494857905042,1.5197794446384807,-
1.7139705127376548,8.521263844597948,7.807923796111994,1.1604423215101956,4.939985094062892,+
3.36916935754556,10.0,10.0,0.657902753336225,0.7421870742645611,-
6.309306514763139,7.488214162077664,2.088419579152998,7.780763747185496,6.297768861244002,+
5.226593344641988,4.2212766073190595,2.495651066380918,10.0,4.4109569776864515,-
4.595800714368725,8.133528433960938,3.4120044161169227,4.819641252015575,8.831305835429214,+
0.20892474339179073,10.0,5.464351597331136,5.54952995373477,10.0,-
8.15615149575526,8.115277944388485,3.192584676252542,4.122843290740956,9.488444360412956,+
10.0,10.0,5.611894441735718,5.900945456941431,10.0,-
1.7512987078050701,1.7670661982625602,3.789343695701217,5.156394778391437,4.1503995416943535,+
0.508761997984507,1.553178839229841,2.322905956421783,7.690347008689842,2.7442302571547854,-
2.7967288994387927,3.5876634931316307,5.575291826243842,6.717606498898928,8.680254640312295,+
5.114850172402497,5.766907963287877,8.860109001766586,8.01599334673495,4.949469793678771,-
1.4420231160034702,4.480170181663481,7.674990161196389,1.958663442107963,2.748635884318491,-
0.04425260161235259,6.962611198727974,5.713745793486113,0.7934027902218486,2.0890139742974845,+
3.305665940938265,7.189767433149706,6.969812714760217,4.352203807470001,2.127641199813909,+
5.909130628513771,1.1955472701784504,5.949390978312011,4.906810083137644,2.654987594236665,-
0.3856350867171776,1.3273447256229798,7.395772467610126,4.469726655914187,9.093031587735528,+
0.47347555782551115,1.791613329233189,7.9442174051128225,7.522531324272803,8.217752360385003,-
8.072852585152337,3.018211894151225,7.099899289273848,6.435402529790241,4.161965835326641,+
6.549691882155241,2.794862750033856,5.562165666682326,5.557244300087781,0.9398655111336901,-
3.2498718720677946,3.222131017608294,2.914096221569901,0.9189248028598407,9.449071111066713,+
5.836212956913146,5.329818933604443,4.09427624160702,0.6742641959587925,9.846143948597488,-
6.7154507876726734,6.430844646209442,6.955467947771434,9.201061551729484,6.176078016821448,-
8.714367659141383,9.389987828609328,9.221767692262116,9.743025633892838,8.435413298460055,+
7.725645379569899,2.4821375689543093,5.238532690486056,3.768784424420687,6.457195698148933,+
3.1551572743909935,2.8806327669301908,9.768200778922383,6.570127694037912,7.815716857426318,-
6.629226639317088,7.6857784077836975,2.091002046313537,8.669444031624318,7.719496006644042,+
0.29767600633143815,10.0,0.1619364625698692,1.5928837582774171,10.0,-
3.890357843192034,8.44302178947255,1.8226093391715403,1.3388778444505611,8.968465019240753,+
7.251830064216767,9.926262414211802,3.173856603942595,1.802827854640743,10.0,-
2.0786910174467943,7.161220850929206,4.443917656087413,9.616998075059374,6.20932376570423,+
2.2700700400355793,10.0,6.898998098060936,1.2161308075390023,10.0,-
5.79389437493084,6.734339258802877,8.892522170897356,8.314830515890382,0.2588822826891013,+
6.047793969573387,5.359523549762602,0.2528054808682481,3.782361795266825,0.039412883110684756,-
2.7966915337519636,1.1329064969641156,8.689011701170514,7.543717793097809,4.381582749207618,+
2.8250509495319878,1.4123140526795954,2.7740914901445106,2.151821976838436,5.769020936353132,-
4.337938128828386,6.08335025484958,1.7500588145727702,4.900054348774402,7.164672272211287,-
6.613305165743044,7.460630700439141,2.0814932198614704,9.043303074753453,10.0,+
2.026881405221693,6.754766087864478,8.856555934716939,7.976462698540779,0.6300603124617221,+
0.26344940914709525,8.389404567463568,4.751580369637596,0.1586934841915227,1.1232610782538595,-
4.391754974180346,3.232167620324989,9.750238493507416,5.107926318374289,3.149619224433594,-
7.59194888809778,0.5439142675703446,10.0,9.18913719222142,1.9824171453445198,+
5.21373665422066,3.1999141559213964,4.8800221471323635,0.968330980986809,2.825744252211424,+
6.535950933607337,3.561923727411582,4.596929928031926,1.0308035299359048,1.1666646259786357,-
3.1274305428852758,1.4125327188489922,3.416231943029049,1.8607859421611128,0.9495097190265256,+
3.574243312627316,2.758304526767952,4.059204225635392,2.3348469202039257,0.9140624128169571,-
8.437574676224196,8.005763151284558,3.0323020998178163,7.473726465335037,1.0939896932735471,+
6.8763411766402305,10.0,6.039562144003142,2.9862576121423245,0.8975787217556628,-
8.70386345960777,9.747439511222321,2.7025764244095543,6.419329776721257,8.61769388835857,+
0.0944791766146755,7.86888137322652,1.5495357883534053,0.12770188189478163,4.674810740129795,-
0.7993858829916123,7.057162084971643,3.2868841559396254,1.4901691509707604,4.5585833317149485,+
0.18519290373121322,1.3125782949406706,1.1543648318413466,0.6639269738762665,0.7497793234364906,-
2.7243152048398187,6.844831913509754,9.553777098131775,2.7320190709870182,6.88240705023505,+
0.9375757001737551,5.087436500824764,5.643621399172729,2.631023418792727,4.311898956301569,-
2.445323494146545,6.259733398677519,4.561937936942982,2.398994517780728,6.421728801486744,+
1.9732938685107653,3.861466441859333,4.157241967412469,2.3604703373863414,6.200317451172735,-
5.992812533371746,1.6349323343101663,7.674401594300874,4.479001838897285,0.8227642612588881,+
9.321955172400386,1.7346669959508008,10.0,4.269192066995446,0.7362394808579429,-
9.70538437786118,4.8479088136954065,1.461725830565912,4.902391407596615,4.655845250530183,+
2.303101725008479,4.26345006860657,0.907804292942471,4.167016487543927,2.0703131494209726,-
0.8429460375293407,2.4419108622447663,4.371782979594848,5.189633826759477,0.7999295817733454,+
0.7122083202072386,2.613126463076086,8.587753380971144,9.65210705850856,0.29580672009028197,-
2.8838145747781763,0.2141366333110084,3.304576157306504,9.732046938149102,5.002257511409558,+
3.4497596028385935,0.4058700568708192,4.445228033045614,10.0,6.196389179479522,-
8.124842820713397,3.03295381704367,4.701737588304593,2.125400957000304,7.346715448004627,+
10.0,5.761128363089252,2.827056452900475,0.8237787084174194,3.369806145480139,-
0.4470213849711835,6.4946464584970816,1.9892073008456657,9.269144577161239,9.812975720073572,-
0.19450400177380278,0.24290890971846044,1.5348204680041717,8.606879734703588,10.0,+
0.2323220497936207,6.889408234729917,8.748565202628235,5.149493196750692,3.0420097850904115,-
0.15888476856793288,5.985900535720603,8.963713984942599,2.7179857803924756,0.4642067524195001,+
3.9495483701402745,8.604839996633206,7.546983255088399,0.8551449820172541,9.166023061405756,+
6.488050698278176,10.0,10.0,1.3867306497227463,10.0,-
9.498911575521232,5.502259419345986,4.406236820541093,5.863002237212282,6.294982436517898,-
9.14505052422181,0.46725545805222907,3.9934429927293436,2.7068835220075433,10.0,+
0.09356646342578157,9.759337562335968,8.916497739359727,0.18256934622525534,2.1031055457095915,+
0.02880202245426246,4.2601803586465925,2.8965437771811247,0.3182314366276952,2.6491563888574303,-
0.14131869691803023,2.0845357495420993,3.798739752896548,6.5914465040449315,2.4501411875808774,+
0.27365951687776247,0.6611240058449762,3.665743646319801,10.0,1.5004493994690618,-
7.719309636547626,0.2196422129641229,2.245461697399753,2.467887860620237,8.45125475774437,+
2.562882003755689,0.35822216597652917,3.5251118962222465,2.06617606857869,0.24521646090343943,-
0.09073624475215203,6.226979380217125,7.378121788853048,7.823296384263926,3.6359792598260476,+
0.04319273962348628,5.489270249367633,10.0,7.334816415531757,5.841865890061755,-
9.834244534188395,1.3327956274322417,3.566206734902754,6.164322117084506,1.4469988313307613,+
10.0,1.2801289862191318,6.725013751900114,10.0,0.05014807137605062,-
2.6203751155546207,0.9887450918581864,8.102002290081188,0.032870049100770515,3.391569721618514,+
1.4109896835740912,0.8665474810502274,6.921314722842894,0.025920555344182524,2.6331973738674956,-
4.971487243129198,5.82741366445782,6.497224184354476,4.777195728235717,8.681368467321178,+
8.240535856975303,10.0,9.32375947678174,7.034054904957359,10.0,-
6.280342298706648,9.181506030779826,0.2986467301743201,7.502579890358925,1.62708306502379,+
6.267083446063701,10.0,0.1683419204500769,9.174192293878436,2.620758594801638,-
1.2527252274430467,2.196931682344172,1.077330615443749,5.185481710920262,2.9672262351083454,+
0.3832696923708305,1.158499034494196,1.5879431708478617,1.8395009947821552,4.748238086972549,-
2.583010175583734,5.428762491239084,5.226506867915703,6.8519441164342885,8.362471491557844,-
4.773729526650638,7.745608221683046,9.338281894673296,6.916262958898769,10.0,+
5.744003964988843,6.149251519631674,1.3626317585220715,7.375286356343423,2.8808315799631243,-
10.0,9.135078948087582,2.534166355984879,9.950752928472825,5.49076092489929,+
9.881174128324929,4.059680191667382,8.972514640295643,1.689403651923067,9.576348050804516,+
10.0,6.332953744133023,10.0,2.397444972443538,10.0,-
3.6772296773463387,4.6410108310030544,7.687428394390662,1.6746862420759645,7.138985096636801,+
0.6901041315510446,7.3906676499814346,9.965901883812766,3.1003140046096176,7.604739973397639,-
1.8873148716209542,3.9413307818284338,7.085157352281707,4.953982057942477,9.932574521027087,+
1.9944796900610842,7.278546626093717,10.0,9.339550443695726,9.007593196117163,-
2.4479855209049672,8.321192732710973,2.7376130732850177,5.190579740766662,6.145192221713835,+
4.045761302115079,10.0,0.42453415463892624,7.7693266957138984,4.890211193076637,-
4.771753229499952,3.6758861203875437,8.160670259552537,8.713869660533046,8.35873754252974,-
5.299130622752419,6.9071621622633925,4.117244810310384,10.0,3.108255247846206,+
7.043302797487392,5.242344314157497,9.00415338456069,0.8898183815159877,7.527171734456929,+
8.70098184244859,5.351703879854317,10.0,1.1829509424502127,1.711601904904417,-
8.222914174894926,1.5650395421940122,6.199660880857975,3.4853965755652805,2.3870085170981414,+
2.150634719764465,2.2100405254212165,10.0,6.5296709130029615,0.6983928593498516,-
1.9931335069697154,0.7023322390989661,4.218953708612027,6.299015353320479,8.521120230815423,+
0.878065522535019,0.18009476319880094,0.7098592169848278,3.6994631314710307,7.138791886691675,-
4.736640879377758,0.10870866338177798,1.921509867572554,1.4197503689620738,7.879457237227193,+
6.093218717141717,0.12078556573595285,0.682346339984987,2.552817906640772,10.0,-
3.7959259840953186,2.3220765779134633,5.367841748084898,8.231647568554607,5.84026567049661,+
1.4707503393176105,4.24928029774434,9.531177444919082,4.37842165261358,6.674704136352763,-
6.023637593968419,1.0171308209527152,9.373750727998523,5.475157428555341,8.18491123317727,+
6.275796610070866,0.5050444763676939,10.0,10.0,9.219456001006941,-
8.24497930899269,6.375160862025261,8.649913794324211,6.525476625228518,6.925242468756042,+
3.294701470752132,4.91975569752569,1.2628191178831223,1.7541155379424236,3.5661772235217013,-
2.5878762926163015,4.343880053234569,6.705509933852857,2.9930105546568075,7.110973785940927,+
3.7790909703731983,5.323575404127018,8.295430259057916,3.5893295064489683,0.7321085889289125,-
1.3823849200677296,8.927869153779271,2.4442423176517734,0.01708777254281424,8.400690968003786,-
2.2456696299281296,9.290103674056745,3.378910672724942,0.020559559530635835,10.0,+
6.423164735682202,3.3243964057010245,2.9509770928424395,1.2648392718014667,0.7860545620244697,-
8.001956339940573,5.949722928117831,2.6654005518863397,1.5157328862990855,0.5615153830269529,+
1.1715572624668547,9.221231367879454,6.206811545251614,3.631531046956243,7.205409701899837,-
1.748781456359274,10.0,7.074306859637481,5.8586808469628595,10.0,+
8.414013245374939,7.7360296358061795,0.8247001451548763,1.3924218712167458,2.050898899516842,+
10.0,7.531104923093184,1.105712809662799,1.4884914043525044,0.6865934912045651,-
5.481337449599277,2.246732570288409,5.28682671795465,5.90618330350459,7.720786356482783,+
10.0,0.6677417839399027,6.371251338647126,7.401983761332353,8.598364606790936,-
4.6375956609783655,6.6615401122707185,1.0396293362816944,9.986958543042123,0.8433545436604439,+
3.006266375004043,10.0,2.0253493783626544,10.0,1.4179509665401255,-
1.9117615031781654,8.400009545857436,2.3509994443043025,7.567175673767056,2.602107770809785,+
2.5908496804774166,1.0701098238428108,2.765892796802421,10.0,3.125547508626837,-
2.7221187223479926,1.163830915595474,3.5419966474940843,5.284829698803225,8.723804420262727,+
5.023322977854009,1.165068442418398,4.587263895765411,9.932471787993807,10.0,-
2.757276220889384,8.021021226306239,8.218721340729116,6.693287745504184,3.1016757909150803,-
2.0393959228128375,10.0,1.9887466142111159,6.528761333274862,0.6530271611093893,+
7.580684929012781,1.2418878654489274,0.5599146519861897,2.9550302190423725,0.6789095734399508,-
7.321342691517234,1.420997023499848,1.063058653006653,1.5546455637124093,0.7387293684523418,+
9.737919019982005,3.943776532563178,6.309183808122347,8.517798132722223,9.375758202952406,+
5.990658777445294,0.385275230324168,10.0,10.0,7.5702791648930345,-
3.4508337640841025,7.271010210350259,7.548040605049265,6.128504992781204,2.3795071677230615,-
6.192559232959409,3.5432323954735265,2.3693575538636087,8.998765583551979,4.353481995660521,+
8.471085628692649,9.364414641889141,8.698792956112666,4.798666339005242,6.768095692024648,+
10.0,0.49405562782230894,10.0,1.8378870109430354,6.345501486008048,-
5.5013719679440936,0.8414473401768829,2.1451838245582158,8.687819601684584,8.426457279122063,-
7.490564058082722,1.0045923573766178,3.680372136805159,10.0,10.0,+
1.7761092377812016,6.267168285580013,5.939893357816564,1.6225974711954916,2.12446021324614,-
3.0957395935868024,5.91396528316791,9.358236098695874,1.703598256118591,1.8990771061752838,+
7.8025628977654025,4.107123918826693,7.537268036372568,3.514185682081139,4.847610179645038,+
2.946314238787314,0.5452997533826552,2.2514536440743953,6.918371085404317,2.145360674588503,-
6.407602642583502,1.3198027733175755,4.57516852201392,4.148652392832245,2.6941818108626627,+
3.217858245286384,1.0098183338327538,4.266512014605753,3.5505062298948973,0.4314106209944745,-
1.6666986580343934,6.8250961351305754,3.3932923794900747,7.392249188877247,8.992968588650408,+
1.4075854608232647,10.0,6.688641638030261,10.0,10.0,-
0.47524199384971877,5.998762768713243,4.2390082537757925,2.5950838757285357,9.08963847975959,-
0.647536177422044,10.0,7.146237648483806,0.12952273522411847,7.164472395298123,+
3.5725688643204077,4.714357416477494,3.283855470859245,2.078897095726079,1.1303774592919202,-
4.039802701758676,5.856680012718743,5.718024440960017,0.9672034753485873,0.051710767371904366,+
9.72698805011354,8.482155739268235,5.399182361416121,6.143412800782543,0.4882975067954043,+
10.0,10.0,5.066955591773988,0.03467936415696826,0.8233227854955832,-
6.62576603924642,9.244165770325777,0.9385071816570778,1.289888874894033,9.631357993970145,+
9.621237141524253,10.0,1.7577512442184708,1.5553234764012989,0.9073240469502128,-
6.907379271501718,5.179727213794788,9.883687310011851,9.564445786882972,8.317690407755617,-
4.744827939437091,8.346367664437524,5.3301813992497,4.4823293239106725,2.0026272954350715,+
5.100206042803709,6.359447959282027,4.8460229415675276,8.601667484522338,8.044809811620137,-
8.465663982109616,9.749657125199386,8.495583977864275,10.0,10.0,+
5.783983324062306,7.887199751811025,7.219832256487724,6.719627683966266,6.266854018371673,-
5.199119729244713,10.0,4.549188296413271,0.42609823925509954,2.249827845554372,+
9.039480222301899,6.60329832603547,4.917322495233613,1.6022090207908357,2.8074576889038205,+
8.625286764494962,10.0,2.754598707757388,2.0865907193102418,1.6571257512002788,-
0.8165457663549847,9.132360456150238,3.0069646597922803,8.705120112579433,8.963507445352949,-
0.20620844354711096,10.0,1.7148637617295492,3.609020194494566,7.948371303463714,+
2.0257920265021,8.152092331677078,7.176608677246476,8.149361466366024,1.4268869457084932,+
1.1044022285995658,10.0,8.669332183457886,8.166801516908414,2.6740970082775197,-
3.0821711666500597,5.694128795847032,5.819730274969148,3.6830410475760478,1.3657473195869307,+
2.703204213692342,0.08876323282016273,2.1471011774304927,4.6139852782727635,0.5108046504985638,-
2.0402197654795042,0.7840786099651509,2.6428047598564532,1.93637953593513,3.852387387315538,-
1.5272717177710133,0.2993712312749947,2.3038105574890526,1.139796386500431,4.431157666895219,+
1.5646255757008387,9.995604337862579,4.827798641267123,9.141839618716801,4.649793293903217,+
0.9925909978465689,1.9928346509792272,1.3793273275333797,10.0,0.904630360549994,-
9.512522590669509,5.831752219612208,8.297474143871202,1.2969046786422334,5.3777490313998575,-
1.6371426725467972,3.8096542465020016,10.0,0.04731972028644687,3.5132150259215025,+
4.734288714851439,5.92538602317901,6.983848225154468,1.7514733278058259,4.179872643519475,+
7.658419134874877,1.5182903559926737,10.0,2.2919750789112605,4.474974579760495,-
9.214302968849891,8.2990104746717,2.533898531793466,9.251867517931782,9.327017096448882,+
10.0,2.454575850513347,1.7899842497869358,7.1553941422472205,10.0,-
9.740557352818099,3.375431268581174,5.5201764403424205,0.6700981615315271,3.2650447478583047,+
9.457524286111191,4.400841142283566,9.413648570325213,0.5789544512114323,0.554027702326618,-
8.689015911281544,0.13267818863154424,1.7186401751736435,9.984896186240968,3.910394971668314,-
10.0,0.1838524788646412,2.9441395020049703,10.0,7.317532144507135,+
5.848174325105317,0.8564385911819694,8.338704550861534,1.6826382801194795,9.185778501488475,+
4.73197405354692,0.1685628627822913,6.862370398760592,0.7334417846156794,3.5461708084538066,-
8.79073614012887,1.7187561365334358,5.177792855815638,2.012174875252347,1.0762593079591531,+
5.896659679290165,3.4161273699193693,5.118768475836793,2.5150366852002337,0.048491945817460295,-
6.583697493470655,0.7158850685042106,1.6544052078020366,1.6994082359826468,0.7487555359051701,+
5.334595350558779,0.4018803706501274,2.7779236745650406,2.8189005301379884,0.5547111899206626,-
2.641570256876938,9.02776108077841,2.4539768082502533,7.7220244214130815,8.194951192063439,-
2.636398205470961,5.012238227596955,1.5463029408958948,2.576177707338736,10.0,+
6.975877278382278,8.750530199566143,4.3357840990940035,5.50568889466615,1.9409469989921668,-
1.4505232181970942,10.0,3.2987456811149563,1.538562833979141,0.07081453260427223,+
6.528329158218699,1.407097055401254,0.8058614618094428,6.004780824792548,6.76671624289045,+
6.440462739110951,1.1813575595855645,0.2501039046538864,4.591646242733634,5.625656187215528,-
6.185818639173389,0.5430588685069127,6.914935336020185,6.12496781697207,5.161920670553004,+
3.3011140692946257,0.7613492430029373,10.0,6.885929715590483,5.608384240602158,-
0.39593938035000775,3.5042088898214017,9.745099804844301,2.4970380715981966,3.477713839951999,-
0.5357914372228518,2.717937458128963,10.0,3.611901569315165,1.0936377531324388,+
5.723519014791014,5.946897620528359,6.084877696902841,3.3789484804927614,3.252094780651581,+
5.130595532286545,1.5925591126857361,4.333807934904531,4.520010609057489,1.011199922900889,-
0.14879004939337026,5.4581098435263495,3.262878784461604,1.0662421154267832,4.466254555651484,+
0.041459948063573386,0.8986614785012127,4.188669121883946,0.3029626472656617,7.386664411015628,-
8.089083000961883,8.275728169993728,9.358858725197324,4.412562349797977,8.135552406541679,+
10.0,1.885067212742032,10.0,2.3885460653523536,0.6562777888470145,-
3.9212158936763766,1.6372350911917921,8.916736848999118,9.4563424469273,1.9553680079681512,+
1.6450254930175099,3.0453950322441448,0.27025763785967427,10.0,1.3546781764277693,-
6.143777030808036,9.948727505311455,4.835936849989913,2.5975186637007006,4.020469887801541,-
7.502410296968373,3.0470144354801345,5.612301979489574,1.069233255542562,7.088653060530942,+
3.1266651376082533,1.2669217241020936,1.5193188508462818,9.076831221130897,4.458837570746672,+
1.9404001004079965,0.27474613258409286,0.28707674429008095,0.7049664012966875,1.6633133355767573,-
3.318999714743925,2.488082376486674,6.4964934316027225,1.662614034545642,1.5393621127600243,+
6.068249782836594,0.3439349891044764,0.9873900135302347,2.914089311557336,0.40018591408866655,-
7.706147396049906,3.7710009756604945,5.969604842821773,3.1845466405452605,0.12511311672966263,+
3.585348280888379,2.8373132539059314,1.1592765289382592,6.049576162801964,0.05027167856974386,-
3.944196950713904,0.7486217339513423,5.66515726646246,5.4257592737569365,7.2757713917706655,-
6.829571515584652,0.29828797398797857,8.096274840885071,0.6734025264941146,10.0,+
0.4056212731553366,7.447792542619372,6.759177496690256,9.689008010866683,2.370873311051401,+
0.3335103507468862,7.373049855268158,9.284715031451604,5.4037498839418765,4.057011467454588,-
2.2436489325468036,6.418689019347369,3.310704247660178,9.43579023971025,2.1375343453166873,-
0.3793592428402781,1.7991078452359437,5.124138812582485,10.0,3.596189862228413,+
4.419097015635276,1.6140112078222146,9.806608990753142,4.076204084074516,2.4273453660713775,+
0.004446476576082791,0.8906227267952525,10.0,5.282483591021706,1.2627723944023448,-
9.18368104198247,2.9627717909745623,1.729198455030494,0.5664813043976058,5.192635991401416,+
10.0,1.4772528188164058,0.6523719172430945,0.09357398689381348,8.584716982860694,-
5.925775506380338,0.5738196215720293,5.080890866211146,9.453218091381007,0.8395847040396365,+
7.708733785804142,0.7562404857736236,5.380167650129749,1.9099608229543057,1.2116004517042647,-
9.043792739383036,7.038131507201481,1.581455461501795,5.092415307970843,6.381105942757362,+
10.0,1.6333640166683487,2.0784143092119423,1.5434481583861859,10.0,-
3.9248270621459715,3.922779967807183,6.254701323429403,9.36178786496052,9.05332020566269,+
2.169182233100997,6.367074705666214,10.0,10.0,4.876086497085462,-
5.564029032050692,2.2745985598509333,9.001440866280216,0.21089518151341524,4.567705482513146,+
2.6787823512022033,2.6422479311566898,10.0,0.24034390337329672,9.071895749586886,-
6.02459610842832,0.4930829272778725,9.205893828118425,3.116660694825982,1.5148136585282979,+
2.841188760777677,0.4479646855063325,8.303315881527032,0.3944722717766731,0.8737798095183261,-
5.390747558456894,3.3325458000232344,8.37536931436301,5.107720081335775,6.066772392477149,-
0.7792955994345578,2.98396786478414,1.1924462936979028,6.606085320133479,5.056898001666966,+
6.05236109875121,1.6500061082653084,7.798355059319261,0.3818924023672077,9.192701391650454,+
9.884653540334194,0.818236874793509,10.0,0.6698303517632632,10.0,-
3.0756924795523144,3.79240885729879,8.142626400042216,3.522950377092834,7.6319048572078385,+
3.5608207994951804,5.004887262938535,6.320020140717872,6.958572729831247,10.0,-
8.389048835962342,6.065564056992173,2.8261205015030253,4.09116297632079,8.637134420072263,-
6.004167219119578,1.8552192225611586,2.764432576501302,0.14565711394786712,10.0,+
3.0522014542223106,4.489676757757218,1.679104604082221,0.08753499202908133,5.099213347169832,+
5.880938403732802,3.5609509211676222,1.3172900171027744,0.047043999771556606,9.498411508114899,-
3.696666994696065,3.167782296242013,4.861687176813859,7.467393630537846,9.061486642125058,+
2.4728625060327873,5.555914340576314,5.330312397861506,9.309020776140597,10.0,-
9.176915160681434,1.0292422324164086,5.886380123415039,2.786360992218709,4.871737882703346,+
6.382954246607561,0.2889452653560816,3.7027610176292662,2.2880610065982325,3.457499506283963,-
5.152750313379152,3.706625088240725,4.5824419300877075,0.3295713902380881,5.670053005087933,+
6.554221340385233,7.295068776447762,6.0906484703120025,0.4033169642491339,10.0,-
4.714264143953141,3.945579136682155,9.122922162762082,9.700414058303636,4.595616959004277,+
1.5826335645787653,1.3401088831861885,7.177954434317401,10.0,7.822796908663856,-
0.32664895034432373,0.6926127660543391,2.1951622156678785,7.7843777521827375,2.740358493282702,+
0.07711317096388462,1.123227619054925,1.3004217134204892,5.237729581316285,3.082554865800019,-
4.72344617202895,3.523219959090109,7.090970722840658,1.48460785353143,9.463185565036646,+
4.32264355665532,0.3601739148249877,9.08324283874504,1.9174884414513937,8.797591664376302,-
8.684468081381834,5.34667269142888,6.510361277314628,8.9622035840904,8.598662238184518,-
10.0,10.0,10.0,10.0,10.0,+
1.6981874717258216,1.3090772016874719,7.0957562194432375,2.7378438863130796,5.66530089467162,+
1.7048031066502223,1.7775614442622247,10.0,5.38778112533737,3.41536449367976,-
3.9935116539083415,8.574493321575751,0.8714491045790707,1.7394459703391651,4.342462812555425,-
7.851680921021389,10.0,1.4134639376800802,3.2917194882967156,5.632971100919221,+
6.200031057942736,7.404996423515775,1.7101241033595305,2.6086548009600827,1.3808495197698278,-
0.7688548079357956,3.190920390533676,0.38244903610437153,3.0800242646963665,1.0887408684547908,+
3.478819665117887,4.2113718506221645,5.347975531109148,0.6615990344532963,2.9015723142018626,+
1.2040222787412,0.62021821197936,0.06856203481563851,0.4837067482019046,0.07567755807746128,-
2.2959118199472197,6.624975977073095,4.737421729066567,6.930547642781326,5.57045499623861,+
3.225559459741657,10.0,3.6499640595732172,10.0,9.384258207807209,-
7.027198296000986,1.4172729211746138,9.88035943287468,5.389723795301249,1.8397710689315228,+
0.3663899722306803,0.37576242038096574,7.528968846914336,1.8520546311182682,1.3135115462419027,-
5.457160539730934,5.633490500944526,9.219628966036373,3.0138048019495125,7.630469489239278,+
5.010969374886126,8.016333359043745,10.0,4.150807285685741,7.636720312330674,-
8.779315128220096,9.02299318429871,6.2974368976065165,2.883665849578354,3.5078094293191597,+
9.763667037715715,10.0,10.0,5.1278774715284845,0.5346731252976992,-
6.119224140090992,8.003210284317921,2.632857604303286,9.668862855254995,6.928980275493062,+
3.0536306371930784,0.753993087301092,0.5897079894647294,10.0,2.267723803506461,-
3.268400382148995,7.3984300072166365,0.8450773667236189,6.8510111801109685,7.273142525047273,-
2.5104988241297828,8.679948228253272,1.4518791024117816,10.0,5.095348676113546,+
8.033087857313928,2.1837412874440143,1.8536369022950916,8.507233179768512,0.1704208035617949,-
9.13840652275536,2.7762572530367686,3.016823340754815,10.0,0.2843257510750769,+
1.3946502726008692,4.174866248084865,5.143132325005874,1.8250859144931653,8.47417122196521,+
2.702953198476039,5.785306864729632,7.979779437818788,0.4728020242574429,10.0,-
9.948295234797861,6.418932654593349,5.883249890651502,4.936263142511711,7.605961648542998,+
6.702953357085433,10.0,4.512080422909761,0.200317723746824,4.359819126796139,-
1.638519303934397,8.410303781756294,3.4639392252065573,0.7518230398221848,6.908687576408248,+
2.4870211292705147,10.0,3.3012270703648126,0.022198492617755347,9.395444441155778,-
8.523052884266962,9.765790163119245,4.370440643887083,7.42424969272514,5.326879558479991,-
10.0,10.0,7.309903232107738,10.0,9.889846776124987,+
5.063415149345559,2.5361632886973506,3.4326886391507774,2.580772066055438,3.5315295662417356,+
2.8661799670273242,2.29744734898012,2.804212166478041,2.5795900438372974,1.5514327060448132,-
4.13390634282346,2.29661292594711,6.596913780302431,8.145981522474814,7.837182509238707,+
1.7510912020691718,3.9764505548300333,0.7679716116983119,8.574827561714702,2.372334469705165,-
0.6228384331295456,1.9034035640117075,1.7809547230062428,0.6077164285109271,4.357921701282274,+
0.12767787000622885,2.909998518013656,0.860281800059742,0.003970864574843855,3.2335775393838477,-
5.045135724208654,9.660598473363486,8.984803553312881,1.080579485700407,3.6290767862551876,-
7.021925091582197,4.154896207486698,0.37365826852304274,1.66989040386292,6.665745846692574,+
8.680725071427593,6.099179547230565,9.38242947507786,4.1816729143787414,8.36305168588394,-
10.0,4.505538948166853,2.133629776385337,3.6297458147763946,7.7458285122125945,+
8.42787701031963,0.593398594768666,2.1216183440931458,2.9434657503222494,9.980649464793963,+
5.393995472098569,0.484635508429561,0.5778707988004227,1.9139559939393467,6.892766806198609,-
2.1044206484327335,9.528274439348811,4.638641260532412,6.005222605822508,8.216234133026084,+
0.7818091322550144,5.514333872411539,1.4788486645178196,1.958566227697519,2.5573438990308244,-
2.4157414362743426,1.3210352617989163,5.388961921806493,1.5800002405076374,4.37907050569689,+
4.780222631550249,2.4752405918355733,4.779238362531065,2.369706044784115,7.74059713469834,-
3.572055964891103,1.83467732926069,5.130655300766669,7.783555092348054,5.593536173949182,+
6.81417435732134,3.0493614384262666,2.463399369545801,8.984267646527634,5.231063231848973,-
1.3421884047716448,9.049960000554737,8.443765609166435,8.634910328596805,3.4954495260525142,+
2.5298293329315045,10.0,10.0,10.0,5.06248592861602,-
8.619260089290144,6.614351109306193,9.211866014937401,2.3387693745106852,4.621900530698239,-
10.0,10.0,10.0,4.2555846370721655,8.510684483961425,+
8.86642291226707,6.552736078078779,9.729370844326143,0.3885927755584184,9.428443945017813,+
4.160316507277566,0.8517991223316524,4.917140415452274,0.02504097651160903,4.465932723481826,-
7.473794092172899,0.3766417887327478,7.670178301531219,3.8864127120276484,4.194998885463525,+
3.3042411858617875,0.2671387432930533,5.6822515038866985,5.709240107639001,6.189479703359395,-
8.088021245049283,0.35233813799855906,5.059287907802197,7.555150986103802,7.657683542279033,+
10.0,0.20884268428776748,4.8106179853797375,9.093008895629382,0.52486269586654,-
1.4328972654403849,1.0541183430981838,8.40634880086441,4.0099791130824105,8.996907537137243,-
2.4512762449914756,1.9729318050812363,8.693388845479989,4.926988165699473,10.0,+
5.940468043334245,7.608882449146591,5.194624111056064,8.05234868302589,5.493573785183756,+
6.537210148526316,9.8574962670401,5.257951394326223,10.0,2.4986202085075315,-
4.340707601192837,9.004182051968561,2.8014658719625607,5.1303823975582,7.571133456288994,+
3.9898651012640647,3.266571815989905,0.8890592810658431,1.9527134127916037,0.3897585671151652,-
4.689224408368578,6.48699331104946,4.5692313717625215,2.9556206798341353,5.535119865559761,+
8.314572516238949,10.0,6.740790953887835,5.831621133226075,4.0900419611296,-
6.664869148436697,6.586409389140351,6.467584939405921,6.542816813500333,7.056039696232191,+
5.515086195582315,4.021563450236534,6.032972014586258,4.4462330502206395,6.343761817303788,-
4.933991056514334,0.33797091613579355,6.988443247065018,4.779283268453622,1.998244353120443,+
1.0375135791804695,0.10156603736082125,10.0,2.284164532728653,3.3623708657749702,-
8.705188765010817,7.0254259851246985,6.578652255100619,5.021144266452419,5.871161751879846,-
8.334944073132878,9.491716262435462,0.8360586117408603,9.653528438237391,6.356725497378801,+
6.218963094639527,6.966297604124746,5.225097565160004,5.6143753963440535,9.007802544678464,-
3.3083000892230556,0.16163318462658163,9.834887565518844,2.610211307964409,7.479358089050805,+
0.22204490506139374,2.8637420696755367,4.778771296307682,4.969753261133315,6.83346815112675,+
0.011904127256525175,4.286039568719791,1.5155468363396662,2.0547996450143255,10.0,-
6.669864120059792,6.831524953636542,2.045312245142302,8.375437514263725,0.09901455058279218,+
6.6761536894946065,9.636270392534135,2.0546020297700505,8.350635494642292,0.1577653540065392,-
5.779485265720144,2.093112104479756,1.4520667137496424,4.899392454989845,0.7446915196063197,+
7.924922286512794,2.740595193493322,1.054802182647558,7.74690086478721,0.8574795241602318,-
6.3943984538218235,9.741547231842485,2.2560302050197,6.15015636485915,9.29879735609542,+
3.411699449111322,6.990804344804069,0.90308500984511,3.0286722038800664,3.104182405379617,-
0.27089377369421963,3.7273421521446926,0.9824295846688358,1.9650953858250908,4.942710537318467,+
0.2666876074672518,5.87694936768621,1.202180145076373,1.165848078705831,9.301504328184983,-
0.9130415078828957,4.088362193415986,9.417426534632957,8.738098197656296,9.543738536940925,-
0.6156215408842987,3.983366975304638,0.7432614218444172,10.0,1.4699279839481498,+
7.157241435200655,1.9203751914882627,3.562765308422632,5.819791844301979,5.930734058054269,+
10.0,2.060772718972589,6.555404997958633,2.9082186984355376,7.425285575624662,-
1.1277414484650816,0.27394733223358614,4.414698729592493,7.848006261903987,4.401023727566724,+
0.41596732123694197,0.2869771155720671,6.561829884632134,10.0,5.168287321860422,-
4.973158008629825,0.45144359769511366,2.763241522704969,8.484151377804212,5.747245877024961,+
1.6725373029094441,0.7994122647401997,2.867235242497283,10.0,7.711529340161402,-
5.118343346416977,0.09612562201868902,0.925605464823116,1.7830508591737282,2.5491131423007563,+
8.049133068553274,0.04539034248724243,0.23750627634430152,1.9472787680730055,0.7544606724921826,-
2.4386159223331894,3.398184758840795,1.4891334011053614,7.218184103464691,8.288755119178601,+
0.16394850800648875,6.123276904841146,0.43527967117852245,10.0,10.0,-
5.176574279972507,7.753982684926362,7.7323803822598105,9.986950370216856,6.5060177773750905,+
0.8884213168960646,5.727776145571531,10.0,1.6080571003486928,7.105965729657775,-
2.500876475993069,0.5305721390425777,2.8915901319131523,8.915239495773562,4.575841008223549,+
2.0977830899713896,0.1445315859365597,2.0412399588158956,10.0,2.69560895191536,-
8.189388421926378,9.059832642593646,2.246836979822413,6.227684297781422,0.3722098710625299,+
4.073908141387992,1.2818648108086073,3.3980299941842627,8.170972098205722,0.2903301683030192,-
8.068813603035741,0.570526968474272,9.780191949598045,9.743955165293016,3.9376805874113208,-
6.807992528210869,0.7700479552432749,2.1618779809451554,8.140366294663073,2.130723291357432,+
8.18434252424877,9.225787238866817,0.01707597894556434,5.933104408347937,9.84545273992126,+
10.0,1.3745408275271125,0.025330110990834723,3.8273617910543583,5.278941143366109,-
2.8543225013859583,8.79635628890344,3.43756122035309,8.248390634961048,5.952152023137895,+
2.611536386654146,8.027126290965807,0.41769290802567594,2.588998230150259,3.014613497079989,-
6.689572903728425,8.905302312564741,2.295893514341192,4.78977808296786,0.5337741492517167,+
10.0,10.0,3.2665380882519743,5.9473529080835545,0.15680349598497895,-
7.716896638144185,6.572741892339968,6.012699885181824,2.573427023289969,3.518982311867489,+
8.454346973588233,9.20517290760718,2.5507271645068057,0.2795754409406704,3.488905771440427,-
3.492509296049798,8.836541299422333,6.8189254881650285,8.401276363546838,0.12993502273746405,+
1.0662012473769213,5.2694898604743186,5.410058399401822,3.430700087245959,0.12669594512658874,-
0.36137647599763234,3.561948278618481,4.7134149615948715,9.782979744079999,5.053734901768541,+
0.27893836364626534,1.0117542844168683,0.6703653202286701,8.790789364471276,4.295037720590838,-
5.72436476634182,9.196536557357462,9.803304412065705,4.178153640958327,8.371687457697162,+
7.516656436458033,6.4570368026015075,10.0,7.6972181885210365,10.0,-
8.313204674349352,8.470461365165646,7.02722827984967,1.5589390405863979,8.246375447367406,+
4.744930131878938,7.904438073494853,2.1333359068151445,0.9303986769564402,0.9097106901917562,-
1.4732681094595346,1.0420281242759766,8.26133624151808,5.292873929201017,5.366542480618746,+
1.163856511644112,1.4774755595701499,4.7818687808926095,6.298760004831159,7.794536575466328,-
8.287682729544338,7.343279419629527,0.586471455236034,7.947378325616977,1.9746220306880191,-
8.214274224260082,10.0,0.2142919284683159,10.0,3.5091138760719223,+
6.120688567312772,4.101974185042048,4.4881921167923835,0.5649937229495083,2.8494541303778798,+
5.314130797936661,6.358597532367093,1.8039587974633648,0.032005385433395525,2.793559683254792,-
5.073597324810576,9.794129262674923,0.7290204217321594,7.541123770000057,8.393417089170661,-
0.9285595188401038,10.0,1.384453452411636,8.575511108132298,6.824691810711774,+
0.013605547714965471,4.915565270203166,7.622120992343455,5.910646032095929,1.1551352753886757,+
0.011253258035236727,0.8371377979139312,3.763525494258903,2.147089839424006,0.49851026850538166,-
0.9498256234172187,5.976426784739984,1.8737528982795393,5.19106263844189,7.957702860023096,+
0.7954897359999814,3.998728272363812,0.04064385356564696,0.30467377811873464,3.535343864135367,-
2.398620410953262,9.52385950399849,1.0244855834487843,1.5011753965951269,5.324820003730847,-
2.553848142771974,5.730135152894054,0.06873276252909236,0.03916539903295205,4.046216843982905,+
6.4560087310198835,6.438249283016345,1.7430638378393726,7.269666930182898,5.462925864802695,+
8.337037359145304,5.288743608872344,2.7617971688205207,9.180435060951293,6.043572648092378,-
0.7445902850059571,4.958845027005353,1.3885002526934387,1.604838137843967,1.1780564580983777,+
0.4231296024514604,0.8690394953119414,0.5650834719595057,1.0029290616753845,0.20549740378613124,-
0.6974398118636627,7.507722306466066,9.186641566543928,0.9819024251114017,2.1152818633451154,+
1.1869245410676041,9.335595500887223,10.0,1.5165043801368678,3.0250502260982874,-
1.4639974443748283,1.3001147357947374,9.310678574254043,5.054224243324274,9.206404277046994,+
2.6622557463665206,1.4263829201994371,1.0740120537945659,4.005797966569122,3.5546826058950183,-
3.475544594593644,7.91480857926648,2.1115339049587667,4.70658688248025,0.4039453580992125,-
6.283693734553303,10.0,3.458277438879509,5.818959791427232,0.6608537864428499,+
8.100977239885141,3.9203582762931077,8.663886330333723,4.353086983320306,9.882495330294113,-
4.271920713196321,5.808285747548863,1.5862093271331577,0.25033731663782594,0.8477178544517353,+
6.869401256519655,2.808248086831714,1.3092865673670484,8.0972724859649,1.3767507923917877,-
7.358256248972731,4.5995813501016265,0.738840314350595,10.0,0.9126339278139968,+
2.6958238571592608,0.5312056971625911,0.7808056368640282,6.154038290321916,7.271972755330383,+
5.333090393762532,0.693060802610656,0.8712184959483799,10.0,8.178318378546994,-
0.4818878862220144,4.009388778517694,4.10816609208894,0.6929035695471131,6.7829923992717305,-
0.8657309274316859,4.22750713030417,6.3985010309027635,1.2519701266833982,10.0,+
4.93454802903202,6.387921407703681,6.023314675242064,4.157050592164931,3.7994556606911676,-
5.873028618979058,2.897570899797051,5.199142518355513,1.1627259593955561,0.48701831452943073,+
1.2480030798305242,7.221773423006621,1.9918732771199565,7.0230138836590195,7.395824733778207,+
2.441066102097515,2.4712626752151468,3.3508468718552784,8.602087623125872,10.0,-
4.2589402731170445,8.102066206993744,9.53432855468616,3.9866929832236586,7.9089177083317885,+
8.005294793952457,10.0,10.0,4.281184708865799,9.104392094234514,-
3.8482586002118255,4.987820532566975,9.645405697858743,6.340445717461822,9.38894054337222,+
6.271040849803169,8.088878854954983,10.0,7.419274498680065,6.185282504984193,-
6.1914639699430305,1.5359375665208164,8.558628851327246,8.895506274095284,7.306960223487654,-
10.0,1.6336253405465635,10.0,10.0,10.0,+
5.550157491547843,0.19017679378591668,4.817120614337719,6.842311798946369,2.210288963344451,+
4.067739256944682,0.02075186442914702,1.403602526500516,9.297841738386506,4.356375501647244,-
9.48310591529863,6.1586160794838065,7.566630082852825,2.906791225806379,2.3415854134741654,+
10.0,8.682095285512805,10.0,2.932318603110622,3.039042960873919,-
6.271488963231661,5.798592134223392,6.9979025852394825,7.622950607108678,3.7899415503718648,+
5.4993733597980095,1.6491293221901826,5.705242213617129,10.0,0.41709984102797226,-
0.5353938354946608,3.952495469187994,0.4645951519983327,8.433224207742454,8.353320092755625,+
0.022313066259143203,2.215126621173931,0.2132714564132906,8.560618825881239,2.4279490255632985,-
6.8427705248334325,6.796065541418212,6.174005233758457,6.351767649904031,3.928469052560933,-
10.0,8.091983112868135,6.95207314634416,2.78937420258272,0.22964416526881942,+
6.926214979094585,7.868375169339545,3.753569123737268,0.498477446998401,9.120110916192193,+
7.561673211545632,8.533953748025247,2.8960919157474074,0.39534379520731,7.823449658720765,-
2.9122940516536766,8.888300221291958,0.6538712262565993,1.666506409891676,5.813163619521566,+
2.9360898561728592,10.0,0.7567174620475726,3.045463734663092,9.013365789586699,-
5.7648697307463745,2.806385652582133,2.0180137780196428,0.661826138655468,9.489085171932652,+
4.839811729982609,1.9231581932653037,0.7430926222951487,1.0960713299619513,10.0,-
5.557432013814782,6.968032162298526,7.4842621478188045,1.753796779510275,0.11541629639656992,+
3.196344545172452,1.6976821638383999,6.2509512729688455,0.6196169823970457,0.09118564122766536,-
6.453976357985858,0.055383932833302785,7.585099625942017,6.024943740457344,2.4276120392173817,+
1.1721036397394158,0.006558922928289427,6.6857149462879,5.166778517308489,1.8450305751774119,-
5.42398095029659,6.672633310427782,9.248015652962758,0.6505988607461666,8.164637752901102,-
0.34350764241191717,6.13181481649991,10.0,0.029816796699064722,7.003528346744236,+
8.74897352264432,4.654078544739468,3.591131022607984,3.676953346012862,3.9507423564984956,+
4.708787268377227,6.807072843082477,2.461260173244662,6.711001816276973,1.4482089012838943,-
9.397973589873141,8.08454141405795,6.0767112118305455,6.479455104412379,9.875785076617511,+
6.57401380122807,10.0,5.725351041815572,9.039369561305604,1.7097869467030624,-
3.4059928737592573,4.860958330928161,3.907391737560401,4.2860405568361255,8.573114129006445,+
2.4634763689981707,1.3472169098283489,1.745972845507742,3.982041512910553,0.7627434649161133,-
2.3036540001889136,8.830471289952238,1.738299266532587,8.805601660249193,0.2826732157339462,+
1.2564119331690922,4.018113227309662,1.071331579580744,0.2641928806672396,0.13391382131257193,-
5.7014826430344705,8.535783081081604,2.571453720784805,4.808031669161117,3.392590945279146,-
0.5932086294448028,10.0,4.89953270165281,3.8177581765258366,5.058941319096344,+
4.93399543802338,8.79599533819708,7.1920369505588875,1.9652725567283225,1.5144873158645378,+
3.8607625651924975,5.57611975855187,10.0,0.9773994846987204,0.8612987021848932,-
6.351489156378259,2.085801639555954,7.312853269333313,5.542358416375034,0.06917353537748472,-
7.600157315169842,2.0081590573356496,0.15135370071760168,10.0,0.11759086171272795,+
8.454606393807696,7.739465861067812,7.431284051784113,5.620002461620769,7.91433147570208,+
10.0,6.899798186006192,10.0,2.588727485919157,6.48560473657995,-
3.1436950890594337,0.4983658401599911,4.448393526116257,9.90165394406628,1.2854319016354776,+
2.9035142002336576,0.024929886198168025,4.2931439306701735,6.2338757879941085,0.4832344858961962,-
2.1522185543012684,0.29107481888219433,2.861478053130575,0.581759350464256,3.734106937597055,+
1.883826322207644,0.04234925872892515,2.415867913052578,0.22104501208534422,3.295504493400304,-
8.192644343930581,1.351183489820611,5.879986311338627,7.54773399475848,3.7142004385378335,+
10.0,1.4532458335059728,10.0,10.0,3.6900156421639396,-
2.4947171047144745,3.88216182416657,5.788466886676835,1.1114849503535273,9.05674293355004,+
1.125238219575785,1.1644070110712714,0.6410640465435131,0.6441838307893697,6.042305797731408,-
6.132668655811123,5.391893102987323,0.2298332294210248,8.651563029295865,6.099894076653182,-
1.7145368509352923,8.105535364429572,0.0509550680346457,3.8248839197120508,3.7929808253829176,+
6.25737619271777,9.829335592042606,3.1340477835812566,2.6118160066959417,5.030042395477269,+
2.715688323276861,10.0,6.037155489364412,3.333774455090094,7.317587222888482,-
8.928911867219846,3.0797517582066716,7.238088746826915,8.22625323934561,7.309191735933417,+
8.627020703122584,1.6117966425411314,8.262793198832393,8.697754079011194,10.0,-
0.2698337197546452,9.293618895992843,7.962795157814401,2.3604314885356024,4.759580478079398,-
0.5309468358584827,10.0,10.0,0.8742020141459355,4.371719302934144,+
6.920620755348806,9.494227772894776,8.095369413460457,8.474454962872004,2.064994365216044,+
1.9413295319430548,6.346951972495234,4.353613065431343,2.8531175906313933,3.468284192192605,-
6.994746780019269,9.617337210552186,9.821819406508546,3.816901627936099,9.267280943015159,+
3.8650517216720073,10.0,10.0,2.155911406242702,3.90226641013365,-
8.968256462561087,4.975180759447121,9.897250368000742,1.0852131049389535,4.220113049983857,-
8.885152898530913,2.7750688036631876,5.555140057644287,0.9881607049994208,4.660903605733068,+
0.3396487556151817,5.894522175794902,1.6690085503518004,7.0664057736129395,3.0503373457896,+
0.2217738593931034,4.088907718610314,1.5882208055569023,3.376004118386847,3.9545162673802228,-
3.356037618601065,1.52804265767292,2.6709860357190185,6.335660129019121,8.639991071406001,+
6.460728278431164,1.9407732601948138,2.844836061880496,10.0,10.0,-
6.318890167863847,9.27320725132683,0.4220326417886433,5.736866100898327,7.673511980475409,-
10.0,8.482483985611179,0.061752883962514306,0.0503126467209215,5.764637502406216,+
9.480492201821859,3.595860030453114,0.2417482477470978,0.4281713762840056,8.884601459061972,+
6.234820816633036,6.016057579689167,0.3276192012150294,0.5453277926366038,10.0,-
4.3930718983200485,1.6401494621772283,8.543731095132504,3.492824899575806,0.4227107076187242,+
3.177213919056952,3.0708406530559693,9.543115229924537,5.6499288243279615,0.4550398758974826,-
0.3126030839999727,6.027132428295786,2.5336700608620975,0.6000336570879217,6.643591495119775,+
0.5424142638253348,10.0,4.37960419139896,1.1898580109663066,3.7674387096819806,-
9.84254226468077,1.1455663579759412,3.5902200720839748,4.665169918017598,8.318567355971073,+
10.0,1.567483706362433,0.169178794763461,8.382858077759533,10.0,-
0.6861127144967505,0.964164190149368,9.084098447670446,5.296867487454642,8.902270247709657,-
0.13120109592737217,1.1271693191324998,10.0,9.600026322777895,7.405341545200608,+
7.997587696070715,0.8870363573552897,3.065040646977307,9.015438154254973,6.602923513867648,+
10.0,0.099685906837828,4.271215134593792,5.238034697557128,9.292130936275878,-
8.835261728285783,7.4519995882076255,9.072852290707317,1.2932469512097267,9.393033228934936,+
4.651516278308966,4.524448447276683,5.6763192307527985,0.3980679842525733,0.6432937199097944,-
1.0542965747408195,3.705251938055949,8.873129119186222,3.9682974021250073,5.8455331369051535,+
1.2207092960822516,5.382077663279342,10.0,5.489005874438837,8.228587903137363,-
6.6468293334677995,4.432194574316732,1.8865058932217538,4.60962859497191,8.168586701467799,+
1.6155340740231798,7.876760939930361,2.841768931335738,0.5933447861137903,4.371100688693498,-
9.501847671872046,3.2006928923775435,1.8592554261392502,2.419860190187253,2.215045973965455,-
10.0,5.834144444334868,3.3390032519131787,3.768159358044558,3.1343445020262775,+
9.472126799763664,2.843960466646791,9.149456624420894,6.57201823246135,4.682371491086906,+
10.0,0.029175021979682234,1.6505065560970313,10.0,8.269121360167704,-
3.4241616147584653,3.438626468404431,1.4693532072293702,8.648271326826341,1.0302570615057238,+
5.197300526714737,4.192934079975644,2.301976688238775,10.0,0.883363211652275,-
1.6917020754771106,9.968864717954135,0.04866963438821981,7.155968516213163,0.6440242500486382,+
0.5133717524186532,10.0,0.05053740277037093,3.2924910822929276,0.9010791694731765,-
6.168911813154812,9.393004746597297,2.385472194702439,6.47849725356242,4.1428179909586484,+
4.045846436712966,4.915444699394709,0.8093813389305071,1.2866531688501488,0.8724351542166553,-
0.31850154993694146,9.082088907748476,7.4668022943203205,0.06631311529882167,3.184547231254947,+
0.5948092883421741,10.0,10.0,0.12423964102443605,3.7884851046621417,-
1.0355244779527817,7.185248438287387,8.333559074963343,3.1772143524560423,3.3956350214057665,+
0.47511870865947703,2.199522439757649,3.060447633744802,1.854342192083549,0.4531915996926039,-
8.39110081759558,2.320788101474951,3.520913292656279,3.3967803309708744,5.466448229348593,+
0.5644074797727495,4.196845911722699,2.4603085891252188,6.67303809935591,1.1898296581011447,-
2.682925104571756,4.574017540088237,4.763687443127606,2.2691088822113983,5.564965838966152,-
3.9905358762830567,8.757406429973193,5.957323912439943,2.3017992952745234,10.0,+
0.3032097763784025,6.521222164075404,8.86611496512659,0.6751985001039784,7.462217379357041,+
0.3491373299212543,8.778816154695145,9.677633361602776,1.2092495982772384,10.0,-
3.4852462246814264,5.936486345646152,6.520861457875748,4.548789309427722,1.9443227302667465,+
0.19411355164327082,0.7233318942108397,10.0,3.4975922329984708,1.6312638786752085,-
5.4719114516694765,5.15444022750894,2.4188465070079426,0.3908932221531147,8.592060513790278,+
2.074042569055557,4.171198767295965,0.13915907757860754,0.05365559211494942,5.0304743914383385,-
6.3624628884687695,8.152061926409555,8.68251653531036,9.707177025899735,5.266117639315537,-
3.4297689753508465,10.0,8.15992092582232,10.0,5.836631531820784,+
3.5347233638139053,7.958222078789975,0.8889457919013788,2.716973619852221,8.902659363284318,+
7.056195681651477,10.0,1.627946853369126,3.590957150071158,10.0,-
8.741312359004732,9.57142171558274,1.7889083004683748,5.3907365224100054,6.3681734349485355,+
1.964496859906339,6.7276375864618325,3.5570173996202104,3.981164588849235,10.0,-
8.868737590814863,0.4442110375276098,1.7593488459005424,3.623735544096025,1.1196898795752985,+
5.382179190704578,0.20184296934083668,1.2342560798847995,2.1950589359061548,0.7941470924979247,-
6.5948574368592,5.52779692256588,3.8587327661104895,3.0595322240815257,4.604555975489575,+
5.375848081984668,4.035031926105646,2.7731818420020016,0.2068018220212182,2.5997321257127126,-
2.349282648140986,2.385624637519963,9.038551647702977,4.534062294311863,5.137217729563472,+
4.141098225901,2.714589056225945,9.06847694823707,6.084226066941966,8.037515563644973,-
9.865033562534173,6.820311389797879,0.8978331431689623,0.2658180537837507,9.560654046259193,+
10.0,10.0,1.332170185196554,0.1334000821934222,10.0,-
6.2315899461862925,6.283118993531631,8.39709761806804,8.029459192698717,8.32093916423679,+
8.625967838282728,10.0,10.0,0.40914042275039253,10.0,-
2.5108833543508116,1.901102382135389,2.069252202010543,2.532812458626993,8.157088490078506,+
0.8533345957631527,1.0511182528025014,2.5354075070902056,2.1678100578320674,0.08522918772326142,-
4.183210403808365,1.8801361923546878,8.905189792495573,1.2773192366109987,8.303833918746239,-
7.816764489029268,2.5358824469815873,10.0,1.3087403878487718,9.940247939770781,+
8.83556545847816,8.845707495350059,9.651283442332327,8.2739729650891,7.227233618673102,+
6.038243061419839,10.0,10.0,10.0,10.0,-
6.177563453141773,1.3432755978271393,7.647071047709241,7.580677433835158,1.0777151770369597,+
10.0,2.5363679041578977,1.3146790835203461,10.0,0.8937890113601313,-
4.376248631421369,7.86984701850365,0.2716032800836887,1.2064575237632658,9.693935694674169,+
7.558493884227449,7.724849267070032,0.4947328771619613,1.6829532615750251,10.0,-
9.700863672654593,4.671424618087089,5.0164332287275615,2.82179363298238,3.3193106445732234,+
4.654492445980352,4.618996252911105,1.5366192338756302,1.379987812057445,1.9268988502859543,-
0.977808636023485,3.1761521227168954,1.3605499699432066,0.08994987825123868,0.20980448818365582,-
1.4025528624821515,4.539959035661421,1.774188240293897,0.10492209167527981,0.4073269260471245,+
0.5665141027099885,1.084820858064397,1.6447753129036036,8.93748449498611,6.991406808217747,+
1.0996493966592429,0.1517385548650337,2.4346619261058455,1.021054194901564,3.0071637501594,-
0.2328560550747727,5.52708322578807,0.3558617537445985,6.509089422547883,0.2561495345598952,+
0.16052504639635146,3.0902467552541837,0.35490085976511604,0.25638158804868594,0.05531040502327307,-
9.893584924604093,9.281427068650386,3.624334978997666,2.6748588449245805,0.3136042834224462,+
10.0,10.0,0.9017768247627608,0.41504972699499454,0.6217874121175202,-
6.184821622428344,9.885931859001243,0.7167327036588012,9.822944722241786,1.6122330810717744,+
5.4876835536358435,10.0,0.45371425470156307,7.858574700121445,2.9471380402965024,-
9.878870725249527,6.414598628750895,1.9990281380226238,7.4597452068763035,4.04406784835129,+
10.0,10.0,3.2400067358391755,4.689554674239505,4.639304658774696,-
