7.011361910033046,1.1353920143353313,3.3478738345816152,2.1075498216918165,1.555317762042756,+
3.313920491565387,1.083151647554166,1.5699564498039285,1.5754894098192365,0.8650327369877718,-
1.3699488623271416,0.5747236704336545,5.1410278997749,4.540250438559259,0.5220756639545288,-
1.3067795365249089,0.04856210835806802,0.03446877426489044,4.189082930041027,1.0236540560909453,+
7.474451973446058,2.8219367995702793,5.725463185539896,2.128226600433422,7.396327229135629,-
4.339538632797738,1.1631811559884078,3.6078982549393634,1.9217681043747807,8.270348537300311,+
8.477560203912391,2.258337876397609,5.754468327880451,2.0873451188900747,6.058604665802624,+
3.5213093501728387,0.6583921885063848,3.1890649953472514,0.14834475809773512,3.6390182494150913,-
7.9747059520088515,3.9089759490307516,0.846475740396907,1.56266533728883,6.377053232251266,-
10.0,6.9456360852607375,0.8048722678442504,2.647868239168235,1.7992322890293255,+
6.604783197948513,5.931937674157444,2.314764903484674,0.5347123489629813,8.413878348300514,-
7.034154967995434,8.381625964845686,3.1449359949215796,0.7641868650641631,9.924588042070106,+
9.01363856039665,1.3775838473936963,8.361505407072052,1.296118361084455,5.514361875351756,+
1.185737873553475,1.4311324225632684,1.573846599207374,1.951064692820618,4.710760117206866,-
6.23273062751584,6.443100967750879,7.843941100949568,4.363835796052876,8.852245214451658,-
10.0,7.81167088194755,10.0,7.908227597789141,9.91933911616452,+
1.7996575298234374,0.17343573139217638,6.410095771281093,5.490644347557556,5.8914397009916675,-
0.9517657272613049,0.18014840539400703,10.0,1.2379565069477838,10.0,+
7.260016420044526,0.34391633936288857,7.89747122624963,3.0186804527209707,4.846858972623458,+
8.518788158050416,0.5157714265003724,9.603508512139364,1.0183059238815382,8.425621186801145,-
7.235805532896498,9.723061642298584,0.23532282003992822,5.37855093495624,1.3851743260201654,+
10.0,1.338574459594725,0.43534358758782016,4.296131035582686,1.6277722352595312,-
3.5927633118303373,9.62835966004807,7.404942427093323,9.44688236375052,7.7295858060936204,+
5.696635488755327,0.7016324577114639,10.0,10.0,8.464741188801831,-
9.651544708171297,1.263340937894547,8.484088898849544,3.6809033766652712,1.579243655025816,+
1.9542837666625705,0.2754168094027062,2.393053897957473,1.6475214733020875,0.7241613971253458,-
3.425921912616745,1.847552603084377,2.9950989874699827,5.1096084340719194,1.520637971861608,+
2.848938388749243,0.8648211536654004,0.3291570279683875,2.3718139999099095,0.04447822304121767,-
4.732753027703309,0.321716906922761,3.8824320921260513,0.43078298621702205,7.3969095446791275,+
3.174971326674987,0.06081336880757183,0.6855988258802508,0.015646762541786964,1.4340905279646323,-
7.290809237535379,3.8258601161803716,8.106557402198039,8.35220727284457,4.126742320455873,+
4.1255442059583745,0.6318344417368574,10.0,9.686404534616793,3.0661535206812225,-
6.1173204387348425,6.548493068505545,0.32468081723587394,4.451580968552826,3.309892275241465,-
6.936871382817133,10.0,0.5737132325074601,7.602571320001449,5.616844950477783,+
7.588088614371999,6.672250753713089,3.8449927449844514,8.306563912043378,0.538830263853709,-
10.0,8.68512286764468,4.198447515106268,8.84900860424057,0.6502327387913535,+
8.731920108424607,1.4420375417830111,8.546651600802962,6.882726231187495,8.881814590669313,-
6.586287225810783,2.4232453780270244,10.0,0.6269540889081647,10.0,+
7.691297115613499,4.730109988400876,9.420345276668549,8.47777809624137,5.9048039154766405,+
4.048359848257779,8.798283079197825,7.724684257450529,7.364162935759987,8.088200260011927,-
8.301581582729286,9.19387691284474,4.941750105968446,9.224259230166926,2.1292615580514807,-
10.0,2.717012201556154,9.60485911591418,1.2456513200946446,3.5776150285398343,+
1.3267062885154857,8.968647149338015,1.7493615889852077,8.93617806248012,5.698414941553921,-
1.3779120003588294,10.0,2.493600861324769,10.0,10.0,+
5.410034242455874,4.156283420482044,4.651158106932302,2.0200955326632544,5.963161020075487,+
8.800864575972707,2.255035537369726,7.736597206396344,3.578797019296847,7.920497983415488,-
9.132390550297373,1.7796966215755317,1.7398279331965638,4.3515766901178825,9.91221586928585,+
7.6399338091517555,2.1596101198939923,0.7041462266015475,2.753277323156429,10.0,-
0.2536133283507558,9.873551837552979,2.640361646613063,0.9177752615726986,4.476638810868749,-
0.40341209154645014,6.57414076235316,0.11141397128853033,0.025816940029542188,0.0684349449567676,+
0.7075125169142227,6.092694905662102,2.1636034128684645,3.8828421678651424,0.3953078224301021,-
0.23192640753642496,7.252243819291463,3.5121066628499684,2.1333341497741642,0.6525811283083681,+
1.702322781207939,5.535998628212177,3.8866908030380296,2.500118153661747,9.02218064416253,+
2.9558792650157306,10.0,2.7838564875496616,4.512290173041495,10.0,-
3.9724592470659212,1.190748901005807,9.66832450030114,9.940425344297612,1.9778110814289507,+
0.3114838994334894,0.9530678011114071,1.9130792125059228,1.5489555685886363,0.732807713549415,-
5.336272888415773,0.21568353993452805,8.481034028165165,0.42981798283683426,0.6113555064321063,+
4.7580626158837624,0.25846757858688535,5.480610489984544,0.4934404409412332,0.47952889585710884,-
1.785664060030946,9.533199662215448,8.323764801718497,3.176213737822031,1.3292427055134526,-
2.9974545428381756,10.0,10.0,4.35029132054199,1.6911400662049223,+
1.568133316365462,1.5308260075399183,3.629019914581919,1.8031194500593473,2.8286130973930677,+
1.382358649083023,2.069039505456236,0.6997946267442384,1.575634584205647,3.2732022918966,-
5.565990508549847,6.893803314023314,8.929673213673388,0.6421238366389947,0.08459089230156591,+
0.30138876652853813,3.1532190693533315,3.380835781036272,0.9783737672126721,0.08650051189971127,-
8.2712077461779,9.328492041611453,2.34319108901572,4.194888784811365,1.4133744843367257,+
3.5455768084220507,0.6209443962817625,4.100181715301383,2.8265537603514614,2.517007947260575,-
4.307699152731682,8.108155594901941,1.6127157161680339,0.6831654167662982,5.187123176402936,-
6.847840433897213,10.0,1.6578267349953257,0.44300507538212897,0.21853010758341215,+
9.234641194007313,6.173686542688094,9.05771301928573,6.047367275126586,1.913864305792774,-
10.0,10.0,9.539608955626873,10.0,3.0141456199191308,+
8.762866493242695,0.3371256149349655,8.517641627787501,0.7593321318412549,0.5026672285829137,-
10.0,0.49754420262963756,9.268776222560378,1.042124602403917,0.9683933006230032,+
5.154607614748768,2.8833588391889875,2.109852359807719,1.2259164408599665,2.5757358141242745,+
8.6950314431521,0.30950033006997074,4.002640682404074,2.2270559773471077,4.433894666691788,-
7.842250336209706,8.7878334990379,7.667557439039222,3.7671611569801833,3.486285597272424,-
0.054358213440320026,10.0,10.0,1.3005502100138586,6.467713143259434,+
1.9577162198639997,8.583640075282807,3.103703502178904,7.348934655468079,5.139289494180205,-
0.4417637461327957,4.242948873916928,4.996167299813746,4.209910948856589,4.785932527361815,+
4.450582960613048,3.5624073126120024,7.197715107830604,2.2142437589806416,0.2797132476408126,-
7.250473485554453,1.9432099593583194,2.035514061917876,2.8094639320584687,0.5492601888441202,+
4.902860274374899,3.3526885544852023,4.744085763264153,6.784818912726039,6.737076256650351,+
8.295416197846883,3.102680930998482,7.950533835359474,4.448824318748237,3.225399198487131,-
5.356336110494055,8.62699645006942,5.453879915936816,2.50777782248488,2.6685847648436853,+
8.477486233660247,6.550369976671081,9.6051868942818,0.2663775373032553,1.5259955237944827,-
2.128138305035132,4.344940350095357,6.85686050721292,2.5234421142661825,5.637772178209273,-
3.442582596150387,3.3815162999868433,3.6151036225603783,2.1000171312843356,1.8531813104464698,+
7.763122874150131,8.650330924877816,3.3906513825292217,3.77025028557886,4.448638999853594,-
9.268060465099836,3.193568464663623,4.562151921829198,2.2025296520868918,6.830708676126999,+
1.9466684337927065,4.988532488377782,5.934270912874521,1.8593697356621952,0.6737823733149162,-
3.5880564318403634,6.9892232277986475,9.906163253768321,3.246096508532976,0.9635625874644647,+
6.396838998321373,9.406135374675555,7.869577110356953,4.6973698612379655,7.669408073850863,+
8.199630676736833,10.0,9.211585909850275,4.987504469384617,2.6096772852210335,-
1.2577976497113452,4.752577085290049,5.2671957327218,1.9025886997445185,4.543274008170029,+
2.1645698200901933,1.463652919971376,4.647016972859471,0.18980908370293897,7.813591000154537,-
2.69131749231196,1.8672769825032554,0.41731359783920396,3.232965709879896,9.908789638034335,-
0.26385926419010436,0.8898697834173034,0.3972450797232768,0.746257745074774,10.0,+
4.325421474652018,9.61793047426237,8.970678196220355,8.556764549510005,0.02286252148441248,-
1.7058740115075377,10.0,10.0,10.0,0.01910561618175862,+
9.21782731165801,5.8590387156928845,7.804179219506465,2.2301260105359044,1.902689435002266,-
1.9388331515555923,0.6110592349573221,4.694930321775597,2.4093171943628118,0.1684994778652045,+
2.1210857216007506,2.1652371854732833,4.717506377361151,4.370938812649181,7.863716405061226,+
3.6178047554146473,0.6180685165891461,9.390696617047288,4.276733404240598,1.0029859176437623,-
1.014066772358041,8.492030284718762,6.064161297337922,1.4730683162000735,0.6804917328386895,-
0.10865046076136194,8.185750748239112,7.879573626069006,0.7063989597372463,0.3445673861766599,+
5.229887592167966,4.375304089408734,5.230568899437596,7.40573762595421,6.8542990561356545,+
1.837526724723519,0.1660788980378817,2.814248720741255,6.66976336434063,3.3488669488014686,-
6.1770088701753965,9.39605812502788,9.476263168126858,2.686243885186186,8.253350343901877,+
9.636345011461168,1.9736917239216394,10.0,1.8004837691996303,0.4107716989040175,-
2.4809882251058157,2.2608017435425376,4.596928314572172,0.3735104475941198,1.2512990805592983,-
4.799014245995082,1.0564877583471601,6.538122461358739,0.11572803157975833,2.272198293147343,+
6.953572398521475,0.5459571106664418,1.465516381991142,8.457930790414066,0.8647981396736104,+
10.0,0.6655818965461238,1.5134840881860676,8.879645264223337,0.32610619558298753,-
2.864278219807881,5.717789621251081,1.1968537501968401,7.337537148030227,3.8639682119770216,+
4.966997066930409,6.453391912081575,1.091925480334485,10.0,4.3795004840324605,-
4.383228031000897,1.35416799536334,9.677349340150437,1.818832202004791,5.012114739420433,-
7.495180104308384,2.1187721857964097,10.0,2.2908772730639617,9.646871383941,+
0.9520549543475998,0.04668792833776192,7.273399772410938,4.721994976275874,3.8442137004329546,-
1.7172310716061612,0.0927149336283384,10.0,8.192386972224638,4.045542861674893,+
5.781013786561146,8.780536407628146,8.157179583312548,2.998087316872656,6.36213584390367,-
3.9118473596956385,9.66686945409094,10.0,3.323872297136818,3.4857795005959797,+
4.911966224772954,7.816517437831956,4.4829185283489785,5.2818485723626205,3.1166254203433175,+
1.6584876043731975,5.104501540574607,1.713213561810485,9.275294784247931,5.5319937235992445,-
7.951496252698807,3.5638505493458004,5.540953489115902,5.812337615297767,3.947823410791229,+
10.0,2.4943775798021646,2.102410136530877,6.09699825784188,3.6592183406545153,-
1.5541846950542548,1.452584080664504,3.705418690243687,0.408693978926169,1.5003249770023774,-
1.8374327090898668,2.6282224881660725,6.399044182285531,0.556382623412257,1.6524817426192933,+
6.345124008646247,9.209642388576484,9.43805009622262,1.9740151647301674,7.797960042288091,+
6.343860404698066,7.634038954295338,0.015058578765853425,1.4775085590468398,5.5609114595972144,-
8.513498374131899,9.206744836872815,6.984021173314471,6.3638203296672335,4.076684148141107,-
10.0,10.0,7.485943530516597,7.130214877470235,5.519892639103319,+
2.22937415579299,7.070494036888925,9.85697851650768,2.300450405421083,3.5697645221636964,-
1.4793397606071443,9.406909110298995,10.0,2.9740718442592238,2.9086723870848483,+
4.876909230497541,3.8499866074272617,0.03748396161809775,6.352275266014342,0.10480415307190794,+
5.7605035670779,0.1291134188515745,0.06727293335606217,6.982774852109133,0.19793468566365183,-
0.19784294006073067,0.015455289672354766,0.47383124766807616,2.1227061049984353,5.661701912042918,+
0.1909059852867841,0.0012713192082708061,0.3174212886121343,0.7204826511907346,3.170584613368756,-
7.026273946246253,2.9128914158592334,1.123513928356803,7.9923031725196205,9.96093930233821,-
10.0,0.7072891884423963,1.3244966243328145,10.0,2.8501984504150286,+
3.50958952416062,2.7080095961038064,4.881702804424599,0.29172327524319974,6.576990332077792,-
6.356566158660958,3.712033349968171,5.109401471005523,0.3788118042441865,10.0,+
0.6130871055955922,0.7771696513824256,7.707748869383636,2.1097421169450192,9.679655478882683,+
0.7353077085833589,0.4901248244064569,10.0,3.767366834772808,10.0,-
5.546606507706743,5.082242531847988,8.169651122355063,7.611017778149832,7.9042913090151155,+
2.2118173428598618,8.551017576385306,8.05680937178819,9.721921578712449,1.9534255278205426,-
5.729329103733821,9.867877387112777,0.8041941489170501,7.617625206739795,8.555928129939696,-
4.7695996346976886,9.303244213296184,1.3399437172360646,10.0,10.0,+
6.490990896947347,3.276669732256651,4.549840287555958,1.6245279572646132,0.7797138555175342,-
4.359889925130685,4.635001379419383,3.1337303733299735,1.4060683358031414,0.4906192225622306,+
7.930046379713692,4.301108638279363,0.5348941362052884,0.16107246448770374,2.6980518764420225,+
6.6859599568970065,3.8100478141931466,0.10491766537346259,0.12598993367721092,2.525307804597348,-
6.614020871671502,4.544495268223416,6.005000824578261,7.558157852352425,3.219201922888354,-
2.2175457589087633,2.9652725902928063,0.08055288569118037,10.0,1.781106064449346,+
0.30216018752773466,9.840757803870245,5.38216434856368,8.830880604128643,0.252362807570653,-
0.3349455610024947,10.0,0.4495820958329826,8.229018093541375,0.2771413076764737,+
1.7861904748230162,8.721434853777598,7.792341144712241,3.992168511516118,0.9483596064808952,-
1.3281532885718264,10.0,5.277107721294846,3.5933510222751015,0.4522135984451648,+
0.4807253605306494,5.929982862219379,8.121270597326678,4.136313149297456,5.750706689114965,+
0.02175165534333753,1.9369366108244503,1.455674432423276,2.251652226811645,0.5225097709407269,-
3.0198106945006344,5.224247394172622,4.659373893072855,8.120289961317264,3.9224568973596066,+
2.819052368476552,8.858395475998186,5.730576449214292,10.0,7.7699259660071185,-
0.4457097090222706,4.6916192342922445,8.151278488111194,5.70054960584777,6.237641706788976,+
0.02224453263191148,0.7652052750703623,3.377975565316956,3.996358229994517,4.633248834898004,-
8.960461948602385,0.06550394909460189,0.44499489844277096,7.95869575963231,1.7669189037598132,-
10.0,0.033165357129358836,0.29381393103163134,10.0,2.625658093425153,+
0.5259795597186245,5.0364249368178085,5.488565098301575,1.7608865975581944,4.834038471717504,-
0.2225695788547949,2.1095410037981446,2.0381481539725343,0.6135227930155718,9.207318669606435,+
9.512071817077853,0.779475206622281,9.223691128124237,8.660313278979089,9.701009535095512,-
10.0,1.4123397614410236,10.0,10.0,10.0,+
1.186842444394467,5.487321215905555,8.332704437006026,5.679075332911595,6.086722918265524,+
2.1849851071310953,8.680411625906345,10.0,4.463084628517284,8.148183394592078,-
1.085373965551284,0.8330237248599515,4.351155491362238,6.646158433793035,8.905679722534007,+
0.7668001057162334,0.07683103204732206,3.3416027722728763,4.512926668465864,7.361545770521693,-
5.720398408412671,4.285981811691406,1.5553915742116498,7.578145080281358,8.612649382725333,+
7.910083530244671,4.699221738605805,1.2135964674868263,10.0,10.0,-
2.975890095397408,1.4976449437956774,2.4009893375661227,1.9415545909958165,2.993730546632214,+
5.86255732761788,0.5172839281889349,0.928934836587213,3.5401108082576465,2.604502441079412,-
1.5484044960460108,9.428469344256802,1.2009893645419034,3.0571018270523007,0.8605385299578305,-
2.9904105061536814,10.0,1.7788420998616417,1.6091049144305194,0.029081828392887213,+
7.38998462516053,4.740492578436718,2.8149903339253033,0.4619339327333394,6.529190495741503,-
5.6025111220968355,8.179655742134477,3.6093596020665286,0.7677158412097044,6.056796340849015,+
3.5967816156558086,3.419664029783527,8.60179095624257,3.7136355618194425,5.06952631042685,+
7.136840459846196,6.108749442230133,1.4923751915447245,3.5160146719423415,3.496986996383171,-
9.605836158331948,9.150331326850555,4.330864785858724,7.16464050688804,3.8779214537881748,+
10.0,2.576422900353348,6.981810751692561,4.576002091832542,0.6662398654356989,-
6.042662601887886,5.200278232196835,5.125421266115536,1.8306824176947656,4.281728339188938,-
3.2068716070836483,8.999370850998309,7.058436443766353,0.5915222372718172,8.052699275789427,+
0.20123480436978536,8.652088198789837,2.5926759017694954,4.823475523382038,5.745646518543829,+
0.19702729927515567,1.5966399421786666,1.2912164219466704,2.1363663615484083,1.472242845902717,-
2.083910094208669,7.379616661863299,1.2762116162037318,6.430911433449269,3.305370784518069,+
0.2132035782944009,10.0,2.300655895318847,7.528488061716448,5.181231491735868,-
5.247879103265395,2.4544617098323,5.025962107339819,0.3585781904730845,1.5271221769686605,-
4.158746531479136,2.0702748869355423,9.20756578630135,0.29913241355056663,0.5552772453826772,+
4.305476363624052,4.4767992651270285,7.77747977204983,3.5988686997506014,1.1645509346270166,-
2.325624201118024,7.902757991438992,4.2567953703273265,1.326284472558073,0.8656205252453184,+
1.1282765046929444,9.301699495943632,6.271231673904296,4.175207298638953,7.8078534784989,+
1.3049656586376894,10.0,7.814143747088845,6.974265290558608,1.9663336727372485,-
5.690841612237916,6.458275674739497,2.7377619548010546,9.22378908614684,1.7462119897874895,+
5.638856835274136,5.479549712021276,2.5385221804767646,3.7892872235147874,0.9757207090993265,-
2.076816509160262,5.371234011422684,0.15373334259747296,1.966417459501666,3.3526551167056096,+
0.5096132859359463,3.7457951857430345,0.017490333658732544,0.450381375160266,3.2925584251947995,-
9.152171028190429,8.69043040606026,8.004250349786053,2.6593137260762,4.035576440318046,+
10.0,9.458352909803994,10.0,3.115400617890017,2.6021454671473854,-
2.3838206315268584,2.082738678147077,0.08986340648151403,3.3085888743946934,9.248086393821863,+
3.0795030334831184,4.072528339903383,0.12833965048325718,6.256553292025684,0.9828096185481136,-
4.505213782317691,5.197931562219375,8.390398882953768,6.24843003570117,9.065709089791238,-
3.3651743532442504,0.15859210007379912,9.49042561967726,0.5908814007464812,3.7993384145023312,+
4.788246689608283,7.0174321345025295,9.297041732072804,6.288180308484169,6.733103383003225,-
4.031763554426684,3.991795019210689,8.330522663073578,6.616356044850015,3.9880369842179326,+
0.8028938221151183,7.4055893070619945,4.303272454781161,0.0176710617163367,8.005561490045775,+
0.3202779686072032,7.247521690346083,4.116576763461585,0.011805233181503273,1.0115459763092254,-
2.8231863821941285,6.12846414297174,4.009065612274025,0.20159794735548298,0.8458551007774207,-
3.1116516063870385,2.3937481287535847,1.2912087020638328,0.22762377141580842,0.9147973062018555,+
2.780084521346484,6.143707443069125,8.36451733546564,7.6896297136146865,4.502229226048652,+
2.382517394563187,8.448159506839103,9.87763649099576,10.0,5.915677308045145,-
3.3788349329874787,2.1934207516432194,8.085046129555943,5.373391330012324,3.7148049052992382,+
4.124865377734788,0.41167169869041725,10.0,6.642975216399484,4.443555645443347,-
6.438720782458308,4.710696187742266,9.72864933714311,9.021556525521952,7.859270240057159,-
5.179936662760271,7.097087451689356,10.0,10.0,1.0572125036277669,+
8.511025400780111,5.685595020609474,8.112651605304595,4.557933443257159,6.029209192928798,+
7.4268935031668555,1.693452193001039,4.138802463486368,0.7772976237886545,4.444230159138421,-
6.980342724304231,5.048287119371047,1.706823622260114,8.423493770918908,0.662419841425872,-
10.0,3.9504858600541177,1.4007585902900999,3.9838594243645438,0.19592322731449213,+
2.438646192996176,9.042726145896268,1.3595121459079174,0.8414357317772214,0.5628400712064852,+
3.39525626734704,10.0,2.0981287861287483,1.1102387685230628,0.46068502591864346,-
3.5021583642184106,4.219902753252283,2.202911309856541,1.450809801592725,8.961979197102334,+
1.4811582838400499,0.5391171921428465,0.1272229956400517,0.6595089449201994,6.724386608653576,-
7.518282588208902,0.599816081642156,9.79965983789319,1.9416265520851672,5.819822291413561,-
10.0,0.3666532834634282,5.083944678218926,0.1683801761835367,2.1549639554536926,+
5.028626458469207,9.362409885279101,1.2333489388222063,7.19478293173929,3.8623046546736637,-
0.7273536898200532,8.844481209003087,1.172048239075687,6.695227208809122,6.8327740770173,+
3.496438734387479,1.8653048231669656,1.4113282598090782,3.438379332509397,2.7765441222613187,+
2.7420873785674797,3.6825269789961803,1.2061265049512844,2.366696910205978,5.397112465478714,-
6.89632864503592,1.3906781059022821,1.9063881711623032,9.706634082141667,9.769875592980803,+
6.553139079784209,0.5046034435007237,0.7420847792812006,0.31367097413005496,2.409027504033318,-
5.365884518501684,5.920517545435624,4.040650546893375,8.249714891503647,2.7471772470129063,+
0.6261838761172301,2.8600686341062604,0.7811372281513531,2.5220559552810156,1.562399525724477,-
6.181510922640393,3.2389001889122637,7.68382981932702,1.7374726307843325,4.855167105554679,-
6.648429511703329,4.2466380039326435,10.0,3.448500560299868,9.688626308390749,+
8.042998993595937,3.9532209533432217,3.32803694970735,2.553538535310195,4.377589688282971,+
8.839878386445518,0.6744975384952371,3.801556338784104,3.8961286898712615,8.058247230247487,-
5.872458520672704,7.417661532275833,2.617883535465867,3.6366368334324006,1.0911041740241423,+
10.0,10.0,0.011583134020748129,5.477831641126381,1.3720044837039593,-
9.752589863998603,2.721207488707562,1.1647699264864098,5.843023681089242,3.867549200852457,-
10.0,4.282524663794541,1.4216252899507371,10.0,3.985171786211306,+
0.38699393442906627,3.335211831152214,4.273258954824939,5.511262814157334,4.892673968568713,-
0.3326436827004989,1.7781470454349753,5.032886620233277,4.568841922871243,2.2790841308258583,+
6.440252427802137,5.601361122813476,9.409691852573514,6.0652305173820125,7.4897453842997415,+
3.3514092613155473,7.965243500535652,10.0,6.382009012675781,10.0,-
7.550387070847345,2.5463531041046994,4.703134024671587,1.8164944554170304,6.220387501325957,-
1.825012947716831,1.7847939785344316,6.726810630141266,0.3432765534812854,4.73217332781774,+
2.385114574999415,3.39414727396525,4.239128144146695,6.087358224375091,2.949795821004585,+
0.2465100147058799,2.6853620116235395,2.000517659433444,1.9580446238803415,0.12990656213191482,-
9.506866314021803,6.440931305900954,6.9042970216458155,0.34979393211559295,0.5279024887688022,+
3.2151250483254863,6.357437465503011,3.706928376262854,0.13599709610054028,0.26044927445247734,-
4.738672592727147,8.706983972321403,1.2888005422117499,2.77503877964006,2.98565052157067,+
7.323948893491561,6.351013732294221,1.5388558319862082,4.48047575158563,3.4594041591606746,-
2.439389211418664,2.5215399524928794,9.090049346841067,0.23247963358903778,7.619144869012677,-
4.152900564740051,1.0373570152234963,9.700540139354166,0.18530505950155607,7.839592414114067,+
0.926519483604058,5.551778248875099,9.977869018808338,3.1513973439569822,1.033569188668394,+
0.40761309569127746,4.680922953963585,8.225875753442986,2.2599479747175173,0.7978685226878536,-
5.861262995806147,5.663623562949133,7.453857322733766,8.357127535183052,5.561670927536189,+
10.0,4.457113593729552,6.638606872772504,10.0,5.43323004137272,-
6.030364790845697,9.035411209711006,1.2671744827318132,7.132491879066913,6.629841445054586,-
8.51896469527429,10.0,1.7128929649196185,7.795377719567856,7.155920584019666,+
1.0786926088838966,0.43981693600774974,8.532011152497459,8.512802435490158,5.489579881041743,+
0.8458463387711442,0.8273093282963883,1.4573296796632969,3.5161439060271333,8.463001313691246,-
8.496418845609186,4.687065180690092,6.325707154986647,7.2450529992088155,2.455154409555985,-
10.0,4.77076511168321,8.164517696029515,7.879702385830621,4.430744624412977,+
2.025559859072393,1.9112927443033956,7.051106548412811,4.572494743346471,0.16121010661902524,-
0.8052948975921878,1.5256949299609122,10.0,2.274610574770369,0.15455074403991614,+
6.134178190073007,9.2617905993634,4.992595431299085,3.7086575049064674,1.1256402040037905,+
4.192660507176598,10.0,2.2808663020634508,3.4978550912595585,2.009120850394091,-
3.8175526117648593,8.610232988596472,1.0149266401430834,6.302869408761987,4.077248852237332,-
1.5485802964307542,10.0,1.4299709587474476,10.0,1.086855708211374,+
4.962301211885972,9.146380178456038,2.7455687164393683,1.6884853976965752,1.5857509675608361,+
8.599288610130992,10.0,5.0362691173522585,2.439502394887894,1.1963467325187662,-
3.2608622418882263,6.707570094739813,3.61664146973712,4.566856779519184,6.098262557282938,+
4.497481839810868,9.404807144818173,7.0284763462565065,4.034842990788111,8.143175535802657,-
6.006500700648591,6.715903175916615,8.847410841655082,2.0640330640345663,4.6203489300307075,-
2.4559915150219047,10.0,2.1475364514006166,3.262145715837083,6.347921766652861,+
5.459244203522347,1.1274428262457847,9.438606452238162,3.581398445890176,0.9028844207256037,-
7.955713927138171,0.6788830971804014,10.0,1.2938938874961696,1.5726559012878785,+
8.210475957042119,0.5225819594734327,2.5662019625563937,6.931151895010163,3.00815533536949,-
2.994552023052118,0.012901072274017813,2.830081935232813,10.0,3.633168820359101,+
2.0348954981387477,5.857600752307336,8.993264006284136,4.926664076803908,8.7508552460992,+
3.8682456796394518,10.0,10.0,3.9457729687366085,10.0,-
6.155038473649338,5.499986698508143,4.413676529636737,3.202382131184731,1.612825209786486,-
6.176344836780418,7.79249880644784,6.361890383084447,4.737890825622261,1.8938122827353654,+
6.955480508772025,9.464782912975746,4.106481000301475,7.050366238991467,3.8728498802581757,+
2.7137109196700466,2.357077413498414,0.6987400575424496,2.6399726235522483,1.4063573563016034,-
3.2724399177850785,4.799505008721058,9.433259824984932,9.901541928802652,1.7086283291372695,+
3.0083569206835423,2.4964206396841266,5.479661093449832,0.6963019417927531,1.1736926216596602,-
2.953096717762942,1.0720597796899056,1.0114798113475831,1.112848981007012,4.59321269115423,+
4.737404907502323,1.1436596969910657,1.4981479494153673,1.3758547399538492,3.401904461705704,-
5.92082479806926,4.918416613921393,3.207873846742025,9.778144770105937,3.508311558482645,-
10.0,6.731970044119066,3.3625741489035272,10.0,5.83523236524015,+
9.036055019366975,8.396233024491506,7.582932616139316,8.737718081337462,6.391280824090559,-
9.176251703214419,1.4981032395292406,10.0,3.6367175319347687,6.835638102070201,+
2.6290028428191636,7.485318215282788,6.152937844300753,3.8633398650402286,7.649537284875288,+
5.11936314661409,5.449019301867502,10.0,7.147987101031908,10.0,-
5.989438880577644,9.613185078870735,1.300655863297997,9.876333162156877,8.016697516643918,+
0.8519454500435627,10.0,2.249380783137484,10.0,10.0,-
0.8588228096981876,7.456910506887715,1.9733654183524296,3.3140620436470405,1.0011744717052817,+
1.2809790917189552,7.69723669080878,1.6987964958545367,2.9975527490060965,0.0773459562519069,-
4.5650130153628155,1.3978590957744252,3.532557346147179,2.069409188472356,1.9051975843578717,+
1.9473157528653813,2.6077731296594764,3.0453698653790533,0.4960564177989512,3.3827856563540943,-
7.049957162466614,3.6017703474236686,8.26804471185746,9.604383309144382,8.575429510067353,-
10.0,1.1597099985565624,10.0,2.3327913683234014,10.0,+
4.105765394471583,9.844690557980709,6.991699462352726,1.5474457374864725,4.382941428167487,-
7.215269682510504,10.0,3.9273783799337316,2.4757924611321562,4.199632580849007,+
1.2241154640642482,6.864407255198232,1.843902533553654,2.2018831280690554,8.551371464494146,+
0.07216449474785806,6.124834410514722,1.7601577551215806,1.2589705552785733,3.6782918842476326,-
9.75148063026351,0.30468818053233315,8.715647775846593,4.484944666571607,0.06332657838196698,+
10.0,0.3958349047347296,0.19355756646588282,8.310902961420311,0.0657973593843836,-
3.198585633111267,6.554681887669843,9.249712387021642,0.6107416059747883,0.03538120324016791,-
4.684129992938779,10.0,10.0,0.8287156702139827,0.04079906268706606,+
2.0774449384797755,3.8339675451111557,4.9065484336944545,5.447374447556457,7.4288514369280225,-
0.10131647822064199,3.9436584781739423,5.74655974579417,6.653625074413179,2.8073435439220824,+
5.839739059216797,9.456318050593046,0.7670952864519109,7.687250673514603,5.828289844144223,-
9.720546531149738,10.0,1.2154836386355456,10.0,8.070613646864256,+
3.0925564013859095,1.307907809123291,6.650423980917743,8.263849443641094,6.839712221293644,-
5.493782518464031,0.13368380601357707,7.129377099324475,7.058699108703955,8.728636822514682,+
9.315362433458438,0.3535272970700598,7.734305734682851,8.608262215845198,8.237435760177629,-
6.998921108035009,0.3848888343398389,10.0,10.0,6.935628798776624,+
4.616992630297094,5.151565578634942,6.273628162496934,2.7119894290727418,1.8994441885210223,+
2.0939609293784462,5.957444395298834,4.320719082001346,0.017055409126694277,3.3753440188989217,-
2.533324312928824,7.368310000602523,8.289151225929988,8.998257268348862,4.834827974850277,-
4.977065257745208,8.46530985507594,10.0,10.0,6.636628195533408,+
7.9471578500805915,7.34824365900582,1.1016638755854546,0.5673847465628468,4.187034694750592,-
10.0,4.483306169984611,0.20776273980917703,0.4105280961148555,2.483711944772628,+
2.865091932102973,5.7135480883444,9.198202830691374,8.659946082261126,3.305447807234505,-
4.675209462216926,8.896471241626868,10.0,10.0,4.4542472483769275,+
0.5138894983538944,8.913607692878251,7.153614597150046,5.060241944881536,1.21134106395142,+
0.38989909229511277,5.32824967462586,10.0,8.84000481756966,0.07670432302100641,-
2.489247544462758,7.169637508903497,5.7254322903293975,0.440154736476176,0.351863521129242,+
0.6180289513399286,0.9314190502768175,10.0,0.6216264094681594,0.2738296280035325,-
1.7224457529438364,1.2705139228205597,3.8304667117374547,8.240877780623183,3.7401405622550374,-
2.233199451772294,1.2726057473118337,6.342110168725305,10.0,4.2004626807865355,+
3.5345508441327587,3.0854705567629015,5.324337292566293,6.207533518441632,1.7410810053360937,+
2.60657362864704,5.74448059753029,4.145504248866767,1.047966165687539,2.1056212492249573,-
8.16377471117413,8.596623614921604,6.687199008801911,8.462026933905967,1.8653034138875968,+
1.3553512193877637,2.4301248481648687,10.0,0.6535033145290551,3.7237293702606293,-
5.767522448487354,1.4217702769340668,2.136983520670751,0.7224412541026914,3.6377709634732316,-
4.442052637607971,0.062269517801659756,0.6639734479624161,0.7039039099611628,4.522369312342703,+
7.808517059384215,5.073073739477648,4.250652044360312,5.819854804659728,0.7250662180215783,+
4.656182806251218,0.029282149977600678,0.24929852982458708,1.5468747155828324,0.1830253013061846,-
8.85382753796878,0.13620609977906373,9.098555385988545,7.920474295895609,0.21625689036962492,+
9.812934567061694,0.10080898200770694,10.0,10.0,0.4229593050950211,-
4.227303278065281,8.268145655200353,5.634619345608071,0.14432025769108958,7.609209426983053,-
5.714405556472126,10.0,5.7672829955950595,0.23429248881157813,9.050671492913887,+
7.594492506014583,3.6580378591755647,3.024588141008444,1.2135814172421366,6.715567863788387,+
10.0,6.3428163962044515,2.334951801619057,1.3750654284163701,8.713575233146383,-
1.238821575493626,3.7791161356277083,7.300622102213762,8.857642810552697,9.374425597294456,+
0.38193758018027696,0.24596093387912948,1.688206087644375,1.1675407325005938,2.064843017337195,-
6.559653378880304,1.3786404981542477,3.028728087212207,2.8861932721646335,0.6474604368056724,-
10.0,2.2888138674370615,3.604251569784534,4.688820766671631,1.080344581559874,+
7.532557771389681,5.063265181114006,1.60403905752048,9.654060748769647,0.007253999082181828,+
9.609238151939474,2.835840327641347,2.51590926004598,6.320424545108455,0.0045298982715585474,-
9.469598776675006,7.324387221129715,3.453559889354648,3.4088472244917756,8.018910501226827,+
10.0,10.0,1.8693366299587695,4.096025254413902,10.0,-
4.179732168763213,6.048378513406529,6.19053778831256,8.564629510877552,0.6393846524266633,-
3.307439661364111,2.4236869883919034,4.285269985191093,0.7943091803276228,0.9622476015187281,+
0.49823342854604324,8.70253134426259,6.701012135584577,8.068303415585834,3.488040271595576,+
0.5067613694371186,5.973651130570038,10.0,10.0,4.6948703315529965,-
1.6277200363865385,3.5121111863995216,8.31054967034008,3.99620765217466,3.661395856785532,-
3.0831122175412684,5.404203943899949,10.0,6.962306538015097,6.772206128768667,+
2.5921579785304294,4.35283392411659,7.6580303166335035,3.05494318760576,4.020611928130164,+
0.20891475524939665,3.731341873483061,5.699015756749254,0.33012617626709406,2.5288685796925274,-
0.7315216083159981,8.501086771142072,2.891336075174187,4.851628018220939,1.1064536473554543,-
0.7347932658076676,10.0,4.87286905961775,7.463397206545903,1.9288102226215176,+
6.385174846867594,2.227447224872611,8.551689735133056,4.497450707327686,1.1411765607210511,-
6.900830277459816,2.7925383319096944,10.0,7.582984776892882,1.6538605903722268,+
3.4115785115816086,1.8461049648174244,0.9784362959578841,8.079761425759443,1.4296946159697366,+
0.9732641841234748,0.12153920594442913,0.47828584119443845,5.449568713273471,1.3179432937794466,-
7.1512402371134876,6.030086875517339,5.88349481198318,4.521485327473021,9.623183828069791,-
10.0,10.0,8.508153533158236,3.8859389747773925,0.297986645572735,+
4.926472506108679,2.9839867884492377,1.1618781937354616,1.4157475924206042,6.90565461865583,-
7.6115569437176225,2.976547550642783,1.1190235422759993,2.5154176777595527,10.0,+
7.417596231949469,6.132431204235546,5.478245500062291,7.868483538651444,7.613595254123384,+
10.0,8.11551183721536,4.1519864049938,10.0,10.0,-
1.7501913058992713,7.653969822421082,2.4835446503986103,4.614388012248831,9.058296806739271,-
1.6943565140340084,6.249739992290963,2.8560051126181984,1.5694395761688844,3.987733522215657,+
8.75969519383267,6.501104695591863,4.452424308440164,5.005748275234355,2.4117276310965985,+
6.449596932181053,2.8217362555183354,0.8071395577667045,3.0388051768216937,2.0014319976711317,-
7.203839092419903,0.6978984452238235,7.423868458007434,5.20456067148232,0.8501312643056447,+
0.3476059839917214,0.40607429808754547,6.723539606335253,4.853306095176836,0.7683003655194889,-
0.3594254108116002,0.4336928916521332,6.732878026372891,3.3065900216706345,3.071655430915239,+
0.11503214790291363,0.5177789210555057,2.803992905647612,6.0775559603338065,0.13206325461119672,-
2.4178163855254353,3.760960341677211,2.158728796115754,2.5964473445425975,0.5478681590051659,-
0.6693884506626286,0.3972191966211849,1.687606446805834,4.41357062194876,0.3052480307026045,+
9.41335999298573,5.6963236983214625,0.6399456428058081,0.1773784535070777,4.435171116766314,+
10.0,1.5391469587843525,0.7195591302614239,0.34248158574059984,8.758594098883002,-
8.9695362272662,5.877879717978924,4.569173304723266,9.46616856549294,5.682042798137141,+
5.019568442538376,1.2179469993564995,2.5649928736712724,8.526641688269118,0.5739169515986091,-
0.42626673093380973,9.966951485384097,8.188611751366249,0.21565482871227504,2.7653912792731106,+
0.2876570157855231,8.780886281979136,7.806712967267199,0.12718063331961224,1.423790000003047,-
2.5487125288766688,3.8227180468374167,8.492468524633601,7.797786853544105,5.027412359645464,+
0.05992117260751542,4.04980370642027,10.0,8.144097845349133,7.829109581408617,-
7.088402321095745,0.8421740578814529,0.613561558010588,4.290991845352272,9.127647163593448,+
7.407374732812984,0.6870130274066625,0.02541851439482038,3.532506313921611,10.0,-
5.1421784182083465,3.072495615355737,0.6617605594196552,4.2360961469671485,9.376538765593338,-
9.311320932278338,1.6977043004277372,0.4826056580932418,3.5569502200187064,9.042748243767317,+
1.6689022463986136,3.252488093971916,8.623028606611502,9.749599643491376,8.021903311535608,-
1.672026143248536,1.7253673661793163,2.1880426390610257,10.0,10.0,+
7.462984730667648,1.8434495467132495,4.797449743201396,7.206629555323784,6.804456966170217,+
2.8955199625326955,2.7780236633803397,5.565750302974882,10.0,9.725489495564613,-
3.9949804861666474,1.1306268358229565,2.7022481287676605,8.182268465136131,0.14677136367780785,+
3.9933307006302234,2.08209772667385,2.871300443205225,10.0,0.22424216893279783,-
6.771268233908172,4.9336781189726135,1.8765368017600903,8.122957872272625,0.9131319269452254,+
6.576765952625034,3.9490860655112483,0.49128959113749704,2.0214316418566263,0.817079006238165,-
6.633586675420039,0.3576025766095392,6.370762856449863,8.818122596536316,9.095300709556948,-
4.9911491190504575,0.6930103042057727,8.349176331221628,10.0,8.406171337150814,+
5.9978381856594565,1.3275734895794422,7.921500179917408,4.055957376037255,3.4014744291944785,-
6.260935973074064,0.3719824182714775,4.793704638092606,1.2018798626537956,2.0949279328476087,+
8.230713462966849,3.631713576757835,5.1003972307597305,0.03074530030282352,4.347277063841614,+
0.45603888890651717,3.180572945643882,2.36147430286441,0.01985623556649982,0.03716436088313063,-
5.980396524918236,1.561294572310764,3.553752519281953,7.792908164773973,5.346470212723224,+
8.363652125814676,2.638806630852429,3.679464707288996,9.174921228992078,4.681610584049519,-
9.044985581366694,1.3713344866806765,4.901771940640995,6.576869603286479,5.624917515368405,+
0.45920296727281834,0.38130951974301164,4.423931280115707,2.6373381706928205,4.8016972098587845,-
1.2279971696170477,8.419372931416321,8.782217105811332,1.8251343336668602,6.5028480239540345,-
0.9601885588561057,10.0,6.044677425532875,3.414407916808485,8.48768429212136,+
1.7981472548003308,0.44080048471590527,7.229441244045448,9.332582153501273,1.7315554516383413,-
2.906176406017148,0.6258771572100043,7.954279055520604,10.0,2.589433057646682,+
5.215066193248978,0.9089084779231904,6.106430086013557,9.403606173612106,4.89166831377587,+
4.931002653851675,0.8846526681130138,0.687304836404921,8.370645133475094,4.61287896400347,-
4.676539245816789,6.204375074986164,9.116448852127862,0.45288530194519616,8.189342447367533,-
2.5320952089359494,6.169651376016128,10.0,0.5690295530048224,10.0,+
9.738424188531246,2.4206646419170608,9.58139512615939,4.81157373412457,8.366750058487268,-
10.0,4.200291262278262,10.0,4.342781547116593,2.3976346436781064,+
1.588144837987866,4.619308084165294,3.026703384300502,9.344497959131942,2.056030121741752,-
1.4882162096077596,3.985458286792493,1.6814955335450716,9.895200901008536,1.9873690783134241,+
5.616730717373088,9.202205666327659,5.9795261788215,1.0368515106211629,7.42028415056105,+
3.6089038827205293,4.531212530757757,5.3102108243672435,0.6590624518553302,0.07230512500906341,-
6.278688824815738,6.7612245043258765,0.8070857309289958,0.5810471329886469,0.54468577896436,-
1.406727385968428,10.0,0.31736875309332124,0.0682525103900286,0.05780779161637257,+
1.2968092391435748,4.363355983352703,2.380917392783971,2.6087611016736667,3.6809905916476615,+
1.1834544063956893,7.345653239874939,3.626797020879117,1.7600870365197248,2.324178340216927,-
8.026860771578146,5.639911391566988,5.382579745750795,1.8035211817635166,3.4510369926614115,+
4.025538947002947,2.75906676856884,1.282510926306339,0.816339644815303,0.09297389286754318,-
5.185155727662276,2.3688521830503406,3.911772148451216,7.782041315085829,9.297052422433094,+
3.370150281036484,0.4219205902788383,3.3152871865314872,3.891216788976573,8.976049589872654,-
5.287680668366001,2.6331950545945904,1.2885380171251226,9.636514255532433,9.761839033190972,+
6.7616477868177824,0.27667932449410276,1.0251625861181533,7.533433158580086,10.0,-
5.608982992608059,0.6640399674538344,1.59028369180917,4.599974845421636,2.305619022570373,-
1.3017626315525286,0.6877342272630284,2.477307767353317,7.1030633340480875,0.00849771774387463,+
4.923817765463896,1.8418940580988585,6.916200569067556,2.2235803874579463,3.341243815881494,+
8.438195856812275,0.33186768473200845,4.256114189513511,1.4826889558366063,3.8230281710297502,-
5.012475095218068,0.30151303125389717,7.152409391335005,5.096375610490739,3.9940432681226468,+
8.918186232491774,0.425183210141995,2.8718913102630186,2.881184381225588,2.635426751229782,-
6.701166485137479,5.935061529972322,7.026659394715887,3.4409303296575766,3.5400233806131687,-
3.105534754563471,10.0,9.311481149140503,6.623401836041826,0.15428252942936763,+
3.2055336671905543,9.852744606098247,4.9900012869245325,7.6221281065021165,4.447317329876795,-
6.01455177570971,6.343786691365798,4.887895196456577,7.045545089518365,2.5496658801455325,+
2.0903129119555586,7.206996035287643,6.256662895524761,9.961281819349594,5.414602957521398,-
0.3402308070062467,5.753398881005205,0.5245724700051898,10.0,4.439227543353523,+
8.795505771432,6.294095937956961,5.636366019884733,7.300834384800934,6.855173020781397,+
10.0,1.2289542868332557,9.59423075381757,5.99153278889909,1.833630668371279,-
5.880932321192715,5.103674538225796,8.10807328658465,3.689189914782862,2.4486380598308113,-
10.0,9.350016880134435,10.0,7.163331423968629,3.8928077711806885,+
3.0684789670863544,6.243243746203108,6.416064137341912,3.5277045880854754,4.88254855170653,+
0.681942247546172,3.7508862272624373,5.506404869050815,2.0915922101267332,3.0858382834025457,-
1.8909837816945085,4.1247770215935144,3.7194647917484405,1.320828596459106,3.177101123356496,-
2.9966015693892274,6.7243262183859125,6.478046028821084,2.382546155629847,4.834273291020545,+
2.7247925140270612,7.553955661797365,8.059917950773471,2.085772101166742,0.10756100763158472,+
2.4200845747727837,4.374429129446071,2.671446408426158,0.012783236586344586,0.07318986521717777,-
0.0507328402821039,9.058893038518072,5.085902459040399,4.276570815525911,8.769155843173783,+
0.04749516695881548,10.0,9.743533352794723,4.03133168668447,7.369491361051905,-
8.782125402230797,9.61392377962037,7.659752898135678,8.778349033024428,0.43192931725023587,+
1.346407162815288,10.0,1.9015792816220207,10.0,0.04265778836956318,-
5.412588977027309,6.164571630051733,8.872434876930624,2.3775408247580176,5.8941041981172395,-
2.0310906967286897,7.769649321707021,10.0,4.568226024705809,2.791092988805921,+
0.7193235794469788,8.646208350444232,8.51384621040057,4.285156924908867,2.88057824209772,-
0.3403291865814665,0.7077517401231466,1.9396909345028979,5.544396114742123,0.4481935545435693,+
2.676356269596585,6.507467727732735,9.441901945564886,9.352615129806804,4.910138155908541,+
2.582659994730489,7.886841749872602,8.632869962800337,2.8443335949463013,6.803427640745052,-
3.7083718046510725,8.1951215266203,2.2161105872606166,6.6938057714011245,0.40911784182645294,-
1.5560929886628627,10.0,4.083456281309773,10.0,0.3160676903152574,+
5.754071933222526,6.280178158514177,1.0929735556412512,1.9596613768450244,9.993191512373432,-
8.047212755921391,7.058888084962401,1.3768440021301416,2.255028249695802,10.0,+
9.359747293885366,7.742576758434867,7.077469940180916,6.6638011254371845,6.448120478097083,+
0.3232181041832536,7.305040787669071,6.662732479872908,5.354985702479994,1.0239656072941565,-
1.6950773200517566,3.6635136524296197,6.871394944607401,1.167741562934963,0.271240415215519,+
0.7551396857798996,1.6958391363959495,10.0,1.8599009948938312,0.17642059934329563,-
5.819977831146847,3.618530881115106,6.681973243614583,9.739411961189955,3.78434903502289,+
1.834398748625161,2.2544386717560574,1.4295735564945549,9.273768524834837,2.6043452050979203,-
0.4385401790043353,9.139661427108056,9.575907497413878,7.265997266726025,8.064054633403027,-
0.2713211205967757,10.0,8.639496747630915,5.765511878063529,0.3986614237834526,+
4.966206236725814,4.488070859848744,7.419148253235606,2.9940443927541205,4.07221261071636,-
6.907472140965961,4.882741311394833,8.64431472862823,3.3650630164664226,4.493963038718119,+
6.513422635841111,8.68792926257121,9.927385879523051,2.830750527517387,5.400267497257048,-
2.443256319733151,6.622354415786675,2.7275090116906964,1.0795133446276437,7.217289484787983,+
6.17648778113801,8.523435721329813,1.0022654689985344,2.6668130003637325,9.89184165765842,+
1.9049889663502713,6.985334694205857,0.36443709080192765,0.060808283335059554,9.403354069143074,-
4.856825500898976,0.9632392737491446,8.43757969839944,7.012364666583536,3.332448827808313,+
9.456312008988812,1.3732133800634614,0.3991657599390709,10.0,5.314629217982247,-
6.729706499126244,4.1996033289569645,7.601010193302665,4.180801544611693,1.4891543012500408,+
5.511731122478762,4.321298190305704,6.171804385749803,2.1024442576185667,1.5800597513465042,-
4.035776508096535,9.571358515458048,2.847891785149528,7.360352664300169,7.955953212668594,-
7.789205532640228,0.28481909410024997,3.557756679980673,0.29547386435112144,9.61430371698633,+
3.670835141239036,3.576073663837848,1.5641437492340304,4.402503833393952,1.2026067232833093,-
4.126975827293445,3.097000133986822,1.8793921955720083,1.3380685035181663,2.154322073746017,+
0.8519332141738178,4.7017900772067485,5.761449938731229,8.417135701635202,9.735592984987623,-
1.1196492923905226,5.734076528590725,8.512229108033312,3.2676321089326175,4.034167110709137,+
7.254029741992863,3.5704494919674534,2.8871958741107617,9.143103440058916,6.4550175723490195,-
10.0,6.902556341039943,3.036590625043192,10.0,8.611837712874939,+
2.0393916710777136,6.636750667853417,6.202195768566869,8.987768358179226,0.8251682722506926,-
2.3531329307263964,10.0,8.123328603190796,10.0,1.5076049852021514,+
3.51819813343932,5.955793730257341,0.03444358861384722,9.767392947174939,7.222923544368291,-
2.3210023913337463,7.911450145763937,0.04222134228542891,3.4142920115216997,7.556752880231105,+
8.29150364390635,5.571484671003568,8.255457095573941,2.0721801677357576,3.5265837219789775,-
10.0,3.7243758573622237,6.594028169005356,3.643315991292715,6.84743863368051,+
2.901376818923268,6.272638326519221,1.6341300940468828,8.190249489729668,9.852421554154265,+
3.680576811135863,9.92978275878122,1.3723159497645883,10.0,10.0,-
8.548405846408937,8.057778323281603,7.16834469447169,2.4787586005578532,4.986558184849703,+
4.549497248869546,3.33251249322267,4.899681604556641,0.6592541547726034,4.5444209306816505,-
9.447561006652476,9.546817355717756,8.451916676454712,9.328300033608489,3.9960884220208435,+
4.055509676129888,10.0,5.234282375877696,4.781960303784795,6.4325418800668785,-
2.9284291538715856,7.858283882721212,8.941318352545032,5.680998205689942,1.3397668780723238,+
2.5778356850695783,10.0,7.2909903561422045,10.0,0.5343570907710792,-
4.92322838307639,0.13154643754094586,0.2723354108928855,2.947411730616032,8.131881667356375,+
8.949858589087798,0.003880872369021943,0.4069051067563317,5.060773343475921,10.0,-
7.981028936772022,3.052265539290148,6.206906785004166,5.003664063245355,6.787334803563127,+
10.0,3.3099359970880182,8.877600848919823,6.411228166588825,8.675187612441473,-
2.8864390435022735,2.820092962044934,7.751957775842132,4.798409050779302,0.190587401993223,-
2.324115283388279,0.1162514348970366,3.7721893138494424,6.261700622635983,0.020460454722415516,+
8.93429096579247,8.164435849287715,2.5666599922983533,8.158210855147614,8.513087966930927,+
10.0,10.0,4.503751738544696,4.963817564903965,10.0,-
4.807629265807637,4.305216135288706,5.340987721033493,6.407308809480008,4.8498337295586955,-
0.98645749368691,5.533677918465145,2.720359776939622,5.98228499253197,1.2773909933957994,+
6.374672231000024,9.314043868836754,4.189924085147179,4.142816185364483,3.3366667625985,-
4.605699785204746,10.0,3.5353393948088954,3.3040186730732874,1.969573601207562,+
6.754376879435691,3.000511204436771,6.930725440091463,2.579311269617551,3.0652922340061717,+
9.708650029334526,2.53825912892995,0.5198113206634702,3.635171253154188,0.018418539683790102,-
1.009749835253576,8.50070966920766,2.1677541706087955,9.64561567276738,2.099484252287472,+
0.8819762092891457,5.386549359016936,3.984699016813834,10.0,2.0127179339731325,-
1.6931046261687732,4.658398245151262,8.222099777365084,9.349461014123904,1.33058927699779,-
1.9980965098387948,7.928330596433644,10.0,10.0,1.9666839887531913,+
5.606290023977544,5.7045643978395875,4.351770969128218,5.460248157807727,8.457196019509615,-
9.633904320083147,10.0,8.505726150125469,9.781141470694996,10.0,+
1.985284802487114,4.149351607184785,9.603952295999205,1.2426672255473847,1.4436350105625073,+
2.208959899661606,2.353015966174354,10.0,1.5442410503844624,2.263599320666027,-
7.245640849746148,1.179678795220337,2.470678663436725,3.6034626065136766,6.800076923971703,-
7.038393957142501,0.8394638819090474,1.3053249611630235,2.4852366211722936,10.0,+
5.494745433569854,6.636079984893735,1.1209235367035264,3.2593182620916084,2.2315925472197007,-
10.0,1.1324236564941594,0.20664464557545129,1.0417923013304333,1.8829654834620166,+
9.397222963393917,9.897538522280463,5.515957153106308,9.89166698282424,1.0664047267535792,-
9.46126520208505,10.0,0.8298033643836743,6.980650164200626,1.453141708509534,+
5.605260091156611,3.0594485352806955,0.4938940299696182,8.309908643197195,9.454487816968742,-
0.050634850007478874,1.2221011954996537,0.8453114049724433,3.198046492159024,1.0652035456023656,+
1.0994103790377119,0.003616766191359977,9.520428385905923,9.724318305438883,8.446101032506302,+
0.9961358962119238,0.0026858079350439656,8.284819553729784,1.0584099615869804,0.9799549169693066,-
9.763316205744106,9.2043303856868,1.8575984897568754,0.8039257703853953,5.672199191321154,+
10.0,10.0,1.746534238757455,0.8203295134285162,7.267890672452173,-
5.03991285242681,6.7091367518001,2.727259958838797,5.096587632639096,4.094094439545554,+
9.421903438787616,0.8865515894122427,0.0551565002410872,9.343824953393277,3.972576218425086,-
8.145477672066999,0.7628615046345144,0.6198975240556659,5.129701457580457,4.560083422331553,+
2.387819099853049,0.48142551339782774,0.9050858287598079,6.764107721759199,3.672674958865197,-
6.504242907563623,8.659527981229965,3.1474263342747646,2.3199126191531274,6.518919227010576,-
10.0,10.0,5.767476071732887,3.8651838569705497,10.0,+
6.9471997204954485,4.918548636627341,5.276829089369719,4.315944378755732,4.919641149982247,-
0.2827469097075677,8.71255093585898,9.448065921354154,5.23217660392602,0.6298232461033015,+
7.680480691504519,4.875460117336922,4.184536286214455,8.770150204067049,1.0960621922067393,+
5.764233770135695,2.5030610232093884,3.700684323033915,7.539267215315764,0.7026710177351858,-
4.149792184974324,8.454892431714212,5.137350850248506,3.1516817409193845,4.487747250001392,-
3.9175619323044004,6.7611377555261,9.493729534346954,3.765309155985076,8.817501262804894,+
6.383024035786277,0.3599367604358339,2.252379665626716,3.2654861253391596,5.0222120708847875,+
2.9126404892681537,0.32581027825473496,2.4263762000489053,0.031801540974190655,5.739287898966307,-
0.10949867465754104,9.861176558464459,8.758071287744523,1.0895299255675006,0.30888341163477384,+
0.08314400611612668,10.0,4.510150808241324,1.010992848434602,0.45804784497496803,-
4.784335288070427,3.062087549053122,9.6921175493894,8.02835641585664,5.479806336710674,-
8.443899225598601,3.4631726192508783,10.0,10.0,6.394277022406441,+
3.726347594163525,3.9128480748956482,7.356178480275411,9.938500932151252,2.9966683648615966,-
5.080981980653057,4.1949835989384345,10.0,10.0,5.807961307513675,+
4.605874003168793,2.4503156878517562,7.4004544533025705,5.285448671870782,6.36652878790988,-
2.101957938309329,2.3328143726870993,10.0,10.0,10.0,+
2.3417425395679112,4.781951137883622,9.677938666020841,5.521868861940922,8.592134344878072,+
0.7399094246559464,8.715024712164766,9.419224556704263,0.1142915125790366,10.0,-
6.404678352321929,0.25216040378976734,3.110037575256539,6.843603481148744,2.3108024997658694,-
8.900882982329994,0.3192244235848161,3.272818678138163,10.0,3.435527859131185,+
5.025860795548205,9.198583263029704,7.594673202216258,0.5967625380390651,6.03829526364064,-
9.746688669015002,10.0,10.0,1.1584611674079677,10.0,+
7.887857432760306,1.520250811838486,0.8116412564207243,7.168668151479195,0.5042947253048491,+
3.618355170813051,0.8603306417549652,0.249294168963997,2.6257066927843167,0.4655953246025751,-
0.90772581982557,7.15043949274086,2.771692950568979,2.564764970441934,7.835538736608391,+
1.189398108397568,9.439984251911714,4.283645460739121,1.3869265213785313,8.619417220620644,-
2.2279805724689536,5.828946280804189,5.905815328000067,9.420091791595382,7.611539662117699,+
2.1763155943272037,2.5912383841875704,5.01274948769385,4.438419500663261,2.562958805326101,-
4.652458076178153,7.815124467947601,7.7107039391388,0.4632005034908704,1.560107116856413,+
5.619123579793641,3.84266639841924,0.27968358241383356,0.4165641146497384,1.983820446478679,-
5.655626382613834,5.991287707029402,0.10065778779738466,8.051180323615398,0.14698899511212393,+
4.263027859099811,3.1064441748143876,0.05086211633722066,10.0,0.27756091599643473,-
2.764971082267873,3.8110120790494353,4.39445544508775,4.886514616758615,8.1828668593937,-
1.4210798129666107,1.9143297248189834,8.250179098786322,7.023167196071911,10.0,+
7.892931255113406,5.010552651550258,9.555842849096196,8.39671459158405,5.6969918512961515,-
10.0,8.735922019602395,3.0538067700136162,10.0,4.570257022653499,+
3.7012491546665425,6.363249693435291,2.012468350722496,9.2414659681613,9.374914763966387,+
1.4694238737407392,2.416022094490313,0.5998746857547741,6.3339009993947775,0.8915430653411054,-
3.7079137447368895,6.21774025679911,5.504563682804239,1.4274302079720014,5.129284363272925,+
2.0328035283600654,6.341035782145648,6.014840875046125,2.7229756408930594,7.047247351108153,-
4.255485579206396,5.21497549807917,6.752681201192835,2.4722119218675545,0.001760805405324195,+
1.9674062699831207,3.1940790926922507,1.2066155930860452,4.625993501415957,0.002535328829924253,-
9.631689024818103,6.118330592280795,1.736720636904453,9.892468129321427,9.259695817590458,+
2.712895962959242,4.9988221016864065,0.8125975323689171,0.46102945502690573,8.944372919926286,-
7.975978513728595,3.249572499487252,5.884282397395728,2.575831327451387,6.03942983677988,-
10.0,6.375746514373504,9.866790386041343,4.852695129772012,10.0,+
1.2192319921856676,4.133140908926305,5.358364426863378,5.189313215648898,9.423863172298226,-
0.47713701113539103,0.20184318186386174,9.81601858983596,9.965693712472335,10.0,+
5.974206368752394,1.5719695007877699,6.135099169379021,9.792938956492858,0.6463154554237083,+
4.463658779784044,1.7543027506458424,2.5219125638425672,10.0,0.6301956760600651,-
3.5812284838018416,5.1976426461030645,4.326215967579036,9.669197736983623,7.038964522782047,+
4.109530790795096,9.958760188705108,7.085407111043013,0.49903125482656374,8.144564464120744,-
5.009701543433744,2.6058687972402064,3.5244915851467775,2.85221039256335,9.771754415420224,-
7.431382620911236,1.1957124201879703,3.530902403478385,2.8546841460615795,4.526145537736218,+
4.89200060637902,8.599618569222269,8.187486941252436,8.62681967912608,7.586991096912266,+
6.240234251541349,1.8385475951537313,10.0,10.0,9.177957098497306,-
4.089378392157702,2.826910227768434,0.2803283405510537,4.90260023741233,3.8216791506100667,+
3.834714851617241,5.066680496564848,0.5098718911975346,4.619876120712225,2.297354111282901,-
8.96961652576572,2.273166589477232,6.050753986940247,8.790196708223103,0.7484279111682679,+
10.0,0.6486704889409579,1.2288581459105035,10.0,0.0187056332626595,-
4.74569056391788,1.479090285849396,3.1337450490560803,4.4210706229871075,1.8033070990401134,+
4.113661080499243,1.3886094822352488,2.7447122924463008,3.423255592348848,0.3583721003443116,-
0.09967387094750979,6.68314579186366,5.4098322111507136,5.298662348271557,3.182790303186973,-
0.15732469228112997,5.8760269808403205,1.7179383489356583,10.0,3.728488809185699,+
7.393350322305724,3.4706405747704783,5.078804534145705,5.294766772544799,7.304331459608239,-
0.30841275787885525,4.269253641338933,0.07533085590580853,4.9793215813131555,3.0432190631366094,+
8.30098742079167,3.0824475732037246,4.584291064911756,9.161817366176555,9.027971705494455,-
1.9557221548915136,4.4348631242352905,2.292515941472305,3.134058293843817,1.0656707102482124,+
4.9269876323663855,2.4675389466064424,2.0744871109892014,1.4241269684275515,9.443784744758085,+
0.9557861495724654,1.3908245743749064,1.2852581060015578,0.3641781371778632,8.56741109226581,-
1.522720932679329,8.692430612895425,2.0669347124090565,8.571878621233008,4.619959536131928,-
1.7637405339104115,10.0,2.1784560963129356,10.0,5.083999622793766,+
5.503840354887348,9.313947302861823,3.2919647605129008,8.511211548750566,6.0212046454200046,-
8.470861323071434,10.0,6.489805799898706,10.0,10.0,+
5.564192539144102,2.0123016356416965,3.710281237492008,1.0181693859148433,7.0434286421283865,-
6.635595610483827,0.8024574708504909,2.1511328780553236,0.4527992815672537,2.503011412994608,+
9.246551753839203,4.731011406778834,3.031407391437202,4.706989010663881,3.181516599033234,+
8.379772215698605,2.058128100115639,0.7752331389463896,2.266606665321293,1.5268698679686825,-
0.1333428765678324,9.286715019958594,0.978182489508328,8.273564620606631,7.354662385460442,-
0.19292919923617183,10.0,0.3816720426055025,10.0,4.477144074024806,+
3.6142263418978917,2.7937374008870974,1.7611845919599012,2.3045066487456998,6.299510637071881,-
6.317343399150017,3.2187832458403607,1.981371539833226,3.7109331249439794,10.0,+
9.159894761149012,6.265944918301981,7.274974863036055,3.695065891426853,8.541068860892684,-
2.9232013207659127,10.0,10.0,0.3787332458468528,10.0,+
8.308312890002805,0.848434312832631,4.995739383230208,7.914482109425411,9.215503187207329,+
10.0,1.6806692499852691,9.763527073987959,1.5640175022266405,10.0,-
1.3835153574821701,0.3825869532493098,8.309848308956987,6.856775799686842,0.06434727341623647,+
1.2733065119121836,0.23955822636033952,1.5715599289510185,6.527876611243921,0.03096123801397933,-
8.633418055371248,7.635187416430611,2.026020523472032,2.0718327204801845,3.9042752798749767,-
8.189306068643607,2.271506452783992,3.995904968612675,1.7578828150348234,3.873117791600522,+
3.63201111421954,2.953827691605003,7.326175308793098,1.0937794385432342,5.497810136282451,+
3.3043937356394473,2.592525464470435,7.251638826651202,1.2354334255662658,8.523548834563016,-
0.28208445933754267,9.750187202789144,6.59952666475589,4.68253870980802,7.21597035425312,+
0.4908925934405606,0.642152554060017,4.498352971535284,6.257965217308353,2.8864496073431876,-
7.6130010144285345,2.4522250851822203,3.48258025513469,8.053631616738754,0.48117474645219205,+
10.0,4.085432115449298,5.408111570265974,1.2206644725991613,0.781535798663381,-
2.183261266247394,3.7631451156640026,6.654571985824015,2.0063985307982914,5.460712753752443,+
1.0899179351746329,3.09184728755267,0.967814551790855,0.736362083772692,2.9146774008680194,-
4.02752094194685,4.050137609247838,7.167339267897969,8.588418084366797,8.589089891370449,-
3.7131646099073827,3.5899623335109743,7.161446599902523,4.876629464003992,10.0,+
8.834215253931902,9.810654795670942,7.176366197331193,5.6099190335459195,6.2804926091213575,-
10.0,4.893763187737267,3.0461982545471153,2.482430869248051,1.4838291242615982,+
8.269026365051428,0.3319127788508891,3.832504383912736,4.484990974451254,3.9767539710232103,+
2.373629762502374,0.004763224228006606,2.521626797480378,0.9635356850857141,3.3165026989272905,-
9.989451442941531,9.669582099852269,1.330421471681682,1.5609227766277722,9.44000111177196,-
10.0,10.0,1.3977930354411428,1.976628370225849,10.0,+
9.729185217025737,7.394859782510084,6.01249869469653,4.48865744674973,8.001218890013325,-
2.659504526272825,4.805217060137908,10.0,1.6541142665836956,5.4626169144036165,+
9.208945074715833,9.128663654087351,2.478113588205755,8.67364940817458,1.497884940510641,-
0.902193320199714,10.0,1.0775644382356664,8.725849422023009,2.5554098463059507,+
2.971658752597617,7.006681551606517,1.0406924101069503,8.059136021022287,9.640245799414748,+
5.465851413251452,4.381691594158275,1.759161751190593,0.04400618354714212,8.29751265983088,-
1.8583628119645967,8.276306406231871,2.109730475589322,4.907264904030221,4.6937273475010155,-
2.6711221401075065,3.1579903001549394,4.173794299931448,1.6680477822710533,7.042675945697376,+
3.3270318483144825,8.249774552807095,9.227526427628632,2.7220157662231106,4.626380364913718,+
2.7913512630117125,7.520569316463436,1.852935621134238,0.17175053721054678,3.411959981210082,-
8.807426180007592,5.348740120599369,2.440395868002568,7.016380736211025,1.5924354494528858,-
8.224945240933685,6.70930828591161,4.5546657128132,6.53817938533544,3.033752257769674,+
9.103387889820123,8.260693154492246,2.280946797692814,4.267637891476825,0.8820429931563456,+
10.0,9.120693932115778,4.202351984226532,0.19517958379840367,1.157007001326537,-
6.300935388295955,0.8644102033024048,6.211883996520014,1.9412578483110898,6.713721147438525,-
10.0,1.4545776765926073,10.0,3.052990974528473,10.0,+
3.731982206434281,3.2353570365637916,8.545432741941827,7.749032685622989,4.4001222157532425,-
6.9814043661195475,6.3465118404225676,10.0,10.0,6.18248923905574,+
5.948760154521096,8.701992604990204,1.7211807105796506,6.5691444277726365,2.309447022021577,-
6.974337872748694,10.0,2.0419077225478786,8.946086420334273,2.8778783671715065,+
3.5076473735662894,4.1125013767311405,7.1422771872839075,0.6723540905622771,2.7606639444875256,-
5.677777302807877,7.48502147075015,7.402808021084529,1.2349875449495336,2.939344273953238,+
3.2933551108404613,6.258417293028206,6.0507422415937295,1.2351959972814908,9.481372841494192,+
3.9516805165614204,9.577872277641202,6.001322367604728,1.2400231993812816,10.0,-
5.148113061415682,8.981289430378727,2.289313450153554,4.57208360067342,2.8545121533536797,-
7.431136876855221,3.720203769696105,1.3316665913168797,0.921041191198617,2.472442635682977,+
4.026590614973556,0.835202275462863,3.8253806729556272,3.5567182966461717,0.13762688554680658,+
5.118757525882259,0.4554408786735709,7.213331492441477,6.0312417546273105,0.15374876889060884,-
9.453491471011704,3.562483909148799,9.42189676432637,4.249113754433057,3.5553756917455113,+
0.38362571541830315,3.0048664750485985,1.541121215182912,3.3552692265969006,0.20248800774300527,-
9.174207716301497,8.481091001395944,7.027013700694379,9.107398950803828,3.8504330647856833,-
10.0,10.0,10.0,4.98213257237932,3.379185306607173,+
6.274123613348769,7.174381828478862,1.7233589515932268,1.4673513495837232,4.203306213499692,+
1.0349580184417837,8.43095543785269,2.349924113729636,2.5941381029648536,6.536547184716871,-
0.19609703261121547,8.786798623836894,3.897249901877383,0.7507488790457351,6.250151135836565,+
0.2162361954919217,10.0,6.233800787262258,1.3472947641554125,4.479611723552673,-
5.576475106505564,9.416118729098153,5.5632183949001535,6.23294216216976,1.2390996737941806,+
5.392375388792948,10.0,5.940545068874605,3.916902139162673,0.2247464542697118,-
6.725805943147044,1.742242251257864,4.001429825995677,2.5671284191302024,2.062895868201442,-
7.089435195496376,0.5267657415833649,4.0766422409027365,3.611732915058378,1.4814577065478571,+
1.8984796657222214,3.384444842438843,3.1145217110480017,2.585885701787074,0.8472353886460193,+
3.49919019745986,1.9599889002298854,5.305444036567481,0.8534725933414934,0.10620817884953869,-
1.2037836901925736,8.282912777185336,3.291980779922964,2.7780833502654776,0.5598584417313845,-
2.261467049561366,10.0,5.470849363354983,5.3664548435635115,0.8287240572672864,+
2.5355995231766206,3.1156212650513995,2.415342576764772,5.136491076242676,5.339790396096164,+
2.4099889994510573,4.979837258973748,1.2179921531703757,4.349576310447615,8.184935846205589,-
9.301158533153162,7.280832166224565,3.784213803283741,0.8709758958912495,3.5496226578919785,+
9.17576151870989,7.715491333490883,3.9324243894657074,1.3416628728695021,5.376086424276807,-
7.047708541930269,5.379783363728782,2.064044510064101,7.985580193284562,8.842871663705314,-
6.901509118812783,6.243260012825357,0.4794343439249477,5.530713896302988,7.940786827323623,+
8.941564679938063,0.9208361249503427,0.4408418450035012,9.159458020527007,4.973280199770978,+
10.0,1.0655997336793404,0.1065733421470603,10.0,8.76141675633464,-
6.9892127782296765,7.966421647866264,8.50192272718325,4.701522784555493,0.8911897133732471,+
5.812639718727895,7.468826113630508,1.4925417090737885,1.8062498742678765,0.848382887247593,-
8.35105962736557,5.672748264444642,6.84864732562092,1.5959206354741484,1.0362657939302777,+
7.950908025503205,1.542632286506571,5.853053276486498,0.4925376596262782,0.501085273252816,-
6.3725868787694555,7.759546161777209,7.366833791735137,5.9400586259742045,4.280351003737036,+
9.785592935259798,10.0,10.0,2.977949513940469,4.943504569052052,-
6.2622712216576035,8.152645678843108,7.770101363573153,2.143179579223463,7.5673133100110865,+
10.0,10.0,10.0,2.6538958960958396,5.463000590220024,-
9.748873153984203,9.007965865729805,1.0569633128291422,7.351717541274734,0.5605682464008588,+
5.387627208910575,5.010929078673719,0.11115775950868748,3.3123175204886603,0.44768941882348046,-
1.1840361305532876,8.61831177623629,5.788230594991975,0.13246400645297474,0.48591418974890166,-
2.311697929908249,10.0,9.12361906308295,0.2294518215664945,0.6061119847439692,+
8.984764768363537,3.3291110518088116,8.606340588176245,4.580509076544118,5.9003723868735225,-
10.0,4.056431931435828,10.0,5.57433205165274,8.095754789992938,+
9.641182783352015,2.8028848564740914,0.8718846962862037,2.189499703691351,3.9512641875206436,+
4.468581733902695,2.342323825250287,0.31853145977086095,0.22286693228105686,2.108422614072054,-
5.226954522938913,2.513738542080448,7.700748574068776,7.643512479821657,8.823451935612885,+
0.06980452201655785,1.665893302556993,5.727569116744629,2.743108725728789,1.415333038926943,-
1.8430734689921713,6.862070005920331,5.551636965968666,7.766761181240779,5.999200707183477,+
2.6854238843546456,7.7880084953856,0.7002223584462085,10.0,9.563242814866918,-
0.7086122557875485,6.3476103197528655,1.8343685886843986,5.350589248681757,6.209225488596417,+
1.1017979949331056,9.56115101623362,0.9378582109470202,8.724047198075104,10.0,-
0.37702146184700913,9.079641346960791,8.04053791759591,3.173477598759079,0.3572872921510062,+
0.7540402742754407,2.70663345733987,10.0,0.220637995857945,0.17852078091495166,-
7.7068938357650385,4.606647325919472,8.560959365154,2.903936986430579,2.8249427911127736,+
6.368430789810528,2.324051926364245,8.63187141096695,3.3778606566750295,0.006274352105600703,-
3.403040547642522,5.753776760683323,3.4484239598518496,6.38621480053575,8.09660454611521,-
4.889596138324154,5.859206981554521,6.742229280062036,8.95827833645703,10.0,+
4.2962901740624275,4.657784700634382,8.952159821994282,1.645390048667088,2.9998940410063724,+
5.786295378849817,4.599204810850279,5.094842281100485,2.584071065488246,1.997869239416211,-
1.428499896861064,3.9933955003516886,8.711770992623974,0.6768966771887053,7.898842158176737,-
2.810116108429699,7.603126802071999,2.390671470005841,1.2520173238917924,4.401554788534279,+
2.9810642396776386,3.3814295645965187,4.923421995782425,1.707650621645136,5.972471623374952,-
3.4355584121697462,4.895567278651373,5.317281289612124,2.9185420240507,7.627315917349401,+
3.283997227458416,2.014308422226362,3.024971101080803,0.4211998175611631,9.73583366101055,+
5.906641090189567,2.7548165575625894,3.9361752448914515,0.4412628828336969,10.0,-
2.1496672590062493,1.7588521553860048,4.850382145350249,6.247155387573153,5.200340086065355,-
0.3868663992408868,0.12055703860831112,3.5443220533897457,0.22006397654236048,6.618662196411886,+
5.418515946967472,5.208962556110304,9.323704699099745,3.025828494884324,9.433866057587224,-
6.685049913225375,2.681896862247953,5.5035379989025675,0.7903603351064751,5.012967099571759,+
5.249530773094655,3.3490988735495577,0.5478131313061374,5.481287705095248,9.508977233050736,+
0.2002111089747662,6.3294414181694725,0.24447469392404297,7.961679654843389,2.5302498567355585,-
2.808067303771795,5.797469255089636,7.990759853131657,4.435106663641766,3.365642320072053,+
2.3143560066577167,3.8252019192686433,6.204904487758134,1.2382475591544264,0.7196862202033132,-
3.7821848604942385,3.1376052154375476,4.915711583581556,4.882928762261485,5.367815498316383,-
4.342076822156562,5.787867915619031,4.481577308564476,0.1424813693228466,5.844491136669334,+
7.918653970370778,0.21094310907849523,5.117080555718946,8.79126185653609,1.6999189772252032,+
0.8681459465502877,0.06997510634865016,0.8313878231563387,6.325370421136654,0.07342410827432225,-
9.832588996750449,0.12047182203983042,3.7322928535351654,6.576176550686794,9.618812684904915,+
1.7561519374054708,0.11118214066057862,0.3088396292264119,7.358529686051065,10.0,-
3.9356776885512934,7.035593513993675,2.531064765533273,1.0544322512920956,8.325889972978755,-
0.9247655315524902,4.750444114849146,0.10421017824007345,1.3159002790493068,5.089999926850687,+
9.250263534632326,9.125625695754628,6.931695107329733,1.9147850066421879,3.85595941742645,-
7.783788390864836,7.820921284195174,10.0,1.1817540165172873,3.472611831039881,+
6.502998110893845,2.6309477355601976,8.160292875355012,2.028782820941916,7.588464691638102,+
5.051283513257373,0.31081817166690057,5.999232603679268,0.2215030471988621,5.848761148641587,-
8.675429812687558,9.314922724548218,3.909021935539875,8.158100472872734,9.419040299086518,+
0.9908919791562695,7.495577104939774,2.6316229883263564,2.210342632579822,2.6777328722349383,-
2.9247144850475095,0.12299831965802421,2.4525212581216427,8.243901988824899,4.0158194129741815,-
4.011933795606115,0.1493586777283178,4.273465793371129,9.22665887230882,6.968530436573614,+
4.271741320761505,3.1028789508913093,7.718244655031339,1.3635945104854574,7.1837417275216096,+
1.1511093579498899,2.1584670891781594,10.0,1.270996646486662,8.079373429704926,-
5.415393804117129,2.776328211942748,1.1795237272475756,9.963563947976548,0.8868176815119932,+
5.544992666437921,4.709352335072567,1.1842886913759516,3.887311554579373,0.9595723892713638,-
0.4243885316012519,2.2587904496654163,8.184447204981636,7.659624232790233,9.414748167898097,+
0.6425653783750112,2.2959190557477234,10.0,10.0,7.925159878441061,-
2.430771915617531,5.581181407660315,4.220563017321778,2.37687218095471,7.066980929829462,-
4.398690025617562,4.082333849426961,6.7224754712424435,1.412035289787077,8.094117213615268,+
9.185612893330363,1.387632529795535,2.0389507653490857,8.228188562370857,1.0500699339032116,-
10.0,2.333218873808106,2.38920707403222,10.0,1.8966895099616021,+
3.286307895522229,9.97583941434331,3.981097534490554,5.619114840602873,5.574593218807645,-
5.575030571127752,10.0,6.532869901018987,10.0,5.934753909687819,+
4.26986110652078,0.4959490332277372,7.178754757327228,1.8391238422220324,7.451530773099455,-
6.184699724865056,0.6787189336297801,10.0,3.229082169276744,8.770379904119272,+
6.9688511759087675,4.872306715489726,5.9686384585902275,8.99676248789485,9.423971221189158,+
6.5454953821719934,1.9078504694329117,7.378816596791707,10.0,3.0582158828015573,-
9.540240726873257,1.979330017069113,3.7981261738309833,7.477589731453507,5.348905284930799,+
10.0,3.415936781361171,4.514624223550446,0.14998791892737812,9.196937130497009,-
2.729154017931342,4.963809382103771,8.750707988147434,1.8267937624071906,6.225700041987714,+
2.414645676823748,3.9198497362544655,10.0,0.9753101027982988,10.0,-
7.298949178863767,5.381079548179225,9.537770938994306,8.639167581667408,9.50992219502263,+
4.282928427192971,9.64302551530951,10.0,9.867823745461534,10.0,-
3.486758517107398,6.092125104447708,2.3766645193594673,5.449209437654856,1.7090839478315278,-
5.090607486983225,1.8449714759631428,3.54498363369604,9.289510453816266,1.0411668822112692,+
4.852587619480967,6.377405425453042,8.900292727685432,5.506303426772902,2.653496843577564,-
0.137205060528416,1.6326279010215943,10.0,2.3967001416378912,1.6211563534400562,+
6.261792459221366,4.072097829428807,6.098546917775741,1.6756460217234659,4.256647952447777,+
4.709908176119923,1.5542263823707336,2.4398731505092948,1.63016876481246,3.036105414381819,-
9.614952189129598,5.139051236694336,9.043744145490832,1.375951784358942,1.9634276046080756,-
10.0,9.790713043125859,7.40865430267155,1.5412673822412017,0.27836462321924715,+
4.915982489817959,5.434657553212002,2.346787175795144,8.915928113741776,7.653479070888832,+
2.6259411854192702,5.249924374404455,1.4575091831644078,2.501432520822953,5.524308692110717,-
0.9030959069154054,1.888735115596567,7.092738158331135,9.587712518269202,3.4805425428879677,+
0.8187694321208461,1.7152872276291222,7.1006458640320025,10.0,2.8679088849198955,-
6.9711618189039335,3.9055041380092446,1.7063596389759184,8.80596306783496,2.5310034783781834,+
3.639849533531372,0.15014126398690048,0.42931860252659554,7.3069430172089875,1.2169101022085353,-
5.261090774781936,6.7613887289277885,2.1787494590956658,0.7911733944790633,5.669769481623577,+
0.19193303495148528,10.0,0.639502069748258,0.6080778256329048,6.790764647685758,-
3.5675862564480565,7.80176352672124,8.499793218483239,2.4022084077134997,0.8839714180330005,-
1.890770291543618,4.720979823011482,10.0,1.500538068640687,0.5356248690146463,+
3.088343450661818,5.726995525756491,3.4935445606719773,3.997520689256665,6.5461067296327355,-
6.007672398248088,8.132737547193017,2.8075824938506058,4.843994659120526,3.479491507450232,+
0.8321414902071733,7.943928718880999,3.362688586488348,6.440727661589722,3.3663819513463267,+
0.7529725411470398,4.076387058831255,1.7064439536090426,3.415190574327101,0.5521647063568917,-
9.316190302915913,2.988360407158168,9.010464268339595,6.599539541608294,7.31237266203575,-
5.725621445773096,1.4073263093074246,10.0,5.983361356674222,1.1987832058071768,+
4.757366849083894,5.6268498181680995,4.417352583400631,7.968213883219098,6.341854952419629,-
9.428702440846436,9.230804651795145,5.567123357281427,8.196458943435525,10.0,+
1.1456481254466355,3.167852179751568,4.062769710540976,8.868864839089653,2.102454456054692,-
1.9948494429574617,5.773609592550968,2.2348331852534598,10.0,0.6052953400492004,+
2.9401145813907292,8.779732033631758,9.95201847560397,8.1087594495629,5.183332460377288,-
1.7975076820054323,10.0,10.0,10.0,1.9862713979867477,+
1.1686929538486757,1.810233037633322,1.9954454758936258,9.818691869265358,3.1235856950139262,-
1.7608349358609616,1.2831880573954784,0.8234597364016922,10.0,6.214071865532244,+
9.344388098138758,5.835240347942063,6.935549513057429,6.048230647335902,5.401672614738315,+
2.649122234312748,0.13295650408601373,4.902096021543005,1.7011044594532647,3.07333468657441,-
5.7243827820976065,5.894411114599357,5.04765943703306,5.308072313758865,1.6165436871436267,-
3.6952142660565226,10.0,1.091674713882557,9.754015525919542,3.0418770252598897,+
7.957213749924908,1.6879752197841613,5.2119138471077555,3.6192818193454848,2.0646846939518904,-
10.0,1.3423391306581325,0.35784609603180684,3.1638828014037683,1.9532809742520572,+
3.7217811152632487,6.215267977705499,1.0338507917999484,6.356906396317321,2.83969020328899,+
2.482585259807538,1.3230937496358426,0.3365312611207416,5.14752317818457,2.6304041942192398,-
1.8655634916324282,5.2946538399120024,4.866074505677713,2.1997808994930823,2.4266218556764163,+
0.5582103925156231,1.9787392922790974,9.308168698581692,3.819241466033057,1.849589889243245,-
1.874043796939081,1.906397706921913,9.256064858400917,0.7315041346179074,1.2071927768412027,+
1.2726650940675188,0.8938344673795668,0.33777677693645614,0.6188568342820338,0.8715679722273294,-
3.2674628382045268,9.304483234335487,7.546887118291772,7.96960233146943,5.26646053573622,-
2.2432033957683464,2.346099643967263,10.0,10.0,6.253394621840185,+
6.524085748430241,1.1282774996239164,1.8869175320675613,0.565099806055851,6.47592601343468,-
10.0,1.773886456514828,2.787640134529733,0.7639998459406123,9.16602137124704,+
6.551320234366945,4.3893210376877,3.9826962635794483,2.754120386249883,0.7330299373164761,+
7.904080681211608,4.644128234068221,7.804432039643254,3.3710832174253538,0.36568397156282123,-
6.155532173728982,6.429938101374275,6.040299381760088,2.291923994881442,9.29957030250804,-
6.176215145433048,7.754104979682724,9.460013758570401,2.3062436843661875,10.0,+
5.124682684601954,5.0853935288449055,4.303973942910724,9.669854802563194,4.231975776496453,+
8.34486546577146,0.9124087695341472,6.3208826556664555,10.0,7.141191550455033,-
5.982473529127383,8.247644217983638,7.04465801854107,1.6458880937299936,4.9781423660627535,+
0.5454793336298824,3.807801030098176,1.372570569561178,0.09397368249861505,1.637622978954272,-
3.530551435148761,7.60821494534245,0.6273023347657869,1.2692534824566915,6.588339020883041,+
6.291398481290176,4.908846787753316,0.7153863045430116,2.3921025968274123,6.244056714264376,-
7.430255534663386,1.3427629532876328,6.057483008092349,6.01305654232956,1.5497044316784192,-
0.7048509682222649,2.642874314049989,0.28775722414959565,0.36321197992176685,0.6738716627400543,+
3.1373064205046974,3.033283065729507,5.865294651413651,0.7116755420751797,5.718558007485982,+
4.174696528816228,0.7534056351010333,6.554052343655699,0.6908591591938184,4.572146041216775,-
9.48240141157482,9.995449038270475,6.81467806832009,9.728408465619692,7.466525927349835,+
1.3292499492279153,1.566221833576416,2.3971025903242666,4.4248015229171775,4.503158205876997,-
2.467761050901723,2.1171647258364787,8.461229746629389,9.2900267241724,6.812679449370814,-
3.5600323676169086,4.132313680901809,10.0,10.0,10.0,+
5.6547355368589045,9.631991592024923,5.374750225087459,0.604010186057764,6.428011795399035,-
10.0,10.0,9.00613529684406,0.9894396460120383,7.7793971835107225,+
5.937367614991691,4.257164585020089,8.98426168311309,6.181864500228262,5.9648275245729305,-
10.0,4.930037004118948,10.0,9.096232324565817,10.0,+
9.832120817446983,8.597676684631013,1.7243849902713193,6.698412650825779,0.6701263893615428,-
7.477196034483041,4.052871894850888,0.39841738278043404,10.0,0.06224692160058966,+
8.510460864600182,7.17348154597452,5.203087399448563,4.835712379739899,8.638315489075001,+
1.6785143318492586,4.869084385414108,9.30958404379714,1.0449408390699444,8.72760392520542,-
0.5164356692805694,5.706637979942832,7.680795849750551,4.452726020334098,7.079313959791787,-
0.3602193613184067,5.51727157602328,10.0,3.063579972069568,4.126734640025435,+
4.135544821258968,3.23527292408372,3.9150092749411867,8.237246140355778,0.7361738550291941,-
5.039787320517867,4.898787613245205,4.224825582851872,10.0,0.7652372817167468,+
4.774594398038831,1.6023059664428174,5.486113941916302,4.8052987974535375,2.248610157556067,-
9.442830330835628,1.6696785489039792,10.0,5.546122945944299,2.266954567561968,+
0.6296062094569688,0.8675533298722071,2.726451206452581,8.282116481043232,7.6859329804384,+
0.35243838859192145,0.4831179026660854,0.2805895381169107,3.223340564394951,1.7669227147594344,-
9.185567043623351,1.18506313079906,2.320889925720998,1.924543149191733,6.447606662297671,+
3.2627218388654553,2.1702124824952516,4.358474747531297,3.0243886772246014,10.0,-
8.578934797495506,3.9050205346473166,4.6876973369495145,8.206856439795391,9.443978611887076,-
10.0,6.1343202482454915,9.154426026065133,10.0,10.0,+
1.1911341149117571,9.27777433145865,8.956496695522556,2.868947675289051,1.8196107586920973,+
1.2870435162864973,4.442936445697056,10.0,2.1106992265416515,0.8661768415621387,-
9.275484991332085,6.759871138475468,3.635908250061851,2.4354334453800917,2.2473002571411826,+
8.082668739517766,4.393712069877125,1.7687029562065295,1.9116597408242957,0.7269630682848665,-
7.720037440679359,1.976519095010596,9.396501531111333,0.018984940903111758,3.6819272307725273,-
9.547435989707209,3.762687494068696,10.0,0.023233410891216243,5.824083116905295,+
9.149552688389365,7.224634318817937,0.5526732712476279,0.08837237309398005,0.394620433989199,-
0.3715267755447121,3.5285848503104362,0.9991582164318978,0.16754585795052554,0.7139491677823483,+
4.164856738447224,1.2791077972710896,6.064248053185112,4.082655601691273,4.918908316720944,+
3.194783170539381,0.8622534162261448,2.789099789356745,3.1241399283971,3.853666540651494,-
0.34645152758032594,3.634693409551042,2.999405183681602,5.177321696627958,1.4598625641278062,+
0.6858739373209495,6.04394428681812,4.311766202532393,4.914472942481675,1.700832265992076,-
9.731162763360095,4.077114428921727,7.298498867347114,5.445500912290619,0.3238272957554511,-
10.0,0.439861232863746,6.430102719945968,0.2466415130903219,0.29663711945282184,+
0.6643755285751507,6.057592858896785,1.167736887601175,3.2261906342858646,8.298538907215432,+
0.17326715046460298,7.2595217581405285,0.03344950397269869,1.8234335542664022,10.0,-
9.23788126405613,4.576815483484581,1.7272042082376582,2.7458090102500265,3.9050164277097243,-
2.9046557995312328,3.689501835175662,1.8537417438632569,1.5652304093885467,2.1976372485104245,+
7.883590231776342,3.9289297211841987,2.080316927163718,8.165783797026611,0.13235450123725512,+
10.0,5.568442224231486,0.7573970462578651,2.9069470691518453,0.058260783448210465,-
2.6619582780523086,0.5125063772210259,1.8462437529237652,6.012572138385619,3.710920179831856,-
4.817866719626394,0.7542553864174524,3.0291268041777517,7.746579003509967,3.7727495569624727,+
7.207856409935038,8.632281948884486,9.31203628919249,9.030400814523125,0.4852776744717846,+
2.8287204223333395,10.0,10.0,10.0,0.4915008183345481,-
9.742145708312663,6.2494434152053415,6.220200212536296,0.6878835263688443,7.501436745264099,-
10.0,5.046472178210798,10.0,0.17575624603765294,10.0,+
3.844052149551379,3.107164179359784,9.861560698097763,0.9755064450776274,2.667832584197627,+
6.389658093101542,4.076359751508412,1.3373850681408468,1.9193478592765612,3.390582965922166,-
7.425932247494405,1.0052264985699177,5.053791589195261,9.692177828065674,5.84980447137649,-
10.0,0.5618414241312158,7.912479764745313,6.6874610783491715,10.0,+
3.848237939746003,0.8880322921723549,9.45008957148044,7.569941530076841,4.845040407632638,-
7.051776585233857,0.09563144706774264,10.0,10.0,0.7909096694046787,+
0.07273952988168131,7.447321361873247,9.718252151987876,8.625357334531161,3.330615474616808,-
0.054178438527291574,10.0,1.9778999105991102,6.121611735592922,1.5033774894385399,+
0.3087669685385852,6.807176741580575,0.14371512764683292,0.5816688297919903,6.294297417452004,-
0.39035582893052645,7.588599958700547,0.1275959407252785,0.8731906855132248,0.8510011790282763,+
1.2121029773816816,9.99090464399565,4.870128694665322,2.633030657139562,3.555917907485541,+
0.07180210475611071,10.0,4.603548943043109,3.893164847903849,3.323193764787244,-
4.748225474276941,2.4390449950730932,0.7922628737298221,1.917620925229886,3.4015590321349154,+
0.9606668273274257,1.4959018417724324,0.5807131870527248,0.7954723898763342,2.4147517694444818,-
6.552936747313385,7.230165592016949,1.6357265025230383,8.560191349063972,2.9019931903072393,-
4.01673125593095,1.825347010217007,1.2695029080974376,9.238522746592187,2.881893170188439,+
8.068479934215363,7.7806092980474,2.9969052743667737,6.712422963882507,1.674974094580629,+
2.0953184229318977,0.9063245728293153,2.9325935123304165,1.26058247503442,1.0890598363695283,-
5.746270196769874,1.6936916046367245,7.189054082819294,2.4038106307063103,6.701272361839772,+
0.3934734703763512,0.6857610195438488,5.6375853317288245,1.3874024459573118,2.051416446164138,-
4.917995468571946,2.108011826831535,3.95609926630038,7.170675612806755,3.9581311101264536,+
2.9247280507403937,0.12152797720224355,0.9328326245128917,4.546228675518446,3.529220111173386,-
5.475487084688677,9.25893711932461,5.693784318776018,3.2052526825377514,4.503448624763894,+
10.0,10.0,10.0,4.144932270013352,3.0080081005657258,-
3.989322527757876,0.6589345476638031,5.659909887611525,4.0530711470090175,8.20819173734633,+
0.3197987033730846,0.3347305059830992,5.9870283217154885,2.808805912995762,10.0,-
6.422752934076178,2.725073600312393,2.2068172787965326,5.6105754989778855,2.3980587666431106,+
0.2573849786029772,2.891837254617093,2.27150377421967,10.0,3.3395698836467305,-
3.5409443482414806,3.5393411035026356,5.08418305645497,2.6305563378056194,1.9404544757971487,-
1.2836092966732349,1.307030026960657,7.699272485488431,2.8033570244125827,2.0125597235437094,+
0.42026797950304173,6.118784657165783,9.96200351150357,8.976672700779215,5.16759352552025,-
0.4934689621440179,10.0,10.0,10.0,6.0448057546346945,+
2.8467965344753656,4.172227166214169,0.29907195193278224,0.30644443892248074,4.667323827720132,+
0.27857552185744283,7.400380840629637,0.20961486092444317,0.0372092062106757,5.4828308067893525,-
0.1352174921260496,9.668508838245009,5.295064381795214,6.346701388337066,6.321154696860206,-
0.05047112031700565,4.913745839970217,6.591674519439258,10.0,7.30433601684514,+
3.9234352571655826,0.6612950127608419,7.323638869418069,1.2200103113069805,7.104342019353103,+
3.062234770339871,0.43385952489047735,2.6989082934560558,1.5359212711302082,10.0,-
3.936683073873292,2.397897059810804,2.2846181071489546,2.6934860060617902,2.893302579572845,+
4.153967383746837,4.257514227989943,2.32720229451447,2.9756592862948783,1.4800436773154562,-
3.4652599587778052,2.1229805901201715,5.496670982301941,4.079738516229879,8.806950275166258,-
4.551058179935123,3.925230612825431,9.189839440648496,5.064240217822627,9.64978877454796,+
0.8358100435305782,4.150044217169709,6.704349861757218,7.019473200526331,4.864531271598715,-
0.020720375799543136,0.6161303717576482,2.091977505791118,9.56438109453697,3.094632135568305,+
7.30978243890375,6.500265906705485,9.126569848354977,9.246293738849655,3.118987784844016,-
6.60526838198921,1.0141129196349883,3.4881806406372107,7.087000263787706,3.6045531243155677,+
0.0749393649384622,7.1759511631916615,2.1627671318401296,0.8884668360856418,9.564187757297871,+
0.008604560464884049,5.186676555935739,0.4204716372290714,0.33756112140387345,0.43392988315845366,-
6.167256372233425,1.6450369530278297,2.8159867294668386,8.450918083667986,6.53022969329273,+
0.7738349497086778,3.1332039506680047,4.707914643019159,8.720713726330448,9.746246102450499,-
8.042918036917785,7.250074834700017,6.748513229708232,7.725735775947672,7.096998358778624,+
4.8795829763745475,7.0738858197631,0.9148456161765024,1.8463800083598048,2.212196212859716,-
2.4314194908131928,2.2874704034269855,7.206037596978482,2.7649697632420733,3.387550034125344,+
2.9941953247852098,2.4517200897880036,6.362285046717284,3.9170884654782125,4.984033693393016,-
2.794368854721012,4.691531924978982,2.63007173255845,2.621997182706407,2.9111534920959903,-
4.361190146086112,5.544561539365768,4.389586749325086,3.35025844937039,4.751002681667545,+
4.091609566758149,9.583015378567424,8.289016092902427,5.620538783072821,0.682036324455243,+
3.8259512558323916,7.686251496480753,4.370737329472888,5.306101249517213,0.03766149132506368,-
0.1570783197653336,0.6504723952596081,0.41176131694335205,4.46190090206425,1.2949605924232332,-
0.098597313012593,0.2279105435537846,0.28223387595252647,7.327730735875828,0.9272300132865238,+
1.949416587419187,2.410476185039662,2.5738423790572207,0.9007145158302632,8.477149115684021,+
0.7300585903246256,1.2688466235788665,2.3081920915066068,0.8102912820239521,6.021259252608365,-
7.836508079888488,5.220184687041444,0.4533678756677406,3.687762753349717,4.032374008581038,+
4.596869817179699,6.351392068589141,0.6876333199438254,6.003485349480563,6.742040348542764,-
6.644263733453007,7.036036235496939,8.468460420245997,9.187118954294428,4.843714801113084,+
1.6335321657949282,7.008848702645787,3.056994885362549,10.0,9.524866772938893,-
1.0248119521448773,8.08040028682958,8.942271103445979,6.244185267033114,7.381763887932873,+
0.9930451046715154,2.1802744623252823,10.0,5.272666116734208,10.0,-
8.613622933983088,1.7830749371750299,5.110209903198205,3.7687481421045534,2.5150516820526247,+
8.411878169291885,1.5212472070763376,5.001063714731167,0.36806639698532917,0.4586949784987344,-
7.262968390107348,8.772070350620586,8.8094594984258,7.533380118149262,3.5462408654110114,-
10.0,10.0,10.0,8.4542568376371,3.8005450977418263,+
6.413246405469924,8.453623723232175,0.8388420655617579,6.0225419677547976,7.551990749883447,-
3.5290782642781777,10.0,1.256556315388543,1.0878923813092571,9.829233894437145,+
4.32300071718241,3.9905608734659226,0.36204758834078365,2.3343028408760356,4.25260786217223,-
4.664031359354269,2.0754182652836954,0.5012874143449666,3.144216050013154,1.394710300695491,+
9.235471147569879,1.942036537640034,3.92037265956085,0.7946451104882901,8.199565208910428,-
10.0,3.868225457851286,0.7926919998960583,0.3226509256996703,10.0,+
7.830950295290943,4.898306054577782,3.191954039725408,7.68760058216306,6.8548107124435464,-
6.856540623008608,6.861671481906754,6.170364015046254,9.697742540936853,5.3459703911115115,+
3.06109330142133,9.085606769948686,4.457905015869033,9.880426249903662,1.965665682690313,+
0.46742729288020823,4.595708500689425,0.9006038755514082,2.430020688544285,0.8061315618208624,-
5.574658348729319,6.817458814452934,5.631049425050486,0.26912321506732284,3.0071822248210966,-
2.353291124993194,5.847966163919983,0.6123992178211082,0.29467429336184453,1.6388443872835023,+
1.8008173774931013,4.7688133306823675,2.6875116699742243,8.768358246566631,3.412725800148053,-
0.31850639762875493,8.451389172577349,0.786709442458827,10.0,5.0021847448451044,+
0.5869010167202682,3.2004097239735287,5.774719070175558,2.75826522524628,1.7686892556987865,-
0.9073899731167259,0.4720324389855237,10.0,4.471820394032759,0.29627163381758653,+
