4.634962831340225,8.062157318803362,4.578318720523632,0.20092575994909323,4.151865214148098,+
3.7875892910177753,2.0526811667981426,2.500201417797109,0.010901051298716399,3.117359765822129,-
2.4695825003812386,4.778825671093701,5.245885450194504,7.582644066263614,5.008455021074894,-
3.4898856735337134,7.639272259024019,6.856480439151214,10.0,7.02969532670896,+
5.9364152116491375,9.212788286511874,0.43384086397075694,8.049657007853536,0.661215874413088,-
2.2698871202778665,10.0,0.3663917899333679,10.0,1.255259479749686,+
5.9896429295614535,3.3694863229455385,6.249222004331906,0.13407059698436918,3.036035594393478,+
2.4469011758877346,3.3140668771252546,2.6151720092913826,0.03705100866341936,2.643176172149664,-
1.8442483308210667,5.307563693166058,9.788941609012182,6.454549274202175,9.435156413443247,+
3.6783478990486875,9.852214094959285,10.0,8.489393390977229,4.872513581290807,-
9.580691393812508,2.600813746110485,5.831876979863294,8.776867934245969,6.248731459105973,-
9.51393740749364,2.9443607110197294,10.0,10.0,0.5172594018750839,+
2.5129374216066322,7.172014120321104,0.09287144891801269,4.21379166508978,0.522789102788983,+
2.3763700644337358,2.998042543889704,0.048618392323474896,2.243838286245009,0.4985415226687791,-
1.9958131822955794,5.716303265860308,2.455882487750709,1.2759727913553975,6.907409508589447,-
3.3882710085534438,6.168458128063694,3.173019928061931,1.781601271759199,10.0,+
6.716577139240043,0.6081457642615518,7.355629357406485,7.590656339087239,4.657772180822414,-
6.702390809096612,0.3775688681283227,10.0,10.0,8.179846686584138,+
9.612363161093327,0.20577918786823468,0.9626497397277456,6.8363113837475575,5.830675977447207,+
3.2607695629269986,0.11882734179182892,0.6341733986922161,6.623464148402074,0.04259175743372559,-
0.9899967831981771,8.035104781993128,4.376674581362764,3.4311419593141226,7.919316602647951,+
0.015733225812999282,7.35967125957377,1.6200199425760564,1.6725359454118798,2.0840079640088898,-
9.89432222629144,8.076296794443566,5.060727029100811,1.8056512114541923,6.520392961475664,-
0.18535970377258118,10.0,2.563588695914807,0.7196587138864589,4.915597647863402,+
3.972840526970262,7.912241260880643,8.717080761481098,9.037775344430575,2.8646436687258117,+
2.3645265166175813,6.179501551078646,8.34958956162969,0.3585064957221587,0.4919957118934082,-
2.2816682081003448,3.0856827634432547,3.9364117508027374,9.252164944992918,4.921345577380456,+
2.4272159879505097,6.148686085823581,4.130329392828469,10.0,1.3996230078765735,-
2.478429622551114,8.535660809110542,3.8869336643681365,3.149441309182035,0.5503477460104567,+
1.617255614699231,1.5177432660905263,1.5573652429775318,0.8828552642337989,0.057033253919358026,-
0.6464844244336121,0.9822829207599915,9.293130987169047,1.0671842019493405,1.1664019939373882,+
1.045733691983185,0.5768921377259068,9.187920705605462,1.0327700640990989,1.5377260327297517,-
0.5407516010702706,1.379314467798426,5.7018884597873365,8.380121024932544,1.366606779991042,-
0.029148196743393136,0.1916878143868196,7.501544819487719,10.0,1.7004681503538783,+
2.501540323917304,4.058170947792645,6.388012305891121,0.9182914270851339,6.582744711980641,-
4.892827711721386,6.7332872499630385,9.172595081265692,1.1517920710051788,10.0,+
5.362734558360646,6.233519075060556,0.31402244624373243,5.248783415088808,8.026955216781765,+
8.271441040364913,8.293552018125217,0.148849158758485,6.297989917561527,10.0,-
5.955776658181154,9.367852544185086,1.9386744237546794,6.1210074471101645,1.7572874183298737,+
10.0,10.0,2.8637590131269315,7.70704772165026,0.12459404782661415,-
5.808940661395768,3.259477170801178,3.422434806671496,3.6583769120190612,7.729784167751394,-
2.877490307823903,2.5741298228552396,1.8918269255971998,4.423683715482696,5.116071741951162,+
7.794893233911411,5.1881968581443525,0.4722111235921511,1.3569421103940893,6.310280744366349,-
10.0,10.0,0.4831045992773538,2.42824971748006,10.0,+
9.18944131397065,9.781746364018568,7.367795570871317,3.77174463327819,1.9841679497137665,-
5.238365219046145,3.112871704521144,1.0462301224174726,0.056249498733289306,3.004354515603028,+
3.27243409940242,8.902839829201172,4.252487497841938,4.281506375840686,7.455276556057411,-
4.235513832194452,10.0,7.836036990186226,5.668712058706002,9.656060547651553,+
0.7242104692282136,2.8421305912285155,1.2863310807670192,3.9509053844865782,3.590019468488883,+
1.4139367609942373,4.019513191876765,1.6849890929891227,3.972043154077955,3.5608200723601464,-
0.32008409142600946,5.070615929516547,2.5090792821063177,6.264102195319606,2.158157025815438,-
0.13451247705609984,4.252168031957127,4.239416618898262,10.0,2.9590618516363607,+
8.631926943981558,9.79762292719777,0.5804232296758582,8.119407080720688,6.296123809051098,-
10.0,10.0,0.21983520167231907,6.187481063944171,8.268609422085825,+
0.2565180603636297,2.89338251510159,7.995990116614409,0.9044890831861707,1.362014750385131,-
0.45647728568862966,4.288570260195057,10.0,1.2359230910032029,1.8424232150598936,+
3.514670368009237,1.4560307245767101,5.45349037781956,8.947808368557652,4.1168385340554545,+
3.2556731627780016,0.7435422275196741,1.438524528638054,5.212122020312299,3.088496463229667,-
5.377597123807645,0.18457120704497898,0.5320530648144961,6.478432047166011,1.7172627890576775,+
1.634292261526246,0.0347704847892505,0.0954182163663589,7.624801466062157,2.7573469117074025,-
1.0119368605040513,5.396611819848624,8.814957084525439,1.2986955119422805,2.6065639449453384,-
1.8220044577325978,9.611563663890209,9.35715509591234,1.7075440245168978,3.070221151239968,+
8.674673699442009,2.4330070808789896,0.42671304516863184,2.061464543017655,6.477611500083076,+
6.693950833776597,1.0977785896830061,0.1352591671641408,1.639906452515041,5.837805279560256,-
2.1410488498452773,0.5876095111477386,2.1360819577942425,4.496844836104012,4.851033604261776,-
2.2381756476852757,0.2517134002211908,2.06872831466435,3.233164855529549,2.538993466131962,+
4.762268541073799,8.466925319133054,5.974569156606852,9.381027060553416,6.858898560094922,-
1.8946493996381737,9.961816361570675,5.302791460762103,4.341151381636365,1.16212451791208,+
9.288506295657813,4.310383797022873,4.575205416514882,3.278853319819995,5.660673250118236,-
3.5355427197973834,4.047040355873287,6.1805106860065475,5.641353987091716,10.0,+
6.289878174198719,8.511408899744504,8.28497598770139,3.2158369900809047,3.9022926287563164,+
0.16435203610990168,9.973847140151435,6.386374027431865,0.422644847968301,5.826533930086724,-
5.0800734092710185,7.453319359391326,1.457933334810938,9.90820023343823,0.10682890852738991,-
4.857328902043661,10.0,2.2898180141208804,1.665681123563887,0.1362650781002784,+
1.3875059436325399,7.0078456703378365,4.859775764989362,1.0059042218652614,7.523952316212535,-
1.487200973089539,10.0,7.212318036610006,1.7477475117716954,10.0,+
9.085430429214325,7.993106099894364,6.225380722369266,7.925292582159955,9.049206120771363,-
6.546959107518341,8.056947767674592,1.0910966098544512,10.0,10.0,+
9.613848769919933,5.824204880335833,5.197780396198968,4.354577149008958,9.3938687409241,+
7.121047022924029,3.031908489771755,2.591064424046957,0.7859767019690356,1.5531990413121584,-
8.898541622387132,9.242959551022224,0.9421924268937498,1.7595066158409989,0.11996130259464444,+
7.91285912562137,0.7293467044417259,0.5120654278438191,0.9701035695721113,0.10909582140250705,-
4.130227171819891,1.7939704393664968,9.481315105865722,9.465275872039689,2.5920436052070093,+
6.5031595997816,2.5085841154430066,5.295221066631697,6.354973179619053,1.0613122201765832,-
8.955313213087718,5.673981862951882,4.277393614766908,1.1256093065223138,7.648571725451028,+
10.0,3.6457277871316514,8.183812911324598,0.22745869898804974,7.639674808931531,-
9.939568306813987,8.078777278167227,5.757406989861544,7.935041777333929,9.28471313454147,+
1.7149837440797955,5.300616035396557,0.9312519975994688,6.330235303851483,0.774133104758793,-
5.034004525875955,2.5670095635102887,7.391254248318249,6.706615401639292,3.733463850422618,-
2.537846168692541,2.969009325342155,6.1057659905441,2.768037588638731,1.6050153132440639,+
6.977121568590697,8.540603330580073,4.398875609971006,5.806404971248051,8.753719055269551,-
10.0,8.61768366554798,8.669036272234598,9.430806555580908,8.813648524564213,+
8.307417916514213,0.07055169827412278,2.6212570568611024,5.588005854309528,5.60832660938492,-
10.0,0.0861573285533606,1.6452742114682446,3.3278681546134026,7.582132912857896,+
4.9210975992904915,4.169234503754092,6.052631529744339,6.024923269614692,2.962965444539382,+
4.978721736736836,5.171139523576723,1.148198625368412,6.685802373001717,5.393279747394494,-
1.7585733532274783,0.6498062645647162,4.330275176133488,7.587172501978684,7.468888993326692,-
2.53387950129953,1.0103837568805971,5.094541261572344,9.989729262075125,9.898483959356225,+
6.42342282528236,8.462663358681134,9.121076479279818,7.688296381413508,7.848176072410039,-
2.9317235606125807,10.0,6.19745149029816,2.4719958848572605,0.8811155311912175,+
4.6347883000117225,3.7342738562208675,4.9042668575677215,7.109314917545236,6.913783974505821,+
8.82384313308437,6.599664292269348,7.520571345177778,6.204954553644112,10.0,-
6.28939705268842,4.962389625266681,9.482088722191182,0.1084682286231975,9.367158096575253,+
7.4506305652005285,2.6953908390391756,5.586878062621828,0.10692918527617781,10.0,-
4.335602709988233,8.238844542369064,2.5104654100921167,3.472379529135936,0.5987622991483577,+
5.297014056068367,4.429633782960285,0.5942528512192117,2.8414377067201775,1.1586004039020514,-
7.877445015677429,7.415661481509906,9.9787647567731,2.4913962945533195,7.830353988508877,+
1.0777593180917333,7.249783688193058,0.7407261296520236,0.8238631392324183,7.235820911676235,-
1.9294478034082918,8.882602937434218,2.7342491042691766,0.0961059618458393,3.283454990310956,+
2.3950025607924696,0.8084167409425547,0.46338844086631464,0.09546659090742847,4.464674745965689,-
4.547052571944777,7.279145582379868,7.123251438949127,7.994116124463711,6.846892093936642,+
5.026392085540359,10.0,10.0,10.0,2.396264499860636,-
4.4648619579236435,7.651768552735184,0.5151604862164105,3.6271462500093676,8.002151722593373,-
4.544717457353683,10.0,0.7417051218072034,4.2784903607773295,10.0,+
9.644177818947133,1.7355668933270751,6.099559887745274,3.9774486579708155,9.121340008112313,+
10.0,0.571136692059783,10.0,4.775542194299093,9.370823854085524,-
6.326312532983119,5.569146051254363,4.065854880023631,0.6398464131660675,7.007750626773261,+
9.240903098688563,9.035463760024198,7.733438195530913,0.29853993484724256,7.430703319819187,-
3.6838705563482455,9.52217104791376,9.69396827201786,8.425272766915214,5.303329153262912,-
4.777141630719031,10.0,10.0,10.0,9.688907271375012,+
3.4010337745893704,4.481280800921811,8.358532150276119,5.350804756118219,0.4488085154391708,+
2.2971586092862704,0.2559356790071882,6.087038530425197,3.6273615309569136,0.1854104661810145,-
8.72804305354977,3.288888243321555,4.712539490957966,2.387726786369866,1.1504028827575319,-
10.0,4.510766448521609,4.9748707484512495,2.580557979787329,1.3155021514074854,+
6.641094712727545,9.422615427755932,1.2668285658919165,6.298904735423557,1.2157238447280816,+
0.30705060225584924,10.0,0.9648997085440174,10.0,0.33454180457123084,-
7.100619081459038,4.011117685648289,1.0523362457664553,3.295655677463695,9.624026063991064,-
5.243220128480609,2.930160023799359,0.041055744141790425,0.745190704275616,10.0,+
1.2195264333611044,1.7210599920957992,9.928634685023646,7.356175732172795,0.010542442587796463,-
2.145661200845903,1.7363537118937418,10.0,8.338091366248678,0.018224050955518555,+
6.751337162276638,4.666374593182612,0.7868568409751853,0.5365203330006041,7.044552448374005,-
10.0,6.970612016004473,0.8980473914751965,0.8441945008267762,10.0,+
9.843282124750587,1.2149739945673965,1.69381796166444,9.420537414207354,4.457153317016869,+
3.712069264502784,1.3313411479208108,2.2786170635688685,10.0,7.806786169777981,-
3.837743614597955,5.490648032950494,4.12813831845856,2.341441731230641,0.05472187334496503,-
0.4703613286731378,7.2267471157631515,1.2221517820221375,3.9095116220056907,0.09203913422737048,+
3.3493278269814244,8.117244210956873,2.8082420912422643,0.5222705119227877,9.287475662492625,+
3.741497171520673,10.0,4.33705499610123,0.40018067687721215,10.0,-
2.1634957228263083,7.633956809612316,7.840201362586324,0.06641401783330614,2.9085750968520285,-
1.8219958463783532,9.706421804277394,10.0,0.06063782759972112,5.754060668790824,+
7.654046148703263,8.803124845385858,4.492434110794941,1.1689040254095484,0.6220882594173782,-
2.834056652385541,4.744830353107343,1.194185034275425,1.4792467652714423,0.3601104660685831,+
5.459528484600522,8.127407626712918,7.977949527818215,2.321080119706165,0.9907732769278599,+
4.7026197090801105,0.3576295460755105,6.768285980839484,0.5615513841896307,0.9842499362534954,-
9.777064525345484,3.6412388619439486,0.9694530524971046,5.639331729067514,7.197128887783048,+
1.1595241395092073,5.140015474322415,1.5703469072132494,10.0,10.0,-
1.494518943894202,0.3786544361719357,9.203654374730258,2.072077884547144,8.883104888654893,+
2.3881161391496426,0.5883090110134033,4.529161267284282,2.7115406372457165,9.775187357424516,-
1.0866626304508953,8.63079595466751,1.981405768465171,0.6570653917456704,9.169097620689856,+
0.1654477272402013,7.150882614863495,0.7204454016919672,0.6550554083753611,5.218754246077837,-
2.806507737275914,3.847565860925962,1.2471191613429877,0.6429477793325677,8.688409665904489,-
4.8617397637362165,0.5106815747630676,0.1335819664106411,1.2558441959519246,10.0,+
7.126537508067338,6.729671670133657,8.447161885158735,5.055104689179052,2.944566563710965,+
4.476013837426883,1.5864950934792523,0.22141491201820704,3.299934207887589,0.3563443911858784,-
0.5680387325211433,8.186199660460478,1.1477408820961355,1.776965178192914,9.361697639538912,+
0.027502253444815383,2.6557524896479783,1.0340067403402542,1.3497826349647357,0.7287994006537942,-
3.327107534764746,9.386099094556577,9.252495928122649,8.05981080563784,9.857832034579333,+
5.551094825182809,9.91728746190303,10.0,0.6073753676538619,10.0,-
3.5245383355719184,8.366965035708496,9.581795740508657,3.716947119031034,8.864259559069243,-
0.10426808022247809,0.7677782155673089,9.016087523164979,2.1425843967507747,10.0,+
4.263700863162173,4.835820081073522,9.104329511354731,9.214204472695425,6.567593980798896,-
8.245881966806328,5.140645329705254,10.0,7.5104427667456966,5.344591004771837,+
5.308564672602554,1.6302451251956607,6.012849714083872,8.536960346393784,5.006429847405693,-
1.0219867932351003,2.1712061487412204,9.118276945256868,2.589530569728899,6.53219224004045,+
3.999070909399396,7.791775626279546,5.911257980473232,1.5555282810929438,2.0792065576065646,-
2.669365367768379,7.66907224098966,0.5684329495458476,2.832513404363583,1.7653457608773406,+
7.293670917067493,3.22828352421305,2.9729061295569723,9.49386306366294,5.70802697622261,-
10.0,2.189821226200884,1.157836632767392,10.0,9.964904572669557,+
2.3472198515111034,3.8327681413227355,3.6728884938789284,8.371529665727278,9.66454355516364,+
0.4846043095848454,5.755829831468146,3.947101616478345,2.0720761782683286,6.17585521366556,-
4.832315864956285,1.0791609150233594,7.839498305096856,1.3217072187891055,3.3099834447719956,-
7.6086429840775285,0.0014074948327189672,3.340575808687833,0.2872994967811506,0.7827900474009276,+
7.36222817920088,0.762718302235943,9.774416821879583,4.941808995705727,4.1711478204178345,+
5.933234236621636,1.2883367908500976,10.0,4.920283715347901,4.019516328757537,-
6.598298236749768,1.2390988831560812,1.4665968810861818,4.85332153229871,9.749522354959065,+
10.0,2.3223897391713604,1.4835247913000216,2.144395335928504,10.0,-
2.392500132803763,4.133603858095975,0.8502482967466518,9.590403071304964,5.178005689574069,-
1.9306001441701264,7.3607525221115875,0.9747476445556664,10.0,1.485578059783944,+
8.450126448851744,3.4290325396944743,4.101944535682755,8.822940737668498,4.229048350732228,-
10.0,5.188841816768003,5.3553960775751435,10.0,5.395372640938528,+
3.145206453214011,6.096220931654885,4.783720900755897,4.983412640529673,0.2738960581316774,-
1.3379452068376836,4.246899460840742,5.977214093214662,2.774172588681366,0.044634631191963405,+
3.828281332751323,1.1947769689645704,8.41645227469037,2.768244731752103,0.2439228817454031,-
1.841172956949841,0.44281917127693554,5.066778815424958,3.399973252661987,0.14550173980419323,+
3.8446375627693286,2.464243261147457,2.4222958309428355,5.611465403930124,3.186997991492958,+
5.830458508683954,3.7054749594359535,1.9632341732294958,10.0,4.544479799885092,-
2.8304551754223137,6.05263360447022,5.447400298914246,1.2151418295975047,8.683206728697101,+
1.225092499059163,5.886976814834556,0.9584867576943034,0.20731605629818484,1.2339096930472162,-
9.493530464992318,2.186400246775133,7.455458281021141,1.9572000247900767,3.9651636543967306,-
10.0,3.5555146817856484,10.0,3.9040754438583822,6.1161107836345625,+
2.589861081611203,7.677534544237348,5.829968330790626,3.66405567305209,7.191265257167964,+
0.8354117758261871,0.8803022219901062,4.079735100412858,2.177994267709657,0.016396840782288036,-
8.388105548781065,2.8324119492724287,6.383511785191765,4.00018992677866,0.9609137669132617,+
7.336040560587037,1.8417882376951726,6.194416861209255,2.392872699174334,0.13396534122868134,-
1.1472208632277947,7.233118429260222,1.0496243873249944,2.5068279356180225,8.532824344538058,+
0.8923944113544945,8.623448781941429,0.6729030895918998,0.39370612063034277,10.0,-
0.821995749524147,1.0740979369695103,3.462053412991791,9.799412392745916,6.127806952909847,-
0.10268101916066083,0.9986599662149926,1.2028539168269878,10.0,1.7980398575452257,+
3.7204378187823064,5.400091800912117,6.334402440272973,8.78607829711555,6.857739134039921,+
0.17113248558178495,1.1898624234248025,9.111189226972307,6.200547943519376,10.0,-
2.808048445696288,1.7173654064792465,7.34687081707447,7.000562234651467,2.5337691700735765,+
2.688847502597222,1.534454364765197,2.0405799000821623,3.635411765705055,2.31276791216881,-
9.471772153011393,1.063535999190619,0.9685317109797065,7.817391755849192,2.347535502504506,+
10.0,0.6003983249046778,0.6115374665478014,10.0,0.46618860867889916,-
1.1592825341859825,1.421197367537832,5.272683544916928,3.703926109272373,9.68002975115104,+
1.7893791724295345,0.2824373756129763,1.1160023662339293,1.725140488628282,10.0,-
3.680177039589798,5.134985203561941,7.52977595799837,4.627345600311733,2.2543151563673627,-
6.94493745803817,2.1689330454094717,4.232114159940467,8.433505143795736,3.7954701409375278,+
6.2120083126169146,2.6561639245493804,1.1986328927167256,2.674118962176303,1.5668077520294532,+
9.978958931879907,3.921979332224431,2.369995151207726,2.8708500540331823,0.16809079021228693,-
7.278398683441924,4.750744929026684,6.666922170610903,7.846459268294225,4.8963980057205445,+
5.4191801179296135,3.0513312525939575,3.6968185180688007,7.089560771549404,3.522251348129314,-
4.056688416748163,4.500474899812751,5.390703395296224,1.4149226624866351,8.883940918804313,+
3.556587625677313,6.393669041684787,1.4933630695007112,2.097290496603896,1.2312315031309278,-
2.221554666895722,1.040688730108219,1.806766809407121,0.8986754642704575,9.999009584125375,-
3.6920016684284254,0.6376372294284992,2.2032973092559573,1.323820053148361,2.95263994399898,+
6.179241653430311,3.160793578232054,9.47400257717926,3.155022745814856,2.7141464221669906,-
5.888566864419845,1.88608707075701,8.467088813005656,4.07022276718555,1.1805153970405515,+
3.4848802560505057,8.868965530188024,2.991913728927875,7.500874983872387,5.563840162699587,+
6.435123729536813,2.0375272425121507,4.5604234158111705,10.0,8.70355275653847,-
1.4766301402276316,3.1136918519271806,8.203540172710175,9.249595194133587,2.4252668106891226,-
2.1242384013117577,0.8082641535335985,5.032150914287978,10.0,3.871267984343081,+
2.7508336170296275,1.6268456501859652,7.458857389393623,1.5179815856108791,9.688298820212855,+
1.184777862398769,0.7583025352871798,0.5602546627948531,0.6483122189493962,8.727850390305665,-
6.590029710569355,0.6518827120579118,3.455928112433874,5.033280745569817,7.8603075534292985,+
4.806263805774751,0.4821737543294308,5.959769546423716,6.211872515311118,1.5675707547328908,-
6.716053288743482,9.036504383864472,0.2989619820538836,9.792599312300345,6.463778558710959,+
5.617907988170516,3.009120939491235,0.09552626174675735,9.056563524429729,2.869146931537747,-
3.937582045875608,4.616403599837282,5.9286754792232745,9.817588001963554,6.1161151549492025,-
0.20676200724022564,3.9932479071193088,2.8202873198951925,2.7510497602652983,6.2039497586317705,+
3.54257401633727,6.658584520007132,8.633924574191798,4.7819349850969495,9.563131202022522,+
0.9062367927471996,6.544518597592344,4.99267009621934,2.9555175465747734,4.001579583248015,-
7.273419607374775,2.2765462485946033,6.092941907644203,5.366312506624526,4.64582330210126,-
8.826490386820465,4.29384721538677,8.502856581157932,8.703520426496054,6.626129218199537,+
9.262527634009984,1.810443033901541,3.4201392672937567,0.02182407509886075,4.990555949381377,+
5.944755567832684,0.4824039128741005,2.4199398227026303,0.005296946099627059,4.680966413184025,-
6.257835877295013,4.2381452528816075,6.4209528017252735,6.376581332423925,8.275848947923963,-
1.1742986939886468,2.9839549621558237,10.0,10.0,10.0,+
9.703837136907884,0.8744648474664063,5.211022293633732,7.8352033109401305,5.524401490386715,+
10.0,0.6217352450838967,3.8697517803593313,0.21332486087906002,7.343972017450546,-
7.983642389257312,8.589376798972639,0.7876244673268051,5.811663372700661,7.990688755493485,-
8.343903131042408,10.0,1.256700438136501,7.954020735741877,10.0,+
6.830948184828914,5.218702287468664,0.5976564858735034,3.846003625454917,2.3138778491858316,-
0.07913117498889646,6.437767662892509,0.4664550621519067,0.22390380501754847,1.5088795314388819,+
6.34511198159502,4.300265890856956,9.366369802004234,9.268259345478075,0.32686692555951025,+
0.35487398569368306,4.397547794867991,10.0,10.0,0.5828901841154654,-
4.3332527530549525,0.2575917328806687,2.445251094056613,5.759227284690153,0.41173673970104296,+
4.989574253468635,0.27464114272742174,3.0067528078073003,6.38962337146569,0.4042786458831728,-
0.9047936409801427,1.0954027345133732,2.897954229875681,7.112292804175225,1.6843064322974388,+
1.46151760427712,0.630183809657652,1.0279072430354683,7.303974409257987,0.7525803737115733,-
1.5335403730375174,4.6134330655229325,8.702368386754706,1.7156687866362552,9.93365559728769,+
1.5658034867627886,1.3259837846395868,6.122612210340449,0.9621585021024185,10.0,-
8.117374551983023,4.858701016523041,5.59464961985702,3.224894405942184,7.051209348922402,-
10.0,7.277475532308874,10.0,4.712208087045168,10.0,+
7.54283477910998,9.233195071791666,2.18421385930639,8.263032861866003,7.565608442578643,-
0.542816108688237,6.823056139298603,1.6599370396310642,5.12845683104258,10.0,+
7.48089018759636,7.71070965918217,5.753554759011602,0.6962299386676363,8.878635296263361,+
5.466834281020452,10.0,5.621426957647341,0.21360706456129297,10.0,-
4.774084033200568,7.844267838407706,4.516844624104788,6.181534069897684,4.682943769865124,-
5.747772046541977,10.0,7.154084358319247,8.605802335788878,4.698811474525362,+
5.097606685352459,8.573952534534467,2.9042252996816442,0.7971460961263133,2.9004566414056407,+
3.9603285045775127,1.488086649462684,0.18493827549993622,0.11280894726215296,1.2157010096078957,-
2.61602590279721,2.3001186584862254,5.192169332585985,8.539614370676052,9.431243150232257,+
0.8470096088410243,0.6202383731076281,2.190089220308806,1.406786732491986,5.495986243712397,-
7.305027338520031,4.676861867209833,0.37788803921296354,5.534311763642005,9.794470292865965,+
9.630028440436027,0.5686613940550141,0.062116929196226994,3.7845065182402564,10.0,-
0.7158136774568125,6.835852833092271,8.874683461733198,4.683755664210131,4.118720160866934,+
0.868244416273258,6.115380994518152,10.0,0.8347499916009055,2.925288590012531,-
9.604391332927692,9.964392673185534,5.281641722633413,7.563609747739354,6.005125083301276,-
10.0,9.258907854102684,3.947526894514197,8.660329515410965,10.0,+
2.157622054816468,8.680507954095656,3.362058063044293,4.40554009716736,1.221706709799013,-
3.7562020186698506,10.0,6.303165954853452,5.672385137009041,2.0942119218153654,+
6.908326121918954,0.9516195108195302,6.535656663764971,2.4308385064837132,2.319886197428551,+
5.08570123812761,1.7656100149924405,10.0,0.4605899451406853,2.14288919196315,-
4.961554001005418,7.151026042148044,5.34467558516188,8.881270456992919,0.4702464276419738,-
3.121030938375775,0.7333613855737798,4.655580993457649,9.54931007620872,0.13566501488113206,+
3.6361677755583752,3.111952049974276,4.143599391562491,8.95244626963639,6.705814816873921,-
5.425602063606513,3.132538301085424,7.786041624708308,10.0,10.0,+
3.3154324638273036,7.663637497188597,0.1833329205389378,0.940807724357674,1.7730081668805864,+
1.3283669255291335,2.6240299073103954,0.22032482053666866,1.1066955099989315,0.9914315275052075,-
0.961399398624162,7.83919509540436,1.6075997709043377,9.073574164856758,6.489291584181318,-
1.2715253592175706,9.967600195294263,2.165746477607734,10.0,10.0,+
8.47032688366075,0.20098558546545076,6.356840953281125,9.312051384830244,5.4733946783330945,+
6.025556678718994,0.34242821010179375,4.9353689506790746,2.7223514556281785,10.0,-
5.441580364000329,8.231160620224063,5.803308500116269,0.5422271350441477,8.387503360558755,+
0.4710405261562054,10.0,6.4091850134260016,0.6968725272133254,10.0,-
2.689928203057388,7.350976823816914,1.571594664283461,5.043579658481033,0.8025573036600764,-
3.5452842160849976,1.514790725301021,2.2316758031394532,9.576737096428648,0.2756167737069315,+
3.232138058319113,1.4165026374038003,3.6034379140016695,9.3779831536933,3.5799640611890493,-
6.193079110719149,2.4695473175169647,0.41680809469317953,6.9115988129127555,4.7584605610543464,+
7.914523419076302,8.850803654946478,7.353606211897934,6.2094960540399935,8.729927674566692,+
5.586414288459692,5.804409347337166,0.8929893707595765,1.9208218465254936,7.226773953397318,-
4.299431394310753,3.561696171838004,3.7005541763645344,2.9868231806457644,9.45328220753943,-
3.32711846524667,2.9002121308783733,3.8510354335660306,2.813723098906627,0.5623484555022914,+
6.055238789867939,4.482801281044518,3.294454187492505,8.439015621982069,7.985525597608504,-
10.0,1.110633028970961,6.510851294284069,10.0,7.09331919296713,+
3.6106499337663553,5.700401028608151,6.9876586911745555,1.4072086899361946,9.23495500071944,-
6.774828094016063,9.673266697237793,10.0,2.6988345291220095,10.0,+
9.838523176926353,2.6828126468870996,5.070571146307945,5.505222665589779,6.372118394100924,-
3.9989054013562813,1.2326909004776465,2.9728932088427,9.464782332570447,4.9659256106806335,+
0.4100896524383135,3.314690277784511,8.156117238999581,7.842919282293341,5.748597462463287,+
0.44665988941968393,3.191076322132168,8.672214021512195,10.0,10.0,-
8.420648141019399,6.756121636376982,5.133451546795733,6.95733353101713,4.214059156040435,+
10.0,2.3417469174275056,7.112661091231135,0.23052201435058273,4.114208653540818,-
4.394118750205855,9.845187445914018,4.193361706164107,4.106520220340849,9.92200184063307,-
6.375246119334596,10.0,5.138351613184246,7.496062947071072,10.0,+
4.407168858003779,0.29348252145723897,3.1923932726591877,8.323712957641206,0.9814430257872575,+
8.274138489200528,0.2776009531838805,0.3175817343183121,0.2516577895396547,1.0644370985354632,-
4.119393028700143,0.019225707427956706,4.1697162875634675,6.363790661941248,5.756271537480515,-
5.198597260385385,0.023993342306648274,6.95549319475236,9.034288688756966,8.740192443756372,+
3.891411666279465,5.41587073271625,7.2275562216793094,4.484420567830738,3.8101313427227845,-
6.312159147028839,7.965709075829482,10.0,1.0085325257355888,3.7161955570839496,+
7.904846543979201,0.7509838023645976,8.346916355860666,3.7292288106162355,1.0809392370677984,+
6.535452496087379,0.6062198447824895,1.807556764850898,3.413581196835719,1.0013989014953482,-
4.372639520529848,2.617235692543743,0.5087068957804863,8.986912889306103,8.631104494334082,-
5.579019736044763,4.777185470814441,0.605846734287198,10.0,10.0,+
9.971681163163073,2.677495886607276,7.643736161426721,9.893160542514076,0.8314791550078271,-
2.466176169865329,4.912309710201741,10.0,1.930853829655205,0.8825641996234564,+
2.7667438342973494,7.090222177917594,5.535852416750835,7.4827631107693096,4.084577971933353,-
0.578722639223821,2.1281328332575784,0.310198765085676,3.888927448266896,6.086526301150905,+
4.270003374317067,7.2767620951899525,0.43388512657269174,1.548698281165083,6.207979989118426,-
0.4523121216868817,9.933078264007275,0.7685149477941013,1.126496054007515,10.0,+
1.0337142292353352,3.0268185136845127,3.656045121758357,9.344199033864513,3.1216274621119435,-
0.8476253352979103,0.945539874543646,5.501945325475521,10.0,3.1723417511809524,+
6.172345771064912,6.266247947445205,3.651843800198953,8.823466696047868,7.835576128139307,+
2.8857417848983795,1.5685223159685,1.201594351562296,6.091589247455438,1.224818117520155,-
4.452686599428144,8.729927281947122,4.107716550479044,1.7078181832869588,1.7811066835780875,-
7.745263328090195,10.0,5.40952797716574,3.32480584964385,3.325645367321417,+
7.941084475088572,4.258379624754812,4.741950291364313,2.25051782742446,0.6909667232659322,+
10.0,0.08261337938471858,5.060253234253256,2.903131043507694,0.7381492070313791,-
7.304601992327133,1.2408174277319695,8.019725936427541,4.228331724909797,9.935565130506665,-
1.7808143986706704,2.3852689581775084,4.0788106639130435,0.033263921221026393,4.094031670678167,+
4.283212803682125,7.7549565649382926,6.549725822455125,7.980539459079427,5.260445583542843,+
8.410909140342678,2.4727757757677393,7.998260657213759,0.8837300948491903,1.0505336272998431,-
9.004499961170119,6.933277192880215,1.1385217531161684,6.682855593559881,4.023351539727255,-
10.0,10.0,1.221977785668074,10.0,7.089240793431232,+
9.917819849019354,3.5996044546360197,3.9150589889828558,4.285730068487635,7.008559959314589,-
5.104751871520007,3.710332775788235,6.659561458013474,0.7177056105060192,9.684483598875074,+
4.607990304036661,4.153871092963318,4.47830562829636,0.8780199286953372,6.527069267587095,+
6.807215591549839,5.008210821797253,0.986394386073199,0.3878554445981456,4.274287307758896,-
5.6537263368190285,3.5583456309502246,0.33132749293220964,0.6571841555660385,8.170373857530501,-
0.21863316073534875,4.685148064323836,0.11457610881245155,0.5790893232265427,7.861575896499197,+
8.312780462780532,9.252855829934765,9.628611250522578,5.599813572684157,0.3687210613067371,-
1.0463365908458246,10.0,10.0,5.513795480212546,0.7233650380775383,+
0.6565794468708785,7.415001219671837,9.963910437058402,6.209378676766702,0.04792217040816449,+
0.4412093341589389,1.6015061684085734,6.212234807082535,1.8190375319599679,0.00853666872446088,-
2.3179551983408206,2.1848037384601793,0.10486379138220592,8.73064454642289,4.879950482423348,-
1.4459826454811515,3.906769135156896,0.19377055339155985,4.614894601475253,7.510253977008392,+
6.644090888581359,8.205640925163474,9.994643912200074,1.1881111188295823,2.085240345749316,+
5.232769326717343,4.032740118271052,5.010561328571867,0.24373545002171826,1.8990035974003807,-
2.1339837566572664,3.9009748859293936,6.682300653979366,9.884767465339916,7.177027100160782,+
2.646147178113335,0.6539451823985061,4.2025386220806125,8.755887553969105,8.162970541784066,-
3.8334833095651257,7.77719653363707,3.690940341913681,0.6051455137489314,7.7916819455106054,+
7.016951352829052,3.9312709793766674,2.3610603202230585,0.7957407112263911,3.226188981325595,-
5.176131249991739,8.280938260690414,8.039805105516763,6.585498700413453,6.9444121658212445,-
1.0024045218273967,1.8682377731324202,9.830880473102726,4.741529054982362,0.9733088738547822,+
6.998202255018463,9.978190012024019,1.3149763157447147,5.111141608466122,3.1539501129645298,-
10.0,10.0,1.7299401282733828,8.341618823115304,4.4784057667413375,+
5.256067915402193,5.400130533346981,5.94890021260394,4.944821100327042,0.6494104526283573,+
2.916490723321321,0.570459317884259,3.1369389648134747,1.1023706104683055,0.3802442653056684,-
2.454881054478278,4.321322224865865,5.1892541234973155,3.5803575916200803,7.965303387508787,-
3.942473085995024,5.257684795390138,5.581166964971364,6.831066149615274,8.59869821668039,+
2.776544450804992,5.2415081489853454,7.1967056538233525,3.192303509691544,5.080944551208678,-
4.917699528938133,6.054251753606564,9.129979584937441,5.419563525670675,6.388097417203455,+
2.499691653700796,9.493565625470543,9.76355502295416,4.614655012176164,2.7523383036680626,+
1.2416586120104236,5.599869284675107,3.9486684125910667,3.569366420299834,0.9057001493729099,-
6.586934029875574,8.864375683559333,7.497148350978602,9.973217520929703,8.815600878036216,-
5.071711368166634,3.157202594868364,8.823752791879633,6.265274386686889,7.8995481119847,+
7.328091307605193,9.21167751644554,8.382098523990733,4.862214472223824,6.981446120926732,-
10.0,10.0,10.0,2.837362966915965,6.02014832118383,+
8.702307403093478,4.641978204994856,7.89763202554743,6.673855505171389,0.07323492903501316,-
6.691500065893122,4.790149035344559,1.5083715658893564,10.0,0.1320019712019167,+
1.091538990161759,8.183569935865382,4.187322791377072,1.8557974821022472,1.4508738444640845,+
0.8683219607838794,3.8262621416474953,3.51434392448513,1.804339328163128,1.4202256572368444,-
9.441858902941814,6.801983447815635,3.1707174027523646,6.757111510596456,9.51445449502031,-
8.324595386655284,0.9098267662091357,0.48567602155338346,1.9642104342612103,10.0,+
7.72094056359522,9.199292102377507,8.048978415551506,8.793777787508644,2.3467678882819754,+
5.985958119788793,6.9864120452011225,10.0,8.11906692595545,4.3515180677937995,-
1.8168746436941752,0.847316969011862,6.719847593793351,2.0502585938452302,6.502038008745684,-
1.1885037928875424,1.5380220398379805,2.00951930606518,3.6699869356739145,10.0,+
7.059889779627157,5.633369616961568,6.7305466026149645,8.762590893200828,1.7176674535825065,-
5.427879627632204,2.8655197199271183,10.0,3.9162499938145072,0.35566878920875855,+
5.1130275381473815,2.3491140867011353,2.054417109430066,1.5226968995821377,0.8815707664026484,-
1.9136397355581847,0.5049728484109635,1.6273497927857283,2.4773025700728737,0.16424693442662036,+
1.3415931124027924,4.618267831510471,0.7911987306736457,7.132719930389771,8.372333218320652,-
0.6422143462077499,7.481988807823434,0.9835120545150879,8.949403176584152,7.8681681384367,+
5.593144836803081,4.026877881196721,3.273334746489176,0.44520432199575244,0.5359262162962153,+
0.06557812568874857,2.7806023698281837,0.041783290231152355,0.24676789287166923,0.004073419810206875,-
6.52476069385221,4.340658644605736,0.8157467769374427,2.9568059901124655,5.425047185927263,+
3.873336486331039,2.830267710784314,0.5856195016786324,2.6128526168473063,0.5045110387482682,-
3.4246056803903366,4.285779565705798,2.446407604241152,7.955592445400134,4.8111081435931,-
4.844203910982572,7.1353432121794205,3.7091555406377115,10.0,8.839865569281391,+
6.203816623203494,7.615523372278556,1.7107322725193785,2.7266850049785663,7.465108942165073,-
10.0,10.0,2.0008598857175137,3.862435329230024,9.257066783763548,+
3.3923402172915997,3.1811083363525237,3.628168292519721,3.5369283470492996,6.674359683183741,-
4.069402766112999,4.422514243959661,2.8509791876684525,4.683579491200538,1.5757352416562138,+
2.4057498526795307,7.497509203523348,3.6346910268592536,1.1207053639042597,0.3624800203784906,+
4.772748431063496,9.628838348567639,5.315964157501468,0.4434242546852855,0.4720125310592959,-
8.724428567881308,6.197234398850564,2.9017827212708323,0.5894810441284015,3.5409405623879198,-
0.34085918644859814,4.519326767683357,5.605601640540248,0.1301316668069226,3.056993972309453,+
5.4004969930996785,6.874061864165542,1.8821936969705133,5.983103898461945,5.681480559475421,+
0.7679001862364513,2.7328320876459444,1.0964159871136223,4.7106582755390605,0.8967447785212979,-
3.561292136099218,7.384235040234326,0.6241902103922059,1.3877531024268286,0.1776109186910635,-
6.737913102962676,10.0,1.217961437688833,2.412343070365743,0.3552060309894912,+
9.148658798128489,8.976783650144668,1.5066275287289377,0.6964015199312301,1.1047331794627024,-
10.0,5.2312922738793555,0.9733601048324799,1.0769321655691233,2.177120883457845,+
9.44587924051713,1.9992395557866294,8.374630194540973,4.1056015114144255,7.268595444799109,-
0.9846297095404086,2.192861405725488,0.9189507612367669,7.350938856187216,10.0,+
8.172699376609232,0.16563378998195266,6.675684378178013,7.765502382247082,8.14317770048567,-
8.333127483568285,0.1720924628469919,6.859820459100285,10.0,10.0,+
1.4066641392037327,6.9953291575470455,4.310044241848296,9.021881553346473,4.621113029800229,+
1.1931161302903304,0.9183026557078927,0.6617829434734935,6.799899542014261,4.428744626929042,-
6.672851755482407,1.767056722436987,1.5482242605454488,6.471086048724355,7.092007810227803,-
7.974032382294048,2.7465717450155362,2.519166127326794,8.042563548484315,9.20745971714262,+
4.65813059958263,2.688446011699479,5.13559914304341,9.859653766174558,1.9734075069868595,-
8.617237629659055,3.535430292116889,9.396622812307628,10.0,3.3363751356065836,+
1.6433255003225955,3.9130785835082604,2.533872361252072,9.176266088644669,5.6172745035867155,+
1.307416352120694,2.044447713558776,1.544664814581281,1.3513912166061166,0.9877048037700661,-
1.5191341065161734,6.420641152677646,1.509954979946776,8.267970869682205,9.888700819290413,+
0.11233297538542014,4.830910268526493,0.8941091325076793,2.992202260092073,4.932988977958134,-
7.223516036282492,8.365398238436192,1.6452274760855434,7.798457357481066,8.837128044506848,-
9.678262151790598,10.0,2.9788055491727388,10.0,10.0,+
4.953623574012669,6.5402577750227255,4.362231341778187,1.402243177418856,4.486476278518991,+
4.935817019549331,3.3712856325164102,3.8875695924690383,0.8951615767318677,4.322564905566703,-
5.618575229502959,0.14196581810058118,1.560258300615992,9.833332119045728,4.1037607273709265,+
10.0,0.14780386818400462,2.0733883659167525,2.5868256542221513,7.91057096271808,-
6.375900834859824,7.924786338874849,4.5812701137350516,0.923917836549365,9.021342397185306,+
4.9114258810234,4.301596225043668,4.4533888787288785,0.5926429144171421,3.9818189969626485,-
0.49755605625640853,4.577231895862779,5.350893386968635,2.743721975562192,8.54802054683507,-
0.07366078742513535,0.9038677705887334,4.545090249367551,4.6200145002607,4.043836981518327,+
6.460955700647196,4.9236055023974785,0.8345838238807457,3.770245001568433,5.503361443187106,-
10.0,5.573584061734827,1.4118076763478853,4.334118622043811,10.0,+
9.13176018361927,9.242256021574601,6.957010936256561,9.284525485913086,4.569886639212221,+
10.0,10.0,3.6919437034167224,3.702993154888993,2.184011751076082,-
4.516349263995867,0.7194419782952788,8.716204263833983,3.0564653618354463,6.655189633498822,+
7.55765322617567,0.43268818035719425,6.26171211640969,0.7736972403213058,9.520166913019414,-
1.5260854013116887,0.05217376623846581,3.0805192422602747,1.18019946726724,1.1977398763567904,+
0.05345712790483007,0.04415547746694808,0.49110905254385206,0.009870580124328681,0.9972282850786983,-
6.818679090725658,3.6638589554350345,8.035054240607437,8.133000839863064,7.136512977229211,+
2.7202996204598042,0.8475833156990649,7.377851105777378,4.338267543881623,0.216810715545224,-
1.6695439083930352,5.854179596385938,5.029618998940377,3.948737207610135,5.847324352015625,+
0.638310293478923,0.31647083600564613,7.266578736048605,5.237444959075621,5.55378300994531,-
5.833185663950088,2.3943685717647325,9.436801852093087,1.6363899636424006,4.838204343554847,-
5.513146524325502,0.8672249818601269,10.0,1.3147207448765197,4.697350466792817,+
9.769394201876313,0.48878283369679587,4.358013897657119,4.794563063135846,4.4497120969025525,-
7.688223085384718,0.24657369136814933,1.3155166592681462,7.079211962154686,0.0701314619774804,+
0.3455745183976511,3.5419921560936904,5.1310389198468895,3.6554634079268586,7.913256220562092,-
0.3394937477753112,2.610847155791654,1.8597463975667492,1.7109456591502414,10.0,+
7.619270974719814,9.789838845298934,3.1549926673510855,1.1263583337579874,4.744852931721411,-
3.6211951973359398,10.0,3.129624449051923,1.9683563810464078,8.09193433616709,+
7.177133466719486,5.198177051170385,0.7969484954869122,2.3050773461248495,7.587855294573456,-
9.329473282673735,4.674187190740514,0.45922837669423955,4.218934609646473,8.68242580528694,+
1.120000726630872,9.102972435085972,6.0669804109952,1.8257803823867302,8.665441029999867,-
1.8845825927755566,10.0,8.031448192494457,2.840133029161816,10.0,+
4.847811750573192,0.7657307366996802,2.9920712415861805,7.634168240778433,9.525383550753526,+
6.732483815247769,0.9363458527138736,2.9024205329704356,8.987018045129654,10.0,-
0.018127853549467776,4.465973409004123,9.287065761503051,5.829278163799404,8.671602338322947,-
0.025066256964720052,7.425890085436659,9.544410207515522,8.921574689706171,10.0,+
2.8635370328852194,6.624917506750587,6.039160987519176,3.281248816243317,2.251995071077375,-
5.086890134227659,10.0,7.0214236301184965,3.208395918577428,0.9080775120712318,+
9.225922790675309,1.7353978823528615,6.3769349027613265,6.763413309869774,9.028324863389068,+
10.0,2.041030467815496,10.0,7.245402189716059,3.3382450667453827,-
6.983800350452375,2.3645144128045703,9.223641190657402,6.450847121781943,1.036708703159397,+
9.811301639656692,2.8941600458479853,10.0,10.0,1.0310446708719905,-
9.01492024185399,0.6864758734156584,0.9856731473161939,3.59611750215985,8.481818738811116,-
10.0,0.7801508526121196,1.5307164914337361,6.621874991955712,10.0,+
9.971153561953743,1.5482791043633781,9.494617602563514,8.729443609929984,6.058748981193709,+
10.0,0.9864683203400356,10.0,6.462073671485494,2.75079377603598,-
6.034256613017618,9.24175268722103,7.446831650196261,4.438959371850108,5.284931862731557,-
9.59435385354894,10.0,9.87720384996128,5.404418637508652,7.447794699470944,+
2.385484503101779,6.850913004441174,0.4524596481819132,8.544418162064973,8.861701225487726,-
4.285074414484561,6.5304200357126385,0.8977946569599052,4.6909913933219185,10.0,+
9.215544488825117,8.684693778068674,8.77530210516465,8.781438490852459,1.6379589869988842,+
10.0,10.0,10.0,10.0,1.027090371409115,-
8.522754333330019,2.6138854039195705,3.6465477089410814,3.718381988399323,3.7954442136476843,+
10.0,1.3273592568365136,6.664707704736081,4.923010020743945,6.478943051232219,-
0.6939187349396392,3.2336440576402268,9.831639776051823,6.464836117372545,5.203341334347007,+
0.4277455020650082,3.5325973093999625,1.943324726765489,9.152135788670714,0.815591698084223,-
5.749672435206676,8.917324383048324,5.108123375963233,5.731405587423456,7.5791053233143995,+
8.967943033027941,8.994489719267142,4.988967615064843,0.523643317097352,6.812568129862834,-
9.914104087463924,8.525239342046742,6.466907203419668,7.380654218717525,1.057923021159316,-
10.0,10.0,7.855867508309027,0.8618800608592778,0.027710190980609742,+
2.0922510982472953,3.10407436662822,4.242816097545105,3.80857993070137,4.31634244028791,-
3.0581671010410196,5.666003236018053,5.54276613650906,5.469218460358578,5.179784540575174,+
8.795321266036414,7.582804708769735,2.708848854439132,2.790520060872711,6.169014976989367,-
5.376288963367445,3.7820620338970463,1.464934851338766,0.7395636547258171,10.0,+
4.370557354893232,5.290962560015097,9.644061153814512,9.05362328206744,1.365288500520948,-
8.387901729459333,8.888709827610741,3.739155614105268,10.0,0.5415933908609266,+
7.698948960108778,5.338306999152607,8.276881391595715,0.9321643465001983,5.541972351938609,+
10.0,4.269205011360954,9.873656859575487,1.0722917520011337,9.477606977741774,-
2.005699795607756,6.748757824198391,9.612948524718922,3.3326647991904865,9.876550390590427,-
1.9942966082819853,9.673972014890296,10.0,6.300611606300271,0.5619984259175819,+
5.931667418977092,0.17592895674408582,7.583115370399447,5.805324796888197,0.3361485573077938,-
3.2860991058981703,0.09560567819608733,10.0,3.758484249641813,0.20661168850710232,+
5.4075452293262085,9.183786583388097,9.88831241524704,4.673369462226757,5.189806197759706,+
4.488780245960024,10.0,1.9417283104200131,1.6995653000890043,7.753413442714745,-
5.1480538864775784,8.303543131292288,9.58430199897619,5.874951006098829,1.6575652534189211,-
2.956832176877786,9.364691455958395,6.071222781686987,8.473811671306747,2.4693332292185244,+
8.107587502197633,0.0769384811149798,4.543501085404871,2.390505741807395,3.528719832387165,+
7.962465958266943,0.10094695369908528,5.382909503532774,4.655381117429371,3.9243606910979296,-
7.197092929758235,8.076554746822964,6.043359452458674,8.431131048044888,4.056564502959283,+
1.7512356244276444,6.814031136326046,10.0,10.0,0.15676269983603727,-
0.8469669495242127,8.857088060819473,4.056747095763984,5.936479499814905,3.731873379650432,+
0.8890717012077723,8.485802228311242,1.5903683726019375,8.901071215684699,2.0007515604938484,-
3.0650491013436234,5.59477699094813,8.122797942303952,2.988609088945159,1.1288976960293173,-
4.270961639358859,9.309188560631451,10.0,3.3804678299110686,1.6590221255014002,+
8.684484656634373,8.371229879121612,3.276896392487907,2.6515978299881593,4.952117593188409,-
3.446460854198282,10.0,1.667933976945467,0.8485283975982015,2.495906393148054,+
3.5599134520678155,3.017646660783606,0.3639161528992674,6.529924446569239,3.236719522843593,+
1.3001528132336153,3.609364217018361,0.2659120137771552,4.524403415792409,4.538955948779631,-
4.772729392113677,6.937498629413704,4.262985672645256,6.27323035176544,4.0895702530089375,-
3.0708462486474013,6.0060797685084255,3.8324158528655863,2.350678140893117,7.145668749220924,+
0.0065018948175488145,9.455349976934315,1.8121715270010674,6.141353052984293,8.791944094820614,+
0.00946361709518147,10.0,1.763805089951829,9.868281893889987,10.0,-
8.823223176932752,7.385524065067561,2.8018225337047395,5.966179206611325,3.592535937843524,+
10.0,6.652565838374581,4.032381223860388,10.0,5.229337016948995,-
9.24499592167402,9.056830072535421,2.546548732976237,2.705403150119845,4.236537467295861,+
7.631998142030997,4.856621578582729,1.4586506686888954,5.15909246442973,5.319640321508677,-
2.6942781806020877,7.647172030710848,4.120881638802691,6.738894555411127,0.7693717595436389,-
3.570496098178182,10.0,6.2320977706097995,9.697460388866102,0.7951691616573204,+
5.081354556206808,6.7142091175314516,2.604229076691631,5.798083492213371,2.9124112305954766,-
9.102573269686783,7.172457972101584,5.182567415477381,10.0,3.2571584982233195,+
5.23696318177265,6.570752469691735,8.097230904802096,4.8861296339017946,7.960980350099295,+
4.38802550463788,1.6571903058928783,6.3190751706686346,1.2865960968335184,5.4744352585632035,-
1.6545212393072084,9.584244479785651,8.126294197126068,1.9548042587218106,8.425406616468633,+
2.366979439551622,10.0,1.6213927844684806,2.3051245572895334,9.411142663517971,-
2.252254841282051,7.868326430128273,5.0688991970146375,6.512220226143016,8.773301400379234,-
2.0865405706851337,10.0,9.695027970392664,0.06452706592162744,10.0,+
6.769291413772525,3.576421164469944,1.4268332612321832,7.973336347853916,2.9682029984826306,+
9.967820980839932,4.293537101353389,2.7148351875408636,10.0,2.2867836100346963,-
1.2887331283406334,4.402258844210852,9.015672077980081,3.6915148686739743,7.512113326251671,-
0.636474273073977,3.52283113123572,10.0,1.2758048801290622,1.5363238830409247,+
3.02284373675219,3.833187486929075,7.21926994716143,7.04502911760473,0.17232609764897933,+
3.9134604951382803,6.900321530557644,6.187768183728209,1.2653377281442926,0.043604410042765454,-
0.5527138845146962,2.7633982496822185,5.601052129669996,1.3321165907242583,4.422107281228156,-
0.020361153088714667,2.4557518238973666,0.9723448788133339,1.3167267502036832,6.008743318438977,+
7.488256576453899,1.9864256558741755,3.3901038249477775,6.858491139568052,4.721181734102594,-
10.0,2.2385690317693174,6.699850492586044,10.0,8.471660709130276,+
1.764887945270851,2.911769769309122,5.932197885825898,8.63869890185891,0.9855009964702888,+
1.6646748807784058,1.9251370798160474,10.0,10.0,0.8561479155719921,-
4.284139936351087,1.161304621383844,8.422956538913745,9.244951463378161,4.641374915259329,+
2.48407758483937,1.8878607767463054,10.0,10.0,6.189736484594398,-
9.32472961361977,2.250410934118461,7.460972902111807,1.372980795605746,1.1700295347615552,-
10.0,2.404960164116236,10.0,1.56628588861326,2.0409931845131197,+
3.4151125042535813,6.915066613161141,1.9483765340808668,0.846929054122334,6.935777236738136,-
4.021993829106987,6.933712291023794,2.120506839253527,0.9513228572242827,10.0,+
2.1182089097665013,0.9138434900261194,5.481353488994999,0.4672265495087391,7.666156670738432,+
0.5799911846646473,1.1381894870364664,6.122392490805101,0.0936523495456229,5.611496384168545,-
0.2860705915137829,7.549057540256233,4.616918727947529,9.020838407807618,7.759142935514632,-
0.2813764001923657,10.0,0.4016605654385152,5.500946935051035,6.511015923441358,+
0.2389738912780881,7.590109610151914,7.267734143782399,4.29662546437834,8.703376692984909,+
0.06090981387511964,10.0,3.5775699662143525,5.251899256866425,2.8088742560697426,-
3.744655014191597,1.1460977788691151,7.703301324555279,9.58994300928062,6.4774315487567655,-
2.6780451547106474,2.1109682699986396,9.98346946041077,10.0,3.0636515488899123,+
9.85701306942645,6.003348174873703,4.222574050632221,9.67764024870538,8.686809140793084,-
10.0,7.590753844222759,6.527173854677342,10.0,10.0,+
3.771724293747533,6.589403094389264,9.32812400088027,3.5778241142616016,6.410577402056655,+
5.860331643231467,10.0,10.0,0.8860669662819886,10.0,-
3.5855121220266692,2.0223917755986873,7.933155260177176,2.8690120398770502,9.413165807768296,+
3.465217904687002,0.8618291293691231,1.7332768531480276,1.3962285955207245,1.9846912221315987,-
8.200064332336957,0.42779559139715095,6.9018837037750105,2.165343171392996,0.5559053401995917,-
1.377844134506688,0.5690927336046435,1.9010309320742902,3.5685136089830864,1.069362370849062,+
6.797969519361181,2.2745134397014146,5.942669530169768,4.590024165411238,8.656416690771614,-
10.0,0.6988009356249265,3.0910121708765255,5.557882156403786,10.0,+
4.572967759165596,8.15812005682001,9.411106283333995,6.037416424011765,9.579936316626688,+
3.1043243631079873,7.22550854712317,10.0,6.9869161136862905,2.6773882752497022,-
3.7164455971316626,6.8243143258156085,0.8251009438359858,9.881718374010797,2.7162177619781227,-
7.037434980522464,2.4818699421398245,0.19537610455328605,2.9487955142761453,1.3910719915296408,+
5.83504961723084,9.941871580630263,9.308206383802913,2.7784547108538815,4.767942581879998,+
4.020528306288372,9.622506328531411,6.3422425110745895,0.8390112929602579,3.5632341268012677,-
9.274452427257858,4.795049378271586,8.516864077918061,0.3366074580666423,9.228203301131305,-
10.0,6.621983423179839,10.0,0.5167738857677567,10.0,+
9.655655595960505,2.2938986909953707,8.633816148655521,5.0638326714259865,0.04212706116379805,-
10.0,3.030299861906167,10.0,5.5160455244641735,0.06448925359336323,+
4.187136878979006,8.593514796766014,5.640064016665977,3.8000975745731913,3.680071115531589,+
4.569789115555598,8.239029124076309,6.108214928244733,5.782710947000097,5.185934460203529,-
6.593946321033805,7.373611139883087,5.476641147415405,1.500678788426587,1.068358182584468,-
3.046911051096994,10.0,8.814896079998762,1.2683143294486436,1.8962660185666511,+
3.025473692036403,9.302769125715699,5.860435533045685,3.140757831908049,4.658247026182002,-
0.3225815589626845,4.346098296956866,10.0,0.7173535315614328,1.4125904570345729,+
1.849568942445876,2.283403104543308,3.610981148256678,1.5069182546171633,6.913222915481456,-
2.036122169541208,3.5793357787138107,6.987488358479513,1.827052857911129,10.0,+
3.8859274250920848,8.677132132555432,2.8703769135903,5.559197270927379,0.943751818574281,+
5.649322721206008,6.816372908788536,0.647677349244772,6.970508709369521,0.6831751391876373,-
1.6622356982938369,8.974552377014083,9.352142599242123,0.09805468017783259,9.240355061222601,-
1.3438793165950718,8.218471645509279,4.756991195235036,0.18133269168104243,7.923920043433581,+
0.9798439735047304,9.671837415585674,4.127541939363236,9.087111363484063,6.576585333283838,+
1.125222010235931,10.0,5.913152037488016,9.263906795921843,5.530312452745704,-
1.296769026321395,9.98050560279694,5.832246656202864,9.999787176988395,5.408514228414871,+
0.18343494963684115,6.070130244447181,2.5716998569041025,3.1770255641866854,2.4092313637584586,-
1.6944672152325269,1.1265033721320084,7.3575583611520345,5.13712857234651,5.93919416334384,+
2.248148567788827,1.8995486897167821,1.8631127974271222,5.552781458829373,6.295306099231765,-
7.505091928558293,1.9972571789856286,2.769604392470227,3.7300735845053423,8.210913959122035,+
9.531787232561308,2.9086101701854035,4.493558899152299,4.811287248011088,4.920797430641849,-
2.125632012585139,0.7343563588691926,1.3993201054452742,7.848278656216645,4.5482497553020105,-
0.5695755409503568,0.484634085632527,0.3970407008474233,10.0,1.6185693197503261,+
1.522110952322503,9.219883470652512,0.7319525223664258,9.255148179458288,9.522533088733582,+
0.649391391188333,7.8673047039631285,0.5377574767756967,1.4695961220970957,3.8917390019464997,-
3.9518643291211273,3.7925814560887994,8.817099177968576,8.181680163358942,4.9669080201230456,-
5.914137844608837,5.865151337857359,10.0,0.5017675475363859,4.781924583540134,+
0.6336676841709143,7.69790964964692,1.5528427867561034,5.363665393212425,9.69295391895377,-
0.7573571076070961,4.437824290176006,0.2663053560362179,10.0,10.0,+
0.04583739514621321,1.1767441537398615,9.958220444715742,4.471753079783709,3.154999079650904,-
0.07193034171633772,1.2258753173237806,10.0,7.167989745823908,6.1306169789338725,+
0.7482020096306097,2.270188461924907,4.116669356255375,4.0107527549574336,8.146099098219729,-
0.9191482245287989,2.44035832360182,7.866109219085969,7.289428741927647,10.0,+
7.768139127388972,8.504089086888953,0.274221025946324,0.756811483086347,2.405401802692314,-
9.286322263858919,5.47252338379548,0.41998593208628815,1.227154014594103,1.098820418986195,+
7.972607174851108,3.4811959200415132,1.2291493436244516,2.4205564184948427,6.803177669607383,+
8.169242335740151,3.0148677099589913,1.8387547167414913,0.2992531853502565,4.543193086901676,-
8.252853403138223,5.676695299264511,2.8515417680549326,1.9972300678937072,6.576695809004041,+
4.5538685363031535,9.172662956699432,4.634234024247923,2.1302554912925533,10.0,-
0.7782325923222555,0.9633076029136411,6.912542207540094,7.1389072172157295,2.0080618854886954,+
1.4773280773828328,0.6487711992338443,10.0,10.0,3.1530255643200933,-
6.918336004403672,3.4389300984943185,7.4472422012173976,0.9479470697713721,9.210390389373282,+
1.6915013022075225,6.443479096740439,10.0,1.37025404669561,10.0,-
4.857551936701322,1.0652652332455015,0.4724231776892607,9.456637100576783,6.174992294063637,+
7.330465677672212,0.3800919722220652,0.006290402200084591,10.0,3.7451969922211084,-
7.5555752685401565,5.569247446392479,5.301559055559045,8.047175793237662,8.456495869932738,+
5.659588954636435,0.5298099720500927,4.8591735154066615,0.5169949378229439,0.24941852888420887,-
7.4657312454376275,5.039784326000442,6.992630650713797,9.941968557280678,0.36577821529331755,+
2.556196149616423,2.5177683700015474,3.5548921161195213,0.2853364770534672,0.19898796545798536,-
3.011110446050713,4.219810396795288,4.928754051022143,1.7642349632873089,6.670710410196237,+
5.903825244754151,6.808157247307628,8.728323316240832,1.2087276230290744,7.181157637556639,-
1.8185161984822829,7.493652421364574,2.531619605686024,1.168930052544891,9.8047132383166,-
2.555772037775852,6.586596186770771,2.2843177957278695,0.9666229388047437,3.4615393802282437,+
4.166060617965261,5.745516734912908,0.8400785366287034,0.03478469086638181,2.1116263994949747,+
8.152858702230812,3.9599564553268505,0.710372433363157,0.008407011870932762,2.360615213710385,-
9.761219721197353,1.6536172526545867,7.838870800222456,5.205208493973531,9.8040718881471,+
10.0,2.7826311490624263,10.0,8.550804879286536,0.16995569491008541,-
0.6422540213921635,5.997153133413641,4.011150364132834,5.918210247960111,0.4953843123476698,-
0.09340605368089921,3.6959344406570036,1.9569455663943225,2.9016558915119672,0.8440487350757939,+
6.8513878438654485,5.271107771642692,2.916225294374175,2.8001032871712903,8.96429941863447,+
1.5594844932682796,7.002736533194035,5.761374585178265,5.163065978006104,10.0,-
6.249019275178654,4.229093522061143,6.513797490788234,2.2055780621623233,3.854958789262123,-
5.08849127020015,7.67897818037802,2.1937421798941292,1.012627307365445,1.1570544624426802,+
1.49508237941134,2.771724862190794,4.980485127224787,5.315979731189826,2.520053418728626,+
0.6098652015801269,2.0814981880840175,0.2995078339477845,0.491357449662497,2.3396960045854986,-
8.644903182933493,6.2711592697812835,7.444308635629541,6.701910171476001,1.4059640206973112,-
10.0,6.959376104768513,9.447106498885745,10.0,1.74922070319686,+
3.028995357785881,7.251754114147345,0.9433403971188514,9.538367547535499,2.938504499079185,+
2.5320985314255706,3.7808972556505647,0.6651409496733792,8.576448854762338,2.603727482287277,-
4.8804762277662075,3.3316753988114787,0.23461282654972382,5.9375162972696485,5.070472259179021,-
8.622518913302223,4.644289405501263,0.32036444055519786,9.713237394091482,7.3415380345250085,+
6.48425679198719,0.6007220711434647,6.56705837207081,5.904452834595122,1.6983986910059734,-
8.904551831104806,0.3020438027404843,3.48468671069177,9.614649911702827,2.3387877578995067,+
6.407546729894575,1.8610808947937674,8.031766485241661,1.8465701333760975,0.913135432171881,+
3.5575023918173163,1.1261960896194847,3.890433600695889,1.2286086686711906,0.21782491358646733,-
3.9148925618339425,4.224266563744667,0.9874292044566768,4.098246148470871,1.473193097909823,+
0.9836068477315042,3.13989348161731,0.62363626467339,1.3622169725589495,0.7665834131529066,-
4.415178480601715,7.609708966252743,4.083999371001754,7.7906768437653,1.6800267340767705,-
8.326479315135966,10.0,5.158723819276785,10.0,2.9751824028297715,+
8.692070979067154,8.817584115527273,7.847571132024158,2.1176031029385998,9.262600630211063,-
10.0,1.4583342467080638,10.0,0.6925430834383596,10.0,+
8.346666720312951,0.7970448322571266,7.981516997249592,5.086839194865683,1.4893086283145751,-
3.38178485894502,0.39177053539196727,10.0,9.581830573346624,1.8735186826576393,+
1.5295709805945135,3.456048027066428,5.732427491573172,2.6505924170769135,1.8810439017930491,+
2.577856097756199,6.694296847263149,9.400448116533456,1.505930113531578,2.9087552929778613,-
6.393235046943926,1.8522208625296022,8.219917207455639,7.089524029773098,9.062487576026655,-
5.20973927840836,2.8415095477687387,4.500635530696853,3.7328610374810074,6.658425910154632,+
3.723188349240324,1.6362164968095383,1.3920276770049544,5.610622448995138,6.2612800501127674,+
5.101200119556555,1.6279969145529805,0.23063045677242733,1.8574777536595881,8.619214751326211,-
9.215345919176967,8.5398862635214,1.456446161227265,3.8993718312325987,6.73222089139026,-
2.674080073362802,8.321053441559828,0.1027839711567585,7.675827622978672,5.8836971551073365,+
3.5061579673557306,5.061328054077407,5.687284722830096,0.4551723908220928,0.8957950402114689,+
3.5276467580496784,8.523553275549416,1.9736468553108988,0.5190750250705093,1.7196687025681823,-
4.484082734333057,4.345422102902767,4.708712825545282,8.87177225717734,7.156481869236437,-
2.2666247678838567,2.757561506728894,4.18479710525468,10.0,2.3975956673879977,+
7.435180354788201,0.1759731108418694,1.8323976367147488,5.453101907462267,4.664411021670083,+
10.0,0.337244835027059,2.9610313567005333,4.3478069855928245,6.344673932546927,-
3.660955403132542,4.533333760906675,7.476567173136078,4.399984409854493,8.38138048276642,-
6.302975892010494,7.578834054851221,10.0,5.029858345612964,10.0,+
5.113739525774803,9.167086603391025,0.28709110910829394,2.8587066302514517,0.8491335414585521,-
0.7071122426499978,3.3167965038360983,0.2272215505577028,4.075108496780311,0.42237264175104083,+
1.2110050022598473,4.147524214535018,0.3199849030278157,1.2578900180844776,4.556698084083921,-
0.6684793771756867,4.053738010999252,0.17051568306332174,1.6596026127373174,2.272141657748346,+
7.123135068618701,1.4937817037585888,3.214577173474169,9.549918391479157,8.529751520732383,+
9.398303025176956,0.9327640359048806,4.139484839159277,6.142550169960815,1.625493259754407,-
5.624351918889081,1.952457071572501,3.0302332436764647,0.9476721497601204,2.8659037780243413,+
9.55455498865108,3.295480588410706,4.8644540568533445,0.1126159036697419,4.020919931079515,-
1.8329100519151031,6.669545515117253,8.125135080106766,3.126394130857056,5.366828434696748,-
3.1090382881963445,5.698133088793258,10.0,5.166798723432215,2.2590766503991646,+
4.064625725024622,7.237206959184558,4.596297469891252,4.135556872636883,8.65792490183648,+
5.555873043815957,7.790457844745419,1.8507749839090082,5.483032429545463,10.0,-
2.0956303265333345,2.241588415485457,1.1684522366428185,5.851377028145237,9.947721751590029,+
1.012805138023383,0.8667223248952206,0.8130573267746195,10.0,10.0,-
8.01265926650786,5.252318769770646,8.555995834299203,9.854461593451768,8.415208058713882,-
10.0,6.359007292386321,5.315039441173737,7.8385507555645075,10.0,+
9.950574502578283,5.875871693161187,0.6967645723456106,2.606459999648055,4.7743887693217255,+
10.0,7.022373781460486,0.41884738932006577,4.454528898170106,6.761679248761908,-
1.0354054818249203,6.563904552006155,6.411485175337095,9.134856622326229,3.191134981216921,-
0.27473426030854203,3.370354862946378,1.0150196272221559,0.9975205427552816,6.297305252222846,+
0.7975339916084112,0.8802361296822636,7.4325324015268865,1.2840874186580964,3.1970461767845593,+
0.4716650724233435,0.22684230375688047,2.6386950121756536,0.8151235159473399,1.206754478915618,-
6.784740248216535,9.688437551767326,2.2954156542178206,4.662178690923966,8.78808711640165,+
7.6804476611856485,4.551101974996869,2.8779021844250057,4.77411732841066,10.0,-
7.262547116259684,8.178712531849206,3.047512423109904,2.0760494480514424,4.212160915077932,-
0.6214628860824174,2.679842796099828,2.443363317082691,3.048857418221514,1.9365465311919898,+
1.4514289489856813,9.083630280098912,6.602710756978959,6.184767709829203,6.137280235007373,-
1.6637740109185506,9.083821331377768,10.0,7.783548854105694,6.594875509409515,+
1.8378453022837737,3.770793389903504,6.350494784576365,7.4940235502865615,6.305961042435941,+
1.4346493679939305,0.5751622961785325,5.341970729370736,6.625676736560642,1.3753190804991755,-
9.138346880992744,4.13233044675432,7.893307052682129,6.949275084109767,3.439225257941488,+
10.0,3.9745260427594413,7.6680225619206075,0.9448330319880214,5.4804890610223085,-
3.1829680980469375,9.710285315771069,1.8458916088991706,7.002819004172144,5.790530368595944,-
2.4608478953516255,10.0,2.303570275272993,3.828186554883911,5.855931331999062,+
0.09053380083420604,0.7166949168086734,6.879197551522276,8.1609497020624,8.9613345894046,-
0.04361781276838221,0.16595375474821142,0.9072615286787905,4.553576529399361,10.0,+
9.331536253102723,7.133152527391633,2.1113699896258433,3.56445977703455,9.627667142532557,+
3.8917467411294013,3.8428522004952526,0.2749652535057179,0.7769797039876983,6.612926527329722,-
2.3987421569030576,3.8002881690804493,1.5387431141215258,0.19755248434625172,0.5817360838483243,+
2.3788624533159908,0.12218192356528841,0.2760923745049093,0.32485774408974355,0.7901819223029992,-
5.118475448440448,7.149182480106421,8.054229457581082,6.194915312321378,2.3402872717028123,-
8.000758116280798,5.088910756477314,10.0,1.7560987707317242,4.320100072337255,+
0.41546461939516943,8.634701963986265,1.218751396130352,4.895037063829887,3.414113531137751,-
0.8078527169719054,10.0,1.3393441765323348,8.94882214020857,5.383677647517812,+
6.8539416398736,7.322358181633886,8.193062511042635,3.7405932864843106,8.293318413973243,-
10.0,10.0,8.269041548596082,4.681723320223412,10.0,+
1.9270641275039768,4.354205846170536,5.23943629623881,7.446576551019377,5.879461639815907,-
3.7452171416887503,3.5609250848836527,6.224186400857708,6.576294587446001,5.990157857820395,+
0.024877945188489514,3.451258539179287,1.0645542433758326,2.4683457345085302,9.92790598990735,-
0.04152179660377371,2.0142177720869583,1.057605447567672,1.5543313594835348,9.36066988125532,+
1.5862709113431028,7.324125370346845,4.524490918618214,6.213076917045739,6.626451689623892,+
0.3205313823003008,0.48539153211821934,3.256180995154773,3.487183719226702,3.638585994155493,-
1.86131804699868,4.313840507015172,6.615801225827358,6.022918464365307,6.828369981264993,+
0.46227289185437187,3.9840508292258234,0.344392634075247,9.111992924478994,9.733242099489292,-
5.465935028305272,8.416442585849609,3.7493713370369863,3.5584179372940428,5.109062408419928,+
8.244511893573256,0.20200964440914607,5.3687002291758406,0.39601502165198044,2.0527877043268368,-
9.0718258732809,7.478994062256156,4.543470901833645,5.92336771254482,3.860856976866579,-
10.0,10.0,5.743765376019554,7.81149863512969,5.420943895447976,+
7.310972643330676,9.086607830660498,0.6594726545615026,3.137016536606253,7.186981616782287,-
6.34635300296036,10.0,0.3499225367687681,1.0922129087585621,4.2190289780084,+
5.776075957642989,0.3601221679129518,8.581718222378342,0.7135474907413097,5.178775131444421,+
4.955971003648383,0.027882697603311496,3.498222352845548,0.35678371873584247,2.6664263972156466,-
1.3484559221111292,6.786796360829211,3.872540269713408,1.771758685880802,3.3659913256299245,-
2.5513769377689086,8.521643146282157,4.759234059048089,2.8428128908398786,5.017214350748065,+
3.329804209624525,3.6455439036833424,8.450406192730028,2.8745116977946896,0.42742477711748994,+
3.2241640969385887,2.212865625110728,1.0663981108763698,2.4583910620972973,0.3742534830846678,-
1.2507475174023497,4.671397749749097,3.065870782653332,8.11922154414172,0.9727969644591306,-
1.7956691337944792,8.835762429356,3.378771590029643,8.30351502313544,1.6087961414998309,+
4.124916634902319,2.3888544778861753,1.1090942121203362,9.259971938792479,6.343171243530864,+
7.734686868819983,0.9133834086116875,1.8948549062406437,10.0,8.207581673922528,-
0.35527434665972857,2.724306181170225,4.545141167313896,2.8980230317567743,4.951280377265696,-
0.3014374318224254,0.9327920637355352,2.318644637963063,3.16804599025044,0.675631635395905,+
3.6649450388868487,1.720859511083287,6.2479300470070775,7.757363412030491,9.729705051025157,-
5.322729736061412,3.4244566602694797,10.0,10.0,10.0,+
1.5335385012843783,5.27137825999723,5.846554732490095,7.376459181530523,5.844452343383734,-
1.3313007805682897,5.659350008551362,10.0,3.100593276410773,6.133554116293622,+
7.154653220738478,5.196901785258867,3.9981133638602353,9.429617528444487,8.933011026793215,+
1.8013627547950564,2.0466983572361146,3.074981362775779,8.127977144798827,8.594924355474605,-
2.0823633995423565,2.4998658854998936,9.545550900842079,9.359122811167268,8.861328690025823,+
1.9825419175205754,2.716792676399568,5.04096660948689,3.1927544760576687,10.0,-
5.486002500366267,5.942043465768066,3.5042749281708616,4.19364389851077,4.824896799808553,-
1.9829956131096134,10.0,6.271475899539337,4.316348088520903,4.412213409740987,+
0.8673820005144062,9.845944008964963,3.9101910524360726,6.513208847363869,4.943749961786285,-
0.9721954631725646,9.857297886038516,5.509312485005797,10.0,9.513238706696656,+
2.2442521786602407,6.831777850642827,6.219386625175311,1.4807384480307872,7.770250951933331,-
3.996370618018872,8.474722718311313,7.724415153931893,2.698882872315042,10.0,+
3.690181427964755,7.845360770519277,7.843008974508004,0.20099055087234197,5.19651198941379,-
0.44178145996460844,6.170200847506218,5.733736744738901,0.39068596212165657,3.587982042645504,+
8.946217158567427,3.9466422570078152,6.091276135023927,0.9878377102191072,8.724136196393154,-
10.0,6.677573653466394,6.967945255129163,1.5794304379444342,10.0,+
3.4296221695255236,2.4747395052876673,6.639259452638293,8.826300504437722,4.185394062471777,+
4.7472265138376,4.391596955546386,10.0,4.04220674540679,5.963452343015672,-
6.214199384812272,3.57368948963257,5.396014263218577,4.772925421325648,9.664493140447437,+
7.449844561636125,5.258053466461236,5.710222959912391,1.893554157147306,10.0,-
8.621978613463124,2.7791118841881604,1.5648336311655098,3.9064680374254945,9.374756143992549,+
4.030258967121008,0.1766425464391007,1.1797285843731202,1.0317312556060676,8.119760200362448,-
4.985376153721815,5.889008717760827,4.575916508986425,9.867675974047156,1.9066116089216378,+
5.797789651279681,0.38389263830312254,2.1086963001381323,3.6162441893572734,2.8204674571963406,-
5.387285607117603,4.50761117875408,0.7988651577916972,4.640413963195451,9.016050040937964,-
4.084626128203401,8.062465126675775,0.0762919674646931,7.293504548082362,9.539971723172316,+
7.377047902115645,4.479582532327335,7.955455147454796,4.3510856260530195,5.3658995375587715,-
9.990014775758338,7.476954132794051,10.0,4.851918581717938,6.234754139868774,+
9.143969868936138,6.70036000203269,6.9511634083336125,4.078290151479339,0.2294256940033279,-
1.7488696467394742,6.139838632091004,10.0,1.7612473946859766,0.0020088667576714384,+
5.660590848171781,0.8866505154030158,9.413615135233117,2.7753831284082597,4.002551623001946,+
6.251912697253227,0.3455081060366094,10.0,3.4890973178926163,5.894953216764675,-
5.902478349496038,7.365180776449067,3.540385698862597,4.092853558479935,4.527373779211463,+
2.228782634261637,1.4580828101009755,2.005037610125173,1.3588549996434633,0.13173924437408868,-
7.548608403935817,4.403036629032604,3.561064650994977,9.012218113659516,2.4092565247540465,+
3.3847857304523155,2.3495062456903217,2.2775136133523683,6.324764323359242,1.596063618554238,-
2.868528522487116,7.335651459690789,3.337372964989447,3.673769973960926,0.9753854655017713,+
2.9265504742549635,9.814137904814539,5.120295235285253,5.13339847050307,0.362022171042216,-
7.453579722097085,5.203914696269073,2.0867828276527156,7.669925448946687,2.7914120406478213,+
10.0,2.3036254928025994,2.5548924977874727,8.300213031308664,4.160226728040347,-
9.393226087192323,2.144858814313194,5.272716315159169,3.4388382102362236,4.531142095291379,+
5.160068678389034,1.7488624984664123,3.141284951999898,1.4458154727840244,2.1686073420067196,-
5.834199136812616,7.102655966256503,7.2525546556851985,3.35332839015558,7.979038420437654,-
0.6479038062644429,1.0245642934861596,5.698404651880999,5.20020744466576,7.4587828930504925,+
9.042446202835368,0.4644694083161538,0.8156006494284962,3.2334918931599055,9.639624975365459,+
10.0,0.43272472948796753,1.5908390779417507,3.9337162975599322,10.0,-
2.5580874260796618,3.032724400974068,5.446336773327225,1.896222698034945,0.9461608494113338,+
4.4483566926284315,0.7017672365015629,6.0914055316384745,1.5861579388532323,0.04730829524573527,-
1.8833773815616373,1.7309946227284345,6.027561965672436,3.026975219539416,4.357023989853024,-
3.489093686574581,3.075227728780663,9.074312658291042,4.797003666239235,6.991893414567993,+
5.465709563334218,8.030380962791067,3.1840000140522173,6.769554660599161,2.8847049455730414,+
3.5162720136748606,4.674251579805619,2.2768261359633546,1.6894558360585212,0.9964143634247303,-
4.760571274145178,6.080897077508743,1.2370235883641445,2.0398277620302787,5.456622544705273,-
4.7010131247762645,10.0,1.6770659093253288,3.1507997715413896,3.1627303590386,+
2.932787840334278,7.863793662131656,6.18753815530479,4.400638993189363,7.526848737538362,-
4.053544796812107,10.0,10.0,0.45054306017246804,7.3483069284016,+
4.922224447708206,1.444873795575512,9.515775652315652,4.069667053434552,9.663042163997526,-
9.200508035214884,2.8870441538392426,10.0,5.1103732084061955,10.0,+
7.108611578031695,4.915002288262604,9.869374139804812,0.4746486228205882,7.0836790948326716,-
5.041705061902547,2.7451246893203263,5.13900585835105,0.1840038851182665,10.0,+
3.974818844436736,5.7838326848025465,2.145892212347599,0.6688383273456322,5.800967245767868,-
4.728678160216236,8.306283649763431,2.215534068863534,0.7804220139369586,10.0,+
4.591082166767412,2.937923722101244,8.310299860194846,2.730653195688084,1.9232401034995383,-
3.2665290354001733,4.36145839474457,3.1250156626490955,1.036847912649279,0.9363454881670144,+
0.07536894965086138,3.2125395034973527,3.729576829888569,0.27715943498960005,4.058262586041405,+
0.048812541525857935,5.516904278920886,0.4352642487083472,0.5312042745040142,2.243001559138011,-
2.3475474612201497,1.388169987504212,0.7158895908300467,2.555659405182679,3.818421939353096,+
0.014105964580268214,2.764633286437678,1.2659914834595065,5.014918051487331,4.112169220406127,-
2.2834516072376454,5.657236123085414,9.05234418808999,3.338330806147558,7.7217446340265035,+
0.8522977553500231,3.0073399234093827,3.333218447040984,6.19846597837929,10.0,-
4.694369939498053,3.6874947587059603,0.40281311369860684,0.25148154241921294,0.9857990542982153,-
7.606900907254728,4.480132534600684,0.6102352897354629,0.25610691906445554,1.4422069123301346,+
3.505893495371465,1.6342706695880471,0.4109453261696039,6.098119705376405,6.694683107824886,+
5.126241168734225,2.179636747903551,0.49149303894826424,2.501146106776177,9.2835703745415,-
3.9515194782659755,4.220550466123907,5.63297973283524,0.8341343982702976,0.4838650910381226,+
1.798269714003218,8.169998031492192,4.7293175489689805,0.13454591731830162,0.5798641277625132,-
6.845095629428761,0.6828501567597545,9.998729490485486,5.380354120536389,5.907785121391571,-
9.033079911090486,1.2417439151824639,10.0,9.802707156164653,10.0,+
5.049398611984253,8.790594227329537,8.159382837268133,0.6588851604147039,7.77064940651372,+
6.378213474810516,10.0,3.8470219394602543,0.9628538033116923,9.498129344771437,-
1.3193046836517308,8.544358256575489,3.90550829146173,4.681441391576531,9.569609743268808,-
1.4604609290064734,1.3896844271796327,6.291249715968138,8.872041743361375,2.047385239808957,+
7.78021175595541,2.166891221664744,7.828167988529887,3.0313072565816523,1.0080916959308273,-
6.415268657178825,2.7023126490481766,4.057306788281344,1.7236268993136148,0.6284260684942962,+
1.4754611318693978,7.649618427655756,1.491981258190248,0.43140353459906966,3.2988303933545216,-
0.4168677364573785,3.016983356737565,0.4120697925169506,0.6422999722766505,1.8952327731497727,+
0.5262197863939,0.36258598388823615,5.579333330035123,8.727349111830403,7.517717970708371,+
0.7975005762244076,0.19834758533706254,8.551646521700297,9.737901880737644,10.0,-
3.9499549041097772,3.521494784063095,3.0963954219083845,3.6624931159842755,4.906887310046441,+
6.686219601390081,2.099347417171713,2.3419031991493533,0.3118754332064882,9.703984585938354,-
5.321471180008137,7.041096043017037,2.624552459152134,8.503848204194453,6.167124142348105,-
1.6949436344332873,0.8966029326916795,2.7242475109161464,3.4857333692396324,4.16769460346262,+
9.94599022083901,3.275557360159025,4.6280342269742185,7.903448996382859,8.053540512523893,-
10.0,6.2228628884168655,3.7500533734782575,3.9279153466029935,9.861032855326867,+
2.222564754201126,6.05977330032431,8.450087359930684,5.672403985446367,2.089415825384312,-
2.8244239412156453,8.58331125898156,10.0,9.873064188494345,3.164742557004502,+
7.214539375494093,4.707176029823219,5.005526858421849,3.8681477072075454,6.5914681484763795,-
3.648702844700807,0.3539252415005365,7.847616431768793,4.85911393741745,8.449579718948376,+
6.202652193397417,6.9093189632935665,4.937556746024304,6.414787230124706,4.719937188755843,-
1.1402130570356268,6.595819945349633,2.4431756584665396,9.876898452627804,2.160561125278222,+
5.251935708899963,2.575130974643586,7.679135697981675,8.496755008268288,0.826987363033006,-
9.649113730958847,3.862224841188793,8.978629109519106,5.973844142956642,0.7124321886573649,+
1.524928802174248,2.5329986546605765,4.164409205776288,7.4811619582815405,0.19259909602142633,-
0.19728015024783888,0.316510765558513,6.736119105716599,0.022785693834022454,0.02007943173475556,+
2.4768960419226937,2.3193761597541496,4.737291918615569,8.45151417011534,3.261790898035323,+
0.2140609293071784,3.7481972158350594,5.797244552339176,10.0,6.188754902458895,-
6.117399996984263,5.0662396171864055,1.264180858065982,2.508533246538418,1.2128960003881395,-
10.0,9.307041173264192,1.8162112092269171,3.766955498650853,1.7102246767990537,+
9.260517444322684,9.900254179155317,5.387622816445388,7.5033061964750996,1.424276125278594,+
10.0,10.0,10.0,6.208791741908994,1.8577382477458573,-
6.4195002365143665,5.434670512041465,5.290794686150681,6.315601110072059,1.2110587602374423,+
1.2098698137849886,5.56711998398991,4.5711399287871375,4.545499786051871,2.179303213751792,-
4.3134953855447815,0.94404943900529,8.023132071910599,8.536568348806536,3.3661868650276605,-
1.5303211852502818,0.07621113665589145,10.0,0.587346301410183,2.190411410488762,+
5.481058582309664,0.08294247199162941,2.8403221404882775,0.24990985596313853,8.508551326285414,-
5.660917438614056,0.16468069197498936,2.857763691105003,0.3688416334428957,10.0,+
2.706383972059295,3.9204691710695694,2.7643080368537456,7.42472051571127,8.118949091877292,-
3.2870379233013374,6.878430488739611,2.9540439058511447,10.0,10.0,+
9.388896179237308,8.88872527169674,2.3177687804435196,8.134406068698237,9.62112125353222,+
10.0,4.562185392010197,0.24488503372422793,4.704940486039058,10.0,-
9.982966762143182,8.158502418377324,8.681587879270944,3.2368028737405465,1.293727319529684,+
1.2037452369313777,10.0,7.075163574328393,4.261040955800661,0.6206815384514298,-
1.0454999156862155,8.600315039932164,1.300516897892584,5.259908973918722,7.372046475066158,+
1.2895039213556683,8.632432523450841,2.54542366475921,3.1251658168109575,10.0,-
3.8708916165760057,9.82439329219469,6.971589613357061,4.784620220417831,0.18449932531779178,-
3.0444897763683203,10.0,6.429606031864538,9.276764482897148,0.31055969907595843,+
3.3619535474279436,6.071870960900244,5.614444632051518,4.454690928081163,0.09382604687441787,+
2.8958171730077282,1.4545051677774912,3.6589547725898486,1.664976884217284,0.010383552664096622,-
4.063364896176419,1.7969663610449238,6.0270623472080755,6.048207479750864,5.245947736522628,-
3.198737880256746,2.779433146530994,4.2048255445367575,8.84714142120269,6.270698409439227,+
3.8598852109514805,7.290560356306814,1.7257148214454687,7.975136202915916,8.481958900240548,+
1.0442458691389043,0.63304028064732,2.1196681814835667,2.8146954697143682,10.0,-
2.5641753551427895,9.652076545518065,2.503074570816284,1.7584608226105147,5.004342753405324,+
0.9565236382535783,6.870756089419287,0.6152008995857473,1.4366838943650913,1.8797456811118527,-
7.298747333093292,4.863709176859501,6.218359382362339,7.741585178146208,7.116056587376858,+
5.497631375160733,8.144901453474649,4.363309399650848,7.540981386353084,10.0,-
5.879108504415815,6.50277154721422,0.8449381014374824,1.899600634538866,0.2363717438581181,-
2.908615191250068,10.0,0.7364978830203387,1.1475094856029675,0.1916733091965053,+
2.040285142382169,2.791146905799069,4.594954367225073,8.006882352065777,7.34190778989654,-
1.461419594232998,1.5472620162505069,0.4764489883957039,6.173330996408278,10.0,+
8.324695016217868,3.5947060379018825,6.816962462453194,1.7686510787391863,8.640663204427106,+
3.6189220908708877,5.5068443466526436,0.8575341409620423,0.08596353708656561,10.0,-
8.68787459774243,0.805005889414413,6.847778098835376,8.36535421848922,0.3475250210330594,+
3.1006701615582104,0.19884047968908128,4.308719076147503,8.186166714178183,0.12999021595151108,-
8.474684291346565,5.071164378466399,8.382767196386775,5.108085827723086,8.964775070505514,+
8.438909536200642,1.573787008402483,3.2324262353019004,4.260025021106588,1.7189741568719707,-
9.251350491205162,0.05396226587608188,0.6915227715590688,1.984919685958505,6.464976477688245,+
4.095073517537394,0.03765196383571812,1.3724039517592375,0.8849807656459733,10.0,-
9.05645169270951,5.284476929643076,3.7142536983335015,1.95074516221735,0.42504702751687606,+
10.0,8.086863752243499,6.9760734092879595,2.2109180938247412,0.27155451584261214,-
0.7081072839129865,3.6387535698256404,6.364092951662862,8.436119094241032,2.089309989662932,-
0.29736056807336536,5.086683216306499,6.580054299953142,10.0,1.9420042715557124,+
8.71305254294536,5.59798864267631,9.456276391113448,1.6745477746051751,5.617373882900221,-
3.5873488126682394,2.610220661011024,10.0,0.11464726030172123,3.9627993863632978,+
1.9776087454295,8.401176308058162,2.8948009489275006,4.302724713442457,8.179250075552812,+
2.352912370655719,8.568385809410165,2.5852820256520626,4.458507191758141,10.0,-
5.502665513756053,1.076283149781545,5.867815436260281,5.168965162628761,5.9501079184923835,-
10.0,1.4925831751266745,7.308219482971307,5.549447028198212,10.0,+
5.376032046280082,3.134973383549755,6.734405154445733,0.7209113064512762,6.492182938068307,-
4.042636679418171,0.8340985737550807,4.680369924863315,1.0359837916244163,3.6929295030106197,+
9.705096480462561,6.747985054557298,7.934266430653252,9.208185660193806,6.203849948982843,+
10.0,7.8634769822165245,10.0,6.484641488581638,10.0,-
0.7261482780104911,9.633842520830676,5.643636973012015,9.910601211989436,9.039483734001895,+
0.7949155501405102,10.0,3.7328239860808137,10.0,10.0,-
9.936419051656522,7.2563630119548215,2.597218808638858,2.5429932795666197,9.021040610307926,+
7.577709846213574,0.7290633975850478,2.342133117542296,2.2043696469107386,6.92468973817591,-
4.66528749213857,2.5936856332856673,7.727131149551884,7.767519149127605,7.720123315055783,+
3.9127778431959035,2.8076848388854385,2.1961276078989895,10.0,2.0313635121139266,-
8.776511203686875,6.7163073713628965,6.487931160246222,8.406649073671268,6.8644634275391425,-
3.750264136393328,7.283419113081385,3.4611281536291565,10.0,9.364224097855713,+
2.444995054565624,7.002891279336399,2.921700573756313,5.714733457503247,0.7367291502340689,-
3.0901575328800437,10.0,5.674737086261838,10.0,1.3307573965876047,+
0.3449870161729762,0.486041725559373,0.7208374642496107,9.849393418717609,6.507246836776414,+
0.1919730874121953,0.846761805077137,0.012315244225303125,10.0,5.819183048903468,-
0.6629742587409515,8.63738194290771,1.0151897398450527,1.0485965992997692,9.26355444944564,-
0.5822042057531491,2.895776534514999,0.7087752164728676,0.28755747477027005,10.0,+
4.361926112454074,9.598826528918426,1.4933046865454103,2.6474042355654204,4.896019345471453,+
7.93290443033495,5.442590081365388,1.5449970215949083,0.07968944860226887,3.5068102681480724,-
7.252179084215396,1.5097408519003053,6.659694404138322,2.6049157733742767,5.895145595729806,-
10.0,2.1511181630688383,10.0,3.7045258981330687,10.0,+
1.1983577572830661,7.66321106547993,7.04186136626355,9.837543353918122,4.938348624248466,+
1.7928085284115807,10.0,10.0,5.103106540427074,7.468977847325117,-
5.238009027166046,5.811732903927387,6.0356376710746416,9.888670017813633,0.3619377781615585,+
6.32864283876574,6.41074663276097,10.0,3.8107757387902326,0.6537387883729293,-
4.689565493394393,4.766235717882193,3.3017021724773707,2.7090408699706234,6.403587885930747,+
4.715710001869151,6.825299351565986,6.594906819875811,4.417522940782046,3.6363842986128225,-
0.4251947941085088,5.216324105678323,8.71500848108338,0.3993047652286519,0.7971474919913246,+
0.0493682383904291,4.319196689341359,10.0,0.3822597615903803,0.8871889410218452,-
8.695208067223641,1.6938540400283086,4.82994487409924,9.2776900001557,0.9379806816931557,-
3.782740729656386,1.4808496531397362,6.837652642123612,8.123017427616485,0.2462968448796486,+
3.3407665492274097,2.322022273910619,2.8421034502986195,8.18778887659104,1.2976968278272938,-
1.0476610756654954,0.587982418618283,3.237940548266163,4.979263955019982,1.281486100698281,+
2.7355129734110717,9.372911435745108,0.07925353958556647,9.719686238646846,1.3266219773370524,-
5.464644901962226,10.0,0.08773922649608644,10.0,1.5015076824866334,+
2.3482224659996764,1.5113884417833812,8.87262131003575,2.149980579489823,5.171726707148938,+
0.9155647002282538,0.09206514389152526,0.19109839166013307,0.3560398715292101,2.5917364585794225,-
1.2633521917833501,8.290741758460879,5.835399567927894,3.7525946363514007,6.74250559079465,-
2.3510695941506667,9.616892535408265,7.9455082506705805,7.088157794288005,10.0,+
1.5605941087175224,8.952376615516993,8.82688043271422,4.000598422520767,0.1127626301073581,+
3.0540623063216326,10.0,10.0,7.148386666907044,0.04323953830396522,-
6.726349616238912,8.803968939903486,1.1949443956884398,0.6489960501736358,8.382706573283727,+
2.2937211536153708,6.634165755496427,0.7939971374101323,0.2684847533398349,4.292502286668678,-
0.4369696983496718,5.620094579126834,8.370100174172745,2.9236030246017233,4.274868754273326,-
0.19454373099288616,4.0776837036715365,8.092675408313877,3.9381611879099445,0.4749829684978265,+
9.804634093181289,2.05090640713403,3.0504455498831873,1.8066941342021037,5.94111787879463,+
9.774027209139774,0.7184317025188854,2.88353924531579,1.066232680626715,2.2760023800126246,-
6.598260036234855,0.9114756648203481,7.537173811105957,7.299642555480279,4.843410889019063,-
10.0,1.2133170149076395,10.0,2.1418966818447447,3.5936235293288243,+
0.8940789467744326,0.2993855732427253,5.477854692884518,2.04506979933347,4.187381118798616,+
1.5198082470294116,0.048153930496459565,6.219607193017311,1.9528660554203146,2.389410315157217,-
4.326848393682666,3.26261505602528,1.2578055965699775,0.45367065328419387,1.8103784473315887,-
5.316558751687125,4.9739236607489445,2.466953152835304,0.49696571951106533,1.8998948198325358,+
8.230135673623543,3.049421063320489,8.342017100636715,7.823358420528315,4.6607166514609,+
10.0,5.586442473419007,2.96383857878773,8.91966451262776,6.844324218392267,-
5.170805823223291,6.772186057400721,7.42626926806655,2.995633070221948,6.884253150869845,+
4.277320187971397,3.2157749610815802,1.8430158144144515,5.096358693668893,8.651558718427092,-
2.540863806633743,4.313708784150128,2.6799092294211624,1.2233750281025924,9.459108194126554,-
4.180311026821796,5.451919827638867,3.11853677208054,2.2208861096391996,10.0,+
8.09287867477135,9.549705875698564,4.386081758186976,1.0858010402562968,8.770665785509701,-
10.0,9.932025768492611,7.97336047131757,2.1490266101324864,10.0,+
0.015359672555090853,8.859933304739464,2.7544623828543378,9.76030210246262,7.321726261155761,-
0.007290440681232581,6.118383797761315,4.783144314211635,1.671685837778666,0.6251711838232737,+
2.481770667154688,1.0100161028275567,2.739145160922977,2.111273761003524,5.481478688680125,-
4.050573514972541,1.6577282029978668,3.779911076581202,2.374836420291324,10.0,+
3.82944191602638,3.035083796525063,0.17727001384036045,5.948237092780891,8.336399726744164,-
7.317734257079102,1.4911092855497703,0.2338587493770244,3.6043605294156555,10.0,+
4.639746432144553,3.438893172957135,8.017257000284904,1.9614313465890265,6.692891739630173,+
5.236831509431698,6.14783872981914,3.3366354254597232,3.2969910087326024,9.846312559945947,-
6.915721074783865,2.5462149947198753,7.8441448612014995,5.702247770368807,2.9847520246181345,-
9.070016507027123,4.3236201234054725,9.549323329957053,10.0,4.005106520523061,+
7.229353291699495,9.1878339159689,6.167596041917016,3.835398308247221,4.079758383241495,-
1.1656922435961063,10.0,6.957686654947572,7.376306951749245,2.042458450458391,+
6.739077856529004,8.97834501581811,1.4070976068278318,0.7613916463152159,5.558324097308879,-
9.71916605362703,10.0,1.366819789583895,0.983123182299366,0.975562725422484,+
2.5316431170265496,1.7020238975919921,7.056602461573802,9.571865234565982,4.323789803781631,-
3.4766127735891805,2.072909213975593,10.0,10.0,6.05346991524602,+
7.377939815096743,4.977731960597028,4.084806603825398,2.856452203864408,7.0839639141082555,+
10.0,1.3618130776069386,6.69402743285659,4.4987611532138585,7.324800929244473,-
9.85055542473582,5.888199845712009,8.48184773973888,7.176145764097754,7.490201732799239,-
10.0,8.989532456000076,1.4365963194271032,0.044942352573808166,10.0,+
0.5060053200712356,6.4871797542192455,4.544808896338592,6.32356993093076,4.566013594366426,+
0.8421709943110421,2.9050995959444155,4.431183357175057,6.311596646754906,6.673802967935321,-
0.7164084430976025,1.8966531052747448,9.131194607924112,3.517777369105816,7.755596297703704,-
0.25378159704679315,0.5993000477304138,10.0,0.393542973707598,2.554147484229964,+
3.3919089149910544,4.750830590280203,1.0985595683721239,6.6299560116026015,3.6509805830638573,+
0.6051055095955205,3.62292585306617,1.0120284470486223,2.654409765327154,2.403814694009272,-
3.7430676223856487,5.879584718829127,4.801400463792164,1.2557751084318425,3.710133683291933,-
0.6744282066907389,1.9305921883210237,6.629750935720632,2.1075957428777117,6.893702391897942,+
5.397547758544413,1.0308697121120636,3.0873086565708894,4.570239013297611,6.128660490540363,+
7.748598520222219,1.449858500567046,4.982251165461521,3.60097613003026,10.0,-
0.06645543044304869,3.831669930782695,6.615005780403673,4.611042644719489,5.098107987807206,-
0.12043816184002558,3.5133020380530464,10.0,7.261776377482051,0.23413497409813064,+
1.1389790719986226,4.154070667825937,5.7649843634447615,0.4137540521909555,6.31506852873825,+
2.141618419795454,5.5860551664448375,7.0974616958668255,0.5887649484429612,2.55303397265847,-
