4.439478479559577,9.114952247708327,5.977691497055327,6.628598791711443,5.185034404221369,+
3.353234808720407,6.693570921165659,2.882204504424158,2.1138631315251386,3.609385025693983,-
0.22089384039728488,2.595732018225082,0.01098616911963557,8.098445686310997,1.432551115415024,-
0.3852253438120471,0.8212396872378117,0.003918367896382407,3.3587756276114944,0.12582018215400465,+
3.044907861749201,9.863214147211457,8.511546042290428,3.6926292233153446,5.437625972051078,+
4.221474630729656,10.0,10.0,3.751584096758105,9.15998216655239,-
8.771455687647492,6.188270835910602,0.6166132449238859,4.650425547098797,3.5605178941459537,-
10.0,0.8012288671634767,0.9511504170092121,6.890782644278447,2.8772865908200327,+
6.855446082599144,3.485978160321169,6.63355158032573,9.53762091792221,6.873790817955423,+
10.0,3.389599701549391,8.142536105254237,2.1959114996445046,5.03095149316003,-
2.0554510553748226,6.426468024024432,8.665012220976868,9.93922864034522,8.815264429564492,+
0.8833293018196263,3.0869184101076463,8.292431408282734,7.503173002607489,6.21272735167242,-
0.42762090291538213,9.106480164898096,8.197246637834093,4.3122745232723965,5.336577725297435,+
0.07082081918513224,10.0,9.649207866218067,6.142910357214009,0.5573628870383961,-
8.92618218090165,6.784974146706105,6.632640147027735,4.813651554724511,2.6029561100945795,+
2.205857750783457,1.888885266342759,1.7506977595377509,1.5422889168345018,0.180267624296134,-
0.7908989708418213,8.760617480453133,9.792704243455688,3.3665101788806497,6.296341598790768,-
0.40512324979195674,10.0,6.665084700221726,5.529117074242958,8.610463861042097,+
9.06153563449213,1.9105044546801153,7.977325483896176,3.6473275094660695,3.961012432418479,+
6.699307186613287,0.4705296121066504,7.04479403087285,3.1096526561956357,1.2455474308011418,-
8.282446194819176,0.48248877776854826,9.424639936545473,5.7219924336425665,0.19136172370582516,+
10.0,0.138557656902542,4.280058925794818,5.777773688718044,0.008083846084763325,-
6.06345111343329,7.526361622198169,2.55050698746774,2.3170826591691993,0.13777130455069675,-
5.422821505419856,3.390795326746887,0.1412549324329523,3.9047934243407667,0.03784383642986204,+
4.896464569385465,8.387736629641031,5.277009850296668,0.3877266286114889,3.945901814882895,+
4.492659290472182,10.0,7.470336793787812,0.4093905809869824,2.368269215476496,-
8.091726948219772,2.534515706679313,7.434827140511907,3.3874107937915374,5.600677446291611,-
1.0380208213280986,3.6385863236142826,10.0,0.5241961934260216,5.9893041300818535,+
5.872639560996678,6.372903298795249,4.119359022174156,7.106803679697137,9.216387078318986,-
7.366672637576781,0.4344769761648948,1.8049428914507784,1.5879311023810223,6.013962838092566,+
7.464118828306669,8.389613349220044,4.971490091130388,1.3393422202640592,3.3608174257260446,-
9.121489010482554,10.0,6.0929838341732045,1.8664647472620297,4.891819455920766,+
5.151375094601777,4.787227750767337,9.938783825415936,0.8372929486440417,3.6543225373781896,+
8.985482186551588,8.391705960240115,10.0,0.863807380310275,2.801052095283839,-
6.985765021975855,9.654078808189887,9.77743895660406,2.5030951238403243,2.75751867796475,+
10.0,10.0,10.0,4.534723734906769,3.1235783152019603,-
7.543863271074769,5.511566013242488,8.199931891661954,5.6310709790791,3.7449901033712796,+
3.1793771487854623,1.9759352261047842,5.642286145492977,4.51203598653463,2.0592993939303086,-
2.6776983654380624,7.273447714767852,2.992120432860368,7.134091929337045,9.117289340438717,-
1.8584583889266562,2.4335227296675344,5.814885127390271,6.130576272184745,8.258703656949216,+
2.9419958220756093,6.698900754849294,8.722997805906878,3.190770301212138,9.602782940487447,+
3.6367478414766374,6.944814186230744,9.38048226815511,3.4284134044450862,10.0,-
2.1236707394978294,5.548588562221876,3.3519637534824263,0.7912910606998591,0.14866121137618205,-
2.404851731218242,0.6747330508642827,3.2862662358813512,0.4379473648271017,0.02029274744501509,+
1.8353313307108376,2.181785376099181,3.834189902193713,7.447067035300307,4.819346646142351,+
2.9523251216449897,4.00957152157939,3.981674317204057,10.0,6.174739207981089,-
3.761074597249565,0.8675630637267717,3.6369344069886145,8.467104612242949,4.904904461681482,+
3.604044495982783,0.8246755761884783,2.634008629543607,4.733086428381441,0.2605282775453486,-
3.3949982440998063,1.5821138694355907,3.638595110602354,0.06098590078401078,8.37374379636961,+
6.187601016749965,0.13657850217813589,6.468123922107726,0.020389697828330562,10.0,-
6.282082240752875,0.44835253490100535,0.3631165298059902,5.359385638912103,7.891201264109307,+
0.8538852707265183,0.21304096017410576,0.23731800933173672,3.925313622337642,3.9832414452970033,-
1.1732410870348753,6.932658034499946,5.648577847302376,6.873443976890714,1.4323873515611263,+
2.29527052897917,5.134428304545575,1.9480051632961786,2.5171277695816916,1.2405719991660775,-
2.269101384679151,0.5429819941256764,9.988370087516168,2.8589622176743013,4.663806670371676,-
0.1362968764392882,0.3090651455988687,7.841189290827535,0.2025773083108355,7.614774398784489,+
8.902632229929965,5.62894045951734,3.2546453891555647,9.389928186325502,7.719460975395723,+
10.0,6.81913065951503,5.349631044138492,6.866116409804575,10.0,-
8.787986822542685,1.8219742756488255,6.124741942076759,6.5906594123061835,0.7115443715072622,+
10.0,1.2729000584819734,9.784928863491874,3.2698312245320595,0.6956816453010224,-
4.877836676198236,0.19035373308049608,0.40658072455826644,7.4771792594433295,3.882416473099468,-
5.541389302529736,0.27005655011685303,0.18393789161286817,10.0,2.6630473752373045,+
3.7791893663269005,3.6846134089954474,2.4175094352195425,6.179608054103021,3.979328389489658,+
2.491198665985776,1.0529171317106518,0.6173938988150776,4.016793109653001,0.013853916149960316,-
8.323270663393924,6.79091897743151,5.7985763311552185,3.8464151398433524,3.084614126354305,+
4.54864812106284,6.690478779657335,3.383805303016515,0.7120428005917085,1.4318017237730485,-
4.522173342319275,4.0519426872726685,2.654997632619769,1.4334423817980868,9.16986371371465,+
4.639885890834701,0.4330220997989062,4.71551718455669,1.8652041588864066,10.0,-
0.13844362836494484,2.491289896548481,9.057171543246076,6.439087575491479,3.323595155929686,-
0.23748812114575155,2.630223561707822,10.0,8.031136541425726,5.950839844541208,+
9.121765902189265,3.347733673613631,3.255127980147855,4.448130716207829,2.123609153653825,+
1.764299733171643,0.7870347328867539,1.106175590249101,3.927616992280625,0.7684399104795964,-
6.061345247158057,9.28135203521683,5.016548008900413,6.122306809746254,4.534554359251973,-
7.6511246617263655,10.0,6.043597383498575,10.0,8.863711792164294,+
4.264346162318033,6.1162701151583505,0.5876238076759155,7.865279086564689,6.172671290984332,+
3.034369184474467,3.380765030217978,0.5835955695386825,0.947189258859768,3.7667367574093746,-
6.394740744089581,7.089556570147043,0.35455158683214805,0.533606841004014,9.55629542986276,+
10.0,10.0,0.34419924666438884,0.2778274592268576,10.0,-
6.083867814229417,3.9057349830556696,7.720140864246617,5.6178520460842005,7.57297886315596,+
6.6959904430922865,4.086024110448852,8.638426512666106,9.495694702188825,8.397970249086073,-
6.724733367850554,5.621420587848569,1.850773939517073,1.654750116413306,2.744930104434932,+
2.426162967893184,10.0,3.692510465306315,2.904261471817678,3.4188544463395014,-
2.7076733739986256,8.042754520883964,3.495986781813828,6.999291371032173,2.296142097959847,+
2.9360436233078304,6.71134041360018,5.049917353517333,0.6209004661090202,0.8880647820191309,-
6.500945030130838,2.2955877851239617,8.916150610339109,6.145698862917626,0.13606484069195512,+
1.127454671738033,3.4319203559561133,3.1227757562164977,6.003119528750639,0.1343959380120104,-
6.6305877478219335,1.0772705515265513,0.7616472795019424,9.674719471385758,0.2563198355107199,+
2.4532262324231318,0.5332320946184808,0.5331916257839705,2.324498203566297,0.11258315460769192,-
4.2652027444832825,0.7420143449343619,3.6397793318281657,6.337817028274914,6.779773306077628,+
6.674607459750665,0.7433552329700446,0.3697643127841111,8.16589196783036,10.0,-
3.660696619753544,3.2879562851447575,4.212644380048443,5.1439075292464125,0.17359070591188575,+
0.6192850924255723,3.0125877287456957,2.2532325245267253,4.9250555020142155,0.01752181836860871,-
9.074469797369828,2.499148262915715,3.7815311439502377,2.2220465156761495,2.5084824505043035,+
7.813696713244211,0.837763619424165,4.816444854223093,2.1981379659742446,2.8505092175539923,-
5.580317428244688,7.504445263553599,8.817112393631596,9.434543012304031,2.289763559836071,-
2.795452124800622,9.337047901297518,2.0619295732660095,8.119010431707531,1.9595725881017148,+
4.2548810059479845,1.8167444053450377,8.70578847727048,2.7313563008903694,9.856515821763717,+
7.961583809001441,2.7333727143749402,10.0,4.348669788449725,10.0,-
1.6245736621838658,9.169742692576252,6.260637447878996,3.4048853956117275,8.176808201103986,+
1.754836534399442,10.0,8.786448198750252,1.3933434658324373,9.259378557894802,-
3.3501670424077803,0.055303885098635375,2.945963489760721,6.357377506679289,1.8812797516573798,+
5.017831759642092,0.0022904598422738287,1.9813803405516437,4.965021051053435,1.9884764749987098,-
0.15710915496555677,1.8475862141632327,6.611388543606171,7.787207834509461,1.7318059414887532,-
0.16965621897261635,2.027101352634856,4.872728950115617,10.0,0.855015703776687,+
0.946937115921036,8.067973567239285,6.576538104852862,1.8616196994000722,8.395713308588489,-
1.1895062988938847,10.0,1.5092795004581916,3.5426092021501026,5.023887772662262,+
5.209215392209602,1.6745444590402192,1.7605549966804523,3.0018878676826697,1.672113416576687,+
2.8814370887534198,1.4820444875080716,0.11706267789520682,2.0191851434673525,0.30189759743756206,-
0.32512313110948154,0.5057504001995405,9.342335878768445,5.147517291848958,2.8419778236433944,-
0.06643550211054482,0.46319329124392605,3.2320476996484144,4.338436836426639,4.386696158923494,+
6.258700783646218,4.826755216154711,5.490937060628288,5.571420354736444,9.595621445699342,-
10.0,9.514343097514285,8.131495190468405,8.771351601248856,10.0,+
2.9813348620434867,5.655309617273248,3.1472835737651526,6.8860505048479475,5.248909137650255,+
2.5605145507383846,8.294080974434614,5.21463295152209,4.500762149577564,3.078519533097254,-
0.5666047274094554,1.7112878730258807,6.373803513952037,1.6156524582442044,3.18806557631085,-
0.5864396270835757,1.04332787861433,9.915824813653373,0.9247098302749839,4.400336885907552,+
6.959647288505564,7.653498428194789,8.866461327805187,1.2306913718064916,9.96736309408525,+
5.429458846206251,2.9687691488688253,10.0,0.5875949123076426,10.0,-
6.609055621704403,6.999252677161053,8.67144805720429,7.856562782181219,1.1727232335877436,+
8.79529939617066,10.0,5.287252278984398,2.4420615650997477,0.8754151137380451,-
8.186778209843522,6.3485565796076315,9.22559559483415,8.066456587766996,7.019374965803054,-
8.490886897719342,8.851832246920571,10.0,10.0,9.507681840698108,+
9.998120080426423,0.8604656684977385,0.38369623887375526,6.903788019538951,0.9712701354416153,+
6.490380963342607,0.12006646361445479,0.36841136643022726,4.639075479597231,0.24883240541495466,-
3.1356961303420947,1.4997946638249682,3.3371055349168612,4.331385896394721,4.216719259334742,+
3.0964147038440735,2.918293564000585,2.9288932870139455,5.179227536088841,2.490349282771829,-
7.894763811510726,3.422580536235631,0.41016363605597794,1.6565440704318424,5.049280750836177,+
6.6614532120330505,3.5918310212124904,0.8190480622019812,0.7719637886133597,2.0207554744558514,-
1.5090754937288298,5.3523373071275735,2.910444895773685,7.886680248864712,9.934588445341548,+
1.3059532487997674,2.153493120247639,0.4981490898226579,5.95687806354371,1.2341653716943046,-
6.064575655909753,4.669301466595179,3.193967148846637,3.1715538568748682,7.971764374517349,+
2.9200544974385765,0.8306385106223121,5.805172631557561,2.267031215923504,10.0,-
0.46137650452114043,4.3016082788687,2.0519711798930707,7.7208076436762205,4.095628017445208,+
0.020432327285464173,0.8133183298721219,1.2264818379926847,5.488936515368346,0.2729201507744035,-
8.821045384799321,4.499277044653258,1.9180132047297993,9.979322669262213,7.4742187415269425,+
0.1166808963084782,8.370282584913609,1.2220675605019902,0.7473054717459041,9.909406356703757,-
0.3392046552928607,4.491011504349448,0.8953696939864442,9.060383468085218,0.10162957050523169,-
0.23138638397293199,1.6738769901434167,0.6138126012619802,4.578285432586701,0.14797303344494978,+
1.8650491431594662,2.9231118886201513,2.784537588077476,5.7702139279882285,5.66687807842123,+
0.18206407614527312,3.6845108499388632,0.992226033542853,5.431989846554951,10.0,-
5.558803286581764,4.413371714470307,0.989339044309222,2.453266108815375,2.9894723690959504,-
2.898696806606566,1.3891752544848286,1.176224044951205,0.45784069971872277,2.2070745193209182,+
1.8431886489858829,8.353670050031573,2.4278563834592584,5.223587142552297,8.848020815228148,-
0.18535436763646457,10.0,4.8485692519189785,2.0228640364885058,10.0,+
4.163624228111356,2.8645939919199503,3.1834969542980307,9.498215652568607,7.896515102935947,+
5.973081959632836,4.126260956933782,0.824579249087501,7.2285253031443855,10.0,-
9.74041797548142,2.5771750297545983,1.187582692283674,1.2750183339783916,0.65187029781265,+
10.0,1.7327039533532385,0.7955843439391345,0.2952534622533084,0.046678561478838844,-
9.096928279649685,5.81120865848103,7.06653269243517,7.572570489416762,5.0833271029826665,+
3.3821385597247,4.779194860173621,1.1483989568780437,3.9695998896005755,1.7477783624898895,-
3.6914968504685475,1.0658501799226894,9.078432623128139,6.025623274550361,5.972035067039673,-
5.551339981275787,1.3501398106349771,10.0,1.4952167583572566,0.8882354643084022,+
1.4832138052987376,4.962161430203978,6.64864669476138,7.938721905184934,4.361200516017578,+
1.8108889677591253,7.6272122226096,8.523285039059383,4.845930445046952,5.26811875827296,-
6.921225222590098,5.052731451342027,8.368815825582699,3.3513645769659197,6.150107658163048,-
10.0,6.490835524284997,8.436856636846434,3.556126818286,10.0,+
8.56619291011113,1.2705245290444422,5.233190440272502,5.997187422077039,4.811089903647645,-
10.0,0.6627392469543696,1.1761699063791597,1.0863182324296208,0.616617519226394,+
4.410403596440017,6.70340719509398,8.833202575282137,7.436342852610263,1.4962786091525404,-
2.3283788180808562,2.477190362617965,7.458750210612631,7.486542700284042,1.2032413832584956,+
2.5577179450109977,7.140820805918953,5.905144352075179,4.4799213439656524,4.542279517231487,-
3.4713112198404725,9.442381659303168,7.459291522910438,3.597227331077142,0.13831410421750978,+
0.3019027522510487,3.07308852008791,0.3312495257686521,6.019212172064055,8.558149548455354,-
0.15480094939088893,4.73646617107538,0.29004476998425643,4.677828405743388,4.35146253545574,+
6.463042768008352,5.375031033858177,4.15451861099723,7.333891247902329,7.793814592372823,+
6.046167847365721,9.73366523882989,5.409636030238164,10.0,9.356141488066926,-
0.615263085095008,6.15983904285549,9.344244255930485,3.312310324610208,8.381073413181543,+
0.8486982040704867,10.0,10.0,5.333514681284513,10.0,-
2.6887355089906597,7.02680639692261,9.53970983694385,5.194239665470677,1.5835851640086906,+
3.1823116574956436,10.0,10.0,8.471953009630901,1.2935412264085788,-
7.785867877514956,4.091637101519991,2.712140800935644,6.033316666111866,4.232242249704608,-
9.534335904107795,7.989061856407741,4.612954090070049,10.0,7.272405010444756,+
8.525051052162656,9.610951988617947,5.126571490271185,2.9004904004724397,6.0798898396198435,+
3.520015881566845,6.157011191937047,2.8754145386914387,0.025718905225404484,10.0,-
5.803914623444976,7.812630877721677,2.3539817143178663,1.0867822135300442,4.000186322841102,-
2.4602803023517077,10.0,3.8589122009187498,0.5981788999864492,4.078184443210656,+
1.46454177997001,4.061703501706415,7.9678171285876935,3.3762290003507367,5.784549842402686,-
1.4943996272405287,6.248489014760219,10.0,3.411660900973743,9.757497891755198,+
2.562382202775886,7.042690801738678,9.941369330005127,4.318764271462591,4.590093376589297,-
3.576703611680526,0.6171060841691428,8.83744301369552,2.218569133721558,4.216972651365577,+
7.233892656487635,3.4614747537737744,1.9665979024420421,1.2591371529510142,3.2242554403225188,-
10.0,6.531566294896566,2.3514139442363473,1.3457701186205244,4.52707594050637,+
5.304059450159134,5.739502857160033,2.237452257989835,2.9591498886525622,5.317533830459124,+
3.191787105740907,5.1217613185450395,2.028170902166235,1.5794171748265187,3.0668179407660316,-
3.3708726636542954,2.309409937702378,4.084509191161009,1.253083032075888,7.721736134774667,-
4.385872272328455,2.9516677595570173,4.265253796646218,1.4091026415473131,10.0,+
8.861851408212368,0.08958702903390625,7.539295380961769,4.362896182859161,7.9468266055718875,-
7.11502406366024,0.08497468902992626,10.0,0.47070172817366734,1.0066675968892176,+
5.078826688939761,6.8214889538113885,4.816577817257378,7.3238908252815484,3.6408834013476854,-
1.8213869394900588,10.0,0.3620617891387487,3.4496967459526577,3.201726069654409,+
1.7299541706761845,2.292761119651061,3.3743385314403653,7.532461329805418,7.12678254525816,-
3.049794292765456,3.0726561612547054,4.779060043575048,10.0,9.515526461136446,+
1.7301045626458822,7.3128602693886435,3.4129568534888155,9.997653143093746,0.060423287838268225,+
2.8521841772960017,10.0,0.9932254760171617,8.551893143960571,0.026117806473212535,-
2.1613048674542656,1.0803863192457797,3.6482997008292326,9.665325977776542,5.817263263308657,+
3.377309387182734,1.7138622572918352,2.4601125196129936,10.0,0.006424827214376214,-
0.6528930645804598,8.827463231523039,2.9312336762102076,1.5289875339573777,8.409143155605209,+
0.7429704341992697,10.0,5.128604052872241,2.2063508453014435,4.937681158088656,-
7.572607320970973,0.35252035413854466,8.710174893674608,5.504338997780774,1.4781775077462467,+
5.925696489256794,0.4100232136243536,1.705306678405214,2.177084628543516,1.6220157251156266,-
6.1022165028279645,2.0253117189057446,1.595682571935788,7.580944762047128,0.3328267350056391,+
4.866082871287247,0.6627834732972794,0.4427377347408742,4.115898692137362,0.0577057814456563,-
1.5806754303824244,4.3836515544802666,9.715183383590038,6.762545889533945,6.6924264866708505,-
2.574393365205113,5.534878480989524,10.0,7.013342373863498,10.0,+
0.9732049709223545,3.471081481364454,2.847810542726142,8.099942968545745,0.08538701849625019,+
1.183885719829648,4.924625591369408,4.100467441546004,10.0,0.004621680079272972,-
7.03147318878124,7.24122885468021,8.524123101694416,9.443877132006335,5.0752976129654614,+
9.299485522486144,10.0,10.0,5.659143876106882,6.496845399333976,-
6.601669294712417,3.135971466440488,3.014335290557203,0.039149328347996004,2.657694099856005,+
0.30881965999649774,1.1783032658471264,1.9346692733831774,0.03738354461713862,0.4657044399951335,-
1.147922090093737,2.876050752211803,3.3763835017476937,6.523945830184893,5.699721889774913,+
0.5485118641558351,0.7979308634162703,1.0987598875215685,3.480336275142375,5.170517117152066,-
0.892955144571691,6.056613422461469,7.255374116948906,1.4702074379370034,5.224627868365303,+
1.4940966087984386,2.8638891670842836,10.0,2.6889153895706044,8.043162723878684,-
7.580843624044555,1.4329175130378602,9.508644180530242,7.6332023536486915,6.289751220212132,+
7.577948966782066,2.061905210064873,7.876942576057647,4.601851276997608,10.0,-
6.185082948675351,5.588849664977432,7.151136017116126,3.958910684602761,1.5598267347035621,-
10.0,7.437978640293213,8.128712150569156,6.770917509720995,1.8377953974942338,+
1.6930647899473383,4.290643095430432,9.752050313774577,4.540016010884673,8.345289654592296,-
2.3683024619549373,7.560577634680649,10.0,7.979350978827169,10.0,+
1.5254697034599285,1.9611502319984209,8.06743086799495,0.592600760264691,3.8610874285821186,-
1.8140234005039155,3.2615611125529784,8.26051856648856,1.017048253483914,6.953955853235065,+
2.760348369018615,1.74902825886182,1.6066493766490808,3.8661696710189664,9.00842951197069,-
2.380514325074654,0.48970533285882173,0.09192588610444408,0.9836863985059464,10.0,+
9.607341174921173,2.4291892298826987,3.513752655058149,6.899878720496648,1.8155862161183989,-
10.0,2.563584097609953,3.7788407004133986,7.823880836662568,3.232833211848734,+
8.667939836136826,1.7521351486562164,9.294300354830934,5.6368709674935955,3.369873218883972,+
1.5150580322968485,0.3093448519705402,5.533911611439839,1.8915732856381238,1.574579602072505,-
3.19712282144069,4.551056502805579,3.0860262087488763,5.756610726136251,0.5607183141409866,-
1.2163202202129513,2.7770583424679134,5.013973744409595,6.1140815502990025,0.7930041995339049,+
6.630235334183686,3.937562255052729,8.914683889050895,6.442939621898345,7.779447688955022,-
3.689607789780373,3.92734371965373,6.89850731829499,7.668124458679348,7.393947452231134,+
8.662411330102543,3.221240627049571,1.834493492196011,5.1067696075004445,1.5568875113480096,-
9.64161398372764,3.3887059507404644,3.58502826547221,7.45257860284438,2.014747296633963,+
4.979084249787373,4.388341230978411,4.975824099279642,7.560831940321332,2.9481246316600296,-
6.65367075781095,5.569256497179574,4.14284809085199,8.545481911703098,0.07082770577747331,+
5.277189995794456,9.854657215504856,2.242183458644603,7.106191513101631,5.081016098319919,-
3.6386826170478854,4.782334444360405,2.8095656934627913,0.8569111354705463,0.009017709544072473,+
5.5534243478890275,2.842900453477383,5.454357958470735,6.658863979900023,1.3687751026574202,-
0.6292944761805355,3.6895411297970253,8.09573020319293,5.366132304535757,2.0277781214329402,+
1.7609096203410635,0.008110801398110157,4.659457070847842,4.587937173753042,9.464437611305826,+
0.09480376755276498,0.00549550520804629,1.091944660741947,1.9202341487617742,5.442965603554295,-
3.3085280075549472,3.2095574701168528,3.386307674314486,8.794342781477896,7.7745858826264165,-
4.3690778365448795,0.6447127825552614,5.783166658000734,6.8945332271378215,10.0,+
9.994867842561256,5.3946434852843765,2.4464435038896215,3.6584707346665124,7.30940121788403,+
6.668455235070574,2.6918643047878232,4.060727880270463,2.429869203939899,5.888529514158923,-
0.20421779378051008,0.4182799923853131,9.972525361093844,5.942515515874268,6.859296303627824,-
0.15232691128410494,0.3658655297362209,10.0,8.082337149674922,10.0,+
1.5964764867673764,9.710305280909985,4.184667173883426,8.50056411235165,6.6424510949706175,-
1.694028039392482,10.0,6.101541768749216,10.0,8.613771573049311,+
9.305397494356225,8.638662878224622,3.833683143084883,8.420625947582266,4.494109803627281,+
9.384269726984174,5.916941039506614,7.2493693883800505,10.0,4.171898636555581,-
9.819500343088054,9.667330661124225,6.717302171660809,5.316219693500454,9.190272349093416,-
10.0,10.0,8.295358273626784,5.751007044703852,10.0,+
0.9470332600881937,7.751068346479033,5.295602770426654,4.892252169585256,2.1964342852023,+
1.6015019797845784,10.0,8.847997455859748,8.172787727039408,3.052774098851889,-
8.245389432915218,0.8414569040546915,1.226406749068667,6.5239996029333405,0.7351287699345188,-
0.5039683159233219,1.3511842154275644,0.11620847167518943,5.46285695377059,0.17961246608648282,+
7.655837815699547,3.0755531216728347,9.348143912813164,9.672071137065592,6.381657173362585,+
8.108967531056953,1.8541856622318795,10.0,7.963560936880357,5.576541278618667,-
5.540941128459656,5.447441615487963,5.758183869629492,7.594197082623691,3.6463123660746035,+
5.05909358323394,2.1428321653029143,10.0,10.0,2.8665364962660025,-
5.3140094429671745,8.30413717260662,3.0592393105969484,9.21636285706844,7.1919814000022795,+
4.657332863092354,5.003114285635063,4.422494260257852,10.0,5.111458331352251,-
6.269588955879666,1.7611608939076562,3.966871932210778,2.500804838648633,1.0004572716547155,-
3.6900632206378146,2.074839519441232,5.246943615625549,3.0319313971280355,0.09981529977691077,+
2.950563810704332,5.904399368308475,7.38269685932012,9.066932354857542,8.602890884794494,+
5.0457703145775294,6.241871353084098,10.0,10.0,0.9158261201880642,-
3.0022068460065334,6.104573680602961,8.991218849345234,6.205389414811384,7.186263619242323,+
1.0906694236612666,1.3387197683845524,4.412856953137537,0.0505271257154299,2.0186796031351792,-
3.8169101710909157,3.881143692459854,1.3181092157942698,4.048306794411733,7.922099857522776,+
3.9228865958902146,0.5137281396951394,1.4822677298652227,1.0915714208066714,0.4835653895717728,-
6.843718161155444,7.82923863431642,8.418997539839335,6.921161828328243,5.668514808359744,-
10.0,10.0,5.4440264033306365,10.0,3.6924445149736127,+
8.943818123214308,1.870067273912942,0.5182802828119637,0.4025855076375695,5.892545829099128,+
5.873900130703482,2.4768217430626156,0.15111503467647622,0.7382684513781557,4.250813816832492,-
6.955796553673476,8.513769310157306,5.9961577975616365,6.581649963084095,0.4635792365987845,+
3.4080110575099725,0.849753236361749,2.501472510881176,3.3853497878542402,0.20608908453107275,-
8.490911360278485,2.3554912233656355,6.117995805278999,9.94279903401593,3.8777751812236594,+
6.928912604926447,1.1574200573476754,4.541627044386959,2.9187850461786007,3.3920838714056796,-
2.9165379101625897,2.664648620865205,8.126220415811186,2.781334577258244,3.887637332520101,-
3.370360234513713,3.3529564087021657,10.0,2.9393975252850613,7.264908909665944,+
2.8842103620602444,4.213301259814948,3.863193121132852,4.87519451127365,2.70635502975869,+
3.336077989068249,3.67902700295092,7.4866432572904005,5.944862237045826,3.4441523598149884,-
4.063030767193906,2.031509484128027,7.970263126518206,9.477635124177807,9.430183766133162,+
3.987953319610317,1.13176753493549,1.4366118848052005,0.2546920498892288,9.033348979632574,-
3.328295574536293,5.220160430139895,0.2726703128825936,0.12249571117605274,3.7367860630020457,-
5.40073855083182,7.124771628088981,0.4059046680992839,0.19855261132688054,6.15644956303519,+
5.9534902731370885,9.577121920574928,4.172327090146341,0.35961401499423173,1.0046125939943773,+
10.0,10.0,0.752384713718641,0.6709359113741507,1.0695986250377971,-
9.608564020238507,0.5728143785237994,7.264758891926125,2.714990673896389,3.957142909465131,-
10.0,1.1232250856739123,9.374614230038082,3.374782041446085,6.2689401212337,+
4.5394748507984195,9.931091330061982,2.7499249677622517,7.63071183194244,6.255032937417257,+
0.4726940680180737,1.6303891266193882,1.733256913754457,3.0533560054723514,4.1928297390387,-
5.530332873295412,3.3737142674377485,2.57902086015236,4.908971814505266,0.3808107076081446,-
8.635005279882686,3.573171414688525,2.6910618814205716,7.152257246366746,0.7557038345158094,+
4.684208508368922,4.865770763026253,4.672364118757684,5.634102208354892,0.32732938801024014,+
2.224083575850195,0.3807633199357088,3.10799121116619,1.697817486570825,0.3077665808369497,-
9.741491543920827,5.051776226302721,5.7849933766502435,7.787749952284077,5.175914569611656,+
4.082876607808932,4.727774063964502,3.388204193037937,3.773042079979434,1.2233887396490957,-
4.482193134002959,0.36566358713801206,4.157980944768635,3.5127267540000218,0.14054160586712494,-
3.687294599869124,0.14377412435337514,2.793731296661832,1.386189352081501,0.269787091475357,+
2.146496057967413,6.982692278876113,9.104135380035327,8.878391219339187,6.427558711283517,+
0.9419862580478813,2.675579169874914,1.3452884820887745,8.851406009057904,2.8314117903686995,-
9.843381650045524,5.933623931673038,7.36805794905779,6.792702483828515,4.333104790470123,+
10.0,7.9153225008293955,8.696381274112285,7.901088670531796,3.6235571535287647,-
8.25191474111791,5.133819200606533,9.017775542672252,4.118459547732963,2.6390090168886084,+
1.6953359506745953,2.533721291274922,10.0,7.53647329271011,1.0262142272851666,-
9.206107180063865,3.6885939928363323,0.8529177829629964,0.5159883441398305,5.809516044515856,-
10.0,2.7821925302581745,0.25469633307685957,0.5131355318858278,0.8027524333936856,+
1.350651005842921,8.012193285849028,1.0134830254815752,3.7485607678791997,8.313363184484023,+
0.8713844908248897,10.0,1.7408538730126915,3.683863928859982,3.5386449921095613,-
8.458218927312712,0.25420859120921624,5.024392538418415,5.963417626682398,5.774294901546017,+
0.21586953108817644,0.4045657545114717,9.864611561784313,0.07101336754054711,0.9981195917034746,-
7.538384577971755,3.376703858993455,2.7789557548561827,4.779967640570143,3.527885598943965,-
10.0,4.1343514431116235,3.5987574782737126,7.740302992718989,3.5489772009734426,+
5.961528571683912,2.258610265456725,2.771344523253525,9.988472233805473,1.2333988392990891,-
6.025874717081354,3.6228142980932008,5.1199210560573505,10.0,1.6631635130706197,+
2.0566942021309877,9.07504891939609,7.915244750443515,8.12475857429603,5.713891113321311,-
0.5129756365452078,10.0,9.352669057950477,1.716191943309621,6.056562912946532,+
1.9721351809162546,5.652685413777969,3.8642496687174765,1.100478503086253,3.1455408398813556,+
1.9991462359734753,9.859446766146082,4.562814790394209,1.1210229153417568,0.922701445279307,-
5.915709274095206,0.08354940705305736,4.011481291510286,2.8636248819170342,2.824839953152768,+
2.4884964739051334,0.07812738773574981,4.000630107990832,1.789708147197714,0.050416368310147064,-
2.4643531274477493,7.803560923774784,5.821717338602866,3.9099987452429694,6.167111666941451,-
1.3539662623146753,9.005617587199824,2.9096449669726083,0.4380460541315233,4.902180132667511,+
7.4747462363107156,5.392506543186235,1.6099333626356105,7.629846794035452,9.538579823326415,+
7.475917779225157,10.0,1.2814571955797758,10.0,10.0,-
0.2901285389012964,8.909330504274536,4.912670602316905,2.3516312736909493,1.5085117017875327,+
0.12794149390887025,5.328287875243751,5.994092748403334,0.306700101533482,0.4465038385282258,-
3.6187234141898337,4.827353200045429,8.924532146908296,2.0732023048948256,9.583726696606224,-
6.7014553282276,4.971805476083223,3.0233390908167355,0.3528881590971993,10.0,+
9.75278461118648,4.709081417584191,0.30362024069944704,6.913885287869731,4.230734215869548,+
10.0,7.676159284835544,0.19163975591821886,10.0,6.11424832422446,-
9.98962517724007,6.41839158191816,0.8403143284092962,8.77319058726757,0.5545512955455634,-
10.0,0.24928747036524412,0.0874989127616845,10.0,0.6268625763489073,+
1.071958931088256,8.148068052320957,8.171717917764752,6.003268207032962,2.1300111490337836,+
0.6627664065697703,4.664558754777479,1.038870246062606,5.67096826272108,0.9491653610772196,-
1.3109504765924795,1.2378051538692347,4.165680610873949,3.114976802952296,7.839062338678452,+
0.0821875860296684,0.5832905310219356,1.7675187453680818,2.6357550619088044,5.453894188914249,-
8.81656964809527,5.784288777592015,6.657597891216517,8.424668939392062,7.777086335027777,+
6.576233621288722,4.203113715749573,1.3567723424393203,10.0,6.843998590945678,-
8.155495820661589,4.204777931784069,4.359782354507828,4.8126019073238915,0.049835025374199704,+
6.194372282694395,3.6477553226764967,0.7734010153575732,3.110556976037988,0.046085005340872655,-
8.89629199238871,2.1281728762912966,9.588897477911296,5.710044200014234,8.012077532413763,+
7.112654663753396,2.1050594004288063,2.914800976404362,2.4558331973067955,7.47641731014134,-
0.3567936272594907,6.296093335610663,2.2395632211291963,7.2007048455274845,1.9264775079919128,+
0.37561483760945213,8.566854195750581,2.485701369865865,8.839663742661951,3.409313309279785,-
1.0513097464830634,2.8555812511284207,6.1809757763943765,8.552314310678565,9.405094863275245,-
1.176748285544139,1.9394357502730022,0.8481326011753764,10.0,10.0,+
5.332184514669855,9.881394947637212,9.111537187239632,9.262769754960038,1.3810986460684593,-
7.282710234385646,10.0,10.0,10.0,2.2191047005316134,+
3.1958357374569557,1.8273669190275033,2.6346990222611244,2.682510948128666,0.5684648545813653,+
0.3541505824880328,0.11105463971364417,2.554420373561624,1.4028721185694684,0.3135457446932527,-
1.77532325241608,8.333003061622785,2.3019872837222244,0.03966020346850896,7.303510390095736,+
2.6601960482319837,0.1348677113538895,3.3726076076932148,0.013429896290961548,3.384987390097812,-
3.727169276792642,4.2490940667700405,3.657141037581735,3.145734674108845,8.658855182506713,-
5.0303968798444405,6.8935720959581674,6.508696824843357,3.707407870675079,10.0,+
3.9092604227571917,3.6039860367232412,9.166895345820286,6.9220572395424185,2.1914597048035835,-
6.911675117579052,1.0187225805692657,10.0,10.0,0.11997887045935007,+
8.427826555878347,7.324078788325501,3.186487352906621,8.409064013715389,7.000834187589913,+
10.0,10.0,4.000651460011873,7.186905731280755,10.0,-
3.7903512604729905,0.07285091601188065,0.5045184112320678,4.684058417974447,3.0625298311288383,-
0.34007214416362014,0.13589937925658555,0.4341020168887979,7.3929982582579665,4.177027669121125,+
2.9318422212284423,5.30617894491633,7.697136374660078,5.027284816597493,1.2263316428769633,-
3.1087336310527323,1.2727902394369672,0.4726177882204456,1.608333560853093,0.07915491391644115,+
0.967472821014953,0.6268542911184127,3.0137939337486817,5.576628515378422,0.4819941901754865,+
1.4199446608726103,1.0097542005213402,4.299009809748629,9.955588129600915,0.24763065306038762,-
8.920292731884526,3.782050518557548,3.752347387560339,6.961285602286881,0.9267573349407965,+
3.3011289920266584,2.994799345695474,0.9575495035184529,10.0,0.928745921367357,-
7.636143124311749,6.6620743657392,9.341669604766661,6.460743079261126,3.531844597849114,+
0.36406266138473203,10.0,1.963015256649019,0.8212694973147943,4.952872172430307,-
7.34702696061318,7.442745739390872,8.092746558277362,8.121649439592332,7.296500949812016,+
0.012878255163256011,3.107498189122962,0.636638278493074,2.5893448794988942,0.621628547144428,-
8.759279248253872,3.0547603661511924,2.506066802640945,8.348700963913773,2.9216435031315346,+
10.0,0.28860114260720715,0.1744971494051543,10.0,4.570371781385069,-
0.22002906155404567,7.947937651075726,9.80984813608188,0.6683352476073645,1.2103455904794302,-
0.3009426019262159,5.213347215976362,2.602947773286999,1.2258052160178572,1.9293646339415949,+
4.005678446590309,4.912282547101658,7.7439689655210735,4.142597417506128,8.123863786471755,-
1.9618943786417369,8.379247943619195,10.0,2.4983064846188685,10.0,+
9.9316210172841,2.733247492732845,6.805161693225964,2.893961450003025,1.7932490237514909,+
4.082348636370611,0.32611020013744413,9.003070060204573,1.0639213792462612,2.0506309646035734,-
4.71750724051733,7.357280387637669,3.0122220955926746,0.3261116081859494,3.7310714380658085,+
9.049980361985812,10.0,4.535203038515809,0.04623522112373565,6.475378568110573,-
7.86475510018199,6.989709427273273,9.046510189090395,8.455238705911668,9.800023270674727,-
3.908175255367787,4.376565465003215,9.339943416480857,7.063956667694704,7.589613034502063,+
7.404897142012166,2.5492394669549165,9.376398310913515,9.852828014285425,1.3743478766703732,-
10.0,4.879375591754608,9.902190954617774,10.0,1.9473957942417477,+
4.580458961679338,4.3501266437809685,0.12491965365729163,0.09800047660902811,6.353160636902545,+
0.7297016391114255,0.003610761084092282,0.07052866523194268,0.02109428937955213,5.7741285242732046,-
5.040538369692117,9.120010512646859,0.454815798737811,0.9185307634828876,7.457519377088837,+
1.8214191058627986,10.0,0.725247921352283,0.9861375830378158,9.707391020502454,-
0.565185606836961,3.946523689427263,9.184643250834755,1.1192129040771537,8.61492797967537,-
0.9790309344019906,0.2962835588945995,7.816672042281776,0.6498121237958108,1.4963986328197039,+
2.7891720490035334,4.175633682840104,1.9802634314364354,0.048386235565326396,3.8056629336925587,-
2.120778716506267,3.550822416920419,1.4803560480050506,0.07928111972047722,0.7701885987374827,+
2.614358493521954,3.4243200613630895,8.505272383894775,7.966526823125459,5.524693720300871,+
1.4300293760491847,3.3840928534243377,6.862336882848913,0.1612288040774412,1.821324479292968,-
3.0511518097935433,6.134707260133105,0.7791270753835233,8.853318754603581,4.78923933974714,+
0.21299038406492218,8.150959015814292,0.8335491917565592,10.0,7.054699477344875,-
7.3388757066127495,6.427263590497139,9.04990475033973,9.606638507271336,5.8750525691884645,+
10.0,7.232881645174388,10.0,10.0,1.851731223867725,-
6.924201385183933,1.2563259150852857,8.585648468446935,1.1019907647247285,0.656569159316952,-
10.0,1.2653803983333145,10.0,1.6358436279519057,1.0251232848621958,+
4.590785307418254,6.2210593918125765,1.2546439942484944,1.5883486268698421,4.521458792169169,+
8.93166205432905,9.464987675134358,0.7171623079020923,1.1753756262301893,0.5947414480347806,-
7.651277276141059,5.519321466224949,4.247978409773372,5.035437689659085,2.5058021817213416,-
1.9284410278071653,2.3399453367935443,3.08470047390177,0.31113045581743554,4.6408083637620985,+
7.0130891873196095,7.07919760261036,3.063940552401464,6.975585763983366,9.678320801035783,-
8.39343857385515,10.0,4.6939985572849405,10.0,10.0,+
7.737233437924326,8.927860867354504,0.4418906518446186,0.988697233870306,4.4071782240907655,-
8.427169325031503,2.1281236388978213,0.2042137354504658,0.7872815497189388,3.6595423939433784,+
1.694450188501888,2.820928451336232,5.981979902139015,0.9273918321434771,6.021408459183103,+
0.85357668545264,4.8534065431459785,1.2580456654830454,0.7999221011834221,6.887103720471032,-
1.6908795034512558,8.415896949025846,9.276951096825597,5.194610121861416,0.09401049979156251,+
3.0508200668185768,7.23283170060687,10.0,6.930646390667139,0.1732040586313356,-
7.826204526580989,4.527561700166506,9.691592642193143,9.603211677180324,8.62917970693012,+
4.959140505147466,0.7321706227100048,8.82735661421224,2.990175505655326,0.21624460714102287,-
0.8669812445393588,7.071501643974903,2.8621790422632385,3.272617573901586,2.5432033607996996,-
1.493013460209222,10.0,3.3292585681243767,5.5060652029972195,4.284337228343368,+
6.3442258517088765,7.332641423936489,3.604726863495565,8.089962297864796,1.4505124021868765,-
10.0,8.936688402045942,1.304966098671786,1.9572663297377852,2.458960827798095,+
8.068237552418328,2.095390063263115,3.931349152720083,9.76898586763745,5.817589205628073,-
10.0,0.28388187994049324,5.6075965104500884,10.0,4.109962122325392,+
4.185841849812382,2.471835642560609,5.326092970625479,2.939411060660028,3.389404671855841,-
6.485007843737453,2.9081119260533654,6.679153659506417,4.574604972397569,4.538183824549453,+
5.737652327812274,3.9892844966231866,1.397537672246244,8.822031295051021,7.084932772846342,+
9.910491046667108,7.903409531765451,0.9105028731354414,5.713273228222924,7.300749857899086,-
7.091900918753571,4.153480368704074,8.100477258348878,2.4758887936386467,8.534787842455081,+
10.0,2.4626541970702074,10.0,2.9510121965462908,10.0,-
4.335654529821548,3.076212253309918,4.966688717838039,0.5617526197582057,9.223821362401237,+
6.946227349872907,3.3655550637658007,0.9906640123346516,0.10771934758267215,8.372819989163094,-
2.212641771119488,5.524195376657817,2.337782685933422,3.8840593606534,7.818607345218562,+
3.6934725754934616,9.558398547821042,3.8763977806367995,1.5052802072857028,10.0,-
0.7574931266776475,7.461106669844763,9.165995846214706,5.906952919096216,0.05217050428227399,+
0.5966146548630774,10.0,1.2361513102036508,0.610443924868556,0.009328448310213311,-
5.520481506078849,2.6726033420860587,6.028169749235457,7.648992845091051,8.93750353381446,+
0.3978460813221335,0.30032827459674183,5.744723073001501,2.114058411306465,8.384259692703289,-
6.155376170809719,2.5365265784841196,0.2913362487690463,5.522954063477305,7.411090822512385,-
2.127510632289039,0.05446866388511791,0.015115612767518554,9.964605154220475,7.3800959686590835,+
4.9908129283756235,6.718138007022096,8.602788921124949,0.5580152017412765,3.0576570248720616,+
0.8808113657112507,6.069048130122422,7.285744639779241,0.4181065498032929,2.392107871929206,-
7.99496998959513,9.638921539944498,2.1392395291404167,6.443169847202017,8.260939544633771,+
3.4626240465465026,0.45469165835053654,1.598561010142129,0.33796708769981454,1.4904778523266407,-
2.348484332796721,9.67221481852929,5.37084022355978,1.6116910979820498,4.985635863643662,-
2.0805774208816397,5.445357371045875,0.6291458871854378,2.6067267554470877,1.2975935812064534,+
6.696791863378232,7.822059009021682,1.4202386473116169,7.175488150004822,0.05328180774403335,+
1.5996510356695355,4.261867147805271,0.43983126542720824,4.177252960553942,0.02148553255145531,-
6.742534808717515,7.1242304400950935,2.3166389161529057,6.814274838863689,4.2172679272360405,-
6.408276710886011,1.5934921673788678,1.969843678042502,7.115641176933216,0.8929270012634375,+
1.408919681414077,1.4029764106426557,2.7147066378432583,9.019711949288286,2.253932447230694,-
1.2927193250379732,2.7369206811313647,1.4181496651658512,9.797726257538342,4.435545170751923,+
0.9188011321522882,8.496571939870574,5.534826743696179,4.952120929897546,2.6424378478006005,+
1.0980442056402409,9.543263235571006,1.625378614454096,7.566301316609068,4.180015214306808,-
8.376001806848306,9.689325359820193,2.1023342781187146,1.8584177919435574,7.222568496520104,+
10.0,10.0,3.318955461642634,0.3941662481432231,10.0,-
9.378491528034337,2.1660441155541035,4.097356529383793,1.2598646455506746,2.4098098403709125,-
0.8452594257432975,2.887051233684017,1.1974171543869887,0.9390247196013091,0.17534487251187314,+
7.183141011372508,7.424590734555529,9.765161250863434,4.894128950428099,1.876356639699276,+
6.287622778996795,3.639507401121592,10.0,4.044926240740051,2.0560608671061624,-
6.405892166483732,3.8073694032020744,1.670572543092833,9.702540762518764,6.052162429432062,+
3.9650407260496,4.818858324177621,3.172144870016132,10.0,6.4977143136115885,-
6.050686133307699,9.208334789509907,5.955841211380238,5.349775623708388,0.7856268535077104,+
6.3509722073071595,10.0,10.0,6.640271029459146,1.2395035829786396,-
4.994283692402362,5.177036238298233,5.414528822343474,3.6253172523054733,6.830128617122362,+
7.272198526295246,10.0,8.211492495203837,6.771923724151023,6.592794550946944,-
7.033385101525393,9.447141016932472,8.637453114487712,9.461449316333843,1.4121705426240572,+
2.2863235686438683,10.0,10.0,10.0,2.7905466228888587,-
3.32123604929895,6.13107076515109,3.7678802398315456,4.336734494097642,9.07718735258231,-
2.643229825587037,6.900395794738387,6.462610784736675,7.423562430145464,7.364263058787915,+
0.036810620358932455,1.2579509203666017,3.0435835967742166,5.474162455789427,3.248517212466826,+
0.02819966989051858,2.1271823303406006,6.018193771085727,6.393563656665982,3.5053226735616874,-
3.4813816531526753,0.5613176327656111,2.9231639129756957,4.320564082478418,6.318237557862791,+
6.690166826480704,0.6463253576414363,4.890460397689075,0.445563173319961,6.6905778537354985,-
7.979390017417828,2.724109667401814,4.8126442522468995,0.544582659735251,9.469854094052794,+
10.0,1.0995142830797435,0.8975606990954023,0.6252739224090312,8.26903366326529,-
6.0331452800308085,7.537326401219554,8.165482353149883,8.054449369147425,2.659327133516538,+
5.794789304307603,10.0,10.0,9.21641532733195,4.720366361632294,-
6.046381796216849,3.99468890663226,4.427221164866361,1.9358700620340363,1.7457968881745878,+
2.217972480664708,0.5913269545001016,0.8662005506270296,0.6444867866958605,0.869863521481739,-
3.1583045593605306,5.079321210083199,9.153713676339283,4.2494509804802,3.5346125584219266,-
5.47697978907414,1.4385043601497063,10.0,3.1887027567474884,3.6494708860802674,+
1.5455928594222834,6.971195395309825,0.5682243077755833,6.921757394678116,0.5635694072216402,+
2.0182730496641983,6.57058848326426,0.3005375594817897,2.3252427288070665,0.1608886893688393,-
7.544082754427729,3.0000824467074128,1.211658269082433,2.3600213657981617,6.365139763072117,-
6.244366591711573,5.867531347437491,0.2003535776919966,1.7546125348278936,3.18639124438492,+
0.508200262734757,6.286369644752905,5.477371079855314,6.234148894053525,9.388039193574642,-
1.0073952062264233,7.552647607201595,7.647187091599192,10.0,10.0,+
7.578316284776352,8.289977323281668,6.844549135390169,2.233463280436605,6.408647160301889,-
1.7339299923840825,1.6820375406610757,1.1953487443964503,0.8822605883844431,9.29043744850675,+
0.053774399659847205,9.914053745903347,5.881788682149777,8.300105074161376,9.036503650643647,-
0.05114370855328847,10.0,7.768173160307155,10.0,0.602909627696398,+
5.826424894857106,6.247906537994613,1.1666188130110444,7.9059274657932725,7.403469610877595,+
3.4457401441616646,1.78051883441213,1.7468275325353235,10.0,4.924282484401271,-
3.197765230448767,4.493637642828318,9.923866383993063,1.880617582069397,9.749868740960942,-
3.3302297532944127,8.616322254713616,10.0,2.1369849432169605,10.0,+
7.9696943510853355,9.651713069115388,6.612214794982863,4.1979578556174735,5.459062742165716,-
10.0,10.0,10.0,8.000576895201592,10.0,+
3.99177381552128,6.84926820422073,7.259824895908791,1.606469484135613,4.814827655511195,+
3.1618769721493836,1.3959613191727671,9.339448896583843,3.0001262222714087,1.1482715134165216,-
7.547635178924646,0.429143416131077,0.15277190508167782,8.477876856019055,2.6771720879330196,+
3.5070372825383953,0.11808188295748742,0.06688429672393048,0.046508866856485254,0.45360664731388517,-
9.337843702169975,7.6188629539012185,8.974227322012661,7.072401427794153,5.9366502893145014,+
10.0,10.0,10.0,4.717593081486469,10.0,-
3.6403182792686737,3.136118689024079,2.199104606067177,8.589982993052223,5.413996644161366,+
2.236766793240361,2.5581491776135903,1.574093639464144,4.022943501475289,1.122725992541219,-
8.797396930791832,7.822863266848677,3.40612620096882,2.688463307862662,3.432643258042366,-
3.1725594933184036,10.0,1.947932590911991,3.1503206272415687,3.813915602863444,+
9.017483921626877,0.6965089125780599,0.08848514276397212,7.038995572736411,7.183444413382327,-
2.1008278969673113,0.9561730594465753,0.08001896987094545,3.427089713144774,4.916632128152583,+
2.337739409107499,6.304152508200067,7.121914598391156,7.5555611567993095,0.5213151736011179,-
3.1208273987606785,2.587024174814565,10.0,10.0,0.4911713601430042,+
2.7623775570240108,6.337001634294481,3.5332358853857837,5.317133809721366,4.893586140117584,+
2.661085205513041,4.676942762789377,1.9768515152088788,5.025097196021988,1.5200112800689065,-
9.069589538431256,5.946558738229991,5.293011274652237,6.4554481181813195,7.718027581218991,-
10.0,6.61210656230702,6.796915567115279,10.0,8.724921806354311,+
0.2286934284696096,5.0632192971342445,0.021584828981373594,1.57544190021069,4.3412648543663295,+
0.270634226889817,0.1255440888646576,0.01631109902789542,0.020282245427341986,6.659243347558029,-
7.2952306047192215,6.553094746151501,4.782917473369719,3.8414289655487543,0.19710846882021404,+
10.0,8.945857308796874,8.798128231059785,0.3038664502781411,0.37326669016706154,-
2.0081414477507065,8.020720084829048,1.2460555372488236,2.1840433099860057,7.160179288387118,-
2.5143733331085856,10.0,0.019700845715215867,2.202717126020182,0.10593381336056963,+
7.0957967374264355,7.748173426442886,8.963200950304216,8.987989582269488,7.532967854575084,+
4.958915928005909,6.7005323753535615,0.6993570394444498,1.0102153051323173,0.3045402959020298,-
7.496944255052707,3.439089762404486,2.0456973602414577,3.07572657011303,5.729604337758683,-
10.0,4.889149079313609,4.052818947890376,4.922545363685672,7.749594424914563,+
9.223951407777829,1.6908357852284506,2.6199550333387944,8.85238610652346,8.461765543158904,-
6.72136651417656,2.646889277308123,1.3934653684427902,8.015417235195997,7.729520756487167,+
8.349306100341877,7.851123793797631,5.002093290753475,9.370208791815829,2.9725935384496394,-
10.0,10.0,6.140465523722737,10.0,5.526755423362105,+
8.130097681721448,1.1011395090652987,4.038334957059798,0.3002864636410929,8.8229456113881,+
4.588987714255177,0.5772934223698536,2.7318518110081573,0.19286802880165982,6.9709658889460515,-
6.816074222973789,8.975843573940388,0.9495803229185706,2.4430834623635422,7.794939515979725,+
5.613659413784071,6.385431394434531,0.23898680142117917,0.8833670766266929,4.55275883443693,-
9.70658894497592,1.9527652652368355,7.4270606721085155,2.7623510745425106,0.013835545830136464,+
3.175048481136425,1.328569542082677,1.3167136940691744,2.356258103677475,0.005039095135063693,-
6.133926051035411,8.531636386430701,6.333226311911434,0.7125537990515274,0.7477006448437407,+
8.041731783603366,4.045207817689145,1.4320166685732374,0.7390962163658423,0.0013712241225311045,-
9.882515171363245,5.934868378710444,0.2579029456343618,2.1535977464570335,8.947017784442071,+
10.0,7.045223887160064,0.45914873952228324,1.4557926195603597,10.0,-
4.202663306005176,5.636421986995096,8.441204057048422,1.515442876925407,7.717401685885273,+
1.7099105555035978,2.7274749276105927,10.0,0.15293128272948162,10.0,-
8.894601736360016,4.398489133167916,5.141756801238148,3.845526504709653,5.61263075915273,+
10.0,7.177579429683549,1.848277800692214,2.508558901875958,3.842475670896252,-
4.462842168337735,5.8159878160893665,4.450238645146429,1.7390014219770178,3.747987584284834,+
3.1232490355145166,3.5128700545825478,4.558310072643251,1.6246126377857957,6.8374427307277825,-
8.340848589162531,7.368869367837165,6.548228855634437,2.151783501076939,3.73391426817939,+
10.0,2.852098650369172,9.12256039991882,2.53552478024729,3.9555727168818655,-
8.186019547908643,7.982237842656005,0.41236865107460385,8.096415257254426,1.429980218151069,+
8.04393772528907,7.241388753833785,0.12025741614064296,1.9587048711874298,0.9821525336795747,-
7.2449837654953155,1.0942817621343448,7.963839478714045,0.22073903881537849,1.5191613636784274,+
10.0,1.1795111512690302,4.042696963088,0.034162596206635726,0.24203573736429085,-
6.789207658530636,8.232019632218595,4.663148167431695,3.269384240586394,7.9024325399720325,+
4.600766332000967,3.8494392400979476,2.9698104554854896,0.7584758305753784,6.492105736163828,-
0.6209161926145212,8.094856326338258,1.550227673068466,2.428066529012293,4.913672809846274,-
1.0040867103729394,10.0,1.5904375331211962,3.0685834288898364,9.13214359365702,+
2.782193185927504,1.6198225966257562,3.4403870869012234,0.4128012269604431,1.4044008898619376,+
4.492116108565723,1.0156530551262186,1.8747703239976985,0.5925712722171734,0.5970604205158192,-
9.975460097623227,3.4218617758247536,5.271396143567419,6.812343914025511,0.46918240306489056,-
10.0,3.5253223378728364,10.0,9.095643791553535,0.8646665774782798,+
8.255925736281615,3.3412079139196993,7.488615341037596,6.695369575390293,2.391226580001943,-
9.376845336324791,1.2862656783248052,10.0,10.0,0.07617686401969083,+
1.154274255988742,2.7066944767506262,4.752510416371221,8.00844590665631,2.907369953603368,-
0.09478406484473446,4.541190677914879,4.26286882543343,3.2688244918127154,1.1743200541860737,+
2.1271736888999246,3.7379325602912328,4.956398674018282,8.579854974927688,7.424815979878193,+
3.4732340334364413,6.362133092934522,1.6246813764903314,1.871369446604017,5.576387519669883,-
9.845162064028777,6.883498763898432,6.696106079121248,8.090605076966915,3.042580414905637,-
10.0,2.5533037830181784,4.987311705826021,6.270293117826963,2.913433544759229,+
8.339290438776906,8.296625701394266,5.926645336059096,2.3286488960585396,8.636581289302868,-
10.0,10.0,7.700978474464653,4.2815714355009815,9.932759075074307,+
5.324804405704533,7.094519762032522,6.394999655607069,5.4792269114760215,1.0445018756548552,+
0.5912505526420571,3.161240728702588,4.7032687131453645,3.647625056196341,0.6511324119790186,-
6.270889998488499,1.9878267315598763,7.631678678841396,4.0546011710824725,2.1815683611886385,+
4.012512975500058,1.9229773919158433,1.6401647151838192,2.1465127572999823,1.9105664017131232,-
6.89298374536523,1.0648603784665645,0.44731074802902615,6.8434329842235195,8.96164230758197,-
9.69387441698968,1.2748787139248685,0.8208069491035297,10.0,10.0,+
3.8356252245549194,5.048639666951029,1.227342663810811,3.568139984371599,7.5628400152816635,+
5.589048884427675,6.932189815474534,1.4878647240904714,1.2161273837833542,10.0,-
9.782168537256045,3.2663816661919434,2.698861901349836,2.503577936765221,2.3514652565631913,+
9.600866011669547,5.019518880881419,4.872168350107449,2.778765467766843,4.654792270009094,-
9.830883999137951,5.661808665674473,4.464562143701254,5.346459563684174,0.14319931076649417,+
10.0,10.0,6.763656727920767,9.437203998295672,0.2572539459615418,-
3.646023470691133,8.734123377496154,3.2029789495197916,8.660678641359523,4.134905603691567,+
1.7815049391692839,7.462736226175263,2.4396019400138482,10.0,4.058661388257296,-
8.348389072622256,9.38692107268743,6.32568823483997,9.541359979850887,6.63134995823318,+
6.563086158203124,10.0,5.705862952359376,0.6527440191612405,9.86914757578058,-
4.0805566764427645,6.1985868146929075,5.075072823907808,8.521907160203714,4.316856878403444,-
5.481951279352005,10.0,10.0,8.69468154503035,8.161938514225136,+
0.8547953828661004,5.976103440382385,4.620901790130921,9.215467564744978,9.97359098609233,+
0.8723387577965149,3.5371343244463107,9.167120571805244,10.0,10.0,-
4.687350314133262,1.5680383728442648,2.9993160588166434,1.6195814248448104,5.305118517547847,-
4.013318707687278,2.6257896895182107,3.294480606226893,1.4021279044275803,8.498855098981819,+
4.462069626847276,8.32236901904079,3.7126573886380507,8.668730272318255,3.4138413356618216,+
7.867088628867506,10.0,6.4213215139575555,5.808968612864756,5.026061116998141,-
4.828563188348065,6.235475531592938,0.4040141787188045,4.53857306853497,5.066312082953011,+
1.3929069281127715,3.321677950488137,0.7353522404958694,5.933957121726371,9.934458777177435,-
0.9832325858209723,7.67224319919022,4.011601584973686,9.055154486082573,0.6150003669183202,-
0.7363978980302978,2.187971121579877,0.5193175966740482,10.0,0.05583969582550149,+
8.364076270660606,4.537088176713494,1.7275041159257454,0.35935982121785504,6.899100951305872,-
7.736630720463871,0.4383454494756146,1.04621878424299,0.014767930503564616,7.459717726537323,+
5.062340443824326,6.099679951013288,8.324739883813596,6.4117225949354,2.6873464931283033,-
5.631042793802617,10.0,10.0,6.734379249584907,3.4413757858422436,+
6.594606981838326,8.695318219399917,6.7152610541098765,1.529931334121416,3.6263692096580167,+
7.430913476140286,10.0,0.9358551827106538,2.1233306750902536,5.389853991053196,-
8.154091726319688,8.831540613137864,3.8155959013052456,6.879743153631567,5.113509510035962,+
3.6766080298468653,7.999382697941211,0.7112726694828783,9.139059489128856,8.232118263063327,-
6.043930093199673,0.7061930533073812,9.889719631383961,8.169412311341485,7.685115380895953,-
6.289368526348374,0.9076777537745152,10.0,10.0,10.0,+
2.076739373817982,6.649913357762324,8.472712872500157,8.826061285791866,7.589304275184682,+
2.002824980906762,10.0,5.693706323618305,6.8200855368712245,5.157239036399799,-
9.612217468178688,0.914978702836543,4.100788766908794,7.106561170347967,7.978773557979645,+
3.3050464115931026,0.056337621805585915,3.3479141961607732,8.254185925536394,10.0,-
7.449101476014856,0.3591518632803503,0.029193371898290632,8.306418528437696,7.667844691582784,+
10.0,0.10060523064979887,0.04100072710400792,8.888094437439412,4.9814329562655235,-
5.707956256462249,5.336557439973289,4.941083644164262,3.916596187602257,9.226182225841761,+
4.3015191379730835,4.47290017593253,1.5982062278002718,3.36070359970162,4.269324127801677,-
2.0279984954690744,3.9536933308770115,7.443769798887887,8.673390322963277,3.114550400622318,+
1.8464605204524176,2.5947734840077126,7.038101459529245,7.786192419347393,0.9958254529411261,-
8.64829438102451,9.30129065457605,0.10729097077620486,8.937761924559117,0.4027599415911909,+
4.448922448061282,7.477279848925966,0.0034886885807018783,2.443658212083492,0.2554345888614108,-
6.387431379882294,0.7695166353950944,6.749160609469291,3.411958726511677,6.341799468760213,-
9.361781043941464,1.3239724921648366,6.98668818445683,3.8112628609615817,10.0,+
3.149131228488986,7.031893600963634,8.685790982120707,5.984622096348682,9.36550096303362,+
0.4050286417433468,1.1117167047960745,6.732862723138172,6.885291226771369,10.0,-
7.517908765920806,8.775046273010922,7.146963571812699,3.263114210723459,6.942550110868323,+
6.1901493988985,10.0,10.0,3.575363284606116,10.0,-
2.2905582178255623,3.1043470724229314,4.459143426313195,7.22864122966158,7.1950421520608785,+
2.9270026882264983,4.177342115537288,4.833220062854924,5.51699710766644,10.0,-
6.820509483824759,4.479600300797543,5.882618554864071,3.597371388565077,7.108132690854062,+
10.0,8.046024731879786,8.018724595305939,6.501669291118099,10.0,-
8.824413790449787,7.332585696773684,0.5261362463366659,1.5362648939570656,5.204782124742532,+
0.1344038746238321,5.030016784095641,0.22395451026055802,0.0318251875867875,1.1842729418758953,-
0.8179997170517994,0.06713999815686544,4.176131863354246,7.319767700897982,1.759497722798229,+
0.1230939751931861,0.02635946365161349,0.5319485142441468,2.255064659916694,1.1468453782061596,-
7.023417895770031,4.989972286245892,4.099649802939211,6.274045787926345,0.190812999522042,+
10.0,9.573237463924304,0.3532659923261664,6.529590766063437,0.26713842753048095,-
5.584893965103415,0.13426312891430148,0.40571129043086906,1.7625751243994026,8.458646102448116,+
3.515231302576381,0.02610683302821261,0.6399395438279242,0.2862470674391069,7.3009723996390825,-
3.720823823752999,0.6040922494850554,5.075698430060126,7.361597267736809,0.9869128338667787,+
5.903298524835907,0.09399101286922595,9.893475197948558,3.7370802442432574,0.2577777041851094,-
1.4010779539669027,9.178542146158438,0.8888137495002546,2.8683818353687895,3.305545215780976,+
0.12717179782506052,4.62895398248522,0.4376177338281688,2.5767593187056823,2.6142392394206815,-
3.8870795974477312,6.762038097038858,9.833033528649786,1.1707867497598545,7.79100330498566,+
5.532944344478536,10.0,7.14219607824427,1.8709309982158555,10.0,-
8.90371834018418,7.950130087633523,1.3166963408035237,9.51075725146332,3.0630613836414247,-
3.607648541308844,1.502964121857133,1.2996985058635078,1.2578424196839582,4.8055237993980855,+
9.625168811868985,4.495817278075559,0.5815614748117159,7.192194412685264,2.4771728389626912,+
10.0,8.379535863207353,0.6322303534000836,2.3454140829880346,0.14046630764906454,-
7.568553038731646,0.20233417877694282,3.8345119003310293,1.1916039525701272,3.969750517607993,+
3.4789774922513237,0.1341213871166702,2.994934528251546,0.43909783768999466,1.0283785918991806,-
7.12028309251631,9.151755012439382,1.978324736708038,2.1230369864909635,1.2994227582303952,-
2.635161286684085,10.0,0.8101388798901661,0.5454464533384616,0.07163195824512256,+
6.188353829339239,0.36705977639918563,3.4058673225730396,1.7531050542811244,3.3737149273387192,-
6.406496049164375,0.5912388200447894,5.4940065180901785,2.3191442080705196,6.563948093339886,+
2.176253818543541,4.156701780445424,7.042371724861685,3.852134846387203,0.38186207604534395,-
3.386552436826834,5.1112774303788715,8.06658545997009,5.83476273373941,0.5360672136120053,+
7.676868285189781,1.3186893433819902,8.703220164662937,4.513091465844099,1.6137757302527456,+
10.0,0.9736821596355762,1.0608214446615443,3.548330968542562,2.4018175109845554,-
7.381316686484169,7.682988909955366,8.637916434152283,0.38825136101104274,4.1088450748046546,+
9.514288774707476,0.36598348885093146,10.0,0.6472794679104041,4.961581548294564,-
5.012555743849672,2.2502946792476495,4.065951407801972,7.422186365453816,2.36772866720258,+
8.162427250864882,0.19839125106051309,2.979744027913079,3.2538151169830196,4.678130128039783,-
4.48023042511272,7.8978821900992795,3.523494372174203,2.387631764795717,2.4404878934430285,-
1.1470633282606366,10.0,0.683450466540871,4.295894632424878,2.7990307715406852,+
9.746116509945145,5.10531409505356,8.434601062395362,9.41082480377041,1.1872453095178448,+
10.0,4.012011929727956,10.0,10.0,1.7759178735209795,-
8.851916516025254,2.995709924102149,6.744858549856685,3.2900338327722145,0.7043570133796462,-
7.54918259435123,2.6273136649515427,10.0,2.3261938499351924,0.4223028267809642,+
5.834412532033405,2.766943245991864,2.3635119290121698,7.791383684633642,2.927600637830011,-
10.0,4.1512478156120745,4.149740690681354,10.0,3.895216051094323,+
1.5489937791434572,8.946712412763263,2.066418393682649,9.055721256782428,6.768415473910448,-
2.300015340180404,10.0,2.930375720386333,10.0,10.0,+
7.448142179841586,1.108247260526406,0.4774895368238752,5.647739851550181,1.1057276846600816,-
2.73352130710258,0.005478281924904462,0.07054814144387277,6.044697932833907,0.0010897656123989383,+
8.803000153234162,2.6465016703113076,0.6458475712695377,0.4210872209307681,5.705665016313805,-
9.36879063134866,2.8434565655834314,0.05401909141060799,0.00924475827459023,8.384063233000463,+
4.440463426885208,9.355444029052503,7.25762361386344,4.886292929498231,7.849849433123817,+
4.238696208691395,7.658568895464782,5.050771614464315,4.173056602577645,4.869555615918319,-
9.178546046182719,4.168084599216137,2.1929341835144256,6.5246680929326,1.9148790484239997,+
10.0,8.125880754595283,2.790989822577201,10.0,0.3113228854059485,-
6.388022191317129,4.623577320907116,9.596554030999732,0.39125936701130404,2.0976177237305995,-
10.0,5.621058818267068,10.0,0.6005755304141884,3.3479633266986126,+
7.408354571055944,2.2921306282415688,4.057506629686274,9.516706031523352,5.242079910601704,-
8.204684463368844,4.055493580530213,4.082061101483704,10.0,7.902879815305534,+
4.442079110931889,0.5513442314982753,7.542924943752886,9.439197486947947,4.335559959823499,+
7.501373211672976,0.5721336667404764,7.676661128686061,1.6137821947612652,5.707347140343539,-
0.5604237566224923,0.8977272303596084,9.403408840973697,7.66514061131878,1.6437734123692982,-
0.8148161076701202,0.018287175430652516,4.4922073905555635,10.0,1.9386351657562657,+
0.6442775306960891,7.080339660707489,3.105116080667296,6.17904156628721,2.3256676302508126,+
0.566451369643274,1.2206331927510072,5.777680833884281,3.222724464579311,1.7564371804942112,-
0.9741866641230146,2.9339569647765895,9.051820511900923,7.572789153226363,2.944575714239097,+
0.7357738351895409,2.118330100942183,4.977261541502691,0.6764627793907664,1.5696232302588193,-
1.581594059753253,8.34479545532633,8.011934145519232,2.639283221985609,4.753622574450479,+
2.0651165428927327,10.0,10.0,1.8347543215015163,8.392594273338378,-
4.0598784964065295,5.340813418752641,7.25512522324749,8.278987581247668,0.446344666114854,+
5.679433497043056,7.281997870075638,3.4909263778479276,5.653505318891211,0.25612654551579733,-
1.3467262358865217,3.5132735315789243,0.19770772239298795,5.207260670311451,2.9989751652781607,+
0.8594483035442472,4.660714216205851,0.3115563300276372,5.719067277787425,4.2770347396614445,-
2.958815139369957,2.694443683049225,4.5113402333591495,2.755366765715289,6.253161603530461,+
5.2099975862858825,3.79721081730244,6.846548989568292,3.4925584810824377,4.135426848894497,-
6.695000393230066,1.6602953763082218,6.829141966323339,6.552667035796481,6.765636132247409,+
10.0,3.0498673006536685,9.275094371248027,6.934794074202733,10.0,-
1.258587207015367,1.4871268647943992,9.20500458929329,3.053267165226453,7.910841742871356,-
0.1773332432397403,0.7216847040576548,7.049541671015753,3.886258902194336,7.3725731765618825,+
6.047124878478854,7.198007022087839,2.2925354967014577,8.633106404007563,2.5842067118136045,+
0.27040064981137224,5.027454941742626,1.323250075627918,7.481246067653544,2.1694400661371196,-
0.6023982661391436,4.011442536296058,6.2138420564815755,6.871010138471238,3.8137803794631764,-
0.5622670475857537,0.22573112383283633,8.839566063589098,5.820526265038946,2.662518606284785,+
8.926879664962147,2.4042759277824532,2.6132760746134585,5.048805500498117,2.6049799218430056,+
1.7067650771259562,1.7856660941680285,1.2457003801535296,3.001915920817709,1.2310408014955407,-
2.1585378802963984,6.928308182888526,3.017994775600117,5.567962913670002,2.8975854862269568,+
3.7354071869727536,4.501624050224721,3.813198769253549,5.919395147023011,5.532156935134907,-
4.48392140042091,0.5977528805720933,8.64510384309665,4.1434937067249376,0.6885394633607012,+
8.828888512985952,1.1496790810593533,10.0,5.772843662488528,0.662954045949964,-
8.616711166696401,0.9534435351565362,9.468205142077235,2.0347432817132316,6.906114835958139,+
10.0,1.10356692625603,10.0,0.16213159137222113,10.0,-
9.117122650411812,9.177850194447982,3.9977671509404535,2.544755322726302,5.560395244310003,+
7.192084373057748,10.0,2.2042397205593467,3.4452256468685873,0.769091801084052,-
6.91491741578541,4.059007485990512,2.1586259275741604,6.502753010068143,5.990894091180186,+
9.66612536980766,7.242503275733816,3.793382691115399,8.498364614552735,6.616598333401266,-
7.655616049145147,9.369383101970724,3.7225019362230247,1.8800117437210617,2.6457916769396816,+
1.033695446892963,10.0,7.376858631957678,1.9969460388152602,4.354669298989055,-
3.2900050206233686,3.3787088173938273,2.745767382779828,6.45053376238422,2.8683724671290967,+
1.769268658269564,1.236566201970998,0.5223571916600006,4.369490310251721,2.7722767933491324,-
6.817766307370579,3.8138555474714373,7.012880826674117,0.12781529955182225,8.196711514545093,-
0.4649444797236783,4.210179747233927,4.663212163815495,0.1622621702999084,10.0,+
8.169273464292404,0.7296199810840509,4.414405800588893,0.8573157613106996,9.57507201944733,+
4.92417081633542,1.062269188315314,8.764633767548187,0.9078701473960965,6.880277681410884,-
3.7573647048521854,4.2633444421811735,9.4264939506938,4.57044531259938,8.026468490964561,-
4.694554817553041,4.876129668101349,10.0,5.907653108397115,10.0,+
5.016840690420632,4.80111348183872,0.8349043515243615,0.5705375206790175,5.380196608345649,+
0.06410537456817718,2.177867206164722,0.7176045395450767,1.063936674506589,1.555772935604289,-
7.84926328211716,1.451704525585974,8.386619776303963,8.952757534865883,6.4659963817293775,+
10.0,2.8025576879467966,7.508905555291959,5.233062443741444,5.341461537945799,-
8.923469551976895,2.9423398745347953,0.7281975286952991,6.041361399346945,5.240256165634931,+
0.8259590472987479,1.284302932022478,0.43831523959662383,2.031062564614638,1.0886971882172214,-
2.257065284428683,1.4341542018825204,7.515192120249747,6.882378527675187,1.583160931174662,+
2.1138836993653918,1.1148025386368139,0.6354096801413764,1.4180941014222657,1.7670472582986159,-
3.712194165428878,2.215308928601792,4.559466997029919,7.238343704245558,6.340272101575194,-
3.934749393656958,0.3396686191621898,8.652638265133392,10.0,0.20443204361115258,+
1.1680017051441904,0.3129185987915384,9.832294678730802,3.7433106602836164,3.9256667176596363,+
1.0008073823139259,5.801423833075319E-4,9.737455116424515,1.4790658739990754,1.4072066473823361,-
6.6767101365741235,4.586301879283054,1.995728793229088,8.38096429602452,8.530732073324641,+
1.5431770005452554,7.451360330441174,2.234625965029179,10.0,10.0,-
5.792413932042431,0.8835382744839249,7.5376617660901,8.614425152703626,6.052868684711536,+
9.009981515512154,0.2150323546530912,10.0,6.009103559733644,10.0,-
5.0380871434862335,4.063622766377371,7.138021914317489,8.120168598296123,6.698496364283613,+
0.9100043043659833,6.825877635892461,0.7206783609832746,10.0,3.6217335101149866,-
2.049576527834435,3.546734567672143,0.8735655510857099,2.6002267691446845,7.5916870302485915,+
3.273087178566651,1.7456627931171913,1.0356707285212758,3.3441084636661533,8.412673170091118,-
8.968824099814118,6.4620568654251045,4.733408311517952,2.824008804751763,3.596465975593932,+
6.216173636292713,2.793570788114997,7.934734601386524,4.917850877593361,2.482313072294034,-
2.676698775974806,6.353444362313771,5.456626534468124,6.186194368177364,3.2382030132939734,+
1.5844009972369388,5.566943466772934,4.564082651672096,4.525551164559938,1.7857744239750744,-
4.977234644400039,8.557480597256067,3.4490146454420567,0.903693953342446,3.8618415846638063,-
8.97427720844211,1.3494596002479702,3.212165456183182,0.46299942772538055,3.704474390127054,+
9.550726848465565,7.670281231001409,7.674077934551182,9.955356809383838,5.779509081303383,+
10.0,2.204874876029434,8.628907555567134,4.323749768307028,3.270433531147666,-
0.8724868489896487,8.97967293556267,9.594840042306824,2.9254784335882498,7.880856556467542,-
0.3669747588042719,10.0,7.363837428931774,5.467734633661537,10.0,+
3.916795736656847,7.698104439234448,4.98397324745647,9.628041087692571,5.980041957690024,+
6.205539946556543,10.0,8.167006376648922,10.0,9.290599530621874,-
5.707274860881858,9.451423847925337,7.212207578689563,1.3760236023819405,8.690998592214008,-
1.243274212284574,5.295929366891027,0.5657105477532625,1.4554075668961843,5.931947537361312,+
5.603818184495685,9.663769238345095,3.0523498981421113,8.343880977662542,4.900835668053106,+
8.74948943233932,7.077822093486275,4.869506711591181,1.5157311629482528,3.315890556400707,-
0.5728881978084954,9.00444646850675,8.612876138336537,5.049520234858652,6.201886342801796,+
0.9136843965017661,10.0,10.0,6.161144879089513,4.5194596730385745,-
9.619151737502877,6.343547323732116,6.400420425454762,1.9921631842723708,2.9449090909150497,+
8.124985326851949,5.169376733506413,3.8731881362917817,1.4684448193432103,0.4893020439382116,-
8.15554462138819,2.9870302461174036,8.913327578928426,8.093651440914297,2.570851930084216,+
10.0,5.616291715590465,10.0,10.0,4.905937907575482,-
3.1452441447031596,3.1575213211309228,3.7671837437718434,9.704929865577423,7.4888234625440075,+
3.0669306402593164,0.6030700970606288,0.10715152016703415,4.077109279880764,2.242540415547703,-
9.705551551957,7.76867768134876,9.04837976953257,0.2373050787788944,2.1062218093503615,-
10.0,10.0,10.0,0.35311242367272083,2.952660168496634,+
9.864623835994808,1.1672193265629716,0.6401692086211086,3.7542207149898124,2.164758895845431,+
10.0,1.690878702790979,1.083605787334423,5.640755909802724,2.9656240664270404,-
1.6946002906032698,0.9133590826289395,0.7725234635879263,1.5898810018075726,9.626544317134977,+
1.014136523495174,0.1997808831491625,0.4987449990857643,0.39070712253172957,7.367125214431757,-
2.7001729346885837,1.0450704979359382,0.9709150210833661,5.2698247498294,3.1731596506130066,+
0.7179934648136255,1.6778489855625451,0.28794158597536385,8.186700299632868,0.10672799780434031,-
9.217137185279638,3.6068697166261776,5.662276107737629,8.217192270771445,9.367335356647661,+
0.5857762852316873,2.7550713386175474,9.97407525132227,10.0,10.0,-
7.413760265252431,2.479961970548916,9.972547648465358,2.5090824689554903,9.24988954321072,-
10.0,0.8253000355625579,1.8276694018394577,0.7264279814516856,4.801173464565273,+
1.8410929327038517,1.361592664895187,1.4767357251353763,6.680987935154139,5.8320747444916945,-
0.10183485024962768,1.3732281240473034,2.8607513273867835,6.719710282583758,4.722738976836854,+
7.8433522547859,4.790894081621882,0.4085776070910463,5.075916118509144,9.6367067318795,-
5.731465037383461,6.344859400147735,0.20572447475600486,8.089613797178155,10.0,+
3.213928369747996,5.6237553054705005,0.8746259909706977,8.390410662102223,3.6234317830771734,+
3.1593241007442474,1.690346997146602,0.5918431337107872,3.9216875781046467,1.1324116615510145,-
9.0682671817122,2.0508952093241026,8.614842155404988,7.949759280769716,6.034828087852636,+
9.225432916341367,3.704230444499365,10.0,10.0,9.642683742870075,-
7.63921943995959,9.874340340440973,0.028821628870309146,6.642775545391864,5.547221453092615,-
5.909505218723738,4.038895982299869,0.001267559769043888,4.373238502209402,6.059055434439523,+
9.523582780946523,9.890444951695073,7.204239739493495,5.646704751287003,8.66230862083956,+
3.4918386230302607,3.271847202273713,10.0,5.065143147153221,7.709650125429687,-
1.7494237090849474,2.8101766977283136,9.652041603336997,0.9130214208740839,2.6860642623072573,+
0.6187194909197906,4.041724141363903,10.0,0.371614953477358,1.8624233657865497,-
2.185580177957034,3.7923999735126026,6.338995157470139,6.976964782856731,2.108878397721189,+
1.7282782382323205,2.5602498623392633,8.588650329444357,0.7679853997604866,2.016387887424061,-
9.51230742117102,5.870613974993417,5.793498941731773,7.292420145099898,2.1203551363672446,-
10.0,8.305436641002292,7.267658317919466,10.0,2.8087656630374065,+
5.533384194790324,3.2997155603047967,8.960380518086254,2.55106159809964,5.732393215607234,+
9.145119690810104,3.3118578221665587,10.0,1.0623207738219311,7.866951802967544,-
7.909530913398002,0.5980195601827232,9.3737652306314,5.3857481324219725,6.42484845889393,+
10.0,0.35269604180860825,10.0,7.651338618740813,7.776329555164773,-
5.485033458636442,3.9595153714166975,9.258175097005216,5.910655169273027,4.9571001427103925,+
0.8373264470375812,0.2224822417224832,5.086335679674819,4.000879813915679,1.084130785532059,-
8.333447851183239,9.100732906674468,8.493570480317794,1.0870123655106723,2.0195258632471957,-
10.0,10.0,10.0,1.7901779177242372,3.1776050427909115,+
8.271979209349038,3.359856121160102,2.9127859800578513,5.04676160107897,7.216453365632112,+
3.7906119121392656,1.2866729459750095,5.429875266714875,1.8827372362831531,0.9844869336148061,-
5.450929366217235,4.163255948527871,9.086809239507392,1.531839890670199,2.7973875495705283,+
4.988043523973005,3.5847128792203935,5.83265805852858,0.7272118493691602,1.6920707242928166,-
5.3329194228663654,0.01105580365609704,0.9727252677892084,6.0694459253103545,1.4455076377394016,+
2.824896423347874,0.005409445567788455,1.096209133516421,10.0,0.43883748467184486,-
1.3195159985680194,7.406319191303218,5.225782214830654,0.7899329410457523,8.753467890086512,+
0.3403399607028674,10.0,1.1940969658752991,1.0267486007385707,10.0,-
2.9889570356192996,3.4869479529832104,2.860455491594011,9.873010773574451,0.1325257351008391,+
3.4269078823342594,6.625292391380646,4.714311881313555,10.0,0.09730732899613717,-
8.81814956958926,8.405706657082684,4.591714259694455,5.352660302972268,3.284106247853249,+
2.9656596016940817,8.057620376325751,3.1558715124833574,4.770242696916496,0.8078632389597461,-
1.5219936112018617,0.32358689849030897,1.9833309738098548,6.338482603228462,9.28482810864651,+
1.6599472331587315,0.008037231678696197,0.5721170588832238,4.923930762848022,8.606421252754044,-
1.8715944647892313,5.023505339175501,0.22072704073288762,0.3920334434152206,7.56120763956596,+
3.6291286368911617,0.2409103330339566,0.11135404977651109,0.28387266456010124,0.7377797155656215,-
4.821528251002679,8.687534772284279,6.786365432540812,0.3485206904472049,9.892295290559895,+
4.765263359037892,10.0,9.288907454685445,0.3388797479464266,6.890394645833876,-
2.4309213604172664,5.119992335608769,9.847365877207544,6.187290194300066,0.987904802717473,-
2.40198805519767,4.413437477353405,10.0,5.718094651938967,0.5058722922901967,+
7.10003774158749,2.396452357087846,4.6808076145098365,5.958526873307082,3.7598581972548817,+
5.073462872794873,4.382340561441993,0.11409279010363507,3.6751428104416797,1.4805252024780793,-
9.591418083435366,8.561570572015512,7.633469045245603,3.5695097491821084,3.473293247085325,+
10.0,5.865514167482359,10.0,6.061976730634354,2.2637524617248332,-
6.245181746380512,0.85922620081883,3.5157929492499673,9.935171637172488,9.011652243104272,+
2.009679788622714,0.7757132845104062,0.7599574787468939,5.100666196472472,0.9493605474775362,-
5.658942410817866,1.4475404785994772,6.259895457623492,1.9166644553774936,7.157084270620561,+
5.326345044424949,1.124887405013834,1.867123969277569,1.0279835462354374,3.8289555324498896,-
7.661587206321948,5.166770424936007,9.197814874542393,2.846147120053848,6.249568701451493,+
10.0,7.039796138854018,10.0,5.001625164885718,10.0,-
1.247897110305396,3.775776979083295,0.5142093114758972,0.21143591418939067,1.9645286004098672,+
1.2439303318049144,1.7070184179662313,0.8377942546359606,0.015625661541692235,0.948456411086339,-
5.37963169526553,9.180991696544776,8.991223849953014,3.116543422796958,3.3798732097024975,+
2.4446173374531672,1.32877205819189,7.6153114484146585,2.200472934763838,2.1879363340888554,-
3.245934645924039,7.3902683948791825,7.3111474888375465,1.1585875319778927,2.0241267228318947,-
3.575342888706052,10.0,8.29370950858058,1.9504720415999481,3.7417958476737097,+
6.066086274347205,7.891352863075279,2.8560654009865596,6.852455513399667,4.968368904485056,+
1.1029748474133445,3.8752779125044348,5.308741890603469,0.8536631496268263,6.961639168707552,-
3.7773746358667513,7.181072949401674,0.4903089498323032,8.404141349981103,6.753679490033079,-
6.200933029104787,7.4032224556285975,0.5932716305161394,10.0,9.837214218474323,+
8.31407589110839,7.494723619336257,4.857582460941399,6.984680297796693,0.8221362894199102,-
8.678891980554317,9.460658669416514,5.758152336676241,10.0,0.9093538542899335,+
4.272732179887186,3.2212378937404216,7.967464165349832,7.420922363072494,2.040766067421017,-
6.895496112916977,1.7474578652166797,1.6561751219868721,10.0,2.262320867566637,+
1.8907221377895744,9.16312610386148,2.014684875411632,7.05398802470547,0.6172669827747379,-
2.4238350206937818,8.894260072585483,2.6922731061070513,3.545403100041171,0.8530329609090176,+
9.975519790502293,0.27783576029071777,2.3338622921373764,5.2813951018494265,6.6808360097092425,-
6.226891709510004,0.18011937580922793,4.116850597194807,2.3038515947779548,4.161456581061489,+
0.23136646427516006,0.11169562580219838,5.492399931711736,2.2678662597236308,7.35610792818953,+
0.20533433110384347,0.12439777753006961,4.497713319078628,0.7076737567977243,7.413798943436772,-
6.190491266115673,0.8052430416469147,4.7504225972112675,7.552897661160896,8.11098659182725,+
3.611287227045601,1.2556165418485035,9.249111099075241,6.662393620988323,6.057974722478218,-
7.818885878595437,0.7162559020084092,8.246975951679879,5.551800071652209,8.469927927728573,+
5.578159842629802,0.06062371059215192,0.04491674990205758,0.8672500344721239,2.4277065801983047,-
5.221408422025532,4.233751680274338,2.913394606340387,9.554654572750238,5.002008960523771,-
8.958476751265028,3.6763559793128104,3.868006147244654,5.382784034083314,5.270558392558029,+
5.318682847213042,9.829794808746783,9.057724868898926,2.0140073991288023,9.629988084189725,+
0.17394188269279268,10.0,10.0,1.6241146040127488,5.798963103669947,-
2.372917507401937,9.192838633603445,2.054120140318055,4.7701823447314196,8.203422251172801,+
0.7839442686600328,9.012562009409667,0.16961440212810375,1.1229988148598515,0.021868662110923684,-
7.338125072266379,0.5907881095714285,6.4125662953215805,7.578453301232706,8.73878673536622,+
0.7854932404773755,0.41014468862406744,7.062979211555311,0.64790628687363,1.009286358423432,-
2.5154352653889345,2.4364583476365933,8.904097657986528,9.353949544189833,4.782849931049814,+
3.491465030468833,1.4228651610793845,10.0,10.0,9.28052120501964,-
4.197864520052396,7.52182323404107,2.1360204482781775,8.902753521439017,0.5980656911733062,-
7.450963446770659,10.0,2.409481745760615,9.823165034716506,1.0621839724173148,+
3.0098003492723455,8.777508285204588,0.5401017233731709,6.688042199199154,2.802146903915148,+
5.871458381751023,10.0,1.028345122496142,9.937054486918987,0.7115976712144538,-
4.117308373371129,7.924267604577217,4.543211767118337,9.980510300383452,5.21816079924888,+
4.988775431503865,8.001202196555596,5.418088478676434,10.0,5.779612985992817,-
2.4077637079339533,6.193560436536046,6.257430997991873,2.6877815050216523,5.831166889863955,-
1.8622402999226246,3.42788108854551,7.2238104940099275,3.5777453595152453,10.0,+
9.109213359734067,4.896099661895528,4.879521887822217,0.2310001634366532,0.9116369621158338,+
10.0,5.426952521347898,0.9066041824098074,0.17056026286251935,0.3170357308903539,-
0.6741419878421462,5.9019787215314,4.540238772721514,4.684121059468672,8.51399861680717,-
1.2029166045270598,6.527212155645062,4.227403868267047,7.692428497946319,4.566589689336081,+
0.014900372592420164,1.2961814801293703,2.531875088585135,3.780027638868594,7.530666395236744,-
0.007236720949404013,1.392445163498964,4.504460455869951,0.2791523852501856,10.0,+
8.454305255990677,6.196531481333899,5.158077605024962,3.448263908859639,9.674838994566189,-
10.0,4.55362873943456,10.0,1.8845454733903926,10.0,+
1.3224422155433946,4.455986794301133,3.9326119059130917,3.7410047903317665,4.6454271730828465,+
0.6317649785086706,6.868881492831528,3.998606915820276,4.668897687748717,8.817447834233588,-
8.446128217994593,8.705367385162228,0.5559833897712751,7.826760993370311,8.853068239821464,+
10.0,5.960466201523886,0.8965224118727297,2.2860744042754813,8.765087827022159,-
4.902503165769475,9.143502623017511,1.0701121737834374,0.5973502803968878,7.245008106225551,+
3.910406351597872,10.0,1.034324145081944,0.5633087572232128,9.572618438091933,-
1.6840632948381085,4.885883329228237,7.741431550223127,4.054293421237868,8.010345381089104,-
1.9571924867543862,3.9308518694157155,1.6913371970262334,1.560858230342429,7.100408877598255,+
5.042009441064299,6.95357334456096,6.138137575657976,0.6040791176047333,7.935401406477752,+
2.6051407858808964,1.5688756519798317,4.895779560521957,0.4031221509889574,7.054970374926897,-
5.732688204060759,7.172765632254272,8.253763155101396,9.327222606372587,2.6417526026971148,-
7.274556889923486,0.9660882890123891,2.212066444949434,10.0,2.7602635739570776,+
4.386333911333972,1.772444376550335,5.18399640157278,1.7224438721769741,1.1747487565220838,+
6.790077802565017,1.7028298050059556,3.5020932864021344,2.043386236250696,0.3733127836570284,-
1.7590362562790884,6.7230478902652315,0.838016824602722,2.8284052266797453,3.839432663247968,+
3.142340705643757,8.942630809776817,1.633023943737623,3.418173458764603,3.5133223270927534,-
8.780662169410766,4.913676321248895,9.343343276846532,9.442482605488188,1.6131454469218842,+
0.7244097359942561,0.9626612904889634,3.230773416226462,4.364201693250127,0.9382322877313678,-
7.5727598690162985,8.880310535599843,6.006008908930679,9.657771835838883,4.712541424893489,-
10.0,10.0,6.588980169550143,10.0,8.161139519816077,+
4.886716276696655,0.33102429340455486,8.457362073920937,5.361561555478533,4.370228519100356,+
1.537817424384235,0.5504786009847471,10.0,3.933405674265117,3.1845260986992483,-
8.564374200150779,6.094323534642916,4.220842740499978,9.368402448508249,0.4118050319858524,+
9.188638887944233,4.673737578676843,1.9883417735104505,10.0,0.5919257549073317,-
7.0484490182499915,9.285356006531742,2.919388066849198,1.708561674307617,0.40493532749764527,+
2.4672478269148534,10.0,1.6494670061776675,2.268127916361448,0.2370801388967869,-
9.3099088904881,0.14103759739836463,2.360049082153548,6.061024121755883,9.221421230130295,+
3.643992232911442,0.1146434068446869,2.039313767879317,0.564166504180671,1.3414797543575967,-
8.21050970702951,3.2506321204040534,4.89201659067533,8.195538017837368,8.350647008748314,+
3.9219865187616714,0.8645694769307705,3.333170169090892,7.664794546225897,4.105167971644983,-
5.0524038717241835,8.453881838375285,9.969040786477304,6.5028444120330855,6.854092650051279,-
6.030128573388062,1.260365658444629,10.0,10.0,5.096218768295785,+
8.555878672739919,9.000487655739782,9.639483484083627,4.3036283186463775,4.785978193862025,-
10.0,1.0408766288385554,3.020949043964608,3.974183110962413,1.0094898482730648,+
7.312583147484741,0.2989699806584323,2.04181736331716,4.5434198576712195,6.6703235112191885,+
2.951295511939457,0.1890475926764009,3.947025543643967,6.411442043732553,5.501460686053033,-
2.558470357921674,2.2160846948923285,1.3563181997690266,0.7622673698356519,8.422948412918595,+
1.7179656880067125,3.4907100058079967,1.5468565332880206,0.9554115865074344,9.565566788038147,-
0.11517108791061048,2.6481218272988736,8.166722255344261,6.514421414555386,8.709955400318377,-
0.21768978517348944,1.665638678516446,10.0,3.4144703207557683,10.0,+
7.1206473588253765,0.5982903317865429,1.8086577558891848,8.952474310230652,3.1859588143066384,-
2.501231516075871,0.6217845349512409,1.8708634261390233,10.0,1.486976140378159,+
0.4583194617258801,7.240406128815881,6.365786689179641,1.0325378339314895,9.664724481427063,+
0.08756517879755113,8.29142822585782,10.0,1.4666478753590817,10.0,-
7.402779792881162,3.8783450027568387,6.541534880651948,2.749661726415782,9.01382433051529,+
10.0,7.088466959908181,4.081202423190404,3.8270423593117204,5.005121313098298,-
0.7504081033797272,9.669722235980258,7.414960811136688,3.8750322696925323,8.54123568129393,+
0.611560002666163,7.391538562247738,0.9559529762483964,2.313376950894687,10.0,-
8.205752828699435,2.575528367412825,4.334534000395691,3.7371177701204186,2.2494108314108443,+
3.9429619466283903,2.0579424360589154,4.300784759056949,3.2949074768884885,1.5218331695912626,-
1.6395477579481876,6.088713735371404,2.594279203131795,0.5936073955697496,7.270930416922131,-
1.398679685146219,8.553063340850402,2.3954845175450084,1.1758841480778033,10.0,+
6.508539053449493,4.099221754612282,5.2437154281236085,8.228669856684787,4.939541855781693,-
10.0,6.509002775675788,8.172021063296434,10.0,9.31855216972046,+
7.721240252354758,4.5871598297954606,0.4083091228427793,6.647528051786522,0.9244772617957597,+
0.21925674418180716,1.386174101179015,0.3968914826471,6.51771311759997,0.7406064053825977,-
7.423387584832382,2.899700280743438,7.556952078312519,5.193303066886621,0.28043063778035004,+
3.616565146041845,2.4983389514114727,1.7630942632795314,4.088048764009697,0.09868561322659898,-
7.169913677052882,0.5988602637352758,0.5745406118166718,6.686247453093533,6.650334706085079,-
1.8560356124817536,0.013254247802372087,0.14334969286117338,6.186969965277661,8.979551128173934,+
2.6088750491629553,2.6905712192959665,2.6028883114524124,4.320236611629986,9.040918595498042,-
4.066639201575392,2.792606805222174,4.92264440412923,4.669202298090332,10.0,+
1.7995455463867516,4.285229545555996,1.852971874532513,0.28312533871901024,9.134182775173143,-
2.9039390919805754,6.66444710506257,1.4859208626941942,0.3535963220495478,0.2967095291969621,+
7.005858019396972,0.16934707553442285,0.6569688919487948,9.085836965845854,2.1676021308357485,-
5.403646104566661,0.0012350665220861824,1.1161138804100421,5.357277199123454,1.067143235195315,+
7.158511394297468,9.610877503588227,4.738838195783259,1.3516667483702294,9.604533362806139,-
10.0,10.0,6.151730168137448,1.5315071484218334,10.0,+
1.2380202770015802,5.264748925955436,0.44439820853128587,4.985193819186591,9.668700198792354,+
0.9305032515678403,2.803433966534017,0.5949397584248581,2.7699758577409352,0.3753066425670579,-
3.7509043934268957,4.636638320024476,0.2817154944878464,7.816584588018024,7.801212216853407,-
3.291122748567025,7.194028404982251,0.28886692184625706,6.453421195331602,10.0,+
8.580486765788622,3.5680877827304993,3.4493705550636857,5.872065372583213,2.4315370311135807,+
10.0,3.4948987622555974,4.6124207930243655,9.614361579671966,4.029553855588813,-
1.299008086421931,5.5383949841113225,4.8098711568261345,2.645178493220368,2.365721043629682,+
1.4701441381340545,9.305674439278206,1.5088578548823677,1.523603974360449,0.34985538432745833,-
0.9342584065936266,3.9350563760168256,8.139236590546869,2.2100158969548334,1.261030915766368,+
1.0150473028622482,1.1909393214527917,10.0,2.533274320646024,2.1218744599652686,-
8.627735633886427,9.015306827318753,4.293418179814297,7.24439443241204,8.827069466449924,-
10.0,10.0,8.516218241588591,0.23664700746266304,6.253452149811492,+
0.6126629022541075,6.886604021219359,3.049173396997098,4.669951822139793,2.7393030916931083,+
0.38595045164399455,10.0,3.2749975832654385,3.1016713497342803,1.403670688650462,-
8.406725355096617,9.055737832840348,4.303418069285872,6.427017052988486,5.1982476411404255,+
10.0,4.047599100731685,2.029364694886409,7.973770761177015,2.965501025228334,-
8.438807306188528,1.2710759100125135,4.664947654021522,3.748271925262696,7.440162974120252,+
10.0,2.2519433610421102,8.322791976946622,5.5850503745818125,10.0,-
6.478597688897445,3.7858211267932163,2.895377630572924,9.95408770300436,1.4139199784559164,-
10.0,5.0616938741894275,3.678094074708392,10.0,2.5114395195015593,+
6.766900001674109,1.8648159671121978,4.031808503185198,5.641962980363867,2.697988685188456,+
10.0,2.7475355349796984,4.540779687502863,7.338934961479344,0.9183810153239227,-
8.58830937517064,8.927410152816597,3.686651643369956,7.924068053383366,7.1924415274112805,+
7.668322154593619,5.691439323186696,0.4301401017060017,4.862179714790783,4.265649575223206,-
7.674725196663958,8.790267988421581,1.5246718048901187,6.073428713620278,6.307063840275305,-
9.09306621763502,1.6616085858611058,1.9555764908957254,0.8229096431289202,10.0,+
2.785903772797739,2.783369392782232,1.6599045845998006,2.022690313055897,0.744457792965294,+
5.253628724024719,2.5091106791078484,0.28930813486866835,1.378556361544626,0.06163110222836413,-
1.7711367431352854,2.4918102663383923,6.144022740336733,3.710276408010753,2.885868422561648,+
0.026098138139681152,1.9231956640341337,1.1773157006061463,3.0419127159168564,2.082876725209735,-
2.8625289199231885,7.138837014380634,0.6877095135240996,8.967171220790496,3.695564767154673,-
0.7925406311590496,10.0,0.6317942459457846,10.0,3.8690369078812097,+
4.341158105541164,0.516880244128618,2.094631188398343,8.153433868005216,9.231482814207672,-
4.834044649299736,0.7003369798827813,4.008568597700581,10.0,10.0,+
4.12925353872578,2.2380815766378626,5.486847119736251,7.0309222424843965,1.8947045826225672,-
5.910636645405482,4.034324849772486,8.364917227007018,10.0,2.58981568743664,+
0.7403878617091808,2.7178516969105546,2.292303285658889,6.774906885280981,7.9310142402430595,+
1.2435774499284875,1.7180733058731106,0.9428730301873469,5.76913822748014,10.0,-
2.5792486173185836,3.60667703018677,6.6225715719691545,2.5093567869298363,9.694560158674578,+
0.4901891993845922,2.4934231317364377,0.7044352131563986,2.0265118415692935,2.2052740634995507,-
