0.6029644973409232,7.020660522595069,2.1863491561712802,4.868628422945919,2.08169391156922,-
0.28469386407887043,2.573326011478037,2.294712626333549,2.566961666010192,1.8673794959288428,+
4.298650415085854,1.9958890044977762,6.976505798290083,6.996362691961565,1.0941075412535983,-
3.008578034595076,1.1308132227629928,9.61958587197259,10.0,1.9856007517314258,+
6.084011677383368,5.2390972536762686,6.5052498332268724,1.634875375529662,9.68078931690316,-
10.0,9.315243194703996,10.0,2.9727390968572243,10.0,+
4.579554469759747,5.733307667601723,3.3434907998103505,4.058821429393527,1.7626457379362626,-
0.6583990424679229,1.3351992547988352,3.044316568277914,5.69139107599204,1.0774323268721662,+
3.7579069091865547,4.916496266796485,5.252904570269312,5.443097401801565,1.326393815155802,-
7.4070102136255125,3.91165785085397,0.9802021935343431,10.0,1.8392756007772424,+
4.375243808620219,3.9332745854335807,7.600984267142257,7.671073412640384,1.6119142515321605,+
3.5959739230585845,0.3620806113820919,4.3928714307030265,7.079415357887146,0.13768402937227206,-
0.2855290952517653,0.3783149137857289,3.7125593045467395,3.477987158994326,9.024526859098671,-
0.17384884287085647,0.5879867086300598,2.2361268878227945,2.691919302392305,2.3348432760568145,+
8.51470836559587,5.408588681956131,9.599648163570546,0.8232493292727949,9.008196086387613,-
10.0,2.954347627881915,10.0,1.6335870229181544,5.736302164291358,+
3.127891461298029,9.926460230887773,3.247619459328275,4.730476192842945,8.580251062145619,-
1.787917546135804,1.1118090426562883,2.2543793891198107,6.611922388869022,1.790009063162082,+
8.500948937756707,0.3511181465865998,7.439506112086923,6.62563210486926,6.009338806588223,-
10.0,0.572102133873606,8.87053944580392,10.0,10.0,+
8.306243128802675,4.103078746515653,9.609819029435496,8.424411924909656,3.619861821411283,+
3.625148529816607,6.928611722093354,10.0,10.0,3.2931949723567393,-
0.5039415596132879,7.5838095494188575,8.35453482033617,3.297301873776041,0.24622194706264589,+
0.6793210345388517,9.470704953218688,10.0,5.071620466593578,0.02360103102286645,-
9.44793472235191,7.890773169139277,7.355454456418582,9.304141391204496,0.102707476722943,+
10.0,6.429844475751908,10.0,10.0,0.20183631872140767,-
9.945085597507035,7.583514918435704,6.195112520019338,2.5049926487701955,9.518492337826078,+
10.0,5.062959198134489,6.289444468699874,1.6748695705861587,1.3022937995511161,-
3.244448476709617,5.52260450291853,2.8249923164409543,4.989298737956886,6.57183250060986,+
3.5575864793214875,10.0,4.890961166335304,5.7854007197789,1.0854208289732585,-
1.5272971649960299,2.075305069019934,8.424137409531294,9.832679934299573,7.384027593072608,-
0.9656125580761005,1.2098214438180186,6.353776931500313,10.0,2.5144397260084403,+
9.452123718562081,8.602397602895017,3.2878201550751065,7.761485947390518,9.02498949856764,-
3.9948521152723737,10.0,2.1075204931181197,2.4886785571363164,0.956610229580345,+
6.117222200155153,0.2059031003063161,7.463623690175315,0.11577059417112512,8.757745485664508,+
2.9177077898293846,0.16663373251978403,5.390536695379766,0.06935126020381883,4.217158507499747,-
7.869422242417836,1.2728415995749365,6.908748604518767,3.894289471290353,5.220628946720666,-
10.0,2.488185932979899,9.288391517572723,5.4544010957007645,9.04540301540488,+
3.4446184867665885,9.45876515809547,7.026274353513141,9.749090362380102,5.850279963150894,+
1.257081917303854,10.0,3.8881265319462095,10.0,0.6280975170198886,-
9.557489890351755,1.5622007373806046,6.011731297198006,9.558411325408333,6.5472259608894765,+
10.0,2.4618043148054753,2.37272533286829,10.0,9.199853769977903,-
1.2116079010620417,0.9034618573812503,7.6110304818432795,6.119140429596692,4.905578674203317,-
0.017550439464805164,0.251651655949205,2.08193868278375,3.750414286472746,5.0090522901612,+
0.5537004620694141,1.7104408222884415,6.879690333869455,8.382352646497328,5.259853596776555,+
0.08471108517069902,0.2062783449376875,6.59272814480212,2.5734315910616705,3.9350140927089843,-
5.788530344345125,8.034526583431056,2.178502354780616,0.17198333027595436,1.8271711854110506,-
10.0,10.0,3.642027297372503,0.2758934682985605,1.8605311106434297,+
5.157030407738103,1.234432895380213,9.741359126279418,6.760291931577895,6.084465655342211,-
8.626552858967386,1.5455408878845305,10.0,7.715322589175665,10.0,+
8.195194936756272,2.3968864247082333,7.562147345138245,3.6499279303456333,0.5936354165672264,+
10.0,4.147019505960558,7.977686416741508,5.475748711467169,0.7812550096181992,-
8.04054748836926,4.359406800034323,7.151708933903245,6.803857573400894,7.9335323258158645,-
10.0,3.193896848723392,3.7643971258100004,7.239701583417538,10.0,+
5.521053807664208,9.226333273068978,3.663830940776176,2.2013338758291976,0.3712695176237846,+
9.971747631620412,10.0,0.15851486265304895,3.0050487788121374,0.4709004204519726,-
4.435823909124313,8.847168396817475,2.6090305084381002,3.3876624733659333,3.116384038093667,+
6.6602060183681795,10.0,4.679897999899739,1.3850124547564928,4.0329376943843345,-
1.0539895523792264,0.08358478116888168,0.4156382171678019,4.979346451168276,6.827753788656045,+
0.08350037822016783,0.007092602197252868,0.2926653909762052,0.7368010470029326,3.9571739699362083,-
9.613602859848653,9.264281094883174,9.020438254030612,2.333269869068497,3.5596854172542294,-
6.252322389650604,8.571789060074726,10.0,0.4655626733718376,0.028272675616341284,+
0.532117230410446,9.726120652180484,3.4713100528452334,5.211860643058803,1.65620415301303,+
0.43988279623802257,4.776115396805643,2.484182843729459,2.5466280697363946,0.18839581377510722,-
5.773838573001701,1.5077894419332383,0.7674654807490744,3.944420091125288,2.2521502317567443,-
8.17160816240664,1.2024945933902367,1.1525155893603016,0.9313312945828647,3.299750530520687,+
0.12707555259259928,2.1537520582594905,8.241965893006205,0.7924366536978267,0.8718203116951517,+
0.10262063750332513,0.06029586618117468,0.6224976933472807,0.32623783486879443,0.03465174532602594,-
4.194098543547833,9.818402718897056,9.085484787717181,4.481728343062813,8.754295637403834,-
2.6079849776031816,5.541224584235825,1.8580785050689481,2.463881305090777,10.0,+
1.9504198451793375,2.5908881621712823,2.436783911984264,4.178309780149531,1.4401673599231668,-
2.1073982815367596,4.286287448920963,3.3006763313413074,7.643878775139751,1.4527466878642272,+
7.359632308749159,9.065496016879006,9.502015510469757,1.5578539495491894,3.2041536898026903,+
2.444385145629846,5.993196112466912,0.2810277845015045,0.7053615727945032,0.0602668870628981,-
9.977583996178067,2.070701678325384,8.719786337569223,7.138983310206147,8.06390376273602,-
6.686605434874845,0.1381824963495686,10.0,6.830886345764239,4.87124138749203,+
8.041132499063504,6.1713387548690815,2.389835320328312,6.487502885322426,6.906619760843748,+
3.927386912618396,5.605847373784792,2.2470270027406123,5.086774989280719,6.24955211893615,-
4.748965740304128,2.1747882050634693,2.7438139615132338,5.340196011748821,2.721523207651202,+
3.523026865331777,0.8585937085945173,1.9418093483855938,1.0519444973058532,2.2480646505930246,-
4.894107517357287,3.1225294153534477,5.3378865977405106,7.593131985958699,8.195385221669977,+
9.686945271640054,4.048346389951665,7.745166052654266,8.766510310231928,10.0,-
2.5951053112600198,2.3505801677930505,6.315877507096891,4.476031496646727,3.213978349124548,+
4.489900304219129,3.742207067302297,10.0,7.092800982440767,2.9081060112401804,-
7.494551798228873,6.826258780106907,0.8894411690530635,9.654426909064034,9.38858199065804,+
7.6362555170286575,10.0,0.5443541277396984,10.0,9.817428878265474,-
9.364009424737157,5.1340681052742045,8.476607890699508,3.760203199425267,6.9178297396774475,-
2.468028475423665,3.7068751984206685,10.0,2.6834452510228752,3.7317400664516596,+
2.209637675008108,5.213071633598778,0.07861865869521756,4.192888113209818,9.315384257793601,+
1.3923511548595071,0.44059487546621956,0.02181254280604784,3.4970777645857347,1.7257651969973096,-
0.08429117007184961,0.24298147570938622,0.18392704779163216,9.439823636521975,3.3609874520468166,+
0.11347448853327935,0.020900382070918943,0.12501493572038722,8.865065740279448,0.4491979165077986,-
7.88611434131551,3.823570766670535,2.4776085775615044,0.7029106363459403,5.156307870795475,+
4.436641962538256,0.24887236652759603,3.2191540753500885,1.1040368458696899,1.384434604239405,-
1.5784508485666804,8.88736052909239,4.579859375878187,8.64658329225915,1.852314442791323,+
1.8592740818798552,0.9235033040005101,7.067426167169997,10.0,3.327501765207642,-
7.946533729724985,2.0237604841880366,5.210855887379953,9.281883519101722,5.643141628994513,+
2.0465182101910937,1.7413014560857845,7.592898536456094,10.0,1.7831951761561389,-
3.9837505432622464,9.79316390158073,3.052224128195733,7.184911952947085,4.016845454776812,-
4.912156557106448,3.5929245210067267,0.1799403233347688,10.0,4.0576584985843365,+
0.07356738978860022,5.174550173567263,0.3592772026593283,4.9895257675688365,8.552048520561739,+
0.08872781181287359,10.0,0.3224643501692018,6.614962839413707,10.0,-
8.304288453130798,9.317351081415472,5.413680619765106,5.360549471290037,6.284529957654552,-
10.0,2.3552945255926727,0.020505203860236652,4.408207872859253,5.52348091819105,+
6.38891139728808,8.565751015035106,3.5421441688099753,6.825149420634356,1.7732676846346207,+
4.934539790045352,4.427711609891548,0.7125139393812115,1.6630144064504002,0.935926081810581,-
8.351643304629842,4.386102262496844,2.590706905635638,2.9673188356030566,1.4735755696498753,-
6.940699704869486,0.08004365307067306,4.517277650199183,0.15963034051457117,1.2408423902445207,+
6.7770993729732,5.283785518840224,9.330896549241332,8.790889570311466,1.9064088391592204,-
10.0,5.426489866652192,10.0,9.27508316341346,2.62403756758601,+
5.567349919191722,7.543755135398432,6.166869014747938,2.98906102518814,4.7621123369304685,+
9.206497333045808,8.503808126299706,10.0,3.5317933083988478,0.08638797711522034,-
8.855902237487234,9.426491699386423,6.493861037017698,2.138458575439237,3.514648833890689,+
3.6472085883710825,10.0,9.896875069761423,3.160407014487321,3.806405769567742,-
2.672104786646856,6.4300104724183225,3.1233051181528237,1.4473244053836676,2.279545390305829,+
5.001690712303832,6.386779488431803,2.0715614580632313,1.5072954997667467,1.1241140740530045,-
7.4810517440928415,0.2866363061253596,4.716168434444574,4.8563381098931355,0.9530076344759664,-
10.0,0.052438715346928226,8.382394597751327,6.913125689049222,0.17353398543341894,+
2.7646571146757504,1.1611079520320455,1.6009471257013586,8.954617878265127,2.614930418821906,+
2.1789758776791888,0.21646234249628188,1.8211383167743687,10.0,2.320909284189445,-
2.6246529302768695,9.768014652760598,5.397166526335802,0.9952087477587623,6.863778272350478,+
3.794377067882259,7.38743024796485,5.245185917997159,1.4868116523642143,8.360863673475322,-
5.0353016050893356,9.392002721864069,7.666038876498204,1.2580446741526885,6.626622512491905,-
1.7069480860764374,8.509486318563836,10.0,1.349024621918318,10.0,+
7.712232019877966,0.3886767597962537,5.7871843037786,2.012493998183581,9.388698202577157,-
6.104039548734986,0.05734850790361287,9.28039953489798,1.6453227796670897,7.533530645221854,+
8.105811918511595,3.7226455345243337,7.371470274608242,8.69573397591837,3.5374260538642845,+
7.9547052248137335,3.403781704230032,0.15492962410774072,9.424691147093132,4.1726209690056,-
8.744356691573145,0.5958629639514601,4.5987552983336375,9.853375123628332,3.10136454198806,+
2.8627048078860047,0.9860115519218839,1.959556726538485,6.886664135292153,3.6268806276058814,-
7.127280464356965,1.9530283714471386,2.0377498788809323,7.352787224549991,6.622584645734143,+
1.5710450673568768,3.1125241969454973,1.0906090049351438,5.917947840118158,5.219615183060893,-
0.4219510432768636,1.9744186176855416,1.2716244339657456,9.825243540655203,9.032987275295737,+
0.7260542817911857,2.2215031179235396,1.188106965085082,10.0,10.0,-
7.425078807093111,7.317371259419598,2.20802113506263,9.441620121725272,9.432992334175754,+
10.0,10.0,4.262935269943695,10.0,3.3018810616731797,-
1.292750482607531,8.254844875577573,2.4678768593447065,2.58224044493774,2.6046536528143416,+
2.3505385746028784,5.105773268359436,2.8546456276202927,4.607198452118441,3.165720272796794,-
6.343545681738889,6.753321253143162,4.23816054324455,2.9750757124516483,4.2730418337549025,-
6.430610126171924,8.946105818929063,5.821874771484855,3.0674272279571446,4.621076184329245,+
4.321692948391033,1.5971218995122571,0.6670998293584884,4.32222289450859,1.4687134254065526,-
5.177405375292515,3.142578133645295,0.7952890568875247,6.730405852522407,2.57860146846854,+
8.136142667872024,8.70706551607869,3.665888507185544,4.392786987623866,0.7625041319045844,+
4.737906503290349,6.426360229196326,3.211157441904978,4.494307103015089,0.8973029522382704,-
4.104123635307091,6.380934157481138,7.268763583018849,7.455107235315693,8.102389784658486,-
7.635425211425946,9.648352405141994,10.0,9.764981889192438,10.0,+
5.2686649690088325,1.8746419745877319,8.156836376308231,5.138171005919363,4.702214415724145,-
9.862817836513129,2.9496630610003365,10.0,6.754710981880288,7.735788996152156,+
6.213287708629745,2.353675498039889,9.729851360387634,7.457348403005102,8.275790955418266,+
3.373751111434563,4.474685139265801,10.0,10.0,10.0,-
8.700355644431028,2.7919286038618694,0.21262711864482364,0.6615785727837553,3.887532105834788,+
5.721487440955099,0.5834278756732764,0.048038802763346065,0.5368928315006017,1.7987318638505145,-
8.878680040947524,0.8175322904285032,9.129864201267148,9.5506621720602,4.040326121352055,+
10.0,1.2586800129450129,10.0,10.0,3.349261258726189,-
8.098425158138872,3.283543420134589,8.208841414855089,7.346031509033067,6.575570991372085,-
1.775938731500148,3.819789163683866,10.0,2.569167533959058,7.266501101225118,+
5.332879111497225,5.127122095446746,7.842734057777485,5.9656840928710295,9.797461985452935,+
3.4335846673872346,7.539347219607746,8.213358790211068,8.122043026553293,10.0,-
8.233045085702829,0.7408560183288515,8.865994554304267,1.6595433852668973,4.188931910486366,+
10.0,0.6039318601950668,10.0,3.271914110364649,4.971305565353747,-
1.7987884570969714,7.941948543285145,7.465672375400803,2.8639556688697243,0.9114780254216837,+
1.6651886829001488,10.0,7.753139484851796,5.211086329533582,1.037528132390342,-
2.384513095128372,2.2772272235458155,6.573502165757978,3.0681999283876737,3.163325704228833,-
4.650670416735882,2.8646871807518193,10.0,3.2563643109857674,3.271191710732349,+
1.8987304472301447,9.427991170042901,7.488234574051136,3.4807279323074622,4.447203620545984,-
1.1813168041694466,5.434343235184422,4.195713571736853,2.5667690402998447,4.519088743950863,+
9.159288067117732,3.947846418090829,6.6398493969229655,3.7779763448896295,7.959459663469356,+
4.554542177741092,0.840898808942902,0.14717690048079268,2.190446019815687,3.7024319578079234,-
7.143915650283866,5.628639251738479,8.539362333960295,8.523842067497581,9.479765860710948,+
10.0,7.149670059689861,10.0,10.0,10.0,-
9.247003168120298,3.701955439058721,5.774293931597051,9.889915647438675,4.306680656868495,-
8.993618877415424,2.5531520309223548,2.1222190679264257,5.359021046972732,8.272228573815422,+
8.152261541590365,3.40253131540618,3.713346232417558,0.11866117523559705,9.35487525003192,+
6.875890199132236,2.5978832714658666,3.2031012401129217,0.09995237377413882,2.910788108113825,-
5.778318293842705,5.203000111960585,6.666138731255358,1.4243717741503836,4.268770316100715,-
7.559600104954356,6.550874120657241,9.064780187328099,1.7231731622819664,6.961325796608422,+
7.390762995984695,7.347525638120079,5.645600210012293,0.9096971173689161,1.199251968709868,-
5.79967621045607,0.5450066692806423,3.6172841128955926,0.535295054949187,1.4757013918531527,+
0.9183674243607276,6.192605655872536,3.4077525489197926,9.218823739030896,7.4929402017423365,-
1.8222588461899418,5.603608262371545,6.638004930883413,10.0,5.027487690558533,+
5.404998561359706,4.599669398263413,7.155791252786731,7.759701501833543,5.782034276651098,-
9.759163991645337,0.6198057174704813,5.090861957296786,10.0,9.35813517383756,+
7.469438972272431,3.8891263485844805,6.774326010134265,1.5270374021502442,6.841101926482636,-
10.0,7.367368038492013,9.074383464407742,2.3640816875748074,8.518208782093192,+
0.6582771176175894,9.45935384458844,7.067451546882126,0.5700481395635926,4.955302728326796,+
0.23234830659607864,10.0,5.138320106006874,0.2271752672478343,2.8455205824934806,-
9.548206067742873,2.3301621010553744,0.8273200546666903,4.0747761100202915,4.203149668937641,+
10.0,4.530928864385191,0.8793223022772052,0.08355478892258017,6.477561882499407,-
1.0617831675589051,9.631823906737925,9.94091262427635,6.252569442918224,1.8501923604670056,-
0.8806951857181525,4.5988189040517184,5.613490690792793,5.7500844340907165,3.657073320614334,+
6.609251341276337,3.018760391881311,6.479250693395544,6.4802000301774685,3.107201051520767,+
2.4556642981935046,2.1372151169073486,3.2063015327737,5.803126825018246,2.3345007488497287,-
7.009953146965894,7.022377095135322,7.701579857220925,9.106489944379765,5.159237877373161,-
3.833375554037783,8.398651772047247,5.851270716702341,0.7565445572420312,4.986091846285776,+
4.287325579164708,2.6985924431756523,6.962845880838521,1.1631026549532897,0.27336998363017506,-
7.82282692815213,0.9482503164892534,7.895576787192242,1.5668772484793088,0.023761797265958624,+
0.10692745877951104,9.532504630795879,4.079930925854535,7.246336491983593,4.7778033418668535,+
0.03898357092893013,7.4363728583169975,3.886362019858561,5.807133675467836,1.6575199022596991,-
0.9124798583813154,3.705601369222944,4.220484218778803,3.343891253123521,3.1038398237379194,+
1.4423817027481385,3.846678101788912,7.543947152994656,0.48863402974273507,4.71501240183305,-
6.551500726828588,7.475581514600974,4.996367334572442,3.727880835576541,2.5402309239975795,+
10.0,10.0,5.106290588441904,5.716541380772443,3.810252083048554,-
3.7103082192351,1.472948449874567,1.4110346255647732,2.796991355795794,6.259270912614553,-
3.318011365512728,1.7166882724930963,0.513329045989199,2.570357785404442,0.5256072015407401,+
3.464716498236826,1.6698510492564866,8.752965125620008,2.826374140414911,2.6744655391793937,-
5.791938063850666,2.041945784499798,10.0,3.79316874635079,4.291206533452112,+
2.5953797810929835,4.507005468616574,7.736312500507961,5.683220636000275,2.5301886884657963,+
1.2535366828886036,4.201931827881211,2.1959632715492394,3.5992478724572736,1.6570257478940074,-
0.9264730541681798,0.41306495213189076,6.047916310246042,5.041957807510041,0.8051059864435073,-
1.4430473312069136,0.6466592682620097,10.0,0.13017105005889407,0.5116015090823882,+
6.048540567147663,2.8420051274040325,0.35841683448282424,1.633860947589334,4.604714259526691,+
8.299480672289523,4.9267015847222,0.49882783257693314,0.15758362907074883,1.843618810995221,-
7.503740389082495,1.7834454183158133,9.11351992344145,3.3975440676095694,5.880402729353053,-
4.134562115168984,2.8523012504348193,7.568758251817125,0.5214902223670963,1.3359678789860179,+
4.6174609472372925,8.542949053719388,8.116193529607779,2.0462768843139525,9.098004529250552,-
0.5080734294373321,10.0,10.0,1.0998682408227671,10.0,+
2.7990653647241395,3.7072360159757367,5.360280662020186,3.7139579127687683,9.457401263345899,-
3.0915166802655456,1.6192889913271309,4.8055688043239515,5.798475920848752,10.0,+
2.274471680038004,9.506913622396228,4.368613753261813,8.75846951327132,8.40243411238678,+
3.594940956042324,3.3391385804432447,7.205996448823058,10.0,5.946225174089429,-
5.674910122867445,1.1963497440308524,1.0200884222969153,5.108182268731628,8.96803374082766,+
5.040816699728556,2.2977503339784184,1.0339793627487812,1.9290724655186087,6.215991561734748,-
6.33037979825696,0.8239116528229973,3.4792750767661063,0.3895390219648198,5.291726219916679,-
10.0,1.0405657217563336,5.038744011664142,0.6066620219956634,9.498404015451023,+
5.5558559086403205,7.030322379913421,7.666671816864962,5.198002524929207,0.24674360700516873,+
4.67528211336912,2.907357706566934,3.8864141899391247,2.3431119926580535,0.18604661052457125,-
5.058511730821022,4.412838591980185,7.744269244714723,1.6326806392484672,2.5730428683617035,+
8.233633059942912,4.823082050445979,10.0,1.9105837364288278,4.244156442221084,-
7.863211103825096,5.568726201053554,8.512024996999061,4.86723921472196,2.5742663955082135,-
7.85095343639859,1.6714677163004992,2.0221795453021536,5.817125084462565,0.45734120596634076,+
4.569935503552912,2.023810078345132,1.4867113331592297,7.763551125835393,3.948987181206985,-
1.2009694035196814,3.662758093206465,2.7670096371683806,3.498980020551562,5.233866924566569,+
3.467526643034767,0.8552801880590566,9.929867708386402,5.948840966946651,8.829636936856366,+
1.5925770713717666,0.5931712483576888,5.31379618469936,5.195476681251197,2.7820476305842763,-
1.6729950133031024,0.5351022173986753,4.1111946038989196,6.795960177573869,3.7549201629313558,-
0.05588750197645121,0.3599644988351496,2.0678674637664898,9.323332306313302,2.837080498089147,+
5.726605952406979,9.049434639731167,2.6701526753799385,0.1313786989590371,5.895528184704598,-
8.484045648270559,6.379675590398772,0.576419540580022,0.23934017349657571,10.0,+
2.040158450812486,9.340730707312932,6.811676912180698,8.672802947029773,6.879866505624545,+
1.0283951772089122,10.0,7.064847718324704,5.020666839532771,4.286678015069966,-
0.26948728068020955,2.30242505530002,2.2248697450112944,6.312607928424906,9.423576555116622,+
0.2322037578987287,1.0081750925503792,0.912443380775268,1.9651566789156296,2.3410141136921685,-
0.9014543872769365,5.2531832833311976,5.033207110017926,2.407051762698228,7.334620346523959,+
0.7407110494607579,8.536063071544309,3.4320077677035856,0.6798787370717566,10.0,-
9.061913626386847,4.037682029017958,1.6974975336756282,3.943802229849338,9.409169113780134,-
10.0,5.829911221273765,2.4364505644026244,6.246464164739874,10.0,+
0.12075175270174543,7.043641902292265,5.597968707293187,6.5081541445382225,0.6712516805459701,-
0.19085733006482306,10.0,1.1599200571810615,10.0,0.6710789254074547,+
0.09495274882164506,6.667861652439267,5.186890349223328,7.965548908141883,4.485380504459836,-
0.0038940277513119584,10.0,1.2914039954716965,3.967399493782021,4.393035604807778,+
1.9889956803844,3.9319792914222482,8.833287584811583,9.700762806949552,6.141743554996147,+
0.3006769935515988,2.390399334049283,5.900450172092314,9.331168744408341,5.404211406654092,-
3.0356147847189465,6.191183964776744,0.5943292554313606,3.705625495576336,3.6987780209031507,+
1.811396412963186,2.02487680499348,0.42850005660344603,0.11216328266342505,3.6899708422907795,-
0.4514185528240222,0.7140292387694602,2.993888126763907,3.165964048674408,2.6500426251223432,-
0.7250092241705699,1.190696272008464,4.005913619214526,5.939355011752161,4.662609191664983,+
1.9438322964480947,2.943011371474195,7.443569409463392,7.582013907301244,5.595807106915515,+
1.7656534073385861,5.709676154428071,10.0,10.0,7.05100179971803,-
4.290624825289495,8.935230985241539,5.588510306630009,2.8903120980550137,6.376410928250617,+
6.910151851089964,10.0,1.8357844118577782,0.8481434005274875,1.2221839381114847,-
7.24868119932734,3.596814324130957,6.385644764711017,4.692553402909983,3.5700896939299422,+
10.0,6.9191348860690205,5.844150283702999,7.6257513352468385,4.490111127303615,-
0.7745961563724535,8.372539944372441,3.688080771769112,4.579184146856018,1.811426377307911,+
0.4241759296387894,10.0,1.8412032083120695,8.76492312893239,2.634686213453064,-
6.374738677095006,1.9428778199119268,8.891640241299491,0.3391158216365908,2.490906038169811,-
1.743770121059593,2.42006564991125,5.931613180819781,0.24256197294086734,0.1021839320865165,+
8.702307648703089,5.127052290846414,0.8678270431360791,8.743009397049802,5.252500639875887,-
5.678091951075025,6.453552739661502,0.6312192786177702,10.0,9.62725362332413,+
0.6821271087465486,7.091744779212718,3.942767458815685,2.326944510835088,8.015358922803298,-
0.8944241293311316,4.75245872194705,0.786397147233393,0.8359662093595286,7.037948740559873,+
9.867109523342968,3.061197972257046,4.774119495200279,8.331462273291717,8.488750352522983,-
10.0,3.334946357670258,9.468606461927981,9.443296058260977,10.0,+
7.256491373451558,1.2485080712079322,9.407198784886091,9.468269622331592,5.88744082012481,+
6.675564225634633,0.7982189820727184,2.9821264788278414,0.24004163374969484,3.7275779278835492,-
6.110554051406757,5.279789061635929,5.47372908995195,3.203154355041323,8.228714810503,+
1.8213344011270638,2.8556525805096915,1.0566497791630307,1.6450106355492389,5.336260279811068,-
5.003207158156046,2.9784455734639015,0.7236763349286057,7.995587295846841,6.739423420610891,-
8.30754841869805,5.866112987338011,1.0049379585051306,10.0,9.652434579345202,+
3.4919324640410734,5.2672894566111435,9.552622408258365,5.066724290818091,7.563659034926545,-
3.1922202322474726,0.5192411928524152,2.272586095073619,4.615633234112366,10.0,+
9.768767579652812,7.392627024736774,1.8428633132965855,5.157682893932356,1.291877743011245,-
10.0,10.0,2.214570913912727,9.89919507945338,1.6392790703470308,+
9.014720169736217,6.206423195191811,7.52920250605515,2.227136223446875,5.75337681012294,-
10.0,10.0,10.0,2.685395284488904,9.503428763449223,+
5.284269182053172,0.8436378581495463,9.773574264795782,7.325523841737901,3.9574747145032463,-
0.5187639656563575,0.012789731244660043,7.857321885627165,7.159552912484753,4.876977233672824,+
1.077143870773991,5.88808501457107,2.940586217374305,5.1074331053545,1.538703999430735,+
1.734374869229399,0.11907885800687193,5.244350561081558,7.956215718619334,2.1973430137134033,-
5.411345508703295,1.3080683235939528,8.968815530861376,6.210395059833198,5.72137148288923,+
4.608428616573555,0.8982612420370109,10.0,2.1242740029534777,4.352891920507187,-
7.351338725786073,7.84377894926598,2.5877060333301936,3.8029819281686175,0.506063315260411,-
10.0,10.0,2.997810957808597,6.792576309923304,0.7104514662674517,+
8.789971544347727,5.782528498873889,6.67239068140735,3.647344769224783,4.095159239092791,+
9.73061775100275,6.257723075474973,5.906405738520846,5.2299858975400415,5.272695057938267,-
2.2933454494950087,6.120946017149619,2.8612810091891028,6.6217461576574435,5.368684437149835,+
1.143759745951453,0.46674532382153544,0.945204428445919,0.13907014965027614,1.8530114691843842,-
5.066494920254998,6.1596849273365955,8.685479538361443,8.02439592417138,2.2984950896131373,-
8.845768080654711,10.0,5.164841878941734,9.825785688097989,0.7604552754887639,+
5.479720873737932,3.133415735266707,5.497368165592692,4.115968091393074,5.174479116072172,+
5.8382677352945604,0.8301585817307627,3.4185524402605316,0.8047676542065989,4.178787467522927,-
7.674843776702342,5.142968709634391,5.310264287005138,9.30910757195009,3.428838150409139,+
10.0,6.5014039074675,6.273780951097404,10.0,4.77801587210543,-
9.923181835291937,0.6865160586299812,0.22851587506203197,5.97033939096684,3.1912322127889956,+
10.0,1.200692369377973,0.15846285901346258,2.881433446186721,1.0311592423622014,-
6.872068612977053,7.386665614933442,3.6050884347046033,7.5023250867993765,0.7015613074425342,-
6.379799337938016,7.6173955472549935,2.7260194269735782,1.715095053922419,0.27030847086140136,+
0.7686007654717608,8.134049346736647,5.176933261128839,2.566480515826056,2.048472164776496,-
0.5486124315638788,0.1382496855603121,4.6794042543658305,1.1973227773887678,2.6422946105525504,+
2.438348137152282,3.9353078924695817,6.934221129093103,2.0501608255661052,7.722165732791027,-
0.9515094664291599,6.704392242411695,10.0,0.9965430484273744,10.0,+
8.859649277918992,0.04759765331591059,0.062381593507895294,4.726458845336602,5.751515882868538,-
10.0,0.0641168499044695,0.07144804667299685,5.585884025718434,7.072859121468904,+
9.15582665541346,7.634841019360286,9.101577106157595,3.957133414860785,5.199316037841234,+
10.0,10.0,1.5039427631815971,0.9101446448622483,5.606261764380549,-
4.837938944524456,7.452278672909944,6.2086714856028475,5.798661592573216,8.124508403060547,+
4.385886648358293,10.0,5.290700255391561,3.4367245695162527,2.326221923435632,-
7.63233362860049,5.889582592416868,4.660028854199918,4.755080427338156,3.573490167026361,+
6.691697167948725,3.484814408253755,1.1095490553603504,3.6998791871169976,2.9283346305694096,-
7.238937069443811,5.299116715574254,1.4269979941982591,8.806034627217286,5.321977878418945,+
6.122909678202242,4.418076550728678,0.7058957263147702,1.2892194155162628,1.2779749379409142,-
2.0662907088517923,0.15003334322697626,2.9123307794277222,9.420816756211801,5.486462502122935,+
2.9760288775868413,0.159547763915188,5.300840745871743,10.0,10.0,-
1.5868756356171176,0.8319768984265052,4.651305159696454,8.214769947929764,9.696133714383281,+
1.7425965974421722,1.6320455286453859,4.714828863702617,7.1032963530691235,10.0,-
9.263893294595263,9.67121623154777,6.096164141900953,3.5394823206762647,5.860134239094432,-
10.0,7.020898830432592,10.0,5.410385199512726,3.844479759102887,+
0.6481796849205168,8.498189375762786,8.624257771081204,8.514289824517144,5.277155317193197,-
0.9129805760048151,10.0,10.0,10.0,5.337466547782827,+
2.3443563554679017,0.30123422638242303,6.420815785335419,3.2976602628544196,9.106950106881973,-
2.1136130703839315,0.17010159835132013,4.384173860276853,1.6781958538356818,10.0,+
2.1052734004779907,0.2898647386039188,9.333073329924439,7.0481216956450465,3.7775677082777372,-
1.613190423308523,0.5086225583511544,3.002535438963546,10.0,5.432141499845441,+
1.7879182816833195,6.2252431279866105,5.905055189375052,0.04260748457908137,2.649746333900793,-
1.1766150472281618,5.953760208642992,5.824531434979964,0.030655864832082113,2.672462386151068,+
3.7506465342293405,7.59066785986991,4.725937598317456,5.549204814021705,5.5023958315933434,-
5.173573460008959,10.0,5.805470364218715,8.35771278079339,10.0,+
7.671886270475636,2.0505577197548543,8.48756901948599,8.832689785776969,0.029421322530087668,-
10.0,2.724755235060223,8.504056500995153,10.0,0.051410659447691985,+
1.825832414439933,1.8179114456220113,4.221928227501879,1.0885036460291087,2.7811644084626574,-
0.45777852531190133,2.304829700367562,7.130859017665788,1.242791094169123,1.4814657918805023,+
2.073279442532222,2.8003998687092557,8.402487093342955,6.482592566996646,6.817880235001335,-
2.8535354380651756,3.869639770777195,5.841538441253632,3.5028269462044443,8.21961954552256,+
1.979009486151544,4.520238982632692,1.9587953871503316,0.8600016008854683,1.6687493480605664,+
2.890244881908942,1.2557861999773177,2.8737537976032144,1.3946915399336652,2.726291428147013,-
0.381782362896983,6.343564990474471,9.634256086038643,1.5753472005997038,8.39242094198425,-
0.10185809448212763,9.570344648685245,10.0,3.098054790548377,6.63766275360615,+
5.330624967160494,6.425616042072587,0.22468332862414897,3.2513869475116897,9.382936669737811,-
8.563454710568719,1.0397004701098296,0.014533876128264567,1.1344358622298256,8.999791570376875,+
9.30566491222153,0.7770129411731996,9.424804236370404,8.615530821409482,6.413625009211653,-
1.620557502441978,0.3613215145168099,10.0,10.0,6.583851342655891,+
1.6713197013799164,9.891299378982445,6.6522276482525955,0.39107310080583213,3.347909949075044,+
0.7535974930227984,5.018146477206701,5.745630011407028,0.32215164824717163,2.380205657034216,-
4.980557908902071,9.816394755836066,8.534178846803735,7.251819859428283,5.241498852370762,+
1.677644293185826,6.61004511986678,7.037446934165558,6.2581866453886255,0.8531424554475516,-
2.9885248552719634,7.714427165668206,0.4329192507566504,6.3243389892819835,9.752514461574691,-
3.586308589625587,7.725193586674853,0.26028525575248285,7.798220627800385,3.077597667200681,+
3.6048733546418665,8.758551565143325,1.538633785036101,4.099786134396609,0.8184462667795056,+
1.9902799652028198,5.829117278963191,2.686034171812073,1.1729517730767385,1.4260838331275587,-
4.045098320449505,3.8521359667997466,0.7274376768393553,1.2733888702310914,3.0711170505354346,+
4.755538964562626,6.941413102466885,1.2402808968176764,2.2920983147927028,4.905703312980464,-
4.2286071003766335,2.3211072429078827,6.698532007278402,3.0915166781519354,2.8787235778933375,-
6.839544082733972,2.908070167061886,7.710729344166531,4.242531006849764,4.562425720841647,+
4.280937240418673,0.6141417410772931,5.431872529170212,4.73693462603644,1.766579829473015,-
2.2023856051635975,0.9710888582791465,0.5123816971701655,2.3138939255374242,0.5069612962993844,+
9.503632161143692,6.871549151126497,0.44210016043558453,8.636496521054632,0.9689439836303282,+
8.080382159709314,10.0,0.36554087777390765,0.37789169811058476,1.6577357319915338,-
7.764774173559683,6.299250009000361,8.672636040519784,2.103435240477328,4.309376761850831,+
7.746181355165573,1.6637946611452117,4.704032396048936,0.283912022556986,4.302396303891002,-
7.002140317461371,3.689924090315718,4.247329937327176,2.1911064862069374,3.9733870268706797,-
10.0,6.847610375792317,6.031872384198968,0.8595376406272998,1.129892972742137,+
1.6218938818312634,3.5687412926199,0.9898621969194643,1.6983060973958086,5.952121691380774,+
0.05429802700135687,3.140653283011942,0.7869607924902683,3.0017741399779796,1.195825881050934,-
3.5916559174783202,3.303209471163778,3.837695097658471,9.942798741836055,9.004587742093161,+
6.300691850626078,3.3100478981958434,3.412068435421649,10.0,10.0,-
7.419799099940029,5.4295855013309415,7.5249164996413285,7.163949592552865,4.009494557707826,+
6.504801232676496,2.508871206939495,7.473044377901729,4.009889552804354,0.4029624810340413,-
9.151380463851144,0.8297686032031026,8.99965347980084,4.968353337636405,5.335422571377637,+
10.0,0.686645879158291,10.0,7.538934376558421,7.693464943415196,-
7.6066349623872265,9.579320178007842,1.9656509353122575,9.129206321156918,1.3772555540654885,+
9.20270830475883,10.0,3.690711032538747,10.0,2.056485846867292,-
0.46255033537960233,0.18043806746699587,5.419729340032912,8.162621593903115,7.406273437863982,+
0.15968821134218955,0.14180718721429375,4.162021920383667,3.9044167542004393,4.911674005794949,-
1.4528575797151333,5.796753327523641,8.10261156193127,6.284673361206025,7.909086157487505,+
0.4959550053696861,0.5420938330714282,4.380315197644827,0.3691048449700099,3.9091307827183535,-
7.93385335987189,8.20097672060302,6.960678370710035,9.849200680809417,4.365251891364755,-
1.6808154482696913,8.821242005021242,9.670698156048381,10.0,0.09773948468386677,+
5.084839636814581,2.1434008429486284,4.356597155760401,4.0516806592103185,0.021660359944841723,+
6.441837550853498,2.9646163044496436,2.5788537100166127,7.060961915995764,0.03116079554686685,-
1.938273979352756,3.6782888460309238,1.3654941565690226,6.572792089194377,7.852682640050547,-
0.839307923321009,2.877263801410645,1.7651109651073893,2.651295296251344,1.7708946116110533,+
0.17689876651768355,9.495532090927629,3.6977394524202243,7.931567023804721,8.181119875726697,+
0.061002127950966795,0.7454412339738042,0.4399219205802735,10.0,9.731426832416803,-
9.568511940795684,2.7781190095371233,8.624866731057013,4.865857413469604,2.4729587613286377,-
8.227080357625622,1.7026158907344382,1.2768643457281998,6.448792851295885,0.20334148377361655,+
3.9461646001850728,2.4864158533243486,6.294559958985716,0.3583883011698863,9.515066321039075,+
3.6395853529279765,0.1331950629782759,6.082453347477604,0.10840541678643971,5.70822071012568,-
6.213074633125331,7.411309482495082,7.182873618115314,5.789991079643891,6.460876744142378,-
10.0,10.0,10.0,0.7958149158469299,2.5768763566715904,+
7.228638333856258,5.961051999262676,5.096877854366145,7.024165826143863,2.8217752647101513,+
7.8369276347661625,5.760619694181644,7.2785091907262975,10.0,3.043685244464818,-
4.5742585475084505,8.717876153872652,3.4892425763492083,1.0324071980365923,4.038578271613339,+
7.771108350535412,10.0,2.0842249626377454,1.716074799974328,5.46043412893648,-
9.462152427351207,4.063265365774262,8.60508277390388,2.5787824461967546,6.975920238137576,-
3.261101924699697,6.006371165851319,10.0,3.111918378986726,1.6791712592692898,+
5.502740401308188,1.7448457044962074,3.316101753283646,3.847509279160277,0.08216799198196734,+
0.08439185610369505,0.39382383211186883,5.576197068303314,0.691520416112346,0.10469491502656941,-
0.5117275019823819,3.2234487075489318,5.5224219401117605,5.954490321400843,7.206998460831456,+
0.6246538066171041,3.728694849294666,8.610004084008944,9.290887614980337,5.993878546881593,-
6.0170710749594,3.631159335875742,5.72460633725221,3.569297764670172,6.841536980091039,+
5.170436234773455,1.3118037293358142,0.2130857560950331,1.3364107478767144,4.298569316457948,-
1.6597484139536112,8.196167995925315,9.023204460619143,4.181024879898347,8.66467655727272,+
1.4693161751229755,9.915799969206049,9.972640356749844,4.954943894054067,10.0,-
0.19366658058538322,1.3571400852705517,9.038608433976346,4.6877184499496725,3.1576768244560927,+
0.3166907379626195,1.2502587420200189,7.885607910954763,7.804095383889099,5.531998645824658,-
3.885094917255185,5.512995358463724,2.81970006583133,2.521427050861517,3.470206732113316,-
0.8296254281413741,0.9226564257360994,3.274790798823178,0.4523360631467524,1.2072501892775886,+
5.0458290263327354,2.704001224636461,4.937395038927397,9.24209232971456,5.956174027243478,-
1.2695062112100137,4.595604659761148,3.1556211779921073,2.4011232016928785,0.9484240429900919,+
3.362008329768499,5.195382342095488,8.660195710654149,9.35409616179816,9.245879057386201,+
0.7316988749530349,3.389728953249782,10.0,10.0,9.551849235973327,-
4.230462505737344,8.416232367606403,1.3467134399633907,4.176039370036485,6.48003704764104,-
3.1839967387117287,10.0,1.3353135022677487,5.342380684560514,8.985911439122026,+
9.325263741440757,0.5753080633185548,3.3099560020307583,0.34254859907795865,8.005004598849336,+
5.135975388530266,0.8882845703046008,5.043699303409017,0.3507526005557733,3.4629949907702273,-
3.6709562541205476,4.126773877960207,4.230272684017286,6.049371625701654,7.271830738555932,+
5.436055326813025,0.4052168850127585,7.91476575070717,8.795982108859652,9.780494151747556,-
6.05780055909033,5.433324454482499,8.27233169705571,2.886312234283319,4.071582455392305,-
8.204788843115656,9.37049102648896,10.0,4.0237018051351106,7.4391425295100415,+
8.685011478942322,9.450871528492872,7.87024214601966,0.5946234021426888,2.6953751678342455,+
10.0,10.0,10.0,0.6992357152196474,0.4389177530228932,-
4.823367112943092,1.5672870980436437,2.7653392964289516,8.152344350133712,0.00665137220198897,-
7.090818890103083,2.382701415221057,5.340550804495336,10.0,0.00798777881195868,+
9.348788635478208,2.024977216488381,1.491530875182392,2.2241521820965704,3.257466325159611,+
8.914119239578639,0.5864648916119615,0.9320174242813583,2.100774540281906,3.2457699804471956,-
4.79326376567991,3.4269494287075117,6.585160238987785,6.215046663247986,8.295039976731939,+
3.5289233777035425,2.428108199470554,10.0,7.07483645063747,4.082526421742378,-
3.8258173258489716,7.6186170681845,3.0773466317205522,6.290079699148529,9.362324511181786,+
0.9825600927685799,9.211252897277255,2.2730404342085766,2.4457036197873205,10.0,-
0.7091103513165509,1.5999220874100406,9.801631647313219,5.860620399186559,5.30972395200311,+
1.3219428915681266,2.9332494278024934,2.4258720335819124,9.695530743499056,6.23339547050125,-
1.2411269760696708,2.9370250460421743,2.433696284691674,4.803418112045419,9.207519718346838,+
0.36150767277596235,2.2712233034569076,2.280464128165094,0.3291042450372576,1.300117721856481,-
0.9097754675768566,5.80508938277812,9.316860250643776,1.807099119297847,0.04539474774864716,+
0.07664295391362992,3.072701318719172,5.314973326503281,1.3404778438031293,0.04094512973651493,-
8.399053152194805,9.570130523099525,9.514145590990562,1.1327253988457842,3.533520149706816,+
10.0,6.600638370929218,10.0,0.255066061366654,0.7785623605828043,-
9.446774560603808,4.9099260230950525,8.08690248939173,8.788416277769427,7.005204315604302,+
8.749431647068036,1.8956751288666776,4.017073960535014,7.7095004638732565,5.5496857445117795,-
6.05385929149908,2.4739892080518877,3.599996414221512,3.1180330490913386,3.4211038144228523,+
6.972353020989137,2.845349194454106,5.2805305874986885,3.5082594435586825,2.9018997287287234,-
6.045185181473395,9.082604443171027,2.8535590722065294,4.80392439178725,9.474997638871015,+
1.5747111302973578,7.442227814110742,2.957527855122509,2.5409226615048226,10.0,-
7.982002832283358,6.464925004981817,7.8413014551920925,1.2837366918628645,2.801123535327389,+
7.935538396142692,8.85550027346314,5.149901884377337,0.12338777158332535,1.1303894156410748,-
8.085732892173274,6.456404370711239,3.953843379068477,2.9398011750502895,8.22851108300209,+
1.9922156932234332,0.04171515044081538,3.724012269389822,1.9746419621232922,0.7682507805672828,-
1.8670583920505512,0.07699430240894145,1.6035359075932176,9.529976319263984,8.282080988282894,+
2.8404810197333825,0.12548440209057962,3.135151250191248,10.0,5.257081615342907,-
4.417891008759378,2.9509123146505467,7.037525284065379,0.7197328177907147,9.811394300146361,-
8.293488424129572,3.98925839461264,5.954195878869103,0.49949699620945964,10.0,+
0.5784787013633941,6.001911972011834,5.532392708114974,1.408802454655349,1.7340130393827957,+
0.05956756875046957,1.0566509931017072,6.7646253742767435,0.8255990508163061,1.8780496533924067,-
9.828124478767577,1.6935232449341142,7.264141755451642,7.279881830224108,0.9191261769028136,+
1.6265585594794483,1.7677197996311624,0.8953941484829475,6.091998847603819,0.6414104500617589,-
7.404399287732872,6.391077000857111,0.843351853923634,2.6605220779536887,8.54393566014196,+
8.406306608080005,7.490734756479134,0.8126551983120736,3.5453926454615043,8.828151275796598,-
9.011462018797827,3.520241899991665,3.4064522685795295,8.11198948464974,2.579504419134515,-
8.79770966645061,3.8008385601562455,6.093281135838559,3.5534239458612884,2.7364697480591427,+
4.138178682215614,4.909213242424971,4.779304031680537,9.262155338368423,8.090863891718739,+
0.3867916950468872,4.853711034477753,2.7901086444848064,5.053672333557794,4.491330188415916,-
1.455125846618569,5.20068292245505,4.4783128687467055,1.5885120451135115,3.5578349614084037,+
0.39738026513588154,4.537487164240341,0.8969255450244975,1.2126306622818566,1.3761952646881817,-
6.431422902024258,1.2727882749170116,2.3549504415306677,1.524205133696569,0.6092577985706926,+
0.24948646282617742,1.3875651115249912,2.2599752629403533,1.1529795291382816,0.387171840634289,-
8.40240695491446,6.922784369788458,9.438728655080546,1.4712670686308127,1.583494762656349,+
10.0,10.0,10.0,1.0622640731024178,0.49556361131734905,-
9.755285170281772,2.310789332677671,5.120493921102676,4.572051624131188,9.96902412021923,-
4.930265526954979,1.867955067811936,9.551548075314091,3.0013882202105435,6.316475896202853,+
1.004643751916513,0.4110087025810927,2.9687941189323164,4.402321075778256,0.3599944871743421,-
1.4475793694545511,0.5520280842524499,1.5330512286010645,7.244125519751332,0.025043836618647362,+
2.2775836183216667,5.15722658252394,2.6714418815781746,4.4453478914330855,4.6877890101536455,+
0.7361765475121173,0.8164077643307673,3.6230365949097796,1.032877107053062,3.909250332672285,-
0.2787892721637608,7.916809717852331,4.005780009957056,6.518584983329245,3.548661128937145,-
0.04039607756748805,5.549973806440318,1.5605759550000577,2.8558547908489214,4.532657994719926,+
3.5984070741490335,3.730682402951395,6.000760375289998,2.9921730192957083,4.978432595222405,+
7.027805641516224,4.23609168748737,7.091215763715665,4.184613529287418,8.416625757351941,-
1.5679522155113013,6.156776411555648,2.900309258500914,4.494425768042318,7.218656939029181,+
3.0530011945673667,6.007288183718655,2.2370996061840325,8.802957576087103,3.1265532116673804,-
2.4027084013091127,8.505168089663202,5.832658604497837,6.7415127188700446,5.946850503612917,+
2.688789479529296,4.936483185480073,10.0,7.719062917636272,10.0,-
8.070187909351489,0.9494823056035395,8.87609083115532,1.1811066680354643,5.651758303045279,-
0.5996415263364642,0.07956067823272367,0.34117776193153404,1.368509609079969,4.37605864682007,+
8.327091615759054,6.714888458253343,3.630677294642336,4.9263947036990965,2.222512530634239,-
4.186405201970118,3.0361307015031995,4.116124873838117,1.536964873146888,1.13154809496048,+
6.435841629729183,0.5284582941972338,1.6130774392996816,4.961063741170855,9.349072107147903,-
4.327817628613588,0.630632990002687,0.01875807072002029,4.7057473610328096,4.440942040495663,+
0.2902845745606242,1.5379306821945904,1.891674421949603,9.206318536710265,5.3109873236773755,+
0.4647892144697887,0.3815288041177271,1.0402062075564271,4.948985710621933,8.4813247229333,-
2.674118106045639,5.015462391099104,1.5401821840084529,1.4562787240869046,0.8928728049125656,+
2.1335469141055747,9.008551787826276,2.076759207659264,1.498033464754114,1.7509227425818488,-
0.8566548274314278,2.0516553819651695,7.944474564631745,6.006343560692082,0.7014020291898815,+
0.8895533298928301,0.19886174430696452,10.0,8.560240238993416,1.2610575599722265,-
0.5691068489467643,9.094989697138413,4.449575763119241,8.87878898707114,4.721639054945573,+
1.1258252633412353,9.21109862263106,3.8572087586652,10.0,6.920372153018009,-
4.997770155346767,6.331205842523339,6.779720109542868,9.661148251601636,6.443765167371551,+
7.57748197131229,7.126700761130842,8.224761176559749,10.0,10.0,-
4.369789415933885,1.954805898232851,9.977171136183957,0.34503002694383,5.696931530179001,-
3.1192280051881807,0.994281275741015,8.47653007148727,0.3104223490784628,6.790254776944568,+
3.8449442918505152,3.1719380121862017,0.6768800200111358,5.373399170966817,5.6862395516493125,+
5.621605116153704,2.5430196240549803,1.0871873388884774,1.111319522442968,4.437763219120058,-
7.913764752407623,8.164466527324265,3.460936265005079,5.653021586101348,0.35693169358907983,+
10.0,10.0,6.026875340596101,4.175315911162466,0.3727773476527579,-
0.7638703890143994,8.959593889367678,3.4176594272333993,6.593853823566114,2.718816794389922,+
1.3090829749837771,1.7714122825252119,5.452005047733158,7.191120839756828,2.3576823995317917,-
6.790503769726354,3.5186919827443077,5.365354754153502,5.762747085614754,4.58783745658896,+
8.037315088939076,5.796887727088559,9.458180102163064,10.0,5.013570349529125,-
9.92752808604047,6.851951587093294,1.651176406340129,3.197422972243784,9.407962848492481,+
10.0,8.052735598678582,0.5023450034707412,5.493953328505386,9.907558191419668,-
5.573515996891567,3.702776119182385,6.319244379610337,4.306174907043347,0.6029492999525676,+
3.915625581709266,3.6169284276303424,6.172637473281712,1.9953229121634974,0.2886792307471247,-
3.04315616152215,6.13757035134072,8.873297044853537,9.702894882910222,3.4592199634996446,+
2.3568351812627424,1.7692059504646793,10.0,10.0,4.484636044426387,-
2.7019668383486306,6.911486426043616,4.607595626300095,3.3853723801968094,8.09892448550874,-
5.335135651382597,8.517090271552055,6.780507084866111,5.621316812790237,10.0,+
4.778380965471553,0.22368968735358208,2.572495889903804,0.6568486851382638,9.25371538577165,-
5.481462489003715,0.09886744939570942,0.330238956011373,0.1815242275483359,7.12676143614858,+
6.467047118439688,0.7645283690459326,1.5753308907647068,0.9192854320425758,4.804090908097155,+
10.0,1.147006395671156,0.03510064311901479,1.3320915083716431,4.994420925422699,-
5.540653920061973,4.910520492383325,5.889429355597348,0.382785805020629,7.449754868190902,+
2.2486951000414863,9.034640634414714,1.529141035656623,0.719461319019181,6.457938067202007,-
5.856789293851533,7.460799161393057,6.606522601910159,0.016022641175711394,8.870447444960046,-
5.302139713633335,5.206916270499188,9.517288590139083,0.0013736953465340836,6.551198848181138,+
1.8727052792863408,6.601980386740685,4.609802115278133,0.4917567371547882,2.920687096764454,+
2.277106110934248,10.0,8.92474531005476,0.06839502988816426,3.8673727155156934,-
0.07674447065923351,9.074253804183085,7.816231680222689,5.092823121731305,1.543418541170235,+
0.13950321513233263,10.0,10.0,6.3610010105780725,1.4886304112428461,-
7.9333234680569635,4.980310140279133,1.8215602686867893,3.579752770268636,9.587360413295285,+
6.192792030667389,6.026208404578871,2.1589295363267613,6.594714719579472,10.0,-
8.902246563067099,2.100612565268797,7.622023579758891,4.590661654944931,0.50648703723571,+
1.4898355344655891,1.6649541618327097,0.09195149528948582,0.40542787316516077,0.4217548558664091,-
4.253168727891361,7.282018285712205,6.6016422547671025,7.081393661834076,4.305086692226246,+
4.642786162214924,10.0,8.53907098571389,10.0,6.473537472468433,-
1.290711784001597,4.255825038859165,3.095458834604401,1.294367247240128,8.206013726394747,-
0.14178964744262654,4.856506635826625,0.836999156726498,0.4052505120190113,1.0373837445624614,+
0.6069520466385359,4.944695183765202,6.0437069430132535,9.585922049013861,2.0848224445013464,-
0.7875950180242557,2.0496037433797865,10.0,7.045911490559824,2.921281656369207,+
8.293128139423601,4.446797010185807,8.16125719691106,9.069822206447224,8.833858088494912,-
10.0,6.028636537970548,10.0,10.0,10.0,+
1.9104379895851498,0.714536387923207,4.982893302372671,5.434925750417597,6.800220775636068,+
0.06797992172883251,0.10555074028118491,8.74044171647722,9.12268397592346,1.4906719937311554,-
6.425055599175539,7.04646190613195,1.5473242953195354,4.183156940034117,4.908125778077555,+
6.4794517146451485,4.231598405270598,1.091654815546744,1.7654511854474417,3.8779425742149134,-
2.820924940502038,4.8701755584612885,7.68236144330936,1.9672464472613638,8.885768365724221,+
4.566572571690787,2.609205435253289,10.0,1.2897040620773246,3.678476125745927,-
5.277807229172265,8.47631475913601,3.1033535072515708,3.1746151504804985,4.710170306229109,+
6.137394342986899,0.19939136093259896,4.555269798334417,2.8969404275938833,5.792176308903273,-
3.1190682257472613,1.57820960350737,3.254072318975205,5.0308170732885,2.007707939725912,+
4.521073006042936,0.05426807186362528,3.195895592452825,4.430880673736522,3.9566113341339246,-
0.623771724805946,4.170455899090387,6.42342957888514,6.240231198404507,0.9978422822502542,+
0.5233761777080319,2.653887273710847,8.867631294321052,1.8005508517712503,1.4694104360192357,-
0.1759884040048043,6.876377933803227,9.080046816474173,5.459873690019701,4.405204184000848,+
0.3395255490501673,8.501938286822474,7.376173717322058,3.7559056945094764,3.295690175657642,-
2.7970829059553646,0.794904955233815,8.995172064740842,7.622862851893197,9.328101144397147,+
4.878037130705952,0.010440225990385757,10.0,2.5923866532837394,5.637915311491136,-
1.1498671077831957,6.067059829831566,6.9198113631227,2.8831136991229545,3.7655510941260486,-
1.8088385713300164,8.791868973103535,9.79708589888007,2.984147965650473,4.651863836184785,+
8.005021729516109,3.4011181720720494,3.072175470221725,1.085656665657072,9.995121327828592,+
4.550671248498713,0.8044194110476514,2.338057850132031,0.616363740194362,6.924398998030605,-
2.357950441955704,4.6756932045791935,6.394767415637407,5.786736494966708,1.4241943692939374,-
1.7987632790510732,5.600389632313739,1.7748712657243844,4.763878865081784,1.1838196952511453,+
3.939782855154046,2.334448821959345,5.456972883955151,0.605644365401905,2.663510674655382,+
2.410518522167729,0.7863281221314291,2.8165034846552985,0.6596098126390539,1.8872568807099543,-
2.678570538993651,4.175054914265032,2.6536174695517145,9.51128153215872,6.601509022906972,+
0.46875886109438575,1.4492338169253838,4.603515816460782,10.0,4.911662989290198,-
6.2438923401910875,5.899068200968658,9.820468181064983,2.0959266069666027,1.4936045269370768,-
10.0,7.941571105464236,1.7286957452745262,2.7431704961236494,0.10797334849711357,+
7.961740176151521,1.708471351228128,9.953637092372073,1.1984741495070017,8.66693637488871,+
0.0962793775713455,0.7711837302597182,7.748934304446373,1.044491690272416,2.1924402453721767,-
2.6110913731000673,5.7697500737158025,4.909145979425567,2.3993086057718314,2.957329616346387,+
2.1371901963233366,8.779268752515975,0.19114494326049838,4.367853024456126,3.519200174837989,-
5.166583104288108,3.6224236414843745,1.0821331129447498,0.6893399141598766,2.624450906244621,+
9.73164240103165,6.704707303533123,2.109083783093999,0.6556227655608634,3.9121833662570444,-
1.039547023049724,8.428286123551471,9.5360321997757,4.974136708091843,2.574179476195507,-
0.6696722059103305,3.987400236769832,10.0,3.737918138252967,1.5873681239494082,+
7.3747564673175106,4.256311086083824,9.651255685071522,8.517749793576172,8.83935520827606,+
10.0,4.037309676024402,4.139963820656162,5.642291072520978,10.0,-
6.4192733401327615,6.351113370148848,1.2037078535257673,7.244192258150469,8.123996460663548,+
3.24961860437467,1.7546579117558994,0.8137897128048622,3.5699140545744696,4.52760731383998,-
4.685536785063919,9.658960947262296,2.687858532179488,2.278288251538354,5.163714098984494,+
8.779962029181396,10.0,2.4833496804733155,2.923845116940056,6.544131541660709,-
7.6901513514722994,4.3778976154855105,7.970580802806206,1.107781077942388,6.356447893604418,+
4.800553720894263,8.189053546086171,6.403229933160924,1.8454803831078435,4.154850635725215,-
7.498205561873878,4.695685674861395,4.1870111387511315,9.968546635544136,5.481369747752158,+
7.16581278690024,4.520253322194096,3.2879720070203864,3.2492915979617187,1.752058084068794,-
2.4452554365762014,3.8609109824679155,4.3678076958762215,8.57878658129483,8.684539823442895,+
3.791236196253721,2.373077845848804,0.969815081342486,0.4385907708983366,10.0,-
7.835873147555369,2.4181519213357205,7.917970743199833,9.912281749472404,4.191126287898638,+
9.761428952450048,0.11720677107701183,10.0,10.0,4.879065434681793,-
2.618756256718874,4.6072099735498355,3.9472269468644727,0.010709027754547407,1.7441863707861915,+
1.6302543024920335,2.1866199187293356,2.3374120859792584,0.010117519009555239,0.3791877600403706,-
7.03839984823432,7.926403462157397,2.451973558624967,2.8350216163019812,6.770011488987453,+
10.0,10.0,4.55149128279232,4.633275662731539,10.0,-
3.779124340221851,7.0575951880252505,2.1130213620427254,5.267902405223829,2.076745189468303,+
4.104100289589978,1.1653579924169357,1.0235708093627913,7.517314397204021,0.9561322212267647,-
8.576019170280047,5.99044030349368,3.503071054085386,9.850001919971286,1.8951581385468796,-
5.343500258510965,3.977951337248114,5.774184418731361,2.5222964593710557,0.6768076712216994,+
0.47585662058868383,1.2368486381279309,9.727230466201839,0.6959816788137752,4.973192924597508,+
0.2597554747657132,0.45672784638385416,4.368558611852467,0.10578446389141485,4.052002484629588,-
6.387313279849196,2.4576245177312273,3.492381088792489,6.858567316527498,7.154484519374449,+
10.0,4.478685022084827,3.0521060672226814,8.396039128955993,8.685581396635945,-
1.7094061216118284,9.2704594532071,4.684082984077006,3.432701720147948,7.163928698099081,+
0.7034857280956253,4.108448204422243,3.6793777996062422,5.820497334147027,8.800031161128219,-
6.305389766947766,6.874704435033059,5.415066295222246,8.650093986435005,8.186939875543201,+
5.36920367164206,3.680919458281965,1.212602193756461,5.932474739046781,1.738308017358707,-
3.841068832223211,9.07158803930657,1.0468316047592063,3.76766342852191,1.8662522135232795,+
7.15117685015274,10.0,0.5335538385996305,2.740664629547917,1.4598929568551438,-
3.347603079764939,0.44958023338779185,3.017102782856451,6.4003642828964935,3.0971466068392814,+
0.6288789068879982,0.34720112262474034,0.2104731060432922,8.306342184763576E-4,0.758620269220198,-
2.3858742425591406,7.358818800868007,0.1438446295574547,4.518071908807789,0.1742403677016202,-
2.249870998881566,1.8335752517166284,0.16489600564872228,6.2611471843939634,0.3116194867807816,+
4.591667107806018,0.15491032864811016,7.663005585673803,0.7910130716689034,7.80236258118323,+
5.819753480249268,0.10215036049115077,2.9835649560800634,0.3725798969633552,10.0,-
1.703607663899257,0.6103063404795883,5.343277245031209,4.93409461873043,3.2238289839468024,+
3.2964671874040654,1.1717777841009251,10.0,5.123490430143669,6.3418751657510155,-
5.250536162229698,1.6064782131123645,8.680070389360822,6.257040403506549,8.491211391602288,+
5.392002016701943,2.442937818298351,10.0,2.012247600931055,10.0,-
7.194090725844995,5.3447141840969,6.531626755453787,8.310162186433544,7.312015259702954,-
7.678553854712042,9.841781381329287,8.903698737224548,9.580177026930448,10.0,+
8.926105294567078,2.7543083353402342,4.232810008751321,3.8414541003337,0.007708735164163594,+
7.261420827428656,0.6032542738290586,0.2878126563696522,1.401667922361425,0.004403771604600996,-
8.650567897618172,9.69033868597344,3.455111840753754,7.634774388002171,7.769367806220746,+
10.0,10.0,5.230562215119862,10.0,2.0510322120624167,-
5.238869289256048,9.770786676393467,9.081012738710315,6.676479360209168,1.7007529486210293,+
2.9441766736533834,2.8450418824198156,1.7920871090086183,9.875741702517722,3.282742503503128,-
8.901334837267093,4.987615791428532,5.4952021833365015,3.9278009201177353,1.8229439524390367,+
10.0,0.8918938075042991,10.0,7.3635892557016875,2.4825105761379564,-
0.8876060439667377,2.8944877566612925,8.292089536759772,2.8907254747908318,1.310213911344258,+
1.7736255137659724,4.4619607422616525,10.0,5.337888078566685,0.006755567256987794,-
7.351693238930742,7.676402713825503,9.913314777429036,6.270409486912422,8.97812677736651,-
1.8441571130533727,3.4498467399932653,9.364887305564677,2.5932163515651996,10.0,+
7.472177248578047,7.810064704844812,6.10068927731105,2.378444088643504,2.4487749676807824,-
3.963315572564756,7.068635990097324,9.14441742637303,0.1639465113798084,0.8797577995422816,+
8.804287208483474,5.2331798504065,6.636120657874841,8.345619935206061,1.2910568381758714,-
10.0,10.0,7.051517593307624,10.0,2.0626304058298843,+
4.3986978974632285,1.8294000691557133,9.7635705734034,7.184542329699045,8.38676428838135,-
1.574865622782521,2.3487181171142684,7.206578870397486,6.659585931587496,4.284059856562991,+
1.7676454183770485,3.0579878249410344,8.683684400574855,5.9496459918030755,8.235052168372603,+
2.5824303348229516,4.524979880452556,10.0,2.215657391155715,4.994907366116519,-
6.03004136652549,7.596689376926339,3.835806434812754,4.038367369437913,2.1655902426613984,+
5.982315126982262,3.7079445134815376,3.1670211069899694,1.0963943526033928,0.7852654964959872,-
4.504367876208118,9.663616585867551,5.548671875728229,4.225374474173238,0.6650430759799253,-
3.477190627384109,10.0,4.719524329527609,4.893269684577329,0.9503508404639495,+
9.484130581667825,0.3753840700317712,2.4851365361436075,8.635485174760756,1.156208592264738,+
0.5752886397753012,0.367224109858591,2.515844248512985,6.386079893730618,1.318029213755415,-
7.583408690556107,7.889377340074448,1.923324988646844,7.716690241222059,6.489435056674609,+
2.3790950403650366,7.264945852457473,2.7427810228046616,3.8414260268439357,10.0,-
8.507652388122555,1.6309920383533816,5.112466041384632,9.854378722761052,6.42235333356205,+
4.838592914668025,1.1058872844083296,4.537088467510839,9.316295800121521,3.575721939996307,-
4.327737184342919,5.1136278760250296,7.720182934409333,9.2483633933441,4.522164842248745,+
6.133992135775934,9.407863495073219,10.0,10.0,0.7669787504473714,-
9.802529236097117,9.54353875506428,6.002595110744306,4.90965066291545,8.16306597133175,-
10.0,9.633694662264446,9.52917759334877,6.197294244442936,10.0,+
5.2106678179006085,5.661685429627798,2.4678179912082907,1.9836858535404511,6.52694154578146,+
8.702335213127878,0.1352207555935963,0.47196932919225665,3.9002845335062233,0.5984848608620122,-
6.591755430837923,6.105505074682627,2.026676990359059,7.263789877594032,3.46742898914038,-
8.024159966075766,4.372389682154208,0.6235947364832671,2.3045776237683038,3.3974109650085875,+
0.667506288007792,8.845354484690908,1.6748404284579343,5.670373659952607,2.8218299791463064,+
0.1011524196460854,4.363551256468502,1.5706449864358394,4.844880986194993,0.550198881240565,-
9.863415033169897,3.8235590856838653,2.8041754897349236,5.385405389541743,9.302947965336724,+
8.667759965326779,2.5488625848704913,1.6251456412317424,3.7026486090470945,2.895954444063529,-
1.8679828257348363,2.991950141064007,8.423581621305923,7.731459361683314,9.508172654577653,+
0.03423979084392526,0.618949715135241,8.007668537932176,1.673146411908849,1.127025969133193,-
3.425719236864926,8.469901388544951,5.958986174145352,1.849366569498705,2.9235623180055024,+
6.78827197757953,10.0,0.3710276143535073,1.9101299317333345,4.5521931134510405,-
2.0785985143543604,8.068946795357562,4.070297127478126,0.6883813915241799,5.252179910338568,-
2.391106355013577,6.475721023785137,7.735707699020249,0.4926781569260431,9.992077071987037,+
9.203249774437202,9.40628833978462,4.415239291590575,5.93755485352462,1.9922056640139685,-
10.0,4.126412613652201,8.123628205750984,10.0,1.463732660232712,+
7.134833876344981,2.539583458842547,6.0713429893789295,1.487317439337077,3.3398982034725844,-
8.537147356857403,3.976534470163016,10.0,2.799365813820815,6.4043944872064715,+
7.41613248742118,6.313245795311938,7.362474836458153,5.147703676998616,4.643849935489816,+
9.745822784945853,7.501627562844793,10.0,6.2743160034397505,3.2339284504259562,-
1.7822527202802618,3.112771772368089,9.380686532664612,3.438873974706734,7.1323337564985,+
2.4566504756769953,2.047809501852231,8.003777455068667,6.832226789267557,2.3879489960485722,-
4.705570960070436,1.7002250628084348,6.5482502671463685,1.8994456724158648,2.0995259714281147,-
7.05543759362923,0.7438864893172253,1.9676377787156967,1.7154996602692885,1.5203119491708232,+
8.081481947780114,9.815055892713628,8.999171915145116,9.515423454746625,5.42084386085905,-
3.169609421182357,0.2746207479543763,5.6039138240479645,10.0,0.47616386764664076,+
3.376559652875745,4.0329831815423365,8.320066982861965,2.730518314871987,0.827623007435303,-
6.085072782538356,5.352527026479948,10.0,2.8459391508816125,1.2868181337945517,+
5.380663367359894,2.0583598114654897,5.685374571393245,3.0213482090853216,0.8642719034711421,-
9.848066886165023,3.3541073485955937,7.321564896838169,5.19558122863247,1.1510857023169068,+
9.759375132698283,8.028620156952298,3.4733925023307166,2.1102439822329897,8.463643968679555,-
7.408747920947266,9.753662917101302,1.4913467453077132,3.562589894213725,10.0,+
7.125612180346944,8.662646643114337,2.0397474795936565,1.8493465980046486,7.2910420323864145,+
7.486110051154056,2.2184468180084025,2.3976954394892793,1.7865886149533705,1.1200853672731264,-
2.476613896286178,1.2496795750134315,2.396082303802004,3.7276832412211505,2.7706801132124137,+
4.439569771407677,1.6996243725484883,1.0311715210414605,3.693350064121572,0.673228512275136,-
4.928454306945893,4.615115614737068,8.323476692591745,4.850897426004472,4.419830609576053,+
3.5567074958731677,0.46685363251370254,2.4148304487326944,3.8211682761015555,2.8037484450931154,-
2.0719866898493766,3.6672980867327345,1.7314204897858776,9.930446895024371,9.041194362236237,+
2.644391273093768,5.2830610716157835,2.0781670067404305,10.0,1.5475139528254191,-
9.613187532256148,5.595627393028714,4.953601001636856,5.967201442400979,0.6000649364947019,+
9.463955803345447,9.308494835013109,1.4863414705178737,0.32213497821279075,0.9552026283709351,-
9.066331202915656,4.143328560010851,3.9635385233526454,7.866982539924097,4.040550800939407,-
8.440333830780354,2.1762258248106705,0.7158893310692844,2.664897368036585,7.80140756045999,+
8.05366833989238,4.744617317674528,3.605637662694978,6.510242602665866,9.937235576372647,+
2.1287627406904837,1.3027355993250338,2.016393319282496,2.1868800603880736,7.007447307708707,-
7.895410761693476,2.057721357912391,4.469330095293977,0.25575984015923425,7.5352161108789115,-
4.886154428634066,0.9502149452238974,0.19761479269549714,0.3045500986906247,5.810644954462594,+
9.051624971913018,6.748124992213191,7.018290167787807,1.839000859769897,8.755772400777653,+
3.986189797348116,9.76138849046585,4.777328650444539,1.725651602875155,10.0,-
4.471782118034021,5.3685658964561,0.19709333800954187,2.0955329074732463,5.962797088110437,+
0.03015788651796286,0.48392063305146465,0.014342129673530964,3.895058486111092,10.0,-
1.311359212361648,7.473612064524753,6.725022993493857,9.17236504987251,8.652290879280072,-
1.412957782051834,10.0,10.0,10.0,10.0,+
2.7476827814003224,9.839751071590198,0.6769640984754266,9.133358007917346,9.167780062988097,-
0.5388000661812746,10.0,0.5269463970281509,8.672711555041387,4.99989647847597,+
8.459472428652777,5.117834185704648,1.2335228763774353,7.678110277317237,6.999772545396137,+
4.695592736850244,1.6980754146555892,1.128125295167851,3.5756629568803366,0.9507197530421072,-
1.9936763926992795,0.6297808462159504,3.7548934604358895,1.3525644662975067,4.817719337427297,-
0.26198924299566206,0.7718182706563065,5.664173516351349,0.4771623299237686,7.072256350473307,+
3.502967170819474,5.232196960998357,9.693820981873689,3.336151056878389,1.1603688760197017,-
1.339049856595622,1.1003452738529984,1.008455087751202,5.279540695752252,0.8757965044012995,+
0.3838792079497355,7.532827183416126,7.577890702707274,9.455144980120043,0.6277551159197037,+
0.3409402745283168,6.4346760279230795,6.908363164781355,4.717012870628582,0.20977621672308672,-
1.336549355416189,0.4235399274691465,2.8126384005338823,8.967385102948894,1.8502896242148759,+
2.260928416355811,0.23492765728043202,1.1018876958881154,10.0,1.6954610561327086,-
0.6035276088792296,3.572567561522799,0.5314587920597846,2.784066606895854,5.168846406435358,-
0.97765520908029,0.4640550538969982,0.5894509533146812,1.8392172747626225,7.744370358505312,+
5.611357752360911,1.7469776721210961,5.270048149699735,3.8868166163892512,8.305853346428426,+
5.260570081010983,1.5805245065433684,7.870159432426988,2.5041291534494,8.651332442623882,-
6.6905343899438705,5.307204272631205,8.621639930479963,3.7132359185164643,2.064443697634799,-
4.23975858204634,8.12142289123723,6.942009814295761,1.6419407370332377,0.08123314866753789,+
4.043084620718163,8.001387023309292,9.047222589922159,5.674194768439116,8.394331300291102,-
7.4539458780881835,10.0,10.0,8.731143136132099,10.0,+
8.890338736521649,9.681119874656961,0.29953137246954253,3.856206370213541,4.518564278768516,+
9.371715517695678,10.0,0.3658590697133426,6.198132157745753,8.976686070026572,-
4.6520813280374,8.75076512813232,6.70136886163959,4.4045950739528426,5.775985857813825,-
5.588987885082685,10.0,1.7740498248863306,3.191065401222906,9.644740534375138,+
4.4638119107684515,6.901604868924802,3.3916208881926426,2.2220994745798084,5.284805708531647,-
8.597567386537168,9.64789606680491,6.666093979552117,0.41628683888426476,3.3835068876929264,+
2.366189774485994,6.896922314847023,3.24684733321402,5.728649755150121,8.730044937458667,-
4.725605239312152,10.0,6.426406804533578,10.0,8.971222708673269,+
4.717071152736184,4.316927947208758,3.9522304704730438,0.038860029471949886,2.1973275368265623,-
8.034664884437541,7.522322035781258,7.876989379943673,0.053984395392588216,3.0207164971189293,+
3.3547172590368577,5.189237480578147,5.00214529818782,5.7893999143138135,2.9604496819881696,+
0.620051590166152,0.5841894964357759,2.728174647089534,9.399123324922567,4.062393518594411,-
8.674603406216328,8.58821264785096,7.081424713967934,5.77176140715725,5.705250456732626,+
10.0,10.0,6.708962518008605,4.423085644851038,1.516838630741694,-
1.4730983907457373,8.170684001941181,1.1649641147665168,5.777998060272708,8.633262114236112,+
0.27819942534529823,7.135688817470724,0.8665006388316124,3.5527628163627334,1.8368250281518064,-
7.2949706786119695,9.043442157801389,5.392140243964264,2.327230714408146,6.72545259337679,+
3.8830258464808534,3.7551398837841243,5.344504077909019,3.8815788446801243,10.0,-
8.881189576134181,1.5111667930972228,2.5180777024761802,2.6215085809654126,9.230141813244348,+
10.0,0.12364995648482843,3.241174684811472,4.988098890445597,10.0,-
8.857217193045416,0.3833741987700212,7.890028770113243,6.836154599601171,6.755591480815716,-
10.0,0.5915630467791865,6.188851041326232,5.797094408909559,10.0,+
2.9332659550711506,0.29407853512047,3.6025897642871243,6.734059037606903,2.2919300542890655,-
5.025542242939153,0.5135438979968808,3.6518264196575023,6.920362050480765,3.5971653894437248,+
0.9800199622163608,6.788613688766846,9.114520453720822,4.61023346215215,6.742976207716161,+
1.0630274798373887,6.070610324314294,10.0,7.678997834689347,10.0,-
5.238105950282926,7.448118741070333,6.2701089835573605,4.420978796699815,9.793792778243679,+
10.0,10.0,6.4747493527988595,6.600124515218664,10.0,-
4.496806635619518,9.465961578556891,5.759937839384552,4.794504327030296,6.954362438286426,-
3.2655560698024066,8.680923490868949,2.6049416699327352,7.844812276073709,6.378592231186275,+
0.045753421759491264,3.8353012138818543,5.365118039452673,7.826932883576755,6.618243285303615,-
0.04451968051899804,4.656737307324674,4.400014966814637,3.7733792987991515,1.532891691491072,+
8.060286861181812,5.6721838592676335,8.248705517576235,6.307491636112043,4.540159958841668,+
9.717289479781432,6.802408317536043,0.8013934099104447,2.8561467170834067,1.5972952901160367,-
5.76067525606549,6.743660728320945,7.1033553566477785,3.7777186665081306,3.4079079425895262,-
0.33768765846882065,4.9604244898494265,4.622343686735997,6.156359723628406,3.393466517830131,+
9.118117539731818,8.639151401331247,1.3416034754362272,9.476740444978786,2.2085508246509535,-
10.0,10.0,1.446173790845859,10.0,2.8869895511318395,+
4.242322745205172,3.0709445097653987,4.0337619895505075,3.1677370231718207,9.978729067367304,-
0.6690315773625956,3.085300467158811,2.0606679265899452,4.503919996575835,10.0,+
4.410488019197612,3.4414117711606975,0.7867253668406626,6.980434828849606,2.056199485994875,-
0.11248936053553939,6.871082814237557,1.4427526916723201,10.0,1.8234906418766297,+
6.546037355638007,3.0317328077719594,2.0823219792845538,9.392509511213996,4.48795629823379,+
8.464322118946054,0.5616054201067182,1.6333443678034463,10.0,2.222095315471861,-
5.696422224516697,5.280395284842571,1.4566360972378023,3.367289980641347,1.9072934936799335,+
9.976722971548128,6.278795656922394,2.049582506638851,3.9457678915801866,0.2683241664345458,-
6.064568068164306,4.934289382896394,3.904035457721796,2.796137577031378,9.303178231119531,-
10.0,6.83572340960619,5.97285939263577,0.21969809661170456,5.032778935296079,+
7.204365401789601,9.640081523132542,5.6775078625982855,5.000360659744052,9.434023431812111,+
10.0,2.406618298438668,9.892369974239736,6.29094950841855,3.5615938123905875,-
9.238104239339494,8.12722229351689,0.3923584871912189,9.346993604303979,0.44784638860338344,+
10.0,1.5032434898530047,0.4210483480198565,10.0,0.7431322948007736,-
7.669165548237157,6.36294928266011,0.808344559705414,0.10738506871620368,4.4616710572534535,+
10.0,10.0,0.15205263249992076,0.031012804764575026,0.9288452483483977,-
9.057144939512362,3.1986294645372704,0.1748828261841373,0.7400927299578586,1.8916926910544518,+
0.09902286272842963,3.4992385528185586,0.1806389261746536,0.5461887153427055,1.093836677414505,-
1.7000572987281004,8.314463945384503,2.0695632659485796,6.907133908330603,7.620891232364872,+
0.686429170421147,1.711207045922761,1.3119026881896854,3.5897975047620934,1.0264982133486784,-
5.154750758854524,2.6422965358423376,0.864141125103689,1.821720716429347,1.9014168396735998,+
6.913156982666435,5.108086608269113,1.199906866202518,2.0122796606067994,0.8093233054285286,-
7.375883767698495,1.5177739902388465,7.784412047119703,6.9541328132802525,3.5384884410567685,+
5.032915356498823,0.02118525033336054,3.553121138738731,1.4916204040633225,0.7377633136888735,-
7.206465300856097,0.3715698896533326,9.196650637646634,7.151651036231225,2.1758542224382307,+
1.551920130171985,0.22991924687723445,1.4284141314839627,3.7972613314898855,0.7018591605358544,-
7.2199556124849,7.9596700080921785,2.1206101538817403,5.172553922251653,4.682817403414907,+
10.0,7.586397423166884,0.2861305372098516,9.229190140754863,2.7577952045858116,-
1.9139320687501216,2.132720279363948,1.9690862242163765,0.6341773421588115,0.6428206696302841,+
1.741333171921419,2.7159043432515166,0.9610869537257055,1.2269064230738378,1.1329168482525604,-
9.802859475099693,8.46726897409883,7.2792335707996685,7.9491150142202835,8.575576201160086,+
10.0,2.1049276386819766,1.1828496975953777,6.404127574280001,10.0,-
3.64183533332199,5.735401622224433,8.745981365938487,3.4182964802872995,4.955802464050771,+
0.18242582680709943,1.1016008331291853,7.669346598313985,2.9161900670918195,3.782256765218118,-
6.880368468899668,9.009994082174355,1.6432225317303695,8.099334602758798,3.6387917608440756,+
5.959777437957719,1.8382428329648846,1.2775114938966927,3.3274697509489983,1.8630898818541144,-
6.828674106526296,9.30509523431451,2.401858472350601,0.4743356236375895,3.3389798334676835,-
2.482088016919943,6.450926904209449,2.6838705305033277,0.11530605480202143,0.27636661684104724,+
8.561888671340824,4.691110401359887,7.390260037616824,6.781510597788317,5.337223471876596,+
8.140755583741923,4.023700686723637,4.8421854223843495,2.488767213894338,0.05531338807433487,-
3.134044457088323,8.631644890948412,3.4035609155386326,5.7774214776157,1.3821000021287322,+
6.023876543928457,10.0,5.712489633337285,8.384327738994326,0.27598709410290795,-
1.5904165176293883,8.951622595125677,2.0735833724010746,5.167788540223133,6.7063093059839,+
0.565343449060718,3.1228195813254955,0.41080625932223125,8.342549650812884,10.0,-
7.2125716687387955,7.749238421188323,0.18196564589765818,8.52625852196022,9.681660894482494,+
3.2115281921359884,10.0,0.057280887303497674,1.505375436475406,9.979890287214381,-
4.255913618557007,5.759926747829915,5.870954802842409,7.153187968508307,3.8361596014096513,+
5.134269736665336,0.7539534423536709,1.1671462721229726,0.27982934979537777,7.586986494655949,-
1.9294811395077105,7.622781234577182,9.903479034782965,4.380147605714856,5.847475071273728,-
1.9264723408402922,5.296535232332378,2.377640913712349,0.1639085461416466,9.177457041934622,+
9.847643785616967,9.035230387063844,7.107516951297727,9.360343391553702,5.27592181054387,+
10.0,0.20349165427428872,10.0,10.0,5.953871683909958,-
1.63203969196683,9.371757891071145,3.432344601400276,9.757976503011726,8.592709119235904,-
2.4034396305999617,10.0,6.595928364690726,10.0,10.0,+
7.684455066543329,6.728300350385565,9.062999007806932,4.94982066167582,9.033079616888267,+
4.141241973704573,5.814549390340993,2.4191301392223794,4.673683279704661,7.782994634969913,-
2.4393723224054398,0.6410213771289153,7.505925994899922,6.356160854554754,2.6251923368360206,+
0.6837299156869884,1.1506354986404381,5.376732436278048,1.1528316482073486,4.03074067987712,-
9.592018902162646,3.098225871551038,0.8301533597837263,3.0450204219519406,3.2254102812259253,+
10.0,2.775697383196939,1.1841441532947488,5.987103955120258,4.886681244034454,-
6.6494682073747216,8.966360903778249,1.2619412672412533,7.970975933874495,2.336031584135243,+
2.7107644946106397,1.0721215034539326,0.25924823615837833,0.26464615476111264,0.4383704147153683,-
8.745196252002696,1.1967832754744145,4.145095020599553,4.282392493162285,5.986620863701837,+
10.0,0.15070346527822673,5.708929003402397,1.7105989008469953,3.8487982399303484,-
7.780011455679374,9.964248741086404,2.0965426829933564,9.357374733515066,4.607360664403436,+
10.0,8.887953780746026,4.090971853086202,10.0,4.372984108369886,-
0.057450780764477516,9.728438668013494,8.786217590316408,4.867469674588688,5.210114552944926,+
0.060866015994665096,2.2973932675048183,10.0,8.885062688963654,10.0,-
9.339254946535235,0.48576492662548154,3.0407728006751467,8.553561194586512,6.4966122175538015,+
4.407479294286728,0.033660677805642206,2.942470285073314,6.685324532117343,1.2534025130839759,-
9.566944744946527,5.738046119221801,6.79259584232714,3.8499468477840635,2.3490582898789505,-
6.132933748725854,2.158835732224188,10.0,6.847408730028367,2.984185006456138,+
1.2378698702306312,5.817014404039415,8.877938992233101,8.657658562392845,0.6565160039891993,+
0.12989635913278635,4.235995592377718,5.158420691619534,1.1703476950410243,0.3041440762982372,-
5.135903347111891,3.379738016320312,5.318816954025617,0.24910496232095958,7.24297546646031,+
4.066239518462592,1.6772144410104293,8.077965490313094,0.12333320114962794,7.442298301514075,-
2.8138175293668555,8.66681123869231,2.2040767638440704,6.780004450588991,1.5748656148480678,+
2.31601157559015,0.5480103842615722,1.365227320222661,9.456765699269006,3.004750092483615,-
2.563744015360121,7.024007644305352,7.831572683137187,3.965615900717747,0.24682228659192007,+
4.705512397656462,8.858311779777397,10.0,3.4240872898564803,0.4709465820626816,-
3.8229315551696352,2.641631491399309,0.5649843287802081,3.2176497736398844,6.87773396481298,+
4.884143348801937,4.725192051627912,0.19392987374536977,4.743086251777464,10.0,-
5.030496715514565,6.682263823180257,0.06458973642324839,6.153851021133422,8.668663475249431,+
1.859233856071317,0.3351786058832212,0.06479445670467121,4.5279594241634715,2.1141641945367806,-
9.864897300386717,6.0382280168016775,8.153526032838393,1.27623781432879,9.565499016709737,+
10.0,1.437338140936753,3.7533586830875056,0.1356215303000515,9.617591906162122,-
4.147677159935084,2.4228056051531768,5.45322147955737,0.5050408554491559,2.4534928351622556,+
5.893510208520821,2.563830102115687,9.085523860390927,0.47326500200981164,3.49673043724494,-
8.969889741013583,0.7208585487130126,0.5043582400089008,6.897353559424227,5.373937706907186,+
0.15373325863537904,1.1463336564147413,0.8639859115509252,2.893487316170974,0.20256256322126778,-
4.036388943550648,8.093508384369304,0.09150441128542242,6.527367864611283,7.172428773456351,-
4.153955104114825,10.0,0.13839393216346685,10.0,9.434217582745736,+
3.778430008467822,0.32999814626522683,6.9004791205214,4.334531083241915,3.878713569338128,+
4.606723698676429,0.5431381968622043,10.0,6.758302446802989,1.3223791031150813,-
2.5442057575804133,2.520261502462092,4.639165277881041,8.31930498629485,5.462610754893299,-
4.442828296452807,4.109783290822536,5.869520099437272,10.0,10.0,+
6.258638790796511,8.225707632458523,3.542553190577565,4.93555294032371,2.6358609402771704,+
0.06832810959122629,10.0,5.665183626839647,9.295064593038612,3.5088214191046534,-
4.303399437512442,9.809647177344745,8.014736359314298,4.657749043540997,6.957008084677513,+
0.09667188116715836,4.6645684341355125,4.655644373919458,3.920610225656533,9.970070749929649,-
6.403680860508453,8.118501208788997,1.8162851137165648,0.28846888212758937,5.367786642953011,+
7.5565811642232354,10.0,2.906605214400724,0.44985458856402877,7.0508827549188755,-
0.07652312644459869,8.262970448626596,1.6257945644353133,0.47448858803408767,5.707026551566431,+
0.07572206626778286,6.012615071781278,2.9861303606300695,0.3085218668879619,8.121654879733768,-
4.932649016927621,9.795942070905966,5.103667284398004,1.8025331259935362,3.2323065635827577,-
1.3329851586514696,0.6051428134278063,5.8987935962994085,0.1610978989161655,2.2829699251197497,+
4.979794449387427,0.14300111791377468,4.439120937317,4.590580851532967,7.432535929764371,+
5.365171239285429,0.1578229020709615,2.2058481642608245,1.560331345410025,5.793208197008379,-
1.95504350369739,6.092636519176997,6.88399637312944,6.580819806645247,2.4397069936127638,-
2.556724584045042,10.0,9.77492635410394,10.0,3.8972888368659255,+
0.18553934578037667,6.673300005832646,2.4662972884327017,1.121050414221113,2.2759603681535134,+
0.12350583199106395,10.0,4.08576239724738,0.8968973563126366,1.6952214803221548,-
1.3178629937041564,4.130402344987979,7.801826460383758,8.136493200491964,7.344707919220862,-
0.749073553751278,8.259232309368997,2.920297523031945,5.098692909278994,6.649972586535173,+
1.7717925507784271,7.03988426363999,8.703770032671956,2.0692106797091894,6.612837757870787,-
1.8267233409123274,10.0,10.0,3.9890250167054258,10.0,+
6.892131155251608,8.48408739711123,5.495353142952858,5.989764148308464,0.9822112139712547,+
3.5311212695973335,2.7911602288470307,4.738958118825784,2.130955747648955,0.4943011439930364,-
8.679916054165815,9.178587804461136,3.5564053194096603,9.579712425014309,5.18816789589075,+
0.5869815406112929,10.0,7.08780066127621,10.0,5.748121542216586,-
6.272451485712401,3.057942783921691,4.858072234954571,2.1637227813799753,7.993419639190316,+
2.534051678843653,4.685472799962465,7.025175259681959,2.8603684603115567,8.902650153770557,-
2.576744872594751,5.036656946227113,5.732041924797393,1.240539117294337,5.490934580929325,-
4.545820443454709,6.856383217204912,8.594554428069838,0.5663302660142522,0.06649670584088353,+
2.9823441150311347,7.745799539455863,4.748279199391789,8.778865405907066,9.106893032261103,-
3.553080479458544,0.1760373919265843,4.610058086569307,5.13623650664145,3.2169399811449977,+
5.299056234449462,7.1267816667438835,4.007889281760849,9.802338998732111,1.2408283010457355,-
9.352554966504249,10.0,4.302727188276892,10.0,1.432365672225414,+
1.211580057068905,7.183152726734195,6.935124493590736,7.942362824939798,5.652370569885795,-
1.9964046780747857,8.862291708868392,10.0,10.0,7.207695782915594,+
8.173040101162254,1.65335769021129,3.6074563499292123,1.5754109560208285,0.9245380468550313,+
2.9946532001200636,0.237691318429581,1.4823885449865257,0.2925559463384419,0.004065528035673993,-
1.7434310509185202,2.9639191171411037,3.392040409553372,9.788903177503451,3.680520823586048,-
0.9240711195559359,3.8927734376621363,2.524752999007393,8.18080429072915,0.49643669788367767,+
1.1455008490149154,9.14189229690281,9.779065970907542,0.36825822090566285,5.373979299142107,+
1.4085785772599964,10.0,8.528588674794307,0.4217675783238717,8.58030562390067,-
7.190292454665589,9.621761555186572,1.3452959465921566,4.6376071370160465,3.43550569393531,+
3.71931147013184,0.17963934917123958,0.1280857287129982,4.121419642082711,3.1688478969564104,-
9.622829440919944,2.4462315103309775,5.408506023961202,7.067347240226919,5.124750295101474,-
8.531413448589072,3.408700754855145,6.6352397694162715,10.0,3.653244581811995,+
6.227666839742335,3.9055451788342044,8.161019147435542,5.99580788412595,1.7458274750649527,+
0.6663003138158511,0.0995913724473752,2.495301680055041,5.176270833028399,1.420891677843056,-
0.11988550705961387,9.533524791348261,5.438926371747873,6.333346644197006,5.785142798672725,-
0.12207162706038356,3.4238703354380333,7.476739891352701,6.778512789031647,5.284827735093125,+
2.840600616564277,5.964432366906973,2.4253866428869864,2.2951384859733737,5.443139453877912,+
3.253666407213193,0.4171512263791235,4.293441239524669,4.183553656778118,6.597140152977795,-
7.715115481545423,5.240485638451352,3.3925403252134947,3.2922609881132967,2.7258275135541545,-
5.720075464395727,5.8497871841607365,0.6895486386767962,1.7708425827898933,1.9026543556471383,+
1.3668954119259258,9.986417647881806,4.7200472999914975,9.421441230734807,7.729257022702603,+
2.028559318050791,10.0,4.776316289133699,7.504501577185229,10.0,-
5.388743209808401,9.367264530306953,6.193214523358204,6.305449691593541,4.88724751509845,+
6.8453898724218565,10.0,3.9280169561751155,6.512596800511675,7.254705066155462,-
6.405924487386602,1.4992188756806435,2.4299529607054815,5.592285068648501,3.9610092237523564,+
2.4963853648818435,2.1732288820252474,3.8527993182654323,8.17833615966969,4.970602151189188,-
1.2008943609914813,6.368360087639331,3.8629809384816802,3.8591284837775532,7.99493910535387,+
1.573187703424147,10.0,6.541040098606072,7.597732738035939,5.523991843252124,-
7.350978286463425,8.108585919363039,3.906891348855701,2.6938251636929267,3.772259384769805,+
9.851300041738385,6.467660124467677,5.420523970937721,4.4987716939710465,5.745116678043554,-
4.241862239659949,6.032190085525694,4.869102414913501,5.443237214011754,7.701553361270019,+
2.6992603525828187,0.8739458440044714,7.407882497574674,9.745437046702916,2.3013935466832165,-
2.8701422380336195,4.137004668209352,4.524868607175478,9.313157452687022,4.242362623359529,-
3.458322387574894,6.031723323194399,7.740374360929687,10.0,8.29308168497201,+
7.502530684300821,7.313957013133625,0.5064426435839342,6.67110507144702,4.743949056680801,+
4.433918194078047,1.2021538596544479,0.1104152805155766,5.423708742480896,2.551201188072395,-
8.190365704679559,7.813307523313691,3.4620997412169596,5.397331232168799,4.845726273224521,+
10.0,5.89453057412386,0.48719542360718554,6.249310283295491,3.1976976770039283,-
5.6966626377223575,3.4492534947213804,9.678741764558737,8.0809063194917,6.876114049803451,+
1.8264572148396843,4.171046020814676,10.0,10.0,10.0,-
6.83817131742562,7.486182073099307,0.13733354546986432,6.111492052492633,7.765690230998864,+
2.2224172100807866,6.778884802268385,0.16895916562636246,7.706539971270621,1.426241919352999,-
3.278273907583479,3.3880289777235264,5.540159632999634,5.002364204145726,0.36977393691002836,+
4.349910864989598,5.41887663477252,8.983739939386654,5.301880924237518,0.5330363400558115,-
0.40599477424121844,4.010324464871723,0.6058138715234573,2.348321484244391,4.183525191816444,-
0.1386991233118034,3.17708694158695,0.17283475860379446,2.8876975078814695,2.596707340814881,+
0.36837100686266777,8.151304168584387,8.443236817619503,7.173517386374728,0.03645045774643085,+
0.3501498746677744,0.4090080278308142,7.705430990754383,2.308914128547705,0.008153713913296785,-
6.9034250334664184,9.096632986806213,5.166800023560693,2.6499522493225425,2.312308963535367,+
10.0,3.1302486653114676,5.732573552279196,4.616976378472325,3.6175206681254646,-
0.026100328080951307,3.353419832688882,2.0242445786965035,5.226573758314991,6.223631401265239,+
0.023263955517336586,0.84963188577002,1.7998711223518948,4.137255852826666,10.0,-
1.8041736912498518,5.451642340911443,2.098146792368637,0.6894075821811241,9.87170309661374,+
2.903765070293239,6.89617740007079,3.540447188773102,0.5646893880212337,10.0,-
0.18049642815271216,1.8388768870057504,1.3620341936184777,9.506893584911984,4.562303232388891,-
0.10622861663978445,1.9930684888492474,0.28954588295469624,4.883436284357676,0.393256379832925,+
6.471219113666926,1.4527864506122912,8.952376810985509,8.293212671823952,8.925411095935127,-
6.309225264810664,2.6543917094021903,10.0,2.659200949170296,10.0,+
4.1991166618318,4.156206727044029,1.5156597555869655,7.750681122668594,2.986597367308849,+
6.6518597389867,1.1185504434702889,3.0001846483498564,7.170515119866626,0.027701837360273776,-
2.171593623772136,1.3070326350503936,9.017805206750463,1.8671862926107619,9.243243526416352,+
0.9906568349027063,0.4217700159215526,1.7559919282617624,0.47349454190599277,3.2906185290269416,-
4.646420134006798,4.460133932895186,1.0776808385318126,9.880997155313803,1.1397169120412631,-
7.396773843374718,6.683640119139979,1.6801526359340195,10.0,2.160587962765944,+
2.651350016897535,2.2264352392729414,2.0567404242090404,1.3737869454232643,2.546266517941903,-
3.9843372997526916,4.169338931245847,2.85199198161459,2.635103200757926,2.7758049389476924,+
5.65415699424515,2.5326640818136914,0.6267162633480705,9.66863181331507,7.081990765747007,+
7.481857721858451,5.028706016058919,0.7879591293652631,10.0,3.3928300071247026,-
9.924411737595667,4.109937835414686,6.079523894503353,6.776896074274169,8.023987868433377,+
0.9997592909074529,2.586051097596005,3.098716520965857,5.705015976193619,7.368185510971021,-
9.951468005065072,1.292973959559992,6.354728678383447,0.2347819651888794,0.20508601575508045,+
10.0,1.3074273188330792,6.18236408788082,0.1847570370307553,0.10947459065497263,-
9.594882720296345,5.80499676798088,5.78704468033577,1.871420802512822,6.94460559413944,-
10.0,1.6948282944881405,3.864467549147199,0.3228800056753569,4.010029680576319,+
4.574211657157442,2.589015012266649,8.789054592021502,1.0374955628832772,0.9119120617553012,-
6.707787456973957,4.427060771992368,10.0,1.7727094499352896,1.5626866604470087,+
8.860201537986516,6.052894905511124,7.501698001335137,6.0240011763021615,2.9173109800393093,+
5.9041162757261585,9.487560762940234,0.03769905221134167,1.5048088229941656,4.75900316887632,-
9.75116263095203,0.3338352840977199,9.012002771728731,7.114812348805593,5.697378171168605,-
10.0,0.5683186221024579,9.314179577005898,5.776070240327878,2.6329087675680123,+
7.973553737763025,3.7374942073299633,7.467623981324554,0.5259966481044787,8.700148737660722,-
10.0,5.321371043874765,9.063729186669466,0.6411762425509366,10.0,+
2.7974999302861505,7.659969344058469,9.586399267796008,2.2954021924678267,8.556130371393042,-
0.641017384971058,10.0,10.0,1.4735831380035893,10.0,+
5.402864700087902,0.5594182116424229,7.685061866019884,3.268329922152513,3.0327446589830798,-
8.076188243098075,1.0679988350820744,10.0,6.085175341658077,4.493089845449116,+
2.9443532298154187,1.6383949020547428,1.1761279629427046,5.544159527823327,1.716233891163621,-
4.792477589098156,2.574279525441932,1.3553451335156053,6.181909416016384,2.4811730231667672,+
2.623612677472554,9.318377011385696,9.4914647730156,1.0955692733764144,0.9805034848988226,+
0.9273891739681414,10.0,9.179171030281584,1.9890603270360856,0.8774265081870501,-
5.5936793804652964,2.9002974176455574,1.1830239184361602,8.393327021658866,3.7997547272993835,+
5.236013507743985,1.3526052156695871,0.4237330586494647,1.285990058399803,0.7453997653669446,-
5.6199120084156275,6.9934732840805705,3.295564983401331,7.681011194836044,3.8356648795450656,+
6.487355619504588,9.908625303290743,5.486429309650058,2.612722612527897,5.558686694251738,-
1.503690070177065,1.6699588633900375,3.0058648036882953,8.781188529135022,5.113351919965537,-
1.2277794956056653,2.09068241108552,2.0122675116037367,2.7382074002436054,4.038822511456628,+
1.2544025525252123,4.999056885083178,0.04436643707900645,6.242089741218521,4.155428556339428,+
0.03983990798842247,4.022187121566779,0.010293913005057963,2.0825151118905496,3.290550918960516,-
