4.900706526765909,6.616211769648572,4.755007048747877,3.049179358129861,2.616616363955787,-
5.964588676465713,2.3258415434237065,6.8730767297611886,5.0958847907925,1.1043025651018268,+
4.965395378916359,7.446541470253703,4.469535183198646,3.601638610729566,2.79601552822069,-
6.27346575400453,7.308738935616116,7.211655435145545,0.27301777341475697,4.815624667008475,+
6.394300128267588,3.1704241532379482,6.169439161451312,3.0979231765253603,9.410822837944998,+
10.0,5.299593597431539,8.28724705142476,3.485289898860699,10.0,-
1.4433045660716215,9.083669060667695,4.962624590163255,0.8089953431116348,8.922813343971825,+
0.17808344749501884,9.375849555141166,7.675274767979161,1.2846467147848395,9.602495803113163,-
2.5223987872679157,8.543132724986165,2.109921835194136,2.672192713363991,6.158275849215718,-
3.493690158028332,10.0,0.7116332975818975,0.9526954724132458,10.0,+
8.61435060317125,6.077680103410968,3.300397486044462,2.98650138670868,9.43240591280361,+
0.3315333059637924,3.94188040608993,0.24452841130320066,2.516927758413819,5.736937591704191,-
7.247422390773912,0.3971726921681151,7.8631745618804505,4.389247310584098,4.34998187074584,-
7.789366259655565,0.638164660445676,10.0,7.498568639640842,4.510527640298934,+
1.6709958640484368,7.689748683732277,2.2346475803311727,0.39906408173962626,0.6979917904337507,+
2.4500144918389295,10.0,3.9226124826310778,0.08952374690829687,1.0549548083725844,-
0.6064575737673816,1.6899533290170399,4.600255109960287,4.98605614692358,4.449275597511193,+
0.9393204457423394,3.200405517624844,6.463295451032328,9.601623419677411,5.767061837328688,-
1.879827379168697,3.5931752951179363,7.200063748552142,0.3551426858687423,7.439823469442702,+
1.832149399204553,2.814926602918455,2.683277696082129,0.21064721630555266,6.581590743446476,-
1.2382660591494898,4.388472016003141,9.126786554936672,2.152154789421261,9.908220672366308,-
0.748319896124143,5.247064671768072,5.457909242419144,1.2027127546518666,9.626948668771792,+
1.0039959327546033,1.4524972235320743,8.706746612284283,5.1089754619205205,7.499300378697099,-
1.226689420268339,0.3730214685648164,10.0,0.12197050696373778,8.275792535046847,+
3.2355360428929156,7.92579655630255,1.9478665709997034,1.332068551672524,7.318633631110169,+
1.221639022676154,5.399519669044683,0.3295644312250022,0.585635754692055,3.4093975949051156,-
1.2217031965781444,4.388336141064246,2.701700865314426,7.395473368186595,4.524394535824216,+
0.6871951567460584,1.9629805986497013,0.6195321432390644,3.3020293513124916,2.5923624192611214,-
2.122837437259858,9.21036578925946,8.340878711438824,8.437941613996877,7.969177714184221,-
1.4644043460674168,10.0,10.0,0.26803997946289243,10.0,+
5.462084744914772,0.45366700383315695,3.0309394119716124,3.0066619150180287,4.0748922259503395,+
4.177484619867992,0.3846491685785101,1.5332546293238027,2.752730129044827,0.6930709402318286,-
3.9922337376966044,6.594277288860788,1.3411475102938508,3.702167086420838,5.594471638777259,+
2.2193769470771825,6.405431280370117,0.10307613170171842,1.279211241506902,2.0836439390639407,-
0.23977881198588014,1.1503582104883836,0.020862537465350384,8.74699513098355,1.2042338362300409,+
0.16096167770190067,0.506861679928769,0.018957914957716128,5.4693626728882805,0.19796611091021576,-
1.2373729087563523,5.09311420071864,5.326352374979733,1.7925309915602883,1.4307962354674564,+
0.5260958105208792,4.3890083113304765,2.913095703054265,0.7335253226783371,1.0146792563992106,-
7.686132360829418,4.637357631683361,0.3486611344892665,3.866451168393935,8.628647251503029,+
10.0,5.6468288349612,0.5041014918132479,3.932253490443567,4.236147402300915,-
4.331918578754831,1.73253836489619,9.701414615806867,3.68308790660113,2.9326019860123145,+
3.102869103739721,1.1725748730654162,10.0,3.936415763124038,2.4293571900431825,-
5.0681821650959975,1.4678331724294769,5.810187736964618,6.7428551089132895,6.686815855569936,+
0.9481199904136189,0.2617120930090897,0.12198533286449273,5.824452399096311,6.5414906037426,-
7.765369382614028,1.391298680799723,1.8034347558926733,8.22073724027237,2.3503650255073163,-
10.0,0.07833836366498798,0.31628074202983075,5.760375519580304,0.7724105751657876,+
7.69317784868837,1.607978052339124,1.1627289411036257,3.921883771521605,3.383191974923853,-
10.0,2.5735660360099617,1.7026817393987894,7.404276156363798,3.756884235956239,+
2.974726919422126,2.092084654542059,3.248035069659961,0.62360412055805,3.711432790966792,-
1.6466393013645206,1.0497095567089807,5.27621354380595,0.4002267443378582,0.09532134591472774,+
3.9504456379887607,6.4710394822923645,6.7834912644215075,0.4724888055570087,4.142134039128951,-
7.453797270304907,6.318034679441395,0.7633429924046207,0.004457925817787522,2.51610012800236,+
0.2759373303149626,4.435024356829304,9.066208092852943,0.8145022134717017,5.603876896457062,+
0.04927215880001006,4.6389009274096304,10.0,1.4304783126445508,9.680801207140615,-
8.736271391928232,4.5236937909439305,1.3175300738415918,7.64101338847812,7.656754056903035,+
0.5944401388794602,0.054745940020405615,0.052537257274522485,10.0,2.9148468823582867,-
4.06302336366267,1.5431615643040464,8.302513455666332,8.484087110738344,6.474094069756838,+
1.3801398737016382,0.3204073109147759,3.1470096219973334,3.081541291487602,6.106203962438212,-
8.687096790543599,4.814918795670254,9.568758741767772,0.8737811077060575,6.035383799590173,+
10.0,7.920605091277475,8.164403402198175,0.6579795380639185,6.004814069836723,-
3.4813218539353628,7.9257215158983545,1.3286893079863493,4.444347609928972,9.684053357058136,+
0.8475679413524867,10.0,2.3872790850549133,7.4806988732312965,10.0,-
2.434066379062201,9.920993910051832,1.5944809203254373,3.252655996303626,1.8554584658367346,+
0.8647719523759942,2.1340459401184906,0.22592137562666498,0.7949590659939249,0.654278018880635,-
0.04315278611853546,5.835638470727098,9.562316875150984,1.295057738452905,9.815806910355711,-
0.06944600658691598,7.287020396274547,10.0,1.527774004124236,10.0,+
5.200525486977078,1.3080035527191403,9.76143180417213,3.272938655438813,1.2085121814955602,+
1.1680849008527985,1.1355745875880023,9.086637764953124,0.16369111085559884,1.060016763111157,-
1.4197067715385192,2.40791114089264,8.715676484870569,5.182672019483573,3.86065814996706,+
2.5690807738354238,4.805754602570894,0.8977880524970017,9.141055438734869,5.582376323106646,-
2.372277342481963,9.942793422692185,6.386997184410613,0.7899988970423766,6.506870554759747,-
2.4031907552916962,10.0,6.677854240561328,1.1984796141911538,10.0,+
9.29718030275455,6.003971105242302,3.386395403432786,2.9492598048918306,1.8466054694239942,+
0.2808272573913229,8.28794542954888,5.009056459058704,4.405707500798185,2.1185854745626447,-
7.486845770637929,9.117896713655945,3.547268558834099,2.036153808456379,4.423929761537952,+
3.632575088871466,10.0,2.590043077256576,0.991048482298601,4.909627359806424,-
1.0844715260533322,2.9962595641692404,1.5566205578035064,5.252382712998007,0.6069277385729444,-
0.9791998002567085,4.479891718944478,0.11738655436538066,3.9379776981585533,0.010188775956722712,+
6.036993288407553,7.525083533673794,5.014473867885111,5.036566050002952,1.7396710673638283,+
3.6438776709925165,3.439339587498136,4.430727734300454,3.6213516943957784,1.603405467834246,-
1.7311911482316444,2.4873545358346627,9.144670330583548,2.584417290843949,6.117003937847372,+
0.08648940852358017,0.8136402704046084,7.2058650964190285,0.8679188386234034,1.8667179917822567,-
5.830454093187141,9.30712361860316,9.611772703318552,7.317743517355224,7.202404901235542,+
8.885912244689335,4.956121031362336,6.13953070238859,10.0,5.733119125953756,-
8.940424886084813,1.1639046775077089,1.679208179169842,3.5804893293194526,9.475844471044745,-
10.0,1.7799676444189254,0.27477706543912367,3.622601930986608,6.520040203539514,+
1.9928541106595055,0.8825826583545204,2.3091495584734667,5.973481235430365,0.6108740130672807,+
1.4031196558618009,0.3390254164897602,1.4638460338861903,3.3850476887146224,0.4559469204832858,-
3.185344154506896,7.146824686381173,3.8621572836507054,2.2914879071187357,9.413762147834078,-
3.369229309839157,9.08462445574114,6.877640212286508,4.145193996813789,10.0,+
0.07170286005001136,8.723176618769918,6.0275964477257205,8.605307078304497,5.335433396228574,+
0.0791405668015352,10.0,10.0,0.31063661227231987,10.0,-
6.284378990258414,8.76894530176459,3.388769330131862,7.721742442587125,6.460579440287143,-
10.0,10.0,3.1427424728198825,4.97236387700378,7.585274411321747,+
0.01336359587259972,8.327478261296713,3.026424855210008,5.1015350503821475,5.006364021870206,+
0.004519049437505418,0.00794217237703362,0.9727534941780158,0.041380160557585394,1.4589550285501276,-
0.7225028293274827,1.9976760810234717,7.961662724403733,0.78776408786559,6.677129233065774,-
0.47467331681250025,1.5068199901675965,6.8793222332144275,1.394148343055945,3.1309576631538456,+
9.738090123104223,5.890613723414392,7.4486539824874285,9.917179239887298,0.5928038329407503,-
8.34064135964021,10.0,10.0,1.1317204800279705,0.7940584864790794,+
7.720567946947362,4.306773637008604,1.6329497028563578,2.9173216322851347,9.755138409082736,+
3.9242103643198765,1.2983727640917684,0.671879462612243,1.1966148676368993,5.3426654336555455,-
5.083168386179516,5.187894341327073,2.2013350058124095,7.6958487160158295,2.349693148756712,-
0.4146348207992484,4.944290302476247,3.306792911140424,5.291407012578776,2.2592467064530894,+
2.145499607851604,0.42339264536373267,3.969587548196163,1.5389069720930004,1.3667661066837578,+
2.769718077318916,0.06721548871770568,2.005962714330833,0.9955024536598981,2.1359164673934083,-
5.006586229635385,3.675346557061303,2.0900523548881567,8.308675891037211,3.2469057041929394,+
1.8612180832796088,3.395571969839681,1.9956821198685741,2.548526258471745,2.9838189799624555,-
7.12505364697281,1.876276399132668,6.766928961941043,0.8627177618217119,8.616068535066793,+
10.0,0.2772151012881587,9.86094591263369,0.7034147336882494,2.19869314219785,-
1.4239480211861422,7.671739554491108,0.9362776870186462,6.0419920763105655,4.787003484212752,-
1.352077621333859,0.6532242716954717,0.5060624008293482,10.0,3.167539608080086,+
8.000688094624168,4.877729596510778,6.1142265810590235,6.373222800738285,2.0743117130957733,+
6.061020969087519,2.602755756989952,3.831994546263261,1.862666347694895,0.621980282228131,-
3.6687322201556283,6.646510163050065,4.833873650533348,1.5033185682849393,9.114468125206223,-
2.5721070582909324,10.0,2.3679970243624964,0.10696293180248778,2.4660781603407558,+
4.901766583344607,6.331897609432776,0.8671387254570395,2.74663881800853,7.904412909443811,-
4.561016269099194,3.4866119695920372,0.9875548770359956,2.0979120867518106,7.828723056943514,+
6.110729794468693,2.30953446114364,1.4995600308281998,8.930994202626874,1.0223312401278528,-
7.684735668007424,4.058203678852594,2.2508373366554695,7.034082751259216,0.004420721374041919,+
7.594745879161671,9.511289759012104,1.7717229495933173,7.908800467532036,1.9469851982996356,+
5.708496347091563,6.013443574382504,1.6627720671132398,10.0,0.6007373367039572,-
3.130370373665523,9.76351330511502,1.0831430858774027,8.809871589592971,8.32452376973008,+
2.3330420537403835,2.100566605400147,0.42824873523252777,1.1197011696562809,6.862480820746509,-
7.085136951454954,8.915200744704388,8.690573673032068,4.975872057702815,7.581841065358914,-
4.968480479467101,10.0,10.0,2.0374690126002464,10.0,+
5.0962645111037315,4.2601435908409275,0.8010994643386249,3.7287811710407492,0.2770324379546152,-
5.774326221845237,6.26885900191919,0.9627717643036794,0.7650891041244927,0.1617376505784564,+
9.302637940105457,6.82164388841635,0.5475719439200599,2.2072753246333465,9.785034602626519,-
10.0,0.33947170572728536,0.4847950592687999,2.0299917109315717,7.418081474658295,+
6.779023594575692,1.910683241657104,2.488214744461196,4.868668948482996,8.003310242900534,-
1.3404253946162776,0.6071545031116333,4.81089238434041,7.356222470864253,10.0,+
4.525062644528429,1.773347273169683,9.305481087005296,0.9314007086615184,0.40559314598243357,-
7.364704032394789,2.0461705262051444,10.0,1.5335371273156488,0.7935987782379043,+
3.542705139220569,9.189152922724777,2.7351016472446177,9.851410997641954,2.7420622546257514,+
1.817382218669987,8.620389001057962,4.678932318868464,10.0,1.2132467423829507,-
9.804771055679343,5.741274162461587,6.262456947091048,2.8222513012706205,7.785715577948785,+
10.0,1.1725706582179727,3.5614841675773863,2.251104530554991,6.346496637334088,-
7.076582960529997,2.6681047542968073,4.618172992730164,2.6115860871278884,0.12162931768005314,-
5.6729158050421296,1.3981268096149226,0.3090773690297088,2.48774458068514,0.18852901057355353,+
0.1594042607035051,7.252829255616302,6.352920611324723,4.883771174981342,0.6387091522029387,-
0.31079147651072275,10.0,10.0,7.508437124531442,0.7757461234411837,+
3.48545326104004,7.2382212238860335,2.843604900832334,5.136705692217783,5.7437730485470855,+
3.6746694823304575,8.233971255349747,2.2101514642835127,6.393790283526795,7.568061875304292,-
1.956008677514397,0.037805443447394005,6.7094299364380205,5.34504718888037,4.524381226925314,-
2.582828009402466,0.07296893540247895,9.022830647096699,9.577405801432874,7.54331829078798,+
8.699938147499227,7.171530619136402,8.574202463565081,6.777071151511768,2.7893647939183475,-
0.8360626500969252,10.0,10.0,10.0,0.2661097462422462,+
8.559293373488265,6.168443891150416,1.6183615897831138,7.158501895482696,7.2994538828695905,+
6.612870985517209,10.0,1.009013576099144,10.0,2.5424736879735916,-
4.216425885264462,2.830312126983224,5.400992031156267,5.893498291271634,7.76776822440599,+
3.6350879594095393,0.5199755176519892,4.717484249649597,4.736291503346636,5.293087753810709,-
6.165308693328115,7.142325579060969,7.824525517378081,6.777862747631216,5.1367917794477105,-
10.0,9.589700876797819,10.0,9.142549571235417,9.004880764319468,+
8.83917407244849,6.220436875718363,5.277512316371289,1.1524311920321095,2.6011225774507665,-
10.0,6.475860266585687,8.92272709245294,1.65221521488364,3.704363397510715,+
8.833444643789656,5.508033652542471,9.433922226395051,4.648722687291087,0.14421430057032114,+
10.0,9.496337755356972,10.0,0.5937826464676356,0.17354501678513187,-
9.258955512475094,5.058423124870811,6.0066769403017215,2.9059819273593868,1.7652538404700002,+
9.181307196565147,2.463554231948491,5.860539261468436,1.2060906413553718,0.39729972640864764,-
5.082780469234408,8.680117754207272,6.127849876858097,2.792806083034426,7.340145497280056,-
4.816669616088527,10.0,6.167055328724972,5.3346048678795865,7.167231600964759,+
5.86515320307282,6.011699970656654,0.7975871216791519,5.1315976227149696,7.794040213169326,+
3.2235208655810665,1.0077148710531545,0.6194377242891781,0.9152434715202834,1.6623381203485295,-
8.968688086263201,3.714045288210188,8.384414247991474,7.771698006775491,4.138959131035682,+
4.360077648804031,2.845201809862793,6.139350490940812,2.5817943323057437,1.1241296613312068,-
4.106426980841703,7.954811886925577,3.9083494718177034,1.10264021800632,2.792834510807436,+
7.428797794113509,0.5395467752716594,6.230016075661285,1.2329434284171763,3.945555183575627,-
6.342572290021917,4.988263526567296,6.11689660146816,5.028565039841597,4.673146951922801,-
7.31730631462399,7.254213041137496,8.117377212578635,8.05044037497935,7.80781576130044,+
9.212298460884998,9.012213125157016,2.485778891625973,9.781912708470106,4.306615106769597,-
0.058460458499973784,10.0,0.14441963350544182,3.0309553582112283,0.12088127201029195,+
8.058356114039825,5.517232021776561,2.289756028957809,1.690999093697001,0.4626524074187277,-
9.967947851494273,10.0,1.3255751318832458,2.865194290392186,0.13045995892011278,+
9.20324652650052,2.964687602100219,5.48743706278584,4.53768473874114,0.09670695736921697,-
6.915003637462363,4.869926029094379,0.6100911654992407,3.7163118724837543,0.029933928401903752,+
6.2537573502626245,5.869455901355249,1.5034193334923318,6.504361611443443,8.961766044647911,-
1.7479337566033666,1.5399423065573787,2.0777752637814504,10.0,9.248798472258388,+
3.6854026143788596,5.1137225049235155,5.580659129677249,3.6831398543779836,8.983408642429891,+
5.891017579594224,4.053221325080489,10.0,1.4581083575137805,3.8046141343028768,-
2.8926109556152815,4.98684851398067,6.831063340439222,7.7390475742360385,5.363422021874276,+
2.6412389713018145,2.56868926783591,4.420362675269484,10.0,8.097154369014872,-
4.61855366596339,1.077659635266407,9.115523028658,8.404168427521636,4.527795738228024,+
6.661542093674055,1.4934572617185546,7.410134483177183,4.093635105014602,3.6028996537982216,-
9.827952115811177,3.7289375522803603,0.4418623214186901,6.225790725660703,0.25922707390409583,+
4.362433791992035,6.709375299946478,0.6536541183935278,7.017538501522696,0.4342154846188821,-
7.370166637759401,9.521659648165027,5.1358857576681665,7.627879833898667,4.485901231150319,+
1.095924389965918,2.864254967949784,10.0,0.6765924977930972,3.1544514912088286,-
9.042941788474558,6.249254899462341,0.1349847943595084,0.6761406099676803,9.055990252234896,+
2.162789193802765,4.603708991749375,0.15514362369390072,0.3833625947050704,3.9346408042452587,-
2.3508306988915972,8.666160611568392,3.1100894083009623,2.8300195357564686,2.080817684336127,-
0.43470180321644614,1.5258490305102592,5.117965900819628,1.657603632680836,1.2681796655472621,+
3.7167149202541205,2.978239949609791,7.646760796607058,1.6465194836116603,2.026437503971362,-
0.4219304284316709,1.2681394799172823,2.8413287303206687,1.4975180705229139,2.73799644808716,+
4.6082183233569545,4.7548980756511,6.659855516695465,6.042764000229205,7.257373316195533,+
4.069387607917879,7.920946856148091,7.205062126215572,9.661602988671781,9.964516725989794,-
7.286491045589911,0.8981710579241631,9.988818400824913,3.2246845979867644,8.345028131831437,-
8.257227465487496,1.6577678534374274,10.0,3.142634867492394,8.32142779845221,+
1.5323533927085986,5.429716660842715,8.992467043995312,1.5878872253932297,1.7564297732037226,+
2.5650008461767944,4.87822833636659,10.0,2.525218683962413,2.725429924114146,-
3.1849115736676237,0.1243795441337503,3.967828401755317,1.5393597491247646,1.4893715885961978,+
2.4270072961083007,0.2132135705108964,1.8002322164265647,2.649325726700963,1.3992635524754056,-
7.577664001813553,9.733407352818062,3.041137134008569,9.385624885953037,3.6561766746303928,-
10.0,10.0,5.115809281884884,10.0,6.780184079189514,+
9.6754241066401,0.02534855161292371,8.615983956745652,7.611492021693252,3.3113777608428743,+
10.0,0.007443557875919692,8.858672760705783,10.0,4.379703065194705,-
7.96313671094541,8.50063434811335,4.657082079480165,0.5261673836257796,8.728218382721968,+
10.0,8.807831261087445,8.314444889853016,0.9851524255950995,2.1002217402749563,-
4.701167594308769,9.24609615855293,0.5977810287553864,9.624037695645741,6.636242327559401,+
9.013783694042646,2.4745828251190676,0.5253446451414113,4.65720765594075,8.712546762442074,-
3.214068757401768,0.6749400812118256,9.578299773132427,1.8980647614569024,2.8413771424270697,-
1.389782114467896,0.08669489644064916,10.0,0.8054564806086634,0.1653111504655694,+
8.221234710661962,7.57579022124197,1.6221230052590474,7.168725346947108,0.4569581313949589,-
10.0,10.0,2.0629173201117896,0.02123031068353628,0.021930641607468625,+
8.672457646079009,5.698970002928303,0.2961000449059792,8.658449452034622,6.45645790471605,+
10.0,10.0,0.4130074998727336,6.764766511496317,1.4624524383267288,-
2.2451653938521323,0.15998628139037074,8.204768208094862,6.373806352217458,2.942705682197521,+
3.9735639950471597,0.1649922739722315,10.0,1.278544950054071,4.780467116473395,-
6.067218859518173,9.02816357464719,3.692998267882416,5.72399068270479,3.7080197274738316,-
1.4219819535550775,10.0,4.919067279392602,9.09138585371438,0.12068415305436,+
4.198684928819394,9.19288741930637,2.268991034550729,5.866410368476548,4.977241322870015,+
3.3700504319684375,7.161906799435378,1.7011220551417894,5.213810038684556,2.047319002957825,-
5.806908541114046,1.3280516086086025,3.0668464958732065,6.014216167616357,5.479230181985285,+
4.6670215403668385,0.3012127997990651,2.0797804912499624,2.3720124755140555,2.532780650772481,-
8.866062841096987,8.841016679687906,1.3720913877112983,6.550843146713179,5.894029568612816,+
0.47638063244396667,9.851130629347757,1.4077698929467464,10.0,6.3853227081223265,-
4.906009037496863,7.635800652100818,5.893411275017718,1.9609327803968635,6.789177722087692,-
0.5008098867431996,5.676936424057764,0.7973027451782215,1.9458937495548836,10.0,+
2.8004024020311302,7.356256441957282,8.11575197823601,7.763729302937593,6.28883831902132,+
4.924995377583925,9.736540294468504,6.787896698483363,10.0,9.575972136771803,-
5.290064460052083,8.911908058546272,1.1732191880223752,2.1427538611966215,2.7482030346136597,+
0.2326105815181103,7.2430035104057895,1.1505936687132354,1.0450322044475613,1.3570039142988541,-
8.492238539791346,4.402736415440474,4.782366818345727,8.323838691924541,6.7516808041153284,-
10.0,6.013304236525463,7.181379241953625,10.0,10.0,+
3.320361376265808,7.378740282662576,1.9608570910062684,9.096539090549603,5.48986361540523,+
0.5101167260037086,9.232549821168936,0.38135647326483607,10.0,0.7318690328414058,-
2.207811343786237,1.005328480619353,5.688088779802875,1.244678043117804,5.089315593480533,+
3.3987108453457497,0.7467851668866962,3.0833964287072813,1.8047786723061394,3.4373215262216648,-
3.705125379190547,1.524169611994286,2.848670288767159,9.197940520194601,0.28604048906068824,-
0.04338388105534972,1.6545612477896077,1.5874024382186198,2.998494671314278,0.2294362556051645,+
8.114068842888445,5.598068340572624,1.1079224557419143,9.335440337603222,9.20353667886568,-
9.157215666664918,6.540452992411783,2.146212339505037,10.0,10.0,+
9.992453029940357,8.602986548015274,3.960765841405438,1.747672795798757,6.426927305325261,+
5.024217741706265,5.503043393578546,2.9930361153223073,1.4688718515559431,4.502958222591248,-
0.26576442421066604,8.135893459125352,2.353642221219453,5.619274667918363,5.147832394116277,-
0.3766049613749631,10.0,3.204328870215602,7.595812828424389,6.070446418740188,+
3.957880423387744,3.3239637028602087,2.7770395124853464,4.126846726365367,5.90405804462637,+
7.2575063371838935,3.855739724647783,3.3428009047706313,3.2738981542421945,8.964151486016723,-
9.220054334954442,9.531600552175364,3.907125883120602,6.979941990152857,2.4144623949144783,-
9.492870254513535,10.0,4.133810534841446,8.667713044389803,3.068558730918549,+
0.6701720070116479,5.465089342982195,7.407862289140427,0.6291888143585378,4.789718449765904,-
1.2586227034100337,2.1118927785400734,1.1110236244975764,0.0939448829604543,3.633570917286844,+
6.118573787090086,6.0675591819301555,0.7133231474382373,0.9254722654961944,2.7372185193551757,-
3.036296080657953,1.5359867043786386,0.37813863628995603,0.9385079684796006,0.3304149008823179,+
8.549129640215773,3.923247557263595,7.18476554068758,5.533605825440735,3.586752981525639,+
3.8153306034101018,2.7505434404296545,4.8081269035286995,1.9992473776336106,1.673651936246221,-
7.775518042181314,0.3054023676628248,8.846421120127841,4.5783721049334405,2.931102538220972,+
9.207287649128366,0.4271395769445242,2.434258743378485,1.2442898209834439,5.1225887973442354,-
5.556662488923175,1.8421742802678598,0.8667183773482079,6.43095937524812,2.3625786570510945,+
3.0175068394300286,0.28393736796717284,0.549912217039917,2.8412603001062937,2.1333234469481153,-
6.694714504558577,7.689763943921232,5.99825286170372,6.816896850001097,7.529149077993139,+
1.1835735197373345,10.0,8.798857890762733,0.5413392775808331,7.017470274401167,-
0.5259609162714385,6.430231544950909,1.9936675465411235,6.29266793646266,8.811659792285468,-
0.4546812233717249,4.719719367508199,1.3928529369781448,5.997229630040394,10.0,+
8.947756361216937,2.200566671268774,8.319983257524166,2.4630479649647086,4.723590449257054,-
10.0,2.314144165062027,10.0,2.787750843502038,8.899094928012065,+
7.108889122649201,9.306305210494703,7.38738554579599,9.627667443882865,0.5946007152719535,+
8.918471046617862,0.523632433475009,2.870486413183784,1.0736460396133134,0.29463837542141114,-
8.691422117137828,1.709853879879889,0.44353649198961786,4.015906854321863,8.135062298925025,-
4.262107541323309,3.111930238674598,0.8038873859756781,1.6502029956840927,10.0,+
5.569776119124384,4.711813403962975,2.7776442968275683,1.8537755560485647,5.080651762739801,-
6.106263255770564,6.695017675387069,2.90254554710029,2.510059106856699,7.621657790842301,+
8.871057427951,5.594726584409283,3.2756375899575363,2.88208318566334,8.394733709228516,+
10.0,10.0,1.1850034056598417,1.783216948144131,3.9218742690080775,-
4.112468131930226,2.9758859707366314,3.335123027995599,6.659902622921044,3.549191357705914,+
0.5109282575946981,1.5507019467757572,6.181688476915386,1.7224409531941671,5.47101544713111,-
0.8204293228839898,5.916890307040519,2.734508502676003,0.2258508707247453,9.410864733392318,+
1.085905614439096,10.0,4.08509973156948,0.21993853008950168,10.0,-
6.274799475334808,6.426142964492384,1.7211897800701226,6.157733238921379,6.596196646497598,+
3.413136697312825,2.7663125951812906,1.102053543185601,0.9021673852743676,0.19188991616545706,-
9.745453254508817,8.075103052426531,1.1490263494063913,1.9531534988740018,7.127767754329367,-
10.0,10.0,2.1689261366219945,2.6209502815418393,10.0,+
6.041086329527319,7.210457862788956,3.21827382051173,1.361350023775345,2.067368851611655,-
10.0,10.0,4.799293079389016,1.821142273366035,3.4678592172961173,+
9.757943828565692,9.777831357498957,6.286537389825052,7.640457247158917,3.8216695585348193,+
7.120809416146829,10.0,2.321986710627906,4.109676833380485,6.444383720475391,-
0.5591952208130746,8.834995601911109,9.41102134338733,4.436506347249867,4.700117863480816,+
0.6837991960913739,10.0,7.419382591359822,8.814253309905132,7.219346092685198,-
6.652540215497158,1.2529224701647557,8.892577169011371,4.763817377823365,0.44089201498903274,-
2.067536222071651,0.07976295561294372,3.4021846767510895,4.826892073386997,0.04046459411124617,+
5.6325938171113075,6.378141067677809,5.4894117035753105,4.320648839393967,6.721610709710922,+
0.23314399195960042,3.4400724430676886,4.99376089519897,2.0277208895369685,1.0403612212667954,-
2.969297444215293,9.87163072160816,0.4941456347712059,0.4096584751912147,6.344641541305718,+
5.2566402111603034,10.0,0.7980487667255309,0.7501407121176162,3.623794846249492,-
6.272267394834209,6.83871438328862,7.578757044459143,2.0235159049471196,9.01111058189597,+
0.36931646080144837,10.0,10.0,1.0556637373885709,2.5967065090526225,-
1.7260496034849804,4.7244570439057085,3.9227227129889473,2.6695011235115764,2.027854469654172,+
1.3068045273019542,4.159534557102557,1.0888665090704335,2.0433794996288146,0.6588263440627128,-
8.003843292955647,3.2261989884230244,3.229626913421603,4.1558685402627304,6.806802535638251,+
5.8309146539503764,1.7724894045085087,3.228535317408887,1.5333061565031783,6.445393805838497,-
5.003158720729664,6.26895977556307,0.02434198012581046,9.636585392430076,5.6768069512675865,-
2.9296165121891584,5.683326005884065,0.013348439040350032,10.0,4.081641141208405,+
0.7411499222498108,1.5035113325402705,4.777038607569352,4.3689350267298,3.4064954965421244,+
0.8074756168030056,0.6687964281860254,2.1758773013901473,1.235520646461679,6.005193379959348,-
4.812060705623544,2.00144794122025,0.5881495441310547,3.490325720500892,2.1149449616930616,+
0.9302371928115192,1.9459780784002332,0.1930675511139204,1.8160475039448662,0.6352220316963755,-
1.270420166867131,5.5246180247828995,0.10361183919369465,7.466140107787708,2.9357565055620114,-
1.319450644622291,1.111597714269742,0.12229790697118437,10.0,0.22753863388950624,+
7.411552742017305,7.494563574072348,9.146044747650521,2.7814781392014307,4.256361866855672,+
6.483767571778091,4.003110350057962,4.7598032974034625,2.008348308823632,1.6140109699998055,-
1.5521268511606312,1.3954895715383164,8.882777295680814,9.159058782087893,9.496204634871976,-
1.2390749195560051,1.6336715081447775,0.6913461461768302,4.252927206067715,4.052946567690973,+
4.4739169770961995,7.723010390293023,0.40530235988207264,3.5095848180796674,9.732001648778544,+
8.490784715615998,5.067538351896224,0.5831659318805615,4.8425202285848625,10.0,-
3.460838289804231,4.946689863445406,5.139474075258623,9.902173456212953,0.4068161882789678,+
3.920397691330971,6.206299278081394,9.834897149387313,9.561780495016837,0.4079218781418175,-
9.274334143341,9.600757022622393,3.30468499604496,6.710886813911739,5.607249037052529,+
10.0,0.5375918044721071,6.2556458615822335,8.565419371532572,8.052947358527646,-
3.6019726753089576,1.2325929972184069,7.37487800236721,9.681975929911328,6.240716992339536,+
0.16498732612153927,0.4479690446569566,0.9642650967889356,8.208371109658028,2.86417285670034,-
7.3864670455773505,6.268605788431315,0.01553424163281969,4.807836998454144,0.3832181036014992,+
10.0,4.813203517216569,0.012907025195114165,0.2847325668703077,0.685939854995167,-
3.8557649040252064,4.9285979694044855,8.808099534872552,3.3810283968541888,1.0262196414406521,-
2.999518943923689,0.9731559228892124,1.8514310057446528,3.760660233684401,0.9040071193103266,+
7.487582034287589,1.5214575402533093,9.975455800901122,3.568981540592593,3.4147571912464536,+
10.0,0.7967153896859863,10.0,0.1828721556853646,2.22083414344262,-
1.976130712720181,2.78650207500607,4.0932600440916715,5.5945321998197315,3.4182657119788584,-
3.0953810188304955,0.10461702530419006,4.99397335580714,0.2871696006138517,5.945899995859094,+
8.748972518719068,3.2048150127873445,5.270143006963189,1.2062108215984857,1.0191638316945661,+
1.6918917571440377,2.645606549587137,1.2510704390136327,0.8381931342783072,0.8571698969719358,-
6.006473168066967,7.943511131739207,8.003780523679074,8.875058985598226,5.851630501785303,-
5.170112290050161,1.420320021021281,10.0,2.9076277549740253,4.000506821277895,+
3.357412796111221,5.498518101839619,1.0919671848330192,6.093798377649593,6.974725652013354,+
2.864697340777943,8.824191428304735,0.5074298597339144,1.2980430597283705,7.142587349354548,-
5.611308643884429,5.828375457475446,7.201709269441817,7.278393459022246,3.373917359193163,-
7.733203245660885,4.428817670676196,10.0,8.964345719998974,2.191961284943443,+
4.880409077739884,9.392827342590952,6.625103437225604,7.1177063200342205,8.107131656674131,-
2.1560659135720925,10.0,9.09529414598073,8.74306279708874,0.5866073163862888,+
1.701597790126279,9.868187773448742,2.1337510998832823,9.210300465619122,6.353157892374104,+
2.1458279325570677,10.0,3.0972350295976785,10.0,4.301898489873495,-
4.783826116821885,0.26055136574793747,6.494543106231393,7.097618190936563,4.682445755901936,-
2.430074538032262,0.12406131437888004,0.9096742495287277,6.08401602270448,9.301898581628228,+
5.480703340493899,6.030233619692277,0.5676065190059609,8.454222724663035,6.260676528588597,+
3.776391954559508,0.3577438155787691,0.296686720381618,5.080077734368727,1.4799108196157584,-
0.990945965518023,7.866511856360553,4.7907606200920725,3.6206539024300977,0.5266664978810187,-
0.8452097754449267,10.0,5.6886816530323925,4.2900219684289675,0.1461492953887114,+
2.123241210599799,2.277794238047669,1.6792090458550413,2.9728083476088782,8.792335173142767,-
2.5995100818787016,2.5353747279844248,1.83282863058346,4.114155815043852,10.0,+
9.433503347640727,9.439705267439114,6.211887586488115,4.84174522574409,2.0234621940814987,-
8.57715598521167,9.42405890684626,1.8648543674047235,6.754638922321049,0.5690273819610774,+
2.4970502688936644,9.291117134434938,1.7815477321844775,7.045461187845677,7.375990025532082,-
4.21388678437134,9.825008798613739,0.17234883818634403,2.5227810200509087,8.903400975426122,+
4.864173813473235,1.74423676140814,7.281818525548399,6.4498608263495,4.079673000358181,+
1.8824465727924036,2.500089274206209,10.0,10.0,5.119001785706596,-
8.021791467817401,1.7246316160201547,7.706908919819158,1.453333386819634,4.463678423844687,-
7.05696114391546,1.6101568900564978,7.389528420254682,2.011123797572229,3.145456563026878,+
8.986661280695191,3.1225264892500135,9.873730624771044,0.13973522163882035,5.885033784941763,-
10.0,4.578272600305778,10.0,0.2302916496684349,10.0,+
5.183192832792251,6.169633249186014,6.495300805146117,4.969138985141494,1.6673212626436618,+
3.873820246206882,3.0359472796992497,0.9973245028133689,1.949773485968754,0.04363687005810568,-
8.80677148992416,8.51383268322166,7.351928993707219,5.637700259299291,4.644741438258531,-
1.7417288585369806,7.816469728705942,2.9344718057904813,5.270225532505556,5.774456255315913,+
1.11594877919856,2.8112823553032493,9.897690693904615,2.950300045707187,7.252344957458966,-
0.2814052299693336,4.18075637429076,10.0,3.650798863924506,6.524597026215099,+
4.499735043626881,3.8609300479673814,6.4527512303246395,5.00619309614084,4.162229531005737,-
8.102448179685037,0.28639158475979526,8.79287509153333,1.1030108721594527,6.07189636846952,+
8.412322715964587,3.627997664966208,1.6989518758908362,8.100093158081831,6.860045974436382,+
6.445617895047568,3.276681089538678,0.2548637680053732,4.301531380229299,0.5854557998470669,-
1.8120638973835246,9.756200619488277,6.768242657445505,6.689925676400069,5.3005409346674,-
2.7143200006954804,10.0,10.0,9.093848509606456,7.7306306768535045,+
0.9201975612428925,0.4047618801761943,7.924269698008973,5.221926465835063,4.327496518821057,-
1.2293869540825941,0.29043223780857547,4.57028112819854,3.790794985860448,2.77540155656826,+
1.1257398971799526,6.5382536643317,8.688140566937214,1.075512954185881,3.4413301435165233,-
0.22381813439735326,7.481669379522928,10.0,0.9386500558514085,6.743652007729319,+
3.6631365306476704,6.255386858322574,6.734641540410614,5.131276364223228,6.262284076098731,+
2.234102519119809,6.432778240929276,8.742095647987142,5.877665020798334,10.0,-
9.424241195993552,8.72944339058755,6.42535640571108,2.8674026113371087,3.7628955976382414,-
10.0,10.0,10.0,2.740730764462228,1.557861360515254,+
7.159786268198234,8.304245707069779,8.242477054808425,9.82387666028586,1.3254784042724799,-
10.0,10.0,10.0,10.0,1.5299897633544497,+
3.3554094263483436,6.639071976161319,7.522398231514009,0.5557189189465017,7.71454151959308,-
4.398516348131456,9.820700493397656,0.5730072771802379,0.8564962785764494,3.2134270677083028,+
5.47842578865909,4.351735067826717,6.024287996573056,4.176737506810829,3.8841832491057438,+
10.0,6.142813370005906,9.812861561116211,4.6276563281570295,3.4486142303067386,-
8.103868622455325,1.4962120992393868,0.7813183344351948,1.609806664126523,1.2806809594391622,+
10.0,2.72671546322918,1.2415767886673488,0.7306410174413982,1.6093532411011104,-
7.200811754581123,3.183568218924284,3.16521125642526,7.600913153757034,5.852118080545084,+
7.899314613778687,4.975893347433123,3.788359396431462,10.0,9.339356188400734,-
9.977501441953107,4.815604224584602,5.534483009267316,6.470489082213539,1.2029903768709704,+
5.743652764265921,9.264008527852045,3.0622414040614125,5.596563884616368,1.4051559169137238,-
5.225564525380808,3.0093079085786667,6.62294069365276,2.851605647828749,0.16409892981870788,-
0.13352825891217435,1.0192871470370064,5.9213140017348245,3.974147572896793,0.0989902140069795,+
4.303241451430898,1.0195330273168135,2.339773110671872,4.372132305112998,7.559070218520266,+
3.2221185451347805,0.1884070836856611,1.8665720832739452,3.096454036372791,1.3270835002782626,-
7.380326481649852,0.9466585644551517,1.5855091937586152,1.8610631984375725,1.5255744994296039,-
8.119302671844542,1.8852175845538148,1.1595280239008015,1.0986246554757084,3.046233388295714,+
5.704949083281354,6.889662080001551,5.153305771223633,6.5743808583777845,5.650750224518307,+
3.6084291669861797,2.6855938991068418,4.026498998208253,2.2443825944905997,2.919315149772996,-
6.5307768486974735,6.447068413909143,0.9318160249110219,4.108047112785572,0.2517994452690109,-
7.191074625538612,7.195269750478795,1.6863608018679512,4.278708733696175,0.3876517687109456,+
6.749148812765979,7.577128589698211,7.595967785859649,8.292469101231179,5.324151440124631,-
10.0,1.6404358185157282,10.0,7.545180845380359,6.193747970234229,+
2.6896468880204116,6.640345411008045,8.726197573504525,0.3971864381904333,2.485108017971238,+
0.21139629935134283,10.0,3.940886249446904,0.3686838928913812,3.9506584066197328,-
3.303814843512706,7.712595058198746,7.172334411615752,1.3592775515168565,6.63813436015194,-
2.1713840202093717,10.0,8.450576523252286,0.9025797577751089,10.0,+
7.865534334806182,4.544725502893177,4.292738117926921,2.999609135321293,7.188866301982677,+
5.273481229942557,1.7067215207173507,2.6297691013465734,1.42324740302652,7.059698832220076,-
1.3250583044482334,4.213443460913967,3.819043574043687,6.718418290425952,0.5305201935191994,-
0.42819547718959866,0.13757888703097365,2.073690882179837,7.770425615079405,0.2299065982879517,+
9.748218170158268,3.6476768478487367,0.4826020207880488,5.759296458845945,6.774496732119021,-
7.165431067489716,2.1654081653624067,0.3357124109767495,4.257296475827615,10.0,+
9.602249046653906,1.3685722084793084,4.928133216100875,4.0767049873491015,0.5543847817733483,+
2.387789313405082,0.1969811137541237,0.6962844413955908,0.09989965471818431,0.2046691020315244,-
2.7765660624423747,4.828641018236746,3.9176318603485996,2.847076443100712,3.321776907167081,-
4.046438673165058,5.004960454214162,4.160672066445276,3.456596491837711,4.772883709306903,+
7.885422538411973,4.348087063365669,1.196692373905871,4.423934431767672,8.331933903229277,+
4.134153130571736,2.6417065454006177,1.3689218946710482,7.891627161187574,3.3489445408480356,-
8.554862812700756,4.572013476989531,3.2014244131004785,9.213148924236345,0.2892239305716948,-
1.8902582785809612,4.486002901678667,3.150991106977202,8.009043001524505,0.5544539394282727,+
4.919451649137106,7.296555821143944,0.8687717485607205,2.8653167074392503,0.6285824957856012,+
1.2306374964354143,10.0,1.7229145724832113,1.0570173515320216,0.13551854226561452,-
6.418193904651779,3.7210135467743823,9.409650847304786,2.0449245055934115,9.74492142747965,+
7.626857105339556,1.9738442780682586,9.205131359334437,0.27194528953557207,10.0,-
7.496764875641889,2.972667533255988,5.384569317163187,9.880620527926045,0.8012811866221037,+
4.345789393318225,0.10629857211259769,1.3308352040178566,4.964772641431684,0.1985120540314945,-
7.642363357654593,0.21602325731623906,7.320830354262636,4.007525438583067,8.521254579850337,-
8.85071679112832,0.20743240609811198,8.582459076288036,2.311212002198356,10.0,+
9.488995015124402,1.4043698398994287,1.808768347050641,7.50992670062177,3.076267520403877,-
10.0,2.4586907647715077,0.6621446553475765,10.0,2.9738942857398865,+
2.620008746945257,9.490938058537894,2.0440433061450203,1.2687754573165888,2.5716684054792283,+
1.5431468399116532,7.9322507360698005,0.8584001183240445,0.13574988647503064,0.8517147798772681,-
3.7549514614467325,6.229805928512211,8.234294325137416,9.157824274956699,1.0206650613467283,+
5.842075662817028,5.154914270908722,2.514571325779447,3.9001850450563857,1.8395643005521212,-
2.582273674058291,8.025599756712221,0.5590093822075926,2.6187693497906004,2.4179567557574053,+
4.3737099821786725,4.030783505741027,0.5612127780949061,4.122178262341389,3.7178860321385243,-
2.5116108586347297,2.193313549334104,6.4892664418607415,9.949959850853077,5.206964877806022,-
4.004192574335973,1.1808599578194505,5.726734416994835,1.4594753500265645,1.2543350409009728,+
5.771640440366747,9.017098007279564,7.574512389516764,0.8544507768194343,7.505840925880535,-
10.0,10.0,10.0,1.6601086446147038,8.487165366219937,+
4.796636922506442,3.60775194840514,2.330590352275067,8.980840122076504,0.5364151879716395,-
6.875140152439081,5.173759906021597,4.339978100077012,3.887912476505352,0.36909824806847896,+
9.36172795881534,3.206670789936217,5.084914839384003,2.7010589144847774,2.3485533154399265,+
6.138514854079877,1.678094529695665,2.876966680076368,5.10130890473204,2.4402536913929853,-
7.561452604533283,6.80988318825881,2.995041249452275,7.428218074634566,3.2647482846581752,-
10.0,10.0,3.417184941494178,0.6864016426335741,0.19791018431038007,+
5.172644032817924,7.034708390420029,1.370813965758273,9.543952930880227,4.866087683302619,+
1.3154047929950097,5.3104930513271995,1.52499005452328,10.0,2.2980956407588633,-
9.258421311722367,6.809077736075409,3.91567998602583,2.193558257204069,2.1003881540157154,+
1.1448965238877857,9.61569243599072,7.037671929187345,2.7697661864272156,3.149523756384004,-
2.974416860018707,6.464833424070996,6.524262968383015,4.026519453356646,4.052450323290861,-
4.322238521456086,10.0,8.025098590580331,5.672242702668549,6.258852308455416,+
5.042124150819386,3.4668443863661382,2.148055602709138,4.048878653099179,4.956953035433242,+
0.22698053797118398,3.210639427325812,1.4109176743632104,3.683743915339424,1.1034970271602287,-
0.7444977815229759,5.793116833017181,2.0017794360902155,9.293279984203469,8.073902883438492,-
0.7692430606450349,8.348926581470508,3.0355152073994964,10.0,10.0,+
9.056802492751913,6.324104584619402,8.498570842421758,5.233403385051371,1.5849111805478977,+
10.0,10.0,7.965613576349359,9.868574578725857,1.7594339651525603,-
7.0892369760317635,1.622766666399107,7.8562744297552936,7.320227409378041,6.349419078119335,-
10.0,2.983397688695695,10.0,10.0,7.657780632748512,+
4.834552511789178,8.606455844676175,0.11925590490550975,2.109362467338183,5.063153347428825,-
2.166843955106551,5.490410395229108,6.821698012528592E-4,3.3149581420496177,0.9578369365893753,+
4.324535861874016,5.845047866120842,1.4044572563167146,3.634788429052238,3.953679429719752,+
3.5115793473785457,2.3478496145519165,1.2980018246842067,1.6889060845897956,0.5863677522455215,-
4.214919795200929,9.638265948851602,8.230570392235991,1.1898727880485138,4.427111847036799,+
2.9524475605724114,8.253850819481485,0.22267401079260943,0.5117986104242641,3.7896632634208616,-
8.60100361735771,7.076505530736061,1.071674971383093,0.8368503896433288,2.77459770258198,+
10.0,1.2216219217668538,0.009977003710065005,0.5552498324237091,4.116427272533766,-
5.780281816325514,9.611800820472991,4.975210449783932,7.090025666368632,4.174454699156577,-
3.086196629437057,10.0,9.573427917036648,9.990572086908191,1.8062624558545692,+
0.5797126203792724,3.5990554873679503,2.8120015644854868,5.518825469342246,6.45454702368545,+
0.8940303310023126,4.064055611838138,0.9410485482229599,3.1554469618077126,4.370041559517645,-
4.042866204037699,5.947612899169514,9.831415715759352,0.3728655439244877,9.581330797019522,-
5.373070825206504,10.0,5.135696759304649,0.2658710581257193,10.0,+
8.086467819068162,8.004793527187847,2.690128707521311,0.1250736178567169,1.1683308793674285,-
9.767472699936867,10.0,4.330693930216463,0.2244815119434278,1.6830045844683112,+
6.2883499494606365,5.551155603939644,1.326589190301154,7.5566493692121135,3.8871747096347997,-
9.340572228265591,7.534059447943422,1.4810163199387865,10.0,6.788277578283676,+
4.341044904830554,5.8620427672990925,0.2811215814068302,0.9706614873771247,0.8542910401122106,-
3.3302571328069597,9.216297223013504,0.49729584564333296,1.8065342876143788,0.36733204035457356,+
7.3824322714049355,5.9104626063597365,2.5593548420169254,9.650740620906175,5.458484721058588,+
10.0,9.548154545910059,1.5312815705033904,2.057534556440683,4.586910563996506,-
8.301917893568852,2.948818077486947,3.1751244390649127,2.371598161399345,3.929613130763375,+
2.18472463466757,3.190409534760594,4.35866085953837,0.27824699937574543,1.432360982596451,-
3.5054897401085148,8.641430748528332,2.9411693442817723,7.569279426814777,3.1367431825394365,-
5.191483660062741,10.0,1.6226493426852489,10.0,0.9550296547718294,+
1.7101405517760704,8.915500933752888,3.5018685418667794,4.695519535846935,9.616136364055691,-
3.2696410174927375,6.6369450900811415,2.797750297070196,2.1327989471181477,4.04560973647987,+
8.246207033769727,8.974225330020174,9.812416472881543,0.5482336678565447,3.0231436446067086,-
1.5940152748837557,0.442373945158443,7.263133377625736,0.8460425308962419,0.27221036031963575,+
3.477810158997717,1.5963029102401127,9.36276908883613,1.3903480171150917,9.32075319906491,-
5.753078049136193,2.689747285930762,10.0,2.251681016677962,10.0,+
7.5619436222601095,9.467254201140117,0.538873923823856,3.4730887718499504,6.529444103777559,+
10.0,10.0,0.03837614624166057,2.0229816373783844,4.668313194984291,-
1.604638504560305,6.226401759231365,0.21493312012412447,2.273178767852866,5.304952548376939,-
2.6972845869637063,10.0,0.401736384913966,3.4948650496518137,7.499503358873575,+
1.677215573350458,3.075952014765866,7.5225482991478625,6.454928994314237,4.186129196640654,+
0.30044991853256153,2.2027593745894056,6.746380560575888,2.3506988232542523,3.7089368564818157,-
7.45472078024145,8.093637760757662,9.030523371707012,7.817825361380527,6.625614476180022,-
10.0,10.0,10.0,10.0,10.0,+
5.8784702598129215,6.5397135395985595,2.9857544517307053,0.860884682573877,1.3937348572567432,+
8.361682862007694,10.0,4.738868279619272,1.3162114578642825,0.7988775657306617,-
9.885962726339567,0.06539770206186346,1.5107635121106877,9.5078146112833,3.6991458728060578,+
5.15345025251839,0.024707701822607998,0.2113239808035205,6.1548722448965085,1.9674541726088826,-
5.761806925957106,9.29486370605592,5.689857679312399,6.36832389662569,2.2217301235657825,-
8.802664313935345,10.0,6.915213130099835,10.0,2.2904012807865675,+
3.625378031153783,4.496155379404342,3.7595683567820948,4.2264405783011805,9.343009281957187,+
5.020070384343923,8.350118487285815,0.7001655603834509,7.997513706221153,10.0,-
9.974615852614736,5.563939141514204,1.788410965691305,8.96367590167832,6.701443923974018,+
6.505181100134852,3.0637172035476947,0.5842526917954056,0.44296173483554596,2.3467351932050393,-
8.224050870585675,1.2718682574565487,5.0762396104802985,5.643167781468012,4.881707824686961,+
7.993783111165434,0.40397689307033907,3.439063597980593,0.5491335876239213,3.246964875362933,-
8.339003018869148,2.294414359190029,5.332911912175949,1.105916171924315,7.529890515429666,-
10.0,3.6118615718642437,6.130104237402453,2.1471127157290666,10.0,+
9.948205267663614,8.528747857789314,9.450473906113746,5.374913374778134,6.4842786229706135,+
6.495168853954137,1.4148603358678669,10.0,3.140413491903285,6.543859767146029,-
5.047395404031753,0.5709744768956704,2.7001141086926705,7.951768063562975,3.847757043273552,+
3.2432331481435748,0.35956924125196077,1.313843706498124,4.799773683525777,2.8963310047297353,-
0.4652547881147373,7.9680776958662305,1.963982800896008,4.0094229224562214,3.550059913122716,-
0.9069324024020365,10.0,3.488071062496126,6.2701817970547635,5.249761443854964,+
4.220088377637533,8.327309127350208,0.1951314922264913,0.8169810667056998,1.0100173396361545,-
7.306351728650593,10.0,0.16469186607713715,1.363696444056247,0.572341800478663,+
2.903030446009145,6.730858172773119,2.951066744842432,7.428753789544872,4.472254641877756,+
2.6436060776332204,10.0,3.7712155195090733,10.0,6.599333359584598,-
4.18874442346429,4.7188821887079655,8.250132650056045,4.239051279582324,9.290525022105372,-
6.214695375022447,2.2232843866308603,4.994605604606261,6.713278580377877,10.0,+
1.1336717683992237,3.2415849682589384,3.6006102258617343,4.661675591457084,2.7474409233523756,+
2.1075404934552857,1.944196467237782,0.8125225004209441,7.0568247613042265,0.9314667437195467,-
5.9618409498826,3.052881187057037,7.513776630504516,1.3207931526019878,2.288467007649589,+
2.8472646925209784,0.7253869042796381,7.321273516929942,0.8198755832060678,0.24182359490289201,-
5.171473154945937,6.712735789383561,4.643162240688091,8.109444606268486,2.5195376692684524,+
0.8342761949580764,6.226491187537076,0.9800213980144139,1.2933427426225563,0.3818035636861624,-
7.130198004591262,9.23008501987669,6.802929073127098,0.5196055122818555,3.3621869385262504,-
6.209479058117352,10.0,8.291351080089981,0.7883487361168143,0.09252298959696709,+
8.065793247773712,7.067114700142848,0.21626957540248237,9.42268704602056,8.034935625350581,+
7.263466647578968,0.24735189343179437,0.07391161832585076,8.57996194667578,6.755041217582071,-
1.3463814476475178,0.6088064384210523,1.9732328684149292,8.267368507208626,7.943492267630221,-
0.8655772487463638,0.5934217594099047,0.5894828574822519,10.0,6.038287069317962,+
0.8678462034138545,4.868897193482936,3.7294845190515935,9.764564729604341,0.05253508363999071,-
0.11557748263269521,5.549146421379298,2.7757553899151524,6.706187638035896,0.013438652204780858,+
2.7007628302664655,2.928425219590296,5.890884086347494,1.7453178708484196,6.8847563062917425,-
3.6034800125509685,3.15046122334476,8.101841067255451,3.4580385019975983,10.0,+
9.78322383004199,2.1325025485221505,0.16482119251132965,1.5212658520176103,9.887599170885364,+
0.7483344942827205,0.8461764837469496,0.07069683477928175,0.884549853721578,6.65057231330761,-
4.995545619596353,9.52268420261553,1.60632290832598,0.7873631368889644,2.521635622491246,-
7.17506901473954,7.628981211195567,2.576675610583881,0.5095121414367572,2.5586554764101366,+
3.1971467987958913,7.910855080678991,9.276724162623234,9.241416053170722,6.345344874449802,-
6.3769779920828595,10.0,10.0,10.0,10.0,+
0.12883491047867346,8.877217830688648,9.919170676646955,2.010068493352569,7.360750966715149,-
0.04513195883540006,0.24405229085473268,10.0,0.5589691552690326,2.5871240404341513,+
9.334520236914894,1.7623217012033865,2.8669110299504674,9.824743716138489,6.951161970414098,+
10.0,0.8776061226630341,4.46388092207566,10.0,9.451478142591354,-
2.497059105708388,2.6861677812490123,9.525400685198711,8.39535464315436,8.605633667399582,-
2.586810174152643,4.625336873616043,6.786343320514282,9.169898946190282,1.128879432216712,+
3.478670697484313,3.332486775811333,2.3625561324373368,3.4763636642006404,4.864762005695663,+
5.192549533758095,6.034633843887064,0.7035919627354763,3.7380409328393442,6.848466743710399,-
4.862749275884974,1.6467421516315428,8.703778314710597,1.1593872150196538,5.089590064531491,+
2.8700167525903284,1.3334525171052412,6.240803788764143,0.5579057770106444,1.453193609687505,-
9.181556550220245,9.466500771323673,7.024287861360905,9.606501877333685,4.1756475029415165,-
10.0,10.0,10.0,10.0,5.326093882985141,+
9.937373897977263,8.540285250217774,5.065234990682433,6.932802325425122,7.300307734517343,+
10.0,1.5436296680039618,8.811974845746962,6.820175049783124,3.919692581488128,-
7.616538957998161,6.127338705027025,6.903881984325981,0.05712963281404693,2.1447664970294267,+
2.4373734118799644,4.511541573475923,2.8026103256682675,0.03987984033897776,1.2019531077963406,-
5.242701347657347,7.463692644437998,5.739700497636787,9.523504226988196,5.461840738480367,+
7.736893876743148,9.245793748433233,10.0,10.0,4.588465168193192,-
7.667733223911286,8.772897349317667,6.7793948099661545,6.937251133214626,3.476599697509042,+
6.235569332952617,3.5366058195258323,1.2665384390690968,2.6045049005498475,3.209840368671241,-
0.049104135181310404,6.194982167879317,1.4246629559253188,1.266274379493012,5.783293940309221,+
0.0137303429627042,5.486894411048811,1.9187922148793632,2.065083871473816,0.5410689920415641,-
6.1582920359628055,5.7525816264810805,0.6343197705617598,3.43120440681405,6.339312471274733,+
9.752677351924051,6.044927827884899,0.6852397535944791,2.1237801267296086,10.0,-
9.228256902133662,5.543623186518097,2.700479769206706,9.997109649395647,0.7482033197871085,+
5.731384278347058,2.802716406150205,1.6163732041164514,7.975098933454821,0.6387047946941314,-
0.339975382340042,5.160578212030208,0.43880395981318543,0.966771018298187,4.831755442477329,-
0.37923602963626046,10.0,0.5886210627472874,1.9038038135666508,5.8680178005207395,+
4.838669881963109,5.984457317815622,2.1604729932177746,7.022016804207879,3.636960833056573,-
1.2888888668124268,7.655802403285174,3.6027006655994422,0.35731946692741856,4.280673611052391,+
0.7026705352530638,3.954222808222797,8.634398815906355,3.3088772861869264,6.536570379892526,-
1.2863911702551893,4.553088884050761,10.0,6.372322867802581,10.0,+
1.4577984833216762,8.285505366213226,0.3942867746178491,2.729371418467311,6.0237924211392695,+
1.9638925041504705,0.7811821399912595,0.21791179424234514,3.2322732311989917,5.9057715723896145,-
0.5552567182220391,6.18616473968639,0.21311297929409445,0.3046720642866918,4.478932426283992,+
0.16832674168383188,4.2015828479742705,0.1399795004061959,0.09947362727076443,0.7119843630331457,-
5.392279230122855,2.333500877311944,5.889245027237358,0.19446071305172397,0.9457377078618989,-
1.5610490714580223,2.423485277868573,6.099708653051097,0.35475492376432055,0.5071374056267816,+
8.020371133876608,0.7569594648913858,1.487649053529394,0.6009400507730323,2.85000149899185,-
10.0,0.6511373246967894,1.2301062511304766,0.4096760755911276,2.0281288497800656,+
5.493430631489559,7.506947702066401,7.695286218494233,6.593823974732453,2.4540368227828626,+
1.6160845507380674,0.7622814415449619,1.262196028268597,1.6700531111713086,2.220254014215851,-
8.25284952959548,0.4929483618304542,6.052637561427501,3.2935828530380338,5.641527309921295,+
4.080138502755141,0.2269795821539207,5.739738302742203,2.0979692109593833,2.6071539384710856,-
2.7419009943120165,6.3161308128861124,8.434153088958519,1.4062115309921375,0.7033043464402011,+
2.7801434703634076,5.307838972904121,10.0,2.2152069749076624,1.1943827528107296,-
9.032392400575741,9.89883982243525,3.11157574778657,9.010534253835447,3.673543826613673,+
5.21049657531774,7.681646360274146,0.7646453871019023,3.6688287338850705,1.7398179084923373,-
9.271156794832088,4.514214650056595,9.769252339204726,5.219999520679903,6.884089043097448,-
8.308576690283807,3.5505573713561134,1.9479674427881928,6.672031968187031,1.4316433429415723,+
0.7040457188304783,1.5430804615924565,1.7823893711696082,9.949119677671632,4.886573789165601,+
0.7945863795978821,1.3686482396047643,1.4395095800442166,5.071807315135417,7.838787508027565,-
7.0869617443525925,8.40097444720843,8.628032418983697,5.8200098826431095,3.470140139896868,-
9.72859385020489,10.0,10.0,7.024866877636389,6.510782915901152,+
9.14976719833106,0.32707818465476435,2.1373359357469877,4.722141367042786,3.3153325450194995,+
3.09858184677616,0.06856629980287196,0.5246480663482697,6.383267758629324,4.680167467569407,-
7.969710523851042,8.917736784671355,4.529192786541491,7.333982981640597,3.910408084591166,-
9.567198016137363,10.0,5.729848158387214,10.0,5.812667948250659,+
2.4547264790961987,2.5386072971344253,6.889649364980544,1.6873022916092217,7.935194289868727,+
3.17188316394906,5.017518971694329,10.0,1.8590031241215594,10.0,-
9.849881346773348,2.295122621054958,9.008471767892244,4.732960383153967,4.267574211825006,-
10.0,3.349215603298646,10.0,8.741649614023357,7.749769060980632,+
8.206556983114575,5.263224145399489,1.5351869733037549,0.14489851876028248,9.515307242226951,-
0.058062076698828624,4.549218903089627,1.188312806085849,0.1346830452235877,10.0,+
7.959601134183563,7.20861020965682,1.8561942685744948,6.762479709911203,9.968190151392287,+
6.865478412981873,10.0,0.4507387042695873,4.602754320294799,10.0,-
9.761772455300694,9.428884622211417,8.928551223136589,2.4385542378021707,8.53510857236436,+
10.0,5.873861906096554,6.739610438042382,3.5035270178283713,10.0,-
0.45634878985710725,8.455519595976556,3.0945539317461868,0.852824821785787,2.160135624795677,-
0.28383976149868867,10.0,5.482795232260284,1.2499034222530225,0.14003026346287187,+
6.934606432641052,0.9665887020750819,5.660536967943025,9.494557801267643,2.5592603394473,-
0.1473617535463331,0.7574528368771252,6.445217545690627,1.218879183827345,2.216610041294868,+
3.1146687655120475,0.9063594348840609,1.8138232633575568,1.0578689664067165,0.2747795498901362,+
5.28910827293806,1.7277531964072703,1.4193816180233647,0.8859726005350987,0.08905382501832944,-
0.5646602252253508,7.307517107757868,4.871280235992312,4.4891392668051395,5.489310579757806,-
0.9367263237267368,10.0,5.101223904917619,5.494150575842938,7.76899010128745,+
7.021452784805847,2.4903446913607343,6.612444701374916,0.5445658971251288,6.6863989658860135,+
10.0,4.696633171475877,10.0,0.48657701715845825,10.0,-
7.564940668028321,3.1618829759406575,0.4985699737978244,6.586714033089455,8.720836288954603,-
10.0,6.184940062032206,0.7429246571431113,9.105775698917475,10.0,+
4.424932912354304,5.36318601562824,2.4630100835427484,2.6518697815406056,6.5716240637379215,+
8.624982378488681,9.006551295115372,3.3756156313915295,0.1270060567552924,9.14670761303075,-
6.569119520772725,0.31490206012111277,0.05375575603856042,9.624317309838252,7.7177643717367195,+
4.345397299381309,0.2608648635986361,0.038661963371772204,7.3803544047398555,2.1596929640776987,-
4.166668661743796,8.249339234328408,8.296265285820612,0.1962888029127241,0.6411997206879061,-
4.435597895327625,9.08922011220746,8.569387171081168,0.3130981833732192,0.6447422221393326,+
1.464189070828833,5.203246953699781,6.195912084218103,0.24620947530323178,0.8893745062513181,+
2.2201588491005033,10.0,9.001737133558038,0.17709534996402365,1.7064039036017746,-
2.8165128214172963,9.901182217878091,4.174809570557343,4.3103029232918635,8.802499035838046,-
4.390433908426524,10.0,4.687970853448323,7.254508864714582,10.0,+
1.571508585890613,9.304819650684088,1.0133580877930104,1.0964860932295417,1.9706259784971192,+
1.837333966631527,10.0,1.6066291713435736,1.9892748551036408,3.2789869722512965,-
2.3803988480451577,3.528689269709483,1.3766812049754673,4.615983176831973,5.563281445839072,-
1.5290916582108451,4.018190491947485,1.189196066189543,7.5905631121521075,9.980319259593426,+
1.4799687604307044,9.443806974440797,0.04501029484377139,2.453775032049381,0.2575301118737172,+
1.176356306057996,6.526955132922925,0.01889069264661992,2.3947174645947276,0.02677360816622285,-
4.795205883009269,0.0563673876218318,6.222947496368211,8.093230983807718,5.7221547953767615,+
3.228519810751787,0.05916778554417318,4.750838874116427,2.2131421926660146,10.0,-
7.043812050772331,4.443819323087965,8.570852530468049,1.3586770220853983,5.517954844620238,-
1.9558877500989476,6.066073883089349,4.1854476406571886,0.5380590573590226,0.023597635039277854,+
4.140818164091033,7.410649726479006,3.395382510024849,7.679209243308669,5.978172493766865,+
7.070924866486563,0.6467838875968829,5.648111872465091,10.0,9.915820849995184,-
8.185231330498379,2.9471119019915024,3.4325111820925294,7.182806985843833,2.2994947281675016,-
10.0,5.401401461303872,6.361844086696684,9.822185880717615,3.867008565447871,+
5.052368933038753,1.305257235708367,0.28212364242355736,5.682022387937183,1.4127078498358103,+
8.998929086366752,0.3649358385999585,0.2386788888900639,3.086442411601983,2.525918382330583,-
8.473281162291265,0.6565589312913822,4.387060400821189,3.544162376287571,0.82501287295358,-
10.0,0.912096989118981,6.225945184476054,0.30176554849291537,0.17434772471085067,+
9.974459874927591,1.1462036405654485,2.896329154616345,3.4318768708995395,2.3710309669322926,+
4.780674791247598,1.4077320731505119,0.13707326004529405,1.5308171640117474,3.5801501236755957,-
5.048242085702997,8.483292999193965,7.549960570399995,2.754453737358636,4.5340718729395055,-
4.346412069736195,10.0,3.8563814255668234,0.8269069547864765,3.0759064210752913,+
5.941945090617807,2.0817253331283023,0.38391847218169906,1.9705311431016725,6.720062738526429,-
4.0663366558705984,3.2899859974253025,0.003175424204471838,2.505475539069587,10.0,+
6.194924552854407,0.023390937767271414,8.848148610452984,5.499201431955463,2.3152011350233783,+
10.0,0.013626544140348444,10.0,6.393354694256277,3.225262991001622,-
5.682375982820831,9.813811370332118,2.1639793610093427,9.168514574688496,2.892065119585282,+
10.0,10.0,3.0081896017937355,10.0,2.259359780298555,-
0.5661964683713161,2.221159861768874,6.374473071156635,4.656932863095431,2.396008865913677,+
0.7297141153941719,4.265905807518708,7.727841623631969,2.880356146939204,2.600079865176394,-
1.3744888544485612,9.936846676699975,1.1259707271132469,2.6146968646557722,6.006068556187123,-
1.0276826439734146,10.0,0.5807612653480206,1.317370420822785,0.24204466679256717,+
1.112142801629401,7.7345108598345504,8.913282035741014,9.4797143318064,2.063410675121,-
1.1126020300314312,10.0,10.0,10.0,2.794225694451586,+
8.312674326351784,8.186184151119503,6.347431153747633,4.23079942759604,1.471201030194652,-
6.547324822486375,1.5825726809730076,7.735915882885941,7.362553664669577,1.7345661962506091,+
1.5660551875818574,8.055005338741275,0.11226153402113304,5.692098429385398,8.55486264286271,+
1.8947043256454843,4.9174801439915425,0.17146991730919048,6.149402941283184,10.0,-
7.578629801652764,5.251194329587884,3.686007828263441,1.1644133009760982,5.285918253926787,+
10.0,1.647929597747988,3.9412511149751257,1.3596653835362078,7.410422179190202,-
2.4743897049717276,5.136736158992071,2.3753279895564394,3.192186361693473,6.164966850024049,+
2.0482505343202306,0.6152771329185478,3.00533500017679,5.675887013076897,2.6185736268197934,-
6.215191396785153,7.236335810526579,2.2815267558411243,6.5997393554361405,6.015698269582738,+
3.696215423540441,2.818334609128061,2.9831674880447556,10.0,1.585440361219807,-
5.601920485865448,0.1009033412635485,8.026571534180707,4.638043320993363,4.176231749819009,+
5.405607431383076,0.02220589854298546,1.502266430188036,0.05346936586954626,1.4792245806727955,-
5.034075804663882,4.115477236464122,6.222636228815672,2.8229147106992447,0.7567453406449753,-
9.423198352506644,3.309611748088014,2.1762578457015165,1.0520420035125853,0.21871470193558415,+
7.207280120069532,0.6565255234094802,7.319472627612173,3.0274282531431576,6.6285502345913185,+
7.41175699637517,1.1230333124874832,10.0,3.9163321035683687,3.2190195855080157,-
3.5762664728641056,3.512967871153619,7.898760176269613,9.655024947449789,9.770347392864016,+
7.148566389820814,6.791708601460098,8.696507367228671,10.0,0.5923028534040344,-
8.556772269794212,5.583420911134816,5.271959952959287,1.6497120024539114,7.34250096154157,+
7.930708803568371,7.228265352729523,9.401824264201522,2.6733254004160742,10.0,-
8.978985788084945,9.327752891234299,6.024810414331792,6.355723512097668,3.277666804794878,-
6.425379062633172,4.203578243370657,5.371595513358118,9.033214758659595,0.2954777055577204,+
9.345623592318475,9.072321803010508,7.955909686016459,8.503042883076333,1.8135370633184933,+
1.113884084090096,10.0,10.0,10.0,2.419199433448754,-
4.555493459889877,4.956686639996707,8.145040129891056,3.9994351512645787,0.06450340976689173,+
3.172240957744063,3.2078250414444702,5.319260509085263,6.807302761105879,0.1265453735255331,-
1.6165395535500537,7.584128047121875,4.3227015106295665,3.800932893668193,0.968907180823414,-
2.725639860655655,10.0,4.754396267712961,6.2424614364605135,1.0879964565132085,+
8.75486064132247,7.666451911558724,6.007594678906426,7.594707908101606,3.5771815345158386,+
8.563743606101605,1.448904081032239,3.907818324068382,0.42548442109800455,3.3274593925465967,-
4.834825569997832,8.42599438891365,7.29066230976961,0.10277707830437466,6.041258216189075,-
7.202890927997064,5.331572744199974,5.050346026106486,0.060781672137360625,1.5968391888976925,+
1.6491998555104692,8.17005741620902,2.232202109339946,7.9320518343880275,0.09212441636405666,+
2.1149151187875534,10.0,3.170621030771585,2.7397613463317527,0.15942148382115864,-
2.2828234591190286,1.8361587556021974,5.090473134068767,5.144859376379411,6.580275146500298,+
4.17215949888236,3.4112499750169913,1.1827029995418834,8.411984560848385,9.586209717383111,-
3.0613207022920186,9.027393822144331,4.169579576190756,0.0838513157049936,3.4848455527671582,+
2.2589296178155296,1.8763077785590792,1.163565848758471,0.0380858992745874,1.3595789090138903,-
4.655449888842787,2.9792461591252275,1.383707403700215,6.864867704017082,3.2170710482889655,+
2.9236778384737176,2.549983369208854,0.6687544020245687,4.541574750636881,0.6785365995350569,-
0.8717679625660069,8.2822767342438,6.021847486509194,9.95765934798295,1.8680369621808113,-
0.677808754435202,10.0,5.182185572917425,5.327347176029381,0.12590296718552274,+
2.4778433474132644,8.61895543321943,6.4941109552427525,7.834068544953192,0.6230967429205647,+
2.3257344515326017,0.2150080356697789,1.7588249535687783,7.369304054992894,0.3591324011907885,-
7.918987325928222,7.43195712082318,7.667722465812058,3.679055841689902,6.296724148118486,+
1.0321799110036203,2.9499764036137512,5.778907799553356,2.4699936093850563,2.87384456624226,-
4.608255514823865,9.003287480152553,9.653191729026688,5.14408700935486,4.749557812924035,-
6.213276318641663,10.0,10.0,7.994760203988139,6.701735629103841,+
1.7132576260548193,5.071931742479744,2.0532631360542117,3.3613765185264564,0.004497885105485544,-
0.3904077546735092,1.8195943627043145,1.1675829168388598,4.914437479763106,7.280857600959924E-4,+
3.822043852144187,3.0509907452709326,7.172053947130558,2.420108209197579,7.220694943775955,+
7.61347864244803,3.1604467886078904,4.015743152652127,4.123160023920024,10.0,-
6.2657519679815135,6.808969885136946,9.943665972437879,5.447184070660046,4.318417452009417,+
10.0,10.0,5.775529883706717,7.548310868664215,6.946148903012401,-
8.150674519006504,5.910994086424023,7.90669937630682,1.7932063474020299,1.8218358456250705,+
6.604037670555222,8.391322607962472,10.0,2.7106089084858707,3.5592752281772766,-
2.2822663108363583,9.524612457244906,4.701304238586087,5.114281854435657,3.3812529091742025,-
1.8683418177786566,4.6844775872964535,4.345690726711354,7.734371617814931,1.2764905622393,+
8.029255024127423,6.320887780477099,6.46716679501448,2.44965837698486,2.0673892364072746,-
10.0,10.0,7.510877018064765,3.6352894153911226,3.660362965523584,+
9.491359431583886,6.066798575281364,8.525608325682027,5.213946029042055,3.8335569030569863,-
10.0,9.351645749793956,10.0,8.152811625752607,7.099473085983418,+
6.487045738496099,8.128516608162549,0.904969437283919,6.102208662291194,0.35951298094938355,-
5.801865671145954,10.0,1.7065610338693071,0.39232363056097325,0.5413395622232777,+
7.9351338052557585,0.7257547949650911,5.15606078793134,4.508731647353952,1.136241131025716,-
7.3000465863522,0.8825709023027304,0.8053338682915047,0.8069323926461038,0.3511386672742539,+
0.2430716645008124,8.657553365514916,3.1892604072664366,0.5783227731045693,1.8902834546203773,+
0.12660311480490377,10.0,5.292446753497117,0.9104786388256768,1.9912631358360753,-
4.433655162583304,5.8480930204995865,7.320068056072163,7.313237865528829,1.8439720181606523,+
6.486799979834499,7.3804369474855696,3.6529107039411235,10.0,2.612934609277531,-
8.816663092614894,3.642236456531256,1.3603167887192036,7.468512222188002,2.4961328889418546,+
8.893722633442513,5.4950382424371815,0.9025934861942589,10.0,4.01871061856665,-
0.2117111616707823,0.6294649361477278,5.974234766193129,5.313502404850652,0.3567259041825255,-
0.019786978148370306,0.49165150565830157,3.523330251115094,4.0646833115866094,0.6520557681068099,+
0.7048256787725227,9.194252183760936,9.933816826258147,9.083899509575343,2.0624965506093753,+
0.5668608130138376,2.3291867689290937,5.167466566740276,9.068772507374371,1.8464048448498347,-
0.9476752792417698,7.846427355113522,8.603069519781467,7.301863965042383,9.332829388990536,+
0.48297708936846023,6.350079153849779,1.023010884501328,5.501272507479145,2.8931841341480613,-
8.20152531221842,6.853295137970665,8.455718565162035,0.005566352759069915,3.0338174242143934,-
10.0,6.05349614514458,10.0,0.0015580509688552233,3.7175335494629116,+
9.678191070259476,2.5485186366884847,4.273690155750205,2.835766843316212,0.23366576820699314,+
3.756689405554309,1.0313873574623287,0.40924772342183047,0.6650312783843753,0.18868498950405801,-
9.998566894331063,7.009515087294468,0.2836226628587002,5.864380421251715,8.80285644074398,+
10.0,6.402436081602201,0.2717342848815194,1.6034299925147832,10.0,-
7.716363038060612,3.666870163487035,0.8693956478873299,8.870421359853108,8.096510747233534,+
3.2498205441321595,3.5873519958969506,0.013746190332046517,4.556594728568556,2.155820498419038,-
4.695651083444881,5.118332391270729,4.651160487472393,9.585225534052231,7.56664007080842,+
0.7489216585776005,3.482925866888927,3.9907917285084764,0.41465242302558064,5.441004580431846,-
9.554654904389983,0.6913695079121795,5.079507792723343,8.357718067746928,3.3274744321612273,-
8.140101397260047,0.549444247600745,7.382171661586923,2.7811864923128997,2.7288670509216826,+
0.8096098081338576,9.705641595281048,0.5399693757924184,8.780733896921596,1.6291162582926833,-
1.1976625740356506,10.0,0.7316708324048681,10.0,2.6290564484929604,+
1.1884726615637486,8.921121388546743,7.600300849243733,0.3810579668088443,4.044423461798072,+
0.6217327243766787,9.832321119070873,5.308401656228967,0.17052909904902905,5.208484944091151,-
7.872491927471837,8.461114120220893,8.77909758427166,8.802647466800423,4.473662964679093,+
10.0,10.0,4.393713933626592,1.4065760685351123,2.9785231846058657,-
1.2076212766019534,0.562652514449784,4.828209359212291,3.3196120595770298,8.60349429972827,-
0.46867779913253854,0.27105623279898106,2.0304829977098495,3.8063297979055872,1.5428301074869482,+
9.54241765859572,8.228002261704843,5.432921661412619,2.269767736882357,7.758010194047672,-
10.0,8.025875722897268,5.088715013147728,3.0724802572441616,10.0,+
4.263033086605848,3.2593560635510164,1.823281888202768,8.325904381887737,8.455152380783078,-
4.028534009826629,1.0158243303381518,0.35139702475316154,10.0,1.7649832584606036,+
6.116005839696407,0.8158079937379026,2.223102232702457,1.2526202989709567,8.770239979884876,+
2.2450278119367884,1.470471519309237,4.04782195862327,2.023882250017888,10.0,-
8.903051295742374,8.816036157292952,4.547978510006878,4.4733267108944865,7.067894165302315,+
0.7203768991162556,0.9426451969169759,8.692346923995244,8.278996917821303,2.696900005905764,-
6.503424283427131,9.40467384007655,9.343217745186442,0.5987892221989333,9.647892996630485,+
0.7483965126596357,3.5156143092163443,7.559711710239811,0.5022800640656983,0.7988615035306187,-
0.793388318027356,3.506298017665419,8.680977649942715,6.642645984258728,7.486675887357286,-
1.363869011277207,1.2128739883302553,9.60211287088054,2.704587862174204,10.0,+
9.43323339517982,4.23503811792872,0.8067507336722435,0.8439703649359576,7.022911278310694,-
10.0,8.279600990554263,1.4583432508239769,1.0314443271090061,10.0,+
2.380600082718558,1.229029517365603,6.736443820341739,3.2389215144769445,0.500596201776401,-
2.706938162620313,2.221487111986777,5.58061285962468,0.5557239798552948,0.9725172929167396,+
3.02530617205077,1.882170864811471,5.832170738125967,9.214141389576174,1.2513686732711071,+
1.140052913607483,3.4893177174896897,10.0,9.276982951581571,1.679889365455634,-
9.901317405700132,4.575678934430317,4.831938898463292,5.069074478767954,6.585529102768859,-
10.0,1.0812581862518786,3.5315588974239844,8.05800479074562,9.442837621661775,+
7.571030838670442,0.9396000566336171,6.509991612672776,4.144946494542568,9.082031936122442,-
10.0,1.5290873324607561,10.0,7.606397091062141,9.697101201474814,+
4.738653410078385,0.29791480862177977,3.5445356385197035,9.440804623477911,9.822294596008774,-
2.2375424303112212,0.11739511852373938,5.8725406916765985,10.0,10.0,+
2.1646980027910634,9.192674173394966,7.7628296020605685,8.835932727394502,9.287454917866828,-
3.6488561061539135,10.0,10.0,10.0,10.0,+
8.154116552747208,7.113194484265417,7.647035617548625,8.52843045842832,0.6431410807927029,-
4.594109999381246,5.537821335546051,7.0740738679746205,10.0,0.4104942103135892,+
3.3897634513257824,6.038158031649697,7.325290002436718,6.156129310028874,2.0723386402463895,-
2.240227563958593,8.04571842240099,2.9128744239561306,4.185959524540139,0.13522724264615774,+
2.7634713286401036,2.345499751735539,3.1342657028116347,6.670525431462195,6.135157900193907,-
3.503459013433969,2.009036424063775,2.7659468748677067,6.758620743840617,8.22360076641873,+
8.078071703782024,7.829022120304948,4.630338308130213,7.366532145350479,9.303442215977086,+
10.0,7.077310282043007,2.731646529743434,2.413372983831412,10.0,-
6.455698978371119,7.37995412066425,3.5368436925529045,9.506230009766934,2.3176854179206052,+
2.9896826709458018,6.16588335390709,5.506732648976939,10.0,0.928357034141339,-
4.905082456927835,4.636570168540162,3.6264473169821345,5.702882434981237,9.420783778277658,-
9.082133622487309,7.199971757122902,3.9531101916559197,7.177861742964319,10.0,+
8.814473235042454,6.703888323946231,8.271595992978021,3.680387480702784,3.8193335807737006,+
10.0,7.137555344925483,4.886649483751005,4.426005803941042,7.0698640292417965,-
2.7543683545057407,8.565861535762583,8.685545613610108,6.035883075096927,1.8484716718135408,+
3.2630174951373516,4.778421283352998,6.74458699062172,0.06312008540436773,3.352257825440022,-
5.0788221285520745,5.773775174599312,4.7270559039534685,4.705836909492494,2.614968298290423,+
0.023266180197556777,5.132590502924669,2.641081239549599,0.8554902805423785,1.9876324464894575,-
1.9616670360032717,5.761929876020874,6.1262340659855985,4.891154703980545,6.609036321539021,-
1.9694734526593356,6.596340791895409,1.7807188658068134,1.3098706901604704,10.0,+
9.117383831652315,7.838052926121027,4.663251779818166,8.84057280898286,3.0751665814671094,-
2.2098328053267844,10.0,2.3907164882405922,1.4432725781475746,1.0006085881404398,+
9.7089966552179,0.1400380322814676,0.6663435172763266,5.640906796829855,5.220631751532069,+
7.573836273594389,0.10694408453531214,0.28110634940213425,2.9495751422319274,0.42124481421686616,-
2.3077343836085595,0.6449209347605345,8.864591228033177,1.0667096799574705,0.7447268395955331,+
2.8741541754043265,0.5108458567523014,6.242746166486837,2.1066901642739344,0.21952795605810274,-
1.1918456367656505,7.410879494050226,0.2483294234749589,9.585972751349733,1.740110332300191,+
0.9026086412542076,7.463273013778244,0.35342563958497253,10.0,0.6456559251018765,-
8.796461855793403,0.15684187920233073,6.664631715720594,7.2819172107589765,9.9666550441754,+
10.0,0.0020030821555583663,10.0,8.114061530695684,10.0,-
9.690296312568913,3.611488994130718,9.987797064230579,0.07906996223545404,8.763542748810702,-
5.201103657023326,0.29221211840199657,9.357245092278589,0.11841081749880703,5.778050442122435,+
8.352437076093622,1.1900700606483372,8.495362167907112,9.428965943918792,6.3793334871667975,+
10.0,1.3626597230260777,8.582064087991697,10.0,1.7476304867889627,-
3.4616162720086185,3.7872148827506558,6.2684377894431,4.670692386771434,3.9047011945547974,-
4.311094163977434,5.543058847126987,7.234061615687867,5.837141717996026,4.5790859718867685,+
8.549419759670124,2.816033160320143,5.572333835695067,1.9707693786390068,7.052139572035098,-
10.0,4.520738331607863,4.99739830018667,1.6905282591346602,10.0,+
7.113575488907835,9.060981515311013,1.7827762661654512,4.45726249342445,7.2034700885163225,-
8.004483910678042,10.0,2.9410679755263742,7.278727563257572,10.0,+
3.767567110955461,6.114775041645202,1.997414993509219,0.06452797322128889,9.307779893172011,+
1.2900954349793614,5.647120525446761,1.1938779282647973,0.04687095668330353,0.7932076103307756,-
1.1403423821795367,2.225134693442339,4.013713540511853,6.701873298896366,5.2230820506262585,+
1.779297346788026,3.8071683485100887,1.084532868468811,10.0,5.46971432818221,-
3.0136829142570276,1.0352861261765212,5.088659089561839,8.79441120909107,5.179697026108132,-
3.1781678740341537,0.6645807982737629,0.3419647246728754,6.051160662846574,3.46602650947098,+
0.022179498432979283,4.261648764039922,8.014501494797303,9.934169230581535,5.3488987053641734,+
0.003341895748498343,6.175875825234432,1.8479573464764785,1.9908548821398757,6.17034992817865,-
5.9613094492663325,1.3964126325587367,6.391456799107209,8.60386783847034,1.0257313174776395,-
9.620579432430505,2.4702786812551243,8.955226644313234,10.0,1.704661006217767,+
5.266956438094848,1.0252731336853749,4.900146528014105,0.43064585122898236,0.9159874124124112,-
5.343543582625234,1.1435089474478763,9.503816105280825,0.6957181072549395,1.1861822186343773,+
6.520876059272414,4.1620875037275065,5.552173618777312,5.610657238026987,6.059312802110634,+
9.32890781857392,4.4040721407087045,1.9716196445183394,6.229743425124625,6.793180128730012,-
9.180566236331677,0.27419270760381864,9.99914959662925,6.519789139904133,1.4681562939611181,-
10.0,0.40882200353851383,10.0,10.0,1.7475815342843688,+
5.293375118370156,9.147460118460376,4.362714101758066,6.307148772462563,9.807200712671534,+
4.9262983714955535,6.661847422804108,1.4884705569596468,1.535360751877494,0.6077051565511242,-
3.718850751712303,0.5756490510674483,7.131916106820197,5.898971527105385,8.048755276998094,+
1.0059035146905346,0.02629557472567266,4.157945434742076,1.3410001169857229,7.9840811481313585,-
3.606772824342137,0.9755429955092121,6.759070490720795,7.263982735790751,9.889497813717226,-
4.564679423196038,1.2482004235025979,8.454644979612988,10.0,10.0,+
2.1775377955127286,1.7729128917362003,5.102354765349,3.5171167464830946,5.727859010178435,-
0.7655993238130936,1.3148094989365864,3.05480687385147,2.9595364237983564,10.0,+
4.4567941847545525,2.087253475790228,4.798184838807366,3.079296406303574,9.893052752057516,+
3.576396582557709,3.009650751297784,5.534530526519603,5.009874251728925,10.0,-
3.207924093779171,7.744002526193663,4.793980066859116,2.146125027676046,4.7354131002605335,-
6.001730573650027,8.792974991062495,8.789366400016547,3.9744629325821417,7.582034276040818,+
2.739033407902282,8.461016985816347,5.528829235378715,5.209660920004736,1.2232582540076797,+
0.15463344392187706,9.518862816397938,9.531517247770482,10.0,1.316116200542128,-
5.863873529041847,1.0283125740471077,5.371738731431556,3.407294237184276,2.8035816885695963,-
2.5862573023827005,1.831422243990702,4.985884654616228,0.37637540064601516,1.665658554227579,+
2.5990221755841048,2.3252816973554733,0.5184595652857482,5.771212391981393,9.194432150375548,+
3.2815346924042452,3.966073588720228,0.7524353057425678,4.96044057369431,10.0,-
5.698231896468072,1.6764970697061488,5.493584775228109,2.825456364643629,7.918883804014348,-
3.822995715739902,1.3870587711421272,2.6557394146389597,4.7622926151020355,3.6190128227282936,+
5.012094254909398,9.083146430611295,6.069051001150722,7.103936586024879,0.6778422980638743,-
6.460059001435651,10.0,8.229692614621706,8.504388755944271,1.0655294520581104,+
9.576142316424496,7.838167508676022,3.570790240330078,2.2823261859905664,6.253179429342499,+
10.0,10.0,0.4838650539664612,0.03668328486927018,0.07170026560604911,-
0.9981281576263823,7.334531835190413,3.1827421870848815,9.195367424669115,3.5744845179838567,-
1.076531809253511,10.0,3.4293000871313195,10.0,6.319301718983703,+
7.688333387355209,2.1690396097579754,8.783575696700165,4.6419792025220925,4.54671483737923,+
0.9656563033326506,1.6082406426857336,2.274581481525579,6.668458622819406,5.684013190573328,-
9.576054272281295,9.704141980456185,0.7661281738818837,4.783891342759724,7.1244700264392,-
10.0,10.0,1.2089773567497326,8.634978955735114,7.882069242364284,+
8.164575068621007,7.8761534044818315,3.057926508171632,3.829752070886916,3.2638088583788605,-
10.0,1.2437327925614445,3.160633839112136,4.620117682206516,1.7620821080587348,+
5.059887677648449,6.443217780891778,1.6450866237113237,6.363740726921017,4.279019272558423,-
8.170560523383969,8.91739277951143,2.568992962984666,7.720033352683107,7.525995629058534,+
2.060529124865681,7.888695457343516,8.949895321846503,6.479812461605363,7.929709536472579,+
0.7012883044068795,0.3620814513047816,6.571630511961972,7.212255971403316,9.706893577974883,-
2.5364821073752006,5.478621525456529,8.325268727552137,7.15915917571425,6.406504170467448,-
4.415695797735532,6.5011410817321815,10.0,10.0,9.36887088680269,+
2.395194234908191,5.261874899274611,3.1732707547407824,4.48383730547617,8.861665553149775,+
1.2333368264720497,5.212700646959972,5.826953994564635,1.311075791139919,10.0,-
5.610853878971223,9.322343657205488,6.705483375449464,3.9335422933435247,4.037456246613703,-
6.670407531528699,10.0,3.3928572109029305,0.37817834438824777,7.94703782595599,+
5.9927148588163845,0.5311832631987989,2.431754876044374,9.189251978937484,4.227421276798763,-
5.547286455012371,0.487578842675734,4.767428274019204,10.0,7.303981353698101,+
7.7090517342590905,8.562553047855383,6.722632047272967,5.225537310619118,9.979506168662457,-
5.835844361783718,8.646463673560945,7.774339999436957,4.594922191548469,10.0,+
9.815573941947308,1.2439194521956631,7.927271585708487,8.128217682539661,4.196017606042276,+
10.0,1.0799825130909941,10.0,7.716108259407733,0.19802799993269418,-
9.843488785678447,0.9342846546000227,5.6744863948630115,1.9738701821075721,6.631539061837589,+
10.0,0.8206640676971315,9.656204046699614,3.0478391817419976,0.9501256895841564,-
0.917934145962872,9.297520680439971,6.843895337581127,9.252115968471104,1.1816276211271237,+
0.009831484497275621,10.0,10.0,10.0,2.32734150145018,-
5.354201129836471,2.7387391837164365,7.136388158724046,5.659870197711064,2.9426202361692013,-
5.345542636641274,5.366381404935259,10.0,4.664433877132456,5.1506265111495155,+
5.972389109688807,5.71380999867222,7.743964766525715,3.200379939363436,3.364684081866145,+
4.7198847124593115,0.6143060458157811,6.292081387425127,1.4430954870025003,1.3132386009208648,-
0.7971370215855667,0.11997075111956912,6.44617950913274,0.48664658222774326,1.4256700615863493,+
0.2918763349139007,0.016462978959849252,6.010994358896917,0.4009612170481774,0.3422291161258123,-
3.48765790196084,6.912314862163939,0.12816230199458545,0.7187548875741911,3.387249687553302,+
6.158436461248096,0.7270346965967424,0.23843162371121351,1.007578450850356,5.3809540244974885,-
6.604476629418658,4.002317168184919,3.2666518136197165,8.638212625374432,7.961220810729323,+
4.353010533919803,0.6019079659390062,1.0644434292293554,7.269706127770721,5.3827648360884695,-
3.7003812572094965,7.731592261832587,3.6955716709453235,8.909091431448715,0.4414720299163122,-
4.259120612019559,10.0,4.371344032181897,3.4794309581429865,0.34607680202688396,+
4.341586768466258,9.755436130097163,0.31322838256814145,4.541402122885576,7.147573711046366,+
0.530558195325061,0.596485918010505,0.25793402280950517,5.130893550570344,10.0,-
9.165031644364248,3.0636260955450236,8.544701128635156,3.0150257156462867,9.905295778583183,+
10.0,6.117469055989478,10.0,4.936416663926098,9.685251409274942,-
6.170224628718799,5.06726675879966,8.803764189877514,8.588409211955284,9.222675734292729,-
7.974489506381204,9.091186299063931,9.948872709404945,10.0,10.0,+
0.25792981210995936,1.2711122648637019,7.0382463102493205,5.283725862362212,0.8099316606919116,+
0.22012527623752307,2.1996469154686724,1.2706567286590356,4.699856144741744,0.9835946786023789,-
5.0584900700195226,7.466494481902387,9.028122839975094,8.341175545719295,3.9681463451268217,-
0.6887767955628397,9.17169709990876,10.0,3.957337148310209,4.9710918366198245,+
3.3920362197550324,2.8491162969717045,6.412426658243218,9.186112784924752,1.7734163572297512,+
5.5076743966307244,1.5714983224177914,7.284353594729327,10.0,2.580031450622715,-
9.410999116577521,1.0897597487099098,5.504732844865963,6.480179973262514,6.709008529475326,+
10.0,1.1720514295919262,3.968678377430339,6.286844911071034,4.114358201887198,-
3.2183470586552776,6.6327734240502885,1.0998032435616,8.60165437264913,5.899691082541128,+
1.0796652501747888,8.286109459301013,1.8585056107079099,10.0,10.0,-
7.487465456280436,9.928163931632373,0.9797885597043554,9.00322527867238,8.51056924978278,-
3.307709496544687,8.995239946962304,0.7959024884745162,10.0,1.5564437004544178,+
3.725578129378786,0.8028647539898792,0.8239479788279036,5.433942709090833,2.719491833761273,+
5.70153248502996,0.7663349150036143,0.35178151348369097,5.148231914444104,4.947760226348717,-
6.584647226128792,1.6500782422681592,4.064615210833535,3.868300838141953,6.7995030150649,-
6.593424151901048,2.005139055722345,4.484030736143676,4.102633561580395,7.938301678364117,+
7.857194916297815,2.7077506522951342,4.340117811570458,2.3228643995291676,8.810687889164155,+
10.0,2.3955552936287647,0.5178247301863621,1.6366487432692505,10.0,-
8.14505816298582,6.9847952654629495,9.420830636080703,3.057787311034428,5.238146156192477,-
8.529584961788617,5.551035476487359,1.410470484122818,4.394931178388925,5.468676689843881,+
8.928503189012657,5.715846297892057,0.5493546568298724,5.078559119717847,3.067231825260478,-
10.0,9.682396451280214,0.9620809682449685,6.218183100581515,3.7587058266651177,+
5.0061873696339445,5.989413423697893,4.635193310048441,1.7993315002268817,2.04522403483824,+
9.335461802823765,4.367132628284457,2.4388895236030703,3.344003220302261,1.6541838706379197,-
7.8562335983794735,1.7807257879824412,2.5597210859333686,5.9192722544944125,8.234001028546249,-
5.31467497525214,2.8796003475721643,0.98628467722859,3.3617994175605475,5.868528477975621,+
3.0900197758698678,4.812256586574332,2.8211042003193523,9.084686962682934,3.4248038095168223,+
5.301327572921181,6.071998288310858,4.789562203191334,5.506106487744519,5.375737783121411,-
5.071565488144396,3.077184242225931,4.291554121659455,0.5926725029481617,1.7171491498012303,-
2.180986149557157,3.460110101087371,1.6107444043112331,0.15653312517931003,0.573503686891404,+
1.7159444290141257,7.918450352965979,4.964999330582236,3.936663345849322,0.9715690080078365,+
1.6371387571715588,3.6696053986443893,3.2652847395411047,0.1768816126287077,0.08529049331569236,-
2.1531656391124523,2.9960073712642785,9.789805042382625,8.953031835715914,5.843734050992743,+
1.0789029562558952,5.5869202311366335,2.2620063890424045,10.0,5.108667388157816,-
5.352081936752059,4.522150015461529,4.25122734193078,2.647000780660914,6.288826922237324,-
3.19555521896346,8.355785569919263,5.087192299583212,2.2723054409766736,8.969085127364517,+
8.450016706114178,1.9171314832638664,9.664711911502406,1.9228254339277429,7.195274322663465,+
1.470376512422843,2.2427371485968752,10.0,0.8064928886166204,0.6666533507627267,-
5.188000337515169,1.8280395259297089,0.6571591953155331,0.8327926915766792,0.2723114062191856,-
7.4774663137514885,2.5575147973236656,0.988414360439009,1.263124278214378,0.4504734673197395,+
3.117417641334461,8.11295584803875,3.130826149482804,0.037780776021409945,0.08842892317684203,-
3.984524020691319,9.082803536387209,4.856053136215439,0.06668248118594226,0.15252872949381485,+
6.164872015246288,7.575436702327555,9.125916854440998,9.877012327742444,8.821491124322511,-
10.0,10.0,10.0,7.87238804256453,2.5763230103156207,+
7.93383990598023,0.672585916534405,5.023926593159278,9.754008056566565,7.920371242282145,+
7.840618810835125,0.5988949726565865,3.2907421479789734,7.447409868264609,2.6087756638342428,-
1.8032470438277215,1.1401074729285265,7.260241223327085,7.376609445430073,5.124520028214677,-
3.458310869830386,1.4644848211650032,10.0,9.173457762064311,6.425507316208055,+
6.9474796119804525,1.7802128570048625,4.654115562505062,6.32669736216298,7.4461298411475205,+
1.809864758311189,2.4968949396491613,6.337810981713735,10.0,10.0,-
4.236579609909745,7.357028048354786,5.865940798161457,2.7709443217825003,8.211124289651675,-
3.599760429430643,2.5944348056992905,4.808744481083931,1.436804226368038,10.0,+
2.666045836467995,5.147445836308378,7.689519223031426,6.259365637450212,3.051909583922151,+
4.376701283604728,9.677310788394628,9.46586280388047,7.822982497243753,1.1922355847215331,-
0.3630868469886528,7.249064492738179,6.214467334124228,9.511261459659252,1.6477012998264595,+
0.3663266498550371,10.0,6.865008478319379,10.0,0.981445852279298,-
1.9623960068876745,0.8993963700125629,9.459207983918525,3.7587201717700305,0.5686156189373326,+
2.681308409577363,0.18631554281008914,10.0,2.126945377356846,0.19743604565818523,-
5.946457813602713,7.1725959432488375,9.321961224310016,1.7461914775943,4.707698694473551,-
9.700941662601153,10.0,10.0,1.6171222629023791,3.8912989622178236,+
5.752528090836871,1.6993331718727145,8.44289054615875,7.7645069003155935,5.833246528676682,+
1.647188099371439,1.3150814492406597,10.0,3.8535938614444154,8.719471206378405,-
0.6858078051206484,5.035105265731447,6.387071442211388,4.8402042766149584,0.6405302435296134,-
0.5201938185509661,9.308804869603106,2.549096072197003,2.287039483472637,0.4141333556327406,+
6.678073246977845,7.890820395262816,8.780163214071333,1.8022677250430608,2.913497183390028,+
3.6640110899353715,2.6616633150775684,3.1369049802845153,1.3291205184911434,1.2575780460888395,-
2.826563560246471,4.662699040893338,9.41552606160279,1.1414132743052052,1.0782352110301663,-
2.885588451145593,5.352757163772793,10.0,1.9490127711639555,1.8659525361475802,+
3.8467660064115963,6.917637385857269,7.686574862597135,4.945959533177916,5.830860212445003,-
5.228817412703267,9.05880749659377,10.0,9.465719081622256,7.937841146455898,+
6.539860098640452,6.708459692002098,0.7017282323597929,8.118817096160967,7.658406721089578,-
8.087344888631419,7.972142694891585,0.877137461222022,10.0,10.0,+
4.031906578265917,2.2185114810062148,7.0434149797157275,0.27744596418903367,0.816158426336987,+
4.9242660050778895,4.062037569351125,4.4727864939687585,0.5191393507121228,1.171946441849096,-
3.9346332957371635,7.918181334113314,8.791894706452489,4.512117629023359,1.7985892497619405,+
0.39086591210736366,1.835788110877388,3.13351933736801,5.592397367316689,2.360088650758728,-
2.5490691626790984,5.0607458553528115,3.1542084535564685,9.884503264528533,5.9925694454923715,+
0.2166358838596483,8.76524328061038,2.879418097122475,10.0,8.912948401593615,-
