8.859171536075698,4.109942005175511,3.3699194794618945,2.263665207047636,1.7790705674435048,+
10.0,7.195832862955352,3.8440991666660307,1.2713782235722408,1.8547235873138195,-
2.787367440431127,3.6454901009768004,2.24433758601573,8.454503387074535,4.9862971339821325,+
3.2964172915724084,3.3445536064741903,3.1051415266860003,10.0,8.097819572193373,-
8.90161402255553,6.186396631383518,4.415662462605686,5.057252757716434,5.3100867487964205,-
9.353326760105812,10.0,8.743578740932735,5.006039554155128,0.7799683337338189,+
8.977994277480843,4.263674585399961,2.576573729037656,6.348506086714276,5.683060114986395,-
7.228608951710147,6.004545200629015,0.32920295200660177,7.477113127439209,8.475443071144502,+
2.512767131435715,0.5740153566675055,6.070894707361663,0.7556183404399797,1.4260369863957367,+
0.3673139676070138,0.4809057812348351,1.150388228717334,0.10171313925616914,0.042692117367646304,-
6.802307194299196,6.875286566494201,4.149344448723898,4.065679295672427,9.150070039820067,+
10.0,10.0,4.343888553953677,3.679386793692598,10.0,-
2.7079379268555046,8.010271518627421,7.2014711219684555,9.303556359815351,8.545734539604503,+
0.6724276701698043,6.708316508896049,6.868168286462802,5.425532584098195,0.04070842065559664,-
0.4258094035161508,9.674438314439385,1.2699841319697447,5.058990503790586,7.404499765127282,+
0.0709591641588933,10.0,0.06188409036124855,8.53158041259021,1.4313826184550715,-
1.160804144018469,8.592949433664982,8.55399309044162,3.277122830144439,4.878664145096234,+
0.2889489358462867,6.3023894389464274,7.093136659258355,0.8678036834997093,3.8828071769872667,-
3.609996478656907,7.761444659727016,6.348519934646371,7.306896452111617,0.7675484091551021,-
2.355441042261805,1.0365011028913456,3.328508383921634,10.0,0.27171631481725245,+
8.161527391344249,1.599871131027657,9.540069583100554,0.20052009525885484,8.13364643458152,+
3.819889832843136,1.6885564657149414,10.0,0.0250850061831438,4.489740881815786,-
7.577817217362509,7.197399879851385,6.465905071250219,3.081111343285521,2.9602145884663447,+
9.137125487767108,0.893874740032755,8.121977383506138,0.4448430760547712,2.1785327003793964,-
5.618019187787862,7.989759480529136,2.0798448499854647,3.1195402891911286,9.74385711836648,-
7.053767037730867,1.6916837156815516,2.505730939678867,3.774610263608808,0.0048992891727711345,+
2.655281972145721,8.972188073312319,6.311072833179753,1.3713809764915907,1.6011989450673003,-
2.4485645935942313,4.117341274680061,0.9325772481033059,2.1850002509530935,0.2639629752533952,+
4.363905470539309,1.163066709105225,5.848615744139352,3.276643925379176,7.175800911226916,-
1.0459226592429476,0.8733708479270003,1.2435634530669828,0.42891846898511476,9.614672148720622,+
4.640059977667491,3.83151622351268,4.043360627849149,3.152268041011822,8.493419385182206,-
0.6102319024188596,6.037004456397701,6.449983205263475,4.533202717476334,5.739873971532945,+
3.8874764603698964,9.892024999270319,0.7769027583906318,3.0206132062127544,5.703369407803779,-
2.4652788806417214,6.012344805605393,0.39390448841301584,3.3356656879968236,3.7355597038891726,+
6.888990596508807,9.631522401915777,5.066332906160066,2.5892859281764613,8.712056346029993,+
5.606585022605127,0.6728184831665688,2.706639407077676,0.29482630754531175,0.37514346400201065,-
5.431606375198789,8.30885204345883,8.699031294749496,4.143354246425907,1.0681555531483178,+
3.3191023043207015,3.073974646268343,1.943349016828468,1.3855079369307084,0.39613355182952625,-
7.1767562498827,4.730460842658413,3.186992828296801,2.10867311185583,8.026549993833006,-
6.863869961914911,4.1748829887376635,2.373885546288007,1.5103722734357354,8.390646842205273,+
4.67675519212722,2.7509552773969936,2.5887981121069337,6.22303398971087,8.32799870466318,-
6.6016797969177325,2.2846800610787703,0.6641513367913976,3.661791502374462,7.882414783983785,+
8.36661497230281,8.229341664221549,4.438071697004096,7.0520614354347355,6.9790337239032265,-
10.0,10.0,8.799724951889441,10.0,10.0,+
7.776777160527839,3.0837311041726045,7.9356148919450655,3.1705571041752445,4.61172263891703,+
4.665886384992707,1.7532269553141064,4.087313605782929,1.6012372386847544,3.049424851423172,-
7.068918445811429,2.61897740549864,6.157568336939728,3.1961737142598388,3.851346053384239,-
9.385312925377578,3.539802127399271,10.0,5.390797686679549,4.897060101496634,+
1.3317814970893493,2.129417244366109,0.46912282623236434,1.3172845634466157,6.655256054750942,-
1.002891272784907,0.3879155816072576,0.7181638363513179,0.7984190746459722,5.27448607495131,+
1.1767099902208644,7.469453283843919,5.4812258496459485,2.820214384623009,8.062267678319596,+
0.2870926521732562,10.0,8.14508099719845,2.695474336109007,3.739897330361916,-
9.075092570516077,4.615276264050015,8.093706802331761,6.355461362761991,2.920517482224904,+
7.5365162908498835,8.256041930364379,2.669250616450331,2.0223522585013063,5.670781409722641,-
6.542416344632045,4.533673401490076,8.884215463587395,9.686830842080427,0.1471121517440166,+
5.290004252446401,0.6605508784015205,7.668995843751246,7.824228928849686,0.1300723424298073,-
4.463071489332851,7.635821067064996,6.026804058636982,7.370594110114208,1.4413313332812638,+
4.319489270446374,5.930552881709344,1.5920964490507326,3.280292895370237,0.11453232980651337,-
3.9465459820065387,2.058965731300557,8.500723769245456,4.112760904991997,6.9513542324088515,-
1.3376181485839522,0.29445331981963235,1.1211534430570596,6.604414021695855,5.280520044471559,+
2.8712949653367534,9.429188733940482,3.608200710748383,5.684615930186819,2.322962069347443,+
2.8016205253704958,8.786311816884131,0.6298141492022344,4.831144349449105,0.29621428735889793,-
5.694633829646668,3.4775927817081254,7.6510633582864305,6.257997526228737,4.419551144681212,-
10.0,4.32667734840622,10.0,6.696999327887095,7.603967646234896,+
2.8596760086576047,8.749731312449477,1.1648179147764204,2.2070412528121954,9.412477936482107,-
4.0283696265921485,10.0,1.2457788639775067,3.7341393889303394,10.0,+
2.356729448465641,0.8121561622459272,6.678374364986615,5.261534257496719,2.078512389596664,+
1.5477489060969551,0.7302935515595811,4.536656093012285,4.188004896361439,1.3598141111306101,-
2.129848609012127,2.6468431004032444,9.45994651627023,9.120046514245912,3.808302765802918,-
3.065580180804291,4.410302606580203,10.0,10.0,7.399780802027931,+
6.029053163432716,2.48670695756277,6.666957077725671,0.5050093837632397,5.135421633254636,-
4.062903896081116,0.2398487271483476,2.649816653897063,0.6408933857371478,2.0933236016284797,+
5.097743110845064,3.7866268515700408,8.051218486622764,8.637321686693829,4.292931957423198,+
7.795865622528537,6.14344630133724,10.0,10.0,3.254789502544608,-
7.778224975910307,4.874753051167138,4.733062918341928,0.7653854011084427,1.498712167138222,-
8.208160857033175,0.35866615425895293,1.5282404652287165,0.744571220310991,0.8046620853711821,+
1.3248837883344156,8.91501509848743,6.106331548164051,6.922324058869668,7.845940330905251,-
1.4346955403907706,10.0,5.070146010006925,9.46516485483063,2.677691355872163,+
6.93315392169497,4.466396089246817,2.3213343225440375,0.6953176734278854,4.290436443598552,+
6.793458617696666,3.4629712339875693,1.755269204787356,0.15690925270444053,2.89012266298309,-
9.68218289382299,0.6702721944802437,6.560264029870479,8.753937317047125,0.2669676275648525,-
10.0,0.9400499140104344,6.846827531743622,10.0,0.4551403378542821,+
7.854868845292701,2.9573661730454983,9.992779185283409,8.485200262889359,9.37031642824721,-
9.900448174860887,0.9345519962203839,10.0,0.3532451858591512,10.0,+
4.7553948161093365,9.692478245018323,3.166237497101927,2.286508299301749,2.4499505112282627,+
4.983303454303282,3.450983847976182,3.3347820511139905,3.0808492650764934,3.9485785175793007,-
5.175702100665052,6.535749121831636,7.291009068688305,0.1592889029792499,1.2042776095120755,-
6.161739815473738,8.535905164051092,10.0,0.29504682308132724,1.9817380062977341,+
6.513952714164148,9.53964757374204,4.158582227336284,1.9566596737924813,8.572545433440768,-
0.511247981571165,5.815372528629848,5.146761491729751,1.4829765532080579,1.1800974437975436,+
3.7387308505977446,7.619079341813091,1.7804378818162991,7.697639939855165,6.576918943965544,+
1.9081200857492466,3.295376999563014,1.7142647099531312,4.577517958103722,4.359321726259152,-
7.361903967994273,5.016819131488825,5.254715912008291,4.297057479717488,1.4177825326735916,-
2.254267448326642,1.0430864971459752,2.4666588282089177,2.709725329309362,2.7580952434530284,+
3.6692167492573557,6.101295186166662,0.18638441161495045,1.9078843889996222,7.895345116258779,-
5.212704778210947,8.327960612991658,0.21448738429608663,3.1845165074090644,9.16225561889679,+
9.805671214238291,9.808774353493869,5.634037795099751,6.749857839517718,1.6713201765234054,+
7.319277148052587,10.0,10.0,9.125547080979835,1.7610267494848164,-
6.512061180919291,2.142943908343633,5.987094278610437,3.3526174796110144,8.472399048567748,+
6.424179781740921,0.39037510227785627,1.3189383142911077,2.5849261739752225,0.41640103169881587,-
7.286978197621314,2.4790652638174104,0.8125480808124541,5.493372261839337,8.113734730440726,+
4.0225859665363695,1.771198374618514,0.29369464490726893,0.42688154583163423,6.846272545956382,-
1.454750490835225,0.9820573823623702,1.3000594255444697,5.701470898340385,6.03170626539455,-
0.02969121970582991,1.136817497160393,1.6196384747562238,7.232399211902682,5.624253302515217,+
9.718320904821514,1.2839484247404043,4.894984317480441,5.632584079448957,7.275668018157601,-
10.0,2.003113599095866,8.644827663037626,5.8401920385421,10.0,+
4.784175824051835,8.016242756816798,6.794062438111167,0.34566670475583483,8.404971895864328,+
5.016689256650449,9.458094464049982,10.0,0.11405018594242912,10.0,-
0.9742300718973051,5.108302786301888,7.749719782584053,4.6433435744645815,4.480298259969723,+
0.06399240354047753,3.073918030436149,6.564698355495163,4.6362349432783105,1.683935842617988,-
5.437203022415256,6.377961334104868,3.096101966964219,6.267692451142221,9.592684669649923,-
6.159768697990229,9.330101070193532,0.7501751049136222,1.7885508364025082,10.0,+
1.7796011551749957,6.378138571714692,0.9172108603599571,7.608599897646221,5.549832416822399,+
3.2081124183936467,4.293541165622604,1.7195959667901735,10.0,10.0,-
8.516064252707592,0.08666819421096927,0.24601286985621362,3.921629778161768,3.7670318513658096,-
10.0,0.16805134535956545,0.26469871013947094,0.08688356561847144,2.4372003005424383,+
6.455339720885108,3.548603245799653,6.926636288986838,9.446247360994755,4.248937880217319,-
1.0268532637638783,4.553618752124397,6.105220096376588,7.750217357439132,4.127444753837152,+
6.504284651232589,6.282388635475159,5.521652240849545,8.585505249058158,4.394503827957155,-
10.0,10.0,7.8437031512388575,10.0,5.02151886091365,+
6.765242799382817,7.419462488095453,4.5762286544723185,4.723451761545792,5.111069587675624,-
10.0,10.0,5.0107854306753055,6.817659356894697,9.37371461941418,+
1.2857354843307889,4.73007956874048,1.250721448391996,9.035558897490658,9.451729611662484,-
2.4549348223879255,9.382910403083228,2.4761252310691066,10.0,10.0,+
5.176949990015631,7.547022170107706,0.48247798708765277,5.164073169311617,7.315323379212969,+
1.1699152481944897,9.331718853562823,0.8768437532210333,6.219981222957035,8.587605689273431,-
5.76015894129452,9.599252993445598,1.1103592369232107,5.816625758998,8.501533320949967,+
5.351788328967139,3.021799247858247,0.4937053432633899,5.178111459780496,5.1810074292632935,-
5.378765780900111,6.913173732699748,0.6116811026284252,8.76695066345306,3.5290507667073046,+
0.5504017528027993,10.0,0.7693934400859483,9.201464365299037,3.6579870615553816,-
9.069876848541563,2.9967814831795767,8.446922260880193,1.9421278497398853,1.9959379611533679,-
7.192664271958672,0.17882897789238064,9.63374997378456,1.141370262881651,1.7124454953391675,+
7.467807686270111,1.0585225914218477,8.440094533340671,2.0154834376404107,9.058483263612452,+
2.3053767064477615,0.4173823677289632,5.606909876753106,0.9602081631783956,8.740070070721497,-
6.948772617918861,1.3074185581020936,2.1765933133431012,8.437649978480131,5.425461802725317,-
10.0,1.3046456838292884,4.272740461080617,6.477635744515795,9.133545068596185,+
7.4812403234505185,0.8638433951017022,5.017761580362081,8.2886526010357,5.67412844847683,-
1.4920094312871404,1.2611978798044208,0.8924841683257756,5.495136463479115,0.5135289731263533,+
7.437334564206851,4.96546501903045,8.413062411533677,1.6849049779272085,1.6032559577338046,-
4.536779515831189,9.231553783526868,5.5924415826607605,0.6153272867818955,0.07944487845829201,+
7.593530572680331,5.7309725881495766,0.9720928140182716,8.679401713375603,9.349336873033774,+
2.121351145662157,2.3220244592448704,0.9633791142265985,0.1558497672153183,8.642834404700842,-
0.47117070552488594,3.579167052496831,2.342861073080005,0.047272864652402324,1.1064671029782425,+
0.3942709698425104,1.258538444007252,0.18078281392362094,0.030961645270635083,0.9344302372777189,-
9.596594319752409,0.8880322682602926,7.679610932894971,5.67118921518057,6.727243770063554,-
6.861342531431704,1.127185067176459,7.650424708324625,10.0,9.115444390646978,+
4.32658219073577,8.868818074002768,6.608918460652754,8.42263711783624,9.38133817041122,+
0.36314170882655905,6.192785904554078,5.171778117945142,4.708763797221428,0.45015064669792665,-
5.4156885727388016,9.973697482409168,0.5052447352344391,0.6287855769404882,1.250257349456575,-
7.31506472460302,8.564680838976676,0.44786686389543073,1.1897383759392102,1.7768746685636807,+
9.779658633890488,5.6163440919781005,6.86592149277258,7.553449747627931,8.967179198903674,-
10.0,9.661137122980781,10.0,10.0,10.0,+
3.7987267605877353,4.149167990745529,5.203712200839084,0.31523436135794114,4.76013259246693,-
5.818566880574004,5.878234425542966,8.601374882725008,0.31911546486952824,5.881961247150047,+
7.144676613578675,8.172932453344204,2.2298635745260373,8.126588928835698,7.372808220328474,-
5.901738812646116,10.0,2.275260740989916,2.5360882145032573,8.736872448519398,+
9.372536556430111,4.587911288705364,2.3864465638759444,8.684553836628616,6.5219158898442275,-
3.4158125938698976,2.6755912589056656,1.4493976221494544,0.4365713141444649,8.636787847795283,+
7.6275813952529585,4.516789332943045,2.1236331965512303,8.679262103793127,2.403705742521839,-
5.29905569623045,2.535356915759042,3.8803628626688855,0.7180743582886853,1.0024544936208368,+
4.572611427925865,2.0734893507561223,0.2925383398134562,9.970562358046704,3.029913586518296,-
1.2358997826287503,0.9805421076231782,0.3518046948751616,1.0792037788386655,1.0074497979520434,+
4.071500163183561,6.200624959616573,5.725082404714424,3.348020362195998,3.2811044768672923,-
5.691725611631826,10.0,8.313519552194911,4.910857342186733,5.932140894953425,+
2.4161462937577802,0.16954944716070508,8.6940094626142,3.0192125110282464,0.013354548361349527,+
3.097398894355841,0.23466300430021284,10.0,5.312263474284837,0.012114283689033917,-
7.004620978859025,4.762269597235544,9.019734917761175,4.08710066907754,6.209672619324968,-
10.0,3.395048751155537,2.002932481007219,7.038098717236089,10.0,+
2.1279771091339548,2.7891643379918394,3.624240720039361,9.710918090516744,2.1903615616135683,-
2.794654444820988,3.0274219451919726,6.302058570828506,10.0,3.5125876617523137,+
9.740321311482196,8.433784841407924,0.5891026045792214,9.58734466137847,7.573587787204623,-
10.0,1.4230885081789288,0.09652812358951687,9.137933106743032,0.1325008393616425,+
9.688073477483202,8.104572693634163,9.95987845397506,0.7794146328763663,7.563368269630477,+
7.981217038692948,3.9387425349015506,10.0,0.0016721464504542269,10.0,-
6.870024575445047,2.1607420323093454,8.171916184879937,5.4671571859392065,3.038641919090288,-
3.3846827735493017,1.5011829324117891,10.0,6.942841859782668,5.819138761579329,+
2.8646248209307643,7.056970865727807,6.9211466350135655,6.570398159936939,0.4631085766260634,+
2.109421398323215,10.0,10.0,8.249907053938193,0.49093326520444225,-
5.444410446500774,8.094438193078688,6.283107447223344,4.792258264704086,0.3635660878965441,+
5.314212824251888,2.7208901457211323,4.308055937449813,2.489312828423675,0.3321435710302049,-
2.7302211426815273,3.739594634759571,1.795256865130186,3.613369879632388,4.414808231529836,-
2.371459589067221,5.7064554206149225,0.36745945357920873,2.1935710401832,3.3060689299657118,+
0.1611337124816825,9.974134455955001,6.594050629246627,8.879713262151459,1.9518524663511339,+
0.013052876291519584,10.0,4.640126638495522,2.773366958896568,3.6564306562886895,-
5.592719571240716,4.566863189091338,8.075355593868135,9.070162610719601,8.654376312456982,-
4.141681219071317,8.59136889944806,10.0,2.2046620120612257,10.0,+
3.4295967798578255,9.246491470556046,8.774497335300676,0.7758688913713885,9.80482867516016,-
1.8006034864169886,10.0,1.9548184159756052,1.4925051641897775,10.0,+
1.6500440750223022,4.211196721650915,5.192502991221981,8.802241205674356,0.5529793221659485,-
1.8654225317232083,7.231254071425479,6.778222584559747,10.0,0.5779060038001286,+
5.536531272539772,4.628478527525951,8.490489356879284,3.7015951271308323,1.046490413564386,-
5.011910181301198,2.5211656627158505,10.0,4.346008361160238,1.5332240987336805,+
5.410101034529507,4.179008482308973,9.313716885340025,2.5049470668932616,4.005761810229327,+
8.938553403986074,2.4212797556937895,10.0,2.496325910942681,0.6271152736564851,-
3.53887295989506,5.273775586797422,8.742207993730716,1.4324880427132347,2.8564404321695935,+
6.077092858669414,3.3039069878342247,2.884908621670836,1.8843434597732254,1.610304386834766,-
2.3817033790053777,2.0382103214783576,9.537087215195289,4.552734243078856,9.355176505421385,-
3.103256408957364,2.4972321806876607,10.0,7.915149187888764,10.0,+
9.83872803809442,4.286780852900341,1.4433049729673664,6.318577527374961,1.3779717760382304,-
10.0,1.2629780952147551,2.3439124721818976,4.588823706303839,1.48517256337538,+
9.225707975887799,1.9013741682667895,4.768867771433756,6.29217996358142,0.29063435812828886,-
10.0,1.7504777306496777,6.714313172319779,4.195659771311876,0.3473674105030737,+
7.620652981923922,4.613018393134949,4.039010784727422,3.9204225867316533,5.8893956868899195,+
8.169485568962083,6.019957560494258,2.175863450965121,7.395413867660418,8.139178462779192,-
5.686539322086221,2.5230372205387064,8.475878644603885,5.446658779852301,9.976492508222377,+
1.0627541542225838,0.8656940179540038,7.474110566899724,0.8608755576101078,6.56480642266097,-
4.8795355147889055,2.907538815776415,9.25559747187424,4.675409154281752,2.4141693478761317,+
0.3215645466289075,2.06682959358881,7.214197690442914,4.900383107920576,3.6520219518299766,-
7.1950391039787265,8.331675891741316,3.7071695767250104,6.1987774018338335,9.557493391220557,-
9.983445436724137,10.0,4.73895535812183,10.0,10.0,+
5.326629856935079,5.029493297177433,4.101745460977758,3.370903750453654,0.6279959319229389,-
5.66630377475177,6.427464316201504,7.937790764495115,2.030307922004655,0.1514462417469019,+
0.23072516855683567,2.084704432600464,8.174657964419685,9.98431833017144,4.783249242179329,-
0.4015295633805162,3.0578798619518555,10.0,10.0,8.048649212404415,+
6.499734162111635,2.4824428761423087,4.75681903612014,7.711863229502746,6.918919722231328,-
9.766241652665892,1.7382894159769755,2.386413049164132,6.749629279906443,2.509959756417518,+
9.809526689733874,8.508854734058414,5.997209202410674,2.4833498297172154,4.8437255913010455,+
4.756918487883222,3.624786473465239,3.3222412337551788,1.8627661999036815,3.178159289557785,-
9.040556644862104,8.127370673780698,4.594136226686405,2.4175420311134466,8.88303839671629,+
10.0,0.7897130457049887,3.618482174748069,3.5085001110844956,1.1545683575980872,-
3.506973977467357,9.395823264840558,7.447737857294156,5.933014139797834,7.3061427360345625,+
5.605577835832938,10.0,8.849545809697538,9.266893279362263,1.171099157886788,-
3.4716510845648196,2.101035830654958,8.17736158410399,8.195162403432505,2.715068231325305,-
6.049482524484631,2.734718917244387,10.0,10.0,2.895185560451419,+
2.538430168046654,4.1503017922465615,6.012138369770278,7.8038078462203515,0.5692916555927985,+
4.002549050279108,7.398873012559839,4.0528205798158785,0.44078596677528165,0.10099870212229624,-
8.258977471853035,4.0777237903585934,8.198637767234194,7.058938634763847,3.1376588701449224,-
2.2826600818375717,3.0781146379360727,10.0,2.5360956841850344,3.0085457456040725,+
2.7490189267335996,5.268670403654017,5.251342685253434,7.449296991170135,5.394250727017314,+
1.5954435532339184,7.517524777721011,3.0324587989938734,10.0,4.327280261773163,-
3.858991919624528,2.8497834287807877,0.11791713395537529,5.897851837301678,1.729253961894055,-
3.3203080590665954,0.9563874851334744,0.16270892987614877,6.275706120119251,3.024390212747473,+
1.1684328246938658,2.842670900848152,3.5952076102259003,2.429694518111064,7.555406749955139,+
1.401452080465346,2.7761578286643234,6.445180905504071,0.9232163526932755,2.1671499889812407,-
4.686565548671622,6.987226855785642,7.891724609665265,1.7901836122483539,8.917936173794143,+
4.059634683155413,3.6005968469283203,5.86059445478537,3.166952754145298,10.0,-
8.808279747463644,1.272819267587626,7.784859118882195,7.11100065665386,5.285336303131354,-
9.869741445973514,2.4083878371248297,10.0,3.8703881122826256,3.949481207727529,+
2.153766153480754,3.581919041022086,8.88981997428531,0.19791476006863595,4.645531305413375,-
3.127893327228216,1.280417042550702,10.0,0.09649453651603299,8.828777834343214,+
9.392043513298557,7.72329576271959,7.137141114721271,9.782752415958079,1.7343736211501815,+
10.0,10.0,10.0,9.287624855921827,1.9003474921082273,-
6.629843712240411,7.847623652030852,5.487710219297629,0.5420193186182842,6.87147071502409,+
7.226082288029667,10.0,7.906293448339443,0.6271611356325584,3.7578386558179413,-
6.767117070045558,7.70455384069718,9.03122819611024,8.287560390630375,4.900637163309006,-
7.238236949887627,10.0,3.884176194346956,10.0,3.2947069459507015,+
7.353791665571496,8.832856621363863,1.218215820843943,9.72221080942284,6.368874145561162,+
2.828510063197287,10.0,2.1308892767359926,10.0,10.0,-
5.412567931630894,7.153736628916699,8.585241691534039,7.538579009149874,6.2358917144316575,+
2.0571143939421446,6.619505467872184,6.4131449370578215,1.004397360610413,0.8944919598835879,-
6.390693054964896,6.051718390158457,1.9078698977905562,5.366614319346352,3.6884209403406274,-
5.827625616244281,1.416712861585145,3.3481712163839106,1.2844530878960727,0.620731588176372,+
2.088493321754755,6.161975803154159,4.630255362103956,3.3884493021652995,8.254286800109345,+
1.1444054110375954,5.01063078476859,1.339885036192494,2.8099756516032564,7.004852040627172,-
1.8142687302523486,3.874091960967201,3.8428539239173585,3.670988938924439,9.229076816602625,+
2.4174788703147443,3.903262696342692,1.1913859512267908,5.326969011815698,10.0,-
3.749369267002276,2.0612186353164166,8.361381530319989,6.153932353401922,2.345324116444829,-
4.157715731740628,3.51888283421091,10.0,6.931934064881276,4.088455720316307,+
5.488783283662255,1.795314222687412,0.26856543713852266,9.556492445394143,6.099267655308184,-
7.248761041069698,3.0834571411519396,0.48557236193691944,10.0,7.277895448772531,+
5.81065658851159,8.395045646443256,8.031123100630694,6.930062388747341,1.048242971557266,+
9.405013665417645,10.0,8.824077125084512,3.598616966743483,1.7930522666486592,-
8.088715810008944,2.6782637557582634,3.7487832560803778,5.627248688765735,0.339730720161302,+
2.1053226864519177,3.0356009414393377,0.14675030284242516,7.326209733391749,0.08692486212688454,-
4.136386247228153,7.737752509320755,4.540156013630393,1.9379321975301822,8.90116850963274,-
6.884752203300769,10.0,8.825786762761963,2.4753374291321895,10.0,+
0.47327659918536047,7.418581859096865,4.9004826139731215,9.003515591358827,9.407528868559986,+
0.909007960811929,3.8280794262984212,9.196659010110892,10.0,10.0,-
2.011669812597142,9.152072952664058,0.7934641052370772,7.924877182400119,5.04115084678647,-
0.42776066904904597,0.8292471425574752,0.2976369281223251,9.323304338599963,4.330819783826074,+
6.889589104586291,5.078266460528037,2.8462584642924793,5.991706977426037,4.276640207862648,-
8.489838235838135,8.378950581924176,5.255249794276764,7.477791019863566,7.9308264325669375,+
8.123963281515042,4.311839123055277,4.569359543343498,8.522550506715996,5.87696762049502,+
0.115413765541163,5.250850832126282,0.8488138514037473,10.0,2.9084286424188694,-
8.676368210212432,3.542301830228529,2.227969186410179,0.4111098067738672,0.8469933842980037,+
10.0,3.7699616308332042,3.4646941981686625,0.5599917178348242,0.71839044730573,-
2.531759805855791,7.340480604639645,6.868697841353909,2.5465033578310123,8.785490423236977,-
4.224672247804216,5.457280366000074,8.119368107919147,4.234504923062901,3.2379038198734493,+
2.0463699119683385,9.23766355545544,3.848782187973774,4.537382553114857,4.631934370839488,-
2.4080848463383555,10.0,2.1920396419300157,2.090246686815807,6.345251565095462,+
6.252884526983118,3.1715006031126802,3.0492147675789196,0.25698750439351215,3.739909146748995,-
1.2654032879024764,0.4392409007154569,2.007467614369501,0.27802011143226985,1.4481069452843884,+
3.8618966198092606,6.358389959757847,9.584175660055257,9.896374465175631,2.1584893648582124,+
5.5759885914611855,5.8123369462129055,7.0553905789040705,10.0,1.8374091299821653,-
2.2513221585233465,0.20164799368615816,4.077606517119397,5.746553885945738,1.3239171527203897,+
2.4146630359890557,0.005658266741728658,4.97475922025331,10.0,2.06849014451037,-
1.247476439389682,1.4976568667985302,0.7705242409533464,2.995215724399285,2.7530544059685003,-
2.4295844978508843,2.7468359299045777,0.8801345631045656,3.4135363247311292,3.5050713460064165,+
4.082529668858083,4.037008397600641,2.554090304200437,2.4965821320953294,2.643312829313583,+
7.000283467416026,5.31181649239522,1.4418392084094485,4.709476050524398,4.259127513048039,-
5.706549358867111,4.767588806722879,3.6533695207652537,1.8623811209351704,5.5850537257138715,-
6.616618441065962,6.020806803581547,4.5015119395851855,3.404255109108001,9.49513853884596,+
4.0994710138551085,8.449554254041074,2.9626519803123386,0.9295499243859484,2.963932171181256,-
7.824729484486105,5.1750111999089965,3.2954678560027535,0.008735519246152105,4.488614702592089,+
9.36366447886682,2.7947337614750065,6.111199169001448,2.3820830569751528,6.95539728740873,+
10.0,4.339166375332315,6.621239055630528,3.3177478102197453,3.483872201009091,-
5.597334543417101,2.279486716059199,5.693643077087568,7.034258638364687,9.333053719356194,-
8.500505966522498,4.143653002195147,9.255308396486413,10.0,10.0,+
5.165266315751451,4.759256866689831,7.763911324408232,2.4106468222218105,6.536443059716901,-
8.731041971945345,8.240909561931137,7.160131665146015,4.706259217598418,4.28886204245928,+
6.8176602536728135,3.8169090548827067,8.680009749527859,0.6571519957353633,3.0545545680475983,+
6.060983238799103,5.5131316830242225,6.13878458025126,1.251932389053835,1.2903813535924413,-
3.0413525500078196,8.484318084892543,6.366683514853907,0.5987175362666886,8.038522875525974,+
5.403970111550079,6.356249027320054,10.0,0.8441435254972759,10.0,-
0.42071784247560307,1.3447889046665173,8.975562421343529,7.648014799536341,1.2257304569814254,+
0.20307455219499992,2.5297234509832256,8.838937717570479,9.632434239877213,0.6554830062614392,-
9.848154354441597,4.337302678248198,1.649027080835186,2.692267206148391,2.984020263398106,-
10.0,4.568684113897359,2.3748870311496706,0.3748324420534026,2.530194897223301,+
2.3142083157864244,9.031775141088675,6.0589115341347055,5.227765362857479,4.922217044009761,-
2.7004043938129763,5.621574238868152,2.399362810817081,3.286194774456342,1.8589086625874378,+
8.264612524402082,2.0734761565453286,0.7614674705139202,5.697326092234856,0.33884932228539943,+
9.91730164456398,0.9210294162377635,0.16410853167463846,6.037487916033196,0.19233097259970672,-
3.8163016704556063,1.109535211132755,0.9565384765089902,0.17428286359934986,0.5544345193012312,+
3.298480862560295,0.5099882903285896,1.6426632338176954,0.10162941948131461,0.9558413568077749,-
7.456685678699331,5.8254604271370205,7.136190844644373,0.8623746671808474,3.658634108568938,-
7.890493666015736,7.224400598484309,2.856948525664803,0.5554069488833921,3.7116765372663125,+
4.491680827402615,2.0855918778026195,1.256317452322131,0.35790331423277144,7.792785930756869,-
2.815299694340324,2.0661898149579048,0.9083496697919577,0.2965063505001222,10.0,+
0.9635562341537796,0.8879162418484421,9.610625961422784,7.966372763994871,4.077237849350716,-
1.162324650404347,1.4487557799327522,10.0,10.0,4.202879713865925,+
0.06375564708334003,3.5711447631667848,9.205798314377542,6.849511817993959,4.650790255402208,-
0.05940293772364952,5.7140652227168145,10.0,5.590347083940755,9.239324946706986,+
2.378553421401385,4.581814680315429,1.62512817409328,8.595267348861956,1.2678832293520248,-
4.649919839914735,4.1731964313565415,2.9845810452395574,10.0,0.6508840261637762,+
6.336616504626791,0.28704623491490944,1.6659634672724222,5.3427913269112315,0.6942666231205064,+
1.6978837383635017,0.012602278177530396,0.16779773572282852,1.5688555386001621,0.36423549232034397,-
8.483576826668983,8.705801844436662,7.921424216548454,4.945243511210032,7.335306949604043,-
6.820382668560007,2.949258707310069,7.436956409756323,8.085955627416505,4.562558274730876,+
6.099966712893331,4.038384047886693,0.5568550224843882,7.809597309077749,0.31233613353511935,-
5.706412807050511,2.3601029939402336,0.00427048353635532,1.6687848999275288,0.41869280814231297,+
5.599990367339598,7.324669558479446,0.2576013590180293,7.143526204975032,9.852115756591672,+
3.8655148755350526,7.403886244417641,0.05606409936367534,8.228913455744973,4.44760928120563,-
8.179539138227485,8.618554625735403,9.285392243421553,7.661532170531656,2.4708894623631594,-
1.609534065888148,0.32130347456809893,3.709689616734743,6.345905550780968,3.88030613795446,+
8.814683344063397,3.2877142358799647,1.8394235277273463,0.7806656828876057,4.431674264892269,+
10.0,0.5359824693785474,1.2677119378034076,1.2012024613948404,3.217903710102025,-
7.663950324213678,1.5535820206085937,2.8120831615293493,1.702121211778025,4.807851251472491,+
9.143700948186554,1.686845838168313,3.2096552248000325,0.17817079010614287,7.363762848750613,-
7.044322752266189,4.125119572872236,1.4002848416758218,8.844702022788933,9.461013598632952,-
10.0,4.566376557331027,2.263395305684494,10.0,10.0,+
4.15098783130877,8.714275797559626,6.250340651472287,0.5076044597868512,8.808043081592515,+
6.365163601031741,10.0,8.592142685054945,0.29640149935869603,10.0,-
0.9350173078196633,8.714287166998409,8.666518082975541,3.0882469822462166,7.723576116821061,+
1.4462864050837456,7.947173726501087,10.0,4.93255912408772,9.650211670510146,-
0.598710215002175,9.86824453649277,6.810386866466302,9.282704346815112,4.224880219830988,+
0.19863285522446636,1.557624985777548,0.20608474185368575,2.547639153272531,3.0489127328891352,-
0.06441233422922243,9.85929473369907,6.813593617743171,6.539362043100292,5.224506199068065,+
0.10294915366799125,10.0,10.0,3.56325555127045,9.983338105269524,-
5.671632930395215,3.385004365429778,5.164852350359705,3.601077167270671,2.0160818507100386,-
5.829631192114923,2.6856542225217925,4.086176518543226,0.9564492105740088,1.5053133805981596,+
3.3717778918983408,3.4511625440682305,0.09891122817951459,4.275033218783074,4.9648099992512975,+
3.4526805271829417,0.7741367406671826,0.17607807973214276,2.2126810943543775,0.20568632919857505,-
5.718150666856743,0.7834544266787824,4.101589951448066,4.450773605436358,9.710954574635492,-
6.164775154043777,1.3517448449126241,5.791432501345122,6.698185789039895,10.0,+
4.852821747710135,6.0917947501248495,8.838132525935256,8.54827844651833,8.29895909421886,-
8.988942178727205,6.1795929087016335,10.0,10.0,10.0,+
1.6337337888886228,3.9192259877667324,7.882012233585279,6.573373465022692,5.740434720536552,+
0.8870388527963113,2.8983924168781887,2.093478660065862,0.7136159703533416,3.847097763174549,-
8.019082027852992,3.061846000900582,9.607245880480567,4.4949209657589515,1.822844932146357,+
3.765197481782351,5.1974740069058765,10.0,8.23686083137548,2.5835432240645075,-
2.848697356606368,6.033515281885823,2.426547105028259,1.437163666682485,5.528794336772737,-
2.323361161449744,5.400719939684971,0.7835457811589783,1.0137203239780783,10.0,+
2.4822494403589648,9.587789788031913,9.314253896854979,6.202982863120682,1.7262437112171536,+
2.2156235591138373,2.989361886151059,2.1469252488521513,3.3016119668584407,0.6766319739755704,-
5.26869518327305,0.6075424704388099,0.7052001255202511,0.6452851524097869,9.04720137222708,-
6.3882363643736495,0.7534107592112859,1.3971512950619178,0.9195150816351766,9.85449804693887,+
3.0373052412910564,1.17766994836637,8.033627466497409,4.818142197054362,4.25171310229471,-
5.826602921684853,1.9530218290737182,10.0,8.382313240579075,5.839983315964631,+
8.505127516738519,8.67198982465875,3.412073771453834,3.56411097642371,8.90320772543156,-
10.0,10.0,5.396405484200957,3.8669976130960735,10.0,+
4.2684151093714355,6.47146580260125,9.371360736993514,4.539812141830972,2.2689978004131595,+
0.5455866959362824,10.0,10.0,1.362261657524541,0.21046365092682986,-
9.254407196376244,4.374972785070561,3.968335792983825,5.84598223954244,9.206597048452496,-
10.0,6.218620929368386,7.041040858986917,10.0,9.887633835898084,+
7.674237976711975,9.874134982547313,5.530396667822904,6.393507013893699,5.0156816041552545,-
4.037702840459855,2.2233724540292155,2.9248243290142075,9.540877278752413,2.729567346602163,+
6.8357390392050545,5.679165462580901,5.123198270910743,5.272943237136383,6.09184765955777,-
3.817579635586363,9.736074213473648,4.85451324622535,0.685899613043239,1.7118994961673402,+
0.6733778793780909,7.19424098892549,7.43948625588514,1.758129140157787,1.9135898725798728,+
0.01720498835956584,6.987502072940501,5.2919056042043024,1.522138854171508,1.7145217579355052,-
6.621513105175407,3.7220276082897072,9.043624480285358,4.3016127599433815,1.4835822369148266,-
2.335397282425214,2.954671609147413,0.035452277241282956,2.5742932376688428,2.5087738644781212,+
1.5663243062003696,4.994811341440469,6.915225880325899,0.5337560017956833,5.231956659908141,+
2.3781258343168123,8.368484249454381,1.1962023229841061,0.6767055178388146,6.262455067653086,-
7.537160558960919,6.307755408800027,3.759571454299191,5.9689005306467005,3.473261005686159,+
3.750434645789968,10.0,7.04241703744882,1.2866075589853316,1.0877989914364814,-
5.62866481628453,2.7447240512702664,4.010624528107671,0.4924200453913108,3.7821599093720137,-
3.3485584447843095,2.805687475934985,3.146152460017913,0.41930837806047305,2.5734279137493274,+
6.557249679538408,1.3751070190576364,4.685607148592071,9.052327561909753,6.492517390761973,+
5.453061170891948,1.10763805317138,0.30956774680781785,2.8729733809208553,5.197347639725843,-
1.1313524221238336,2.5588311711594613,3.944230221870085,7.878155907546881,0.8436506149978673,+
1.00168745045466,0.10922354548473943,0.7928704604669623,7.170925350932519,0.8157914141778795,-
7.688619682141823,7.1626238617434534,2.9887511978572934,9.47462166701272,6.65089188386337,-
2.2271951059282094,2.7912672239422296,2.5274967616451978,10.0,3.393267776955429,+
2.1312151847639447,9.259848909731954,1.9442195562901732,4.60843010006982,7.1825809221780705,+
1.5800495895504767,4.578074022011428,1.3205305320758975,3.0766861213925183,0.3593160144009581,-
2.964397911662069,5.840695160285707,1.373791098064614,1.2436011245817902,9.710876968299408,-
1.5581800973376367,1.4850382034423162,1.9486432760560657,1.2123074676238046,6.383131163573628,+
9.382988546550115,7.125637615433769,9.230095132120223,2.2366393779715232,9.424897708822126,+
5.685412059999152,7.236841201928695,10.0,4.046539133452845,10.0,-
1.8044726749541817,4.995280168146402,4.8060871580043765,6.572187484273115,7.554955520268761,-
2.0385634002367756,9.33475095528676,8.827699462844329,10.0,10.0,+
1.643608809357947,6.89270301940367,8.924437506093463,5.988567941849034,7.321165558989034,-
2.4782608432792386,2.180691906264035,10.0,7.457110559709961,3.8506823529902943,+
8.707579942841367,1.5305157951128823,1.1603948071407233,8.55478105470366,5.672590550869952,-
10.0,1.7532315111384555,2.0079984673667295,10.0,9.43389109502756,+
2.895618396606734,3.3989153187126266,3.405395096494882,3.000125689715256,3.49810804071312,-
3.872070634020662,6.311984053333549,6.336993446221872,2.071335273060168,2.1629084964558625,+
4.48874976892602,9.570442390939519,0.5437973676293251,9.955808257406849,8.855441228931062,+
5.478308485462055,10.0,0.5084519950345826,10.0,10.0,-
2.9326240098819256,0.6705545284227998,1.8460510204643121,0.0434765795865677,0.44190400132758545,+
2.0296894843741304,0.2612784531313417,0.3837667887711815,0.04066598907147203,0.23715930861545143,-
7.365638233254597,8.179538419373142,1.1165226394129302,7.669431905924423,5.403299540582625,-
7.9973428964141,10.0,2.0108400105701754,9.291542810599125,6.604906171286416,+
1.2288926695877866,3.9466156856904586,8.276652149371268,5.600583422414871,1.3989571210687413,+
1.8971795027725866,5.793364067896239,2.8007396833762743,0.674870690882782,1.2553014161029308,-
4.334753072195724,5.665067118718863,6.777483945264989,4.951682329955569,5.437711883195082,-
8.22058345977661,7.380662588184956,10.0,9.053922930314203,10.0,+
3.8494676739803757,0.22607273997448107,1.9280058533638034,5.923370721329318,2.697507354792511,+
3.4830475711356224,0.05182322296853779,0.6512355769055038,5.356575392389688,0.9371907056891685,-
2.036448934974647,5.002851004773793,5.92405688665467,7.241963998867322,0.2561383719246524,-
2.985338051960903,5.510427888863203,2.833136092931611,10.0,0.026184541767066423,+
2.8145947196611876,2.6295632982129113,3.600599460161611,4.593825170410611,6.57323666576334,+
2.236217660382133,1.7296231617448954,1.1655169423966372,3.8806878390640995,6.111503677403626,-
9.586602574076753,9.198752893850234,0.2527712096468304,7.375964259443039,0.4161726120599518,-
0.33822579673803,10.0,0.2871840458183054,9.619199589322013,0.20909386286522655,+
4.270624128475741,5.511903247122065,4.341448853196686,8.651375943282854,5.9051857518388795,+
7.065724750250927,5.830769015189249,2.0652007480334085,6.7488334476826575,4.741862574695384,-
4.7971892247987356,5.779350054207649,9.050595713537188,6.795691910104123,2.1555002258076206,+
0.4798851666497806,6.52367937216541,0.0903269703423034,4.063166994761886,3.168856094730645,-
6.99286749869358,0.919016509372429,4.785673155877669,5.923292753221499,7.023644050361031,+
8.037140479515402,1.322968035003116,0.26685277554947806,10.0,10.0,-
0.320518823025866,3.2443907218588897,7.1183561482938496,3.1854457786374235,7.770423265916275,+
0.3378538776036608,3.5516857980176684,1.502105167380084,2.169332674323845,2.9983549353471015,-
3.6808805374608164,0.2977589066738251,5.961113946146152,8.7511803590815,6.7090693558861805,-
6.136799206725292,0.43563086491033937,9.265548061571208,2.0644834460746857,2.0493825659157348,+
3.148804388816102,7.698881558723749,8.213899662597168,8.712361076954972,9.901918835154333,+
6.137146837925197,0.9925204093451042,10.0,10.0,10.0,-
2.758202496754115,7.889417282404279,6.087624294339358,1.6853375339177146,8.203504879559627,+
3.999562869804086,7.031279931318356,10.0,2.101675615038061,10.0,-
8.279865293714133,0.6895094526981072,6.840969064758911,3.924710698515832,4.778762722702181,+
1.3003470349803192,0.7356758756161126,6.040733370978344,6.718195058178139,3.2031679241102142,-
9.470066092909487,0.9672106513941936,6.5294404197330635,6.25944331094788,2.318034489177674,+
1.2172198350561538,1.7527110313701977,1.6496181561359697,7.218489201589086,0.48238793526562657,-
8.999842469403825,9.67647674341693,3.182414098779087,3.6750419438533433,8.600423458724368,+
1.0785544161658422,8.592850846256882,0.14953930391503628,0.36641987886093946,7.399224774932196,-
0.5473440818457354,2.835744539213719,4.5780995170286145,6.513814123662377,8.716998808195152,-
0.6334375684341913,1.1415754335778197,1.7044671470884873,2.833925366806532,2.2779443509665316,+
4.083857511259447,4.03114370338707,3.3263782345737667,2.3755269437954265,2.5885706671088817,-
4.11522967122566,0.3925064854025226,3.1199975753401543,1.2645370786183612,1.625168151813495,+
6.765685655874272,3.2365987590400924,1.864064103510884,8.421514910777223,5.5173110304283055,-
8.756321570290714,1.2450000699532389,0.8645165976983554,8.80589124320655,5.9820752841205085,+
1.683986755057969,8.728996964281738,7.018386642411142,6.068100842909158,2.880621253523359,+
1.0542696959710558,7.30350260135734,3.039302174875712,5.47713202944755,1.4202501695282437,-
4.304914964523171,2.415503577746969,5.055409376884094,9.921139334031226,1.3749800271761436,-
0.26007220281550475,0.1336275903782392,2.473460644847976,10.0,0.5714227821217677,+
6.619500016575682,7.0579832380563765,5.723893854198952,4.084810489852328,2.707534460904556,+
10.0,10.0,9.932259553949024,5.190946723910428,2.336597557775232,-
0.6375125881394439,3.2423338697849946,4.411153162102229,2.0404923686815692,3.716689778252392,+
0.9806220353529901,5.433550437131415,7.697109657842517,4.054211487783821,0.5115870709411133,-
9.324794747032241,8.820712520151956,2.937348663627649,2.146946154369418,2.3344291742344137,+
0.9136429198759225,7.141961076424286,0.32523844816963515,1.2016828970696005,1.645681429701992,-
6.765415810553922,8.729147622644794,6.844312522247344,1.5937492021351796,9.872542555233903,-
10.0,10.0,7.69480189806537,1.1098439346379907,8.368403901427744,+
6.30266021894169,3.1811568162212622,8.169828875056622,5.052513842882048,7.495022009110569,+
1.2890220039870386,0.859733422184059,2.9937856246231282,0.3142258524984616,4.600075028592035,-
5.238666614908439,9.347702894999225,2.2236314461359843,3.3218097214177247,8.28404392972261,+
2.6107018493655403,2.480059565641025,1.5814306068116604,2.0971792077000253,5.1082491732353645,-
6.533101692187087,1.6696737384590976,4.614775433166521,3.968458455935081,3.4987996141657773,-
5.706335543536527,0.42629470189592394,2.1600390152909896,1.1475008645023885,4.262914364347578,+
5.410831675939715,0.1264675041511676,3.8152950829564247,4.332786571708982,1.4442855134359867,-
4.708450682859383,0.17501977883078382,0.41373376986327515,8.258041759946423,1.8818068210727474,+
7.44061337916815,4.553860672530503,0.1662939628851401,1.452234232680446,8.266797790482181,+
7.456252185003944,6.870051764464615,0.036505590461989035,1.7239620739295496,10.0,-
9.423791149287199,8.770224671585417,4.135461296891649,4.40212374618767,2.2734062778113406,-
10.0,10.0,5.747022051502928,3.7478525191186964,0.9334630149318028,+
5.066153174984756,0.2602406328689322,2.573306417365279,7.335233616717066,9.056876255517492,+
3.395037520285307,0.453856143524496,0.17422020032634544,10.0,5.086584682735497,-
9.430683959532683,9.186356899881382,4.2089851788240376,6.791317179061399,7.526850414905803,-
10.0,10.0,4.351288635577988,7.775108242105197,10.0,+
0.5309664306994288,0.8520202877763261,1.976778412150768,0.24944191421658823,1.1498755349595846,+
0.7392792676454004,1.3920048342119928,3.103090857947363,0.16940208414432936,1.787842224536763,-
0.6676650268346751,6.068232570477127,0.5472651157363584,6.842511381467472,1.9640600770919348,-
1.0624104015842208,6.957479405975459,0.9569732714869378,7.7163105797179785,2.5157497881659867,+
5.398784424614362,9.0701480323283,5.714001362888968,2.6528496617260613,3.4585132216777623,+
7.15847017270091,10.0,4.531184275047223,2.8225745900503987,5.150699816921462,-
9.801000257980041,5.648353031163046,3.4786275005538956,5.77431691556158,8.240029876881723,+
4.74331901181496,9.734241113455258,4.257961907272118,1.4889376952321152,3.600407870785023,-
9.550652296160312,6.8907526631820115,2.9661759265759824,4.157190900857283,0.6936598590978382,+
10.0,5.307233457426731,1.9964535860683423,2.6008984513825184,0.713341981042814,-
3.5404545840368176,2.2241059524694218,9.974649105678852,0.10886318974420273,6.6794181890747995,+
3.8310712288358237,1.77707543258165,10.0,0.11804442155464717,6.893340788754475,-
6.405683391267244,7.757122103774091,5.369219714950988,7.580795896644004,0.7490240761223343,-
4.382781551620855,10.0,7.793380533451214,10.0,0.2554123742304518,+
1.4346146737929188,1.0917081961400965,4.920855014191802,2.0969924156436037,7.848608586615654,+
0.6009894681626279,0.1097288789950406,4.721604654557128,0.18533704408133933,6.963997815227395,-
2.4095387851945196,1.6491775356583838,7.8821673935329395,3.9628626165241885,9.337677396272744,-
4.733310105880154,2.8402060334897614,10.0,4.214363548026594,10.0,+
2.108044644869268,5.458775935266665,4.751910214777817,3.547150242991617,9.641453736525586,+
3.633215796835098,9.88692838536545,2.1404170453378257,1.4636076825992717,1.6466448941647636,-
1.100430580705104,8.187099346431815,0.8938988846352991,8.65451400923331,6.9124983677980465,-
1.8886141345758174,10.0,1.4639134274039172,10.0,10.0,+
7.186870666742128,1.2676807308145932,2.821723656870765,6.995249298028491,7.741163857683793,-
8.269739183021954,0.7669470817739832,0.07989128369469763,7.824490102789305,10.0,+
9.086041603154246,3.6197497077542695,0.10311757717247239,7.412410984655848,9.632687662438496,+
0.32862114138402115,6.55473495144233,0.1560026572444086,10.0,10.0,-
9.648098698823699,6.610809531844371,0.5617337040056092,8.757352848940405,3.9080024120545067,+
10.0,10.0,0.84614733025602,10.0,0.9726116316280903,-
9.9681572401369,4.369443017310747,4.025929262675568,0.40732948175575046,5.929607381666099,-
8.018010972913595,6.5511780284077,4.215287117015821,0.7189505126955172,5.036049416826852,+
0.33044886074835356,1.5146276908554857,7.568168003209294,8.124167951541816,6.634261646595085,-
0.09876711235658893,0.9511818643357343,10.0,10.0,10.0,+
6.393113659879949,4.645740182937482,5.956729230524416,0.16372647476065927,2.19500772226635,+
4.750258787809895,3.0695147982626683,1.593923772064148,0.15850814236494243,0.6007367601398684,-
4.8086210282414275,9.23225541025097,5.0763286770106495,9.018876714323902,4.756375980392676,+
1.9700555939392355,6.056559030575808,2.012782823403404,5.941747346211175,3.8530811493126835,-
7.884602621646285,3.9225116587276543,1.8540721199021015,4.5104212722209365,7.873161082837764,+
6.363559744762252,1.3841051959972481,0.03881111388087346,0.23892411999465843,7.7332803059382265,-
5.755127321644798,2.1460462352246346,3.9726892570081187,5.173437637623506,6.616140846459184,-
10.0,1.151682703150848,3.686853359576015,3.1333196679342836,0.8013798239432222,+
0.5580397075888632,4.42630421217353,1.2458835820489367,5.740971844976622,3.349471824369302,+
0.5477521081655505,0.8403719529487906,0.7492608943461451,3.7236325846383473,0.8194825432012522,-
2.4775986963704035,1.9137974461521956,5.581680789919659,1.4881193663030567,6.0029906914993,-
1.3895257181018248,3.8229318904321783,3.6631660557146195,0.9366386888765315,5.743834963502541,+
0.47261212466090163,5.863228265750564,3.6115276030264774,0.7555581709585113,2.3436923990109593,+
0.021686208714394587,2.254704424605635,3.4383781519272354,0.22908920380611777,0.3356313596681456,-
3.177408024001295,1.7482412886123522,1.75838473439195,0.5894216390048601,3.366733050417019,-
0.6120315392781238,1.2355959568652501,1.6844281812411697,0.2019853393425476,3.6340386029825136,+
8.265156485319334,1.3089063256948885,0.0512282091897287,9.530768450171882,3.2463698620987347,+
8.308633035608793,2.3366073136738024,0.0656329616770825,10.0,2.6123078777845246,-
0.8091665098702194,4.067380290216006,5.452119300161801,0.2963253184111958,1.1543585329472494,+
1.0067609912626982,3.1824376655545996,6.659099677044945,0.26432963600038833,0.13264434803396236,-
5.032649267838441,2.5752747769107156,0.12567707338509648,6.361939535549382,3.8779556647946567,-
9.49224037475194,3.0163692021915485,0.07377570403849934,9.211743561620656,2.8833190988578825,+
4.653579908604147,9.940483426299519,8.743685696328495,2.8928248901696154,3.6478548611576853,-
1.3611364746180048,8.968561450971514,8.90073774022496,3.3538090175896986,4.827124348529569,+
0.11796434507859055,5.536948194734591,9.4481456074315,8.227897368429558,0.06809132722005007,+
0.0596185735506214,0.9177170783134446,10.0,3.411188688806457,0.12350475558936322,-
5.901998303327476,5.282950881108767,0.8153280520316541,4.1126134731138295,4.362789428063785,-
7.472496671072972,0.6012998852667778,0.43866964588187846,4.450253219673882,5.268117141158411,+
9.448430458692712,5.159419763545476,1.3363029341817245,5.752818493999408,1.0219112165242805,-
10.0,3.310700725576365,1.5323896892502316,7.987725367415711,0.3805995816760184,+
1.2625337887631405,5.744151788580219,3.349339968718578,4.3808436203814285,0.939892475879095,+
2.1378534823411206,6.436194845722889,5.887487042463312,3.211785463231801,1.0599655330216673,-
8.754270218065749,3.1447624655858366,6.230327030506377,7.662669352780912,0.7418161977597504,+
10.0,3.8150455487196195,10.0,2.6681919108101657,1.4833518877473602,-
0.571863315761636,5.946193212909482,3.923593857044013,3.4471492254306924,9.351465529231998,+
0.21605038534684892,8.832362761736322,3.857455228711439,0.866089352173562,10.0,-
5.700938810933128,5.77669235073021,9.97864841440181,5.772656490439453,1.6963705778768001,+
3.370716438867887,1.9965556510725913,1.1695311275612081,4.553187262509848,0.5826525814838094,-
2.3371862010575875,3.2755021705404355,0.49791982489867603,1.3979321766309338,9.52574507568022,+
1.4833317034391322,1.8605806005436967,0.08197091378707932,1.132771710964398,4.093840686297872,-
7.460639985411204,1.6979005551810156,4.52646856353878,7.699119647011966,1.7562489936716852,-
6.7351459216418625,1.8917393865278191,2.8909596826806148,5.064366320379314,1.0720213330893529,+
3.2808854191514056,2.842814146201494,8.363203214466614,2.5965242235686734,2.647885865607471,-
6.48895354824929,5.5824365561704505,4.850984812873534,0.1588902967105707,4.697515878393814,+
0.9794899948712288,5.0218867340406295,6.159502524564563,1.369749016093651,2.098416141527095,-
1.6572426943704825,7.115341787046864,3.5268651048746973,2.03848802381386,0.1367397306644081,+
9.224571638238109,5.9105020603708756,1.237060267486354,6.762631810001144,3.9244073405274413,-
5.88205012192594,8.782008640857581,0.9978161128483147,1.2084557634401099,2.863601450433134,+
2.0892085122874873,9.410498706787486,2.2499029094289726,5.662434610867049,8.216164398539687,+
3.7306415606292833,10.0,0.6406756992949795,9.280654824539653,10.0,-
6.6167236937530305,3.400024226122734,4.8005432216284225,5.601348288144124,5.84484801001223,+
10.0,6.338906413843597,7.7106209461209145,3.6951459578847707,10.0,-
1.200570394325794,8.973635784726088,6.542775046130835,1.584562238297571,3.287740898057164,+
0.22466582519504108,0.9253166504542492,0.9086882463882062,0.298037475543751,1.0176895811303206,-
1.6219570791631233,5.304023347582603,4.9203354656634835,5.953587067871295,0.9112025185875594,+
0.1235528825238308,2.582209962370485,1.2416920784117456,3.127285078600136,0.4052725626480228,-
4.413981375792792,5.563350546071889,4.541775731405375,4.768302572974989,5.948517647543184,-
2.9262181127237143,10.0,0.09130396809182348,4.378108837572234,3.973137093473816,+
7.173633237156069,8.412965438211634,3.8818187054568387,5.573942728912158,3.0722138148139377,-
3.537094466746115,3.547695542037554,7.070250090835843,8.515479812480754,3.376619573564679,+
9.454293397217796,9.167703630749104,4.146814293584388,2.67810350071921,6.131645182653655,-
9.575577350400945,10.0,4.928529727035939,3.084004729470473,9.536059100885467,+
1.2506055576506558,5.198897155474018,1.9833980816964158,4.947990526147699,2.125739736091644,-
0.5536600665229924,0.5524418103406137,1.4578127390667133,7.616310390271437,0.15643284176551753,+
6.410416586800411,4.943571587968827,1.7442192838789472,6.431667017735798,3.751516382493115,+
6.012824935031622,2.3115684796948486,1.090522219914043,1.543115527495649,2.0120460222013397,-
1.5825815511936903,4.034889318026751,4.56761235836886,9.877000192519818,5.548532163047715,+
3.0824499802958205,7.796142298445864,6.875099810763678,3.2850732628445867,9.06965349458872,-
9.377370302720871,4.777719865362947,3.1129536123506476,2.0791319104290484,7.107443145928145,-
9.947750839309307,8.020793877643115,4.461306190701079,4.108121188024597,9.250334224954527,+
2.8725915198702268,4.922839622781645,4.475292722153631,5.305954036166395,6.348384660760436,+
0.48660825622963333,6.164400670776976,2.683329582321686,7.081242110484125,6.055166576820318,-
8.971081057720834,7.180478730493537,6.131957859257269,2.9646322310838547,4.891506959648574,-
7.502346771773742,6.591494506844322,1.2501199305283814,0.27267443298039146,6.4704992095032745,+
5.806070924602137,7.086606958713313,9.703698556023033,7.788467061254293,8.963960280357636,+
5.660146310130472,5.36796655235435,5.95799407654893,2.9562480511095663,3.378047264022491,-
3.572084262531394,6.7339953052811605,4.0202621038146455,3.6011339360044916,4.724938303585756,-
1.304519253702774,3.02141936246423,2.6131703839986358,6.641844283859555,2.5859899694321684,+
1.004074336498113,5.760575047593414,5.969126552729092,3.1265206211959127,7.62229232646272,+
0.45648754630344396,0.34848555549611177,0.29600578566990887,2.3468474210804615,1.0448835871136548,-
8.013972716094344,8.03597846435846,6.421439520974467,1.0082413300245374,1.3344035234158225,+
10.0,6.660705396642012,1.9007850443684342,1.9188859489581325,1.115580045165238,-
9.399607483019619,0.8107734347623197,4.868768889777728,7.956464325398334,9.34126434081304,+
4.177185961027034,0.5018536957174161,1.5070274884583836,6.339956533317252,7.026012569464736,-
8.829151561378142,8.08399765474766,4.0997506780007145,9.368067750826187,6.709004664582001,-
10.0,10.0,4.297650962083899,10.0,10.0,+
2.4860448529047554,5.146676677938804,2.8890559751050215,7.433513679052105,7.874384258850301,-
0.4677299557207936,6.669637088389707,4.8894512571152,4.625397956914793,10.0,+
2.5069250638374108,9.586592732262943,1.7699574693530395,9.56020261670323,6.893784884371144,+
0.634019440896451,5.838866920490767,0.5572100058335595,7.684782455087074,0.8987870477371044,-
1.2272391907107794,6.0532499392936945,9.11095279367435,3.8989729998934655,7.427775714722269,-
1.2489880186904252,8.250329131478948,0.7723108324064124,6.566029288157519,6.1112547594635505,+
0.7924427381781995,3.8205813939584066,5.083897550466428,5.94433118290042,2.529311814701698,-
0.7950210711042989,6.610695616103215,10.0,8.41658454593075,2.710316986663066,+
0.24724285533101575,7.055398834784086,4.010894135139323,1.5918285031883816,1.9677231326907907,-
0.4131317367853864,10.0,6.355488096039073,2.86252641971577,2.097477458530535,+
1.0754502353633666,8.029582455294317,1.1065376529341475,6.429291297074709,6.543753769939592,-
1.8880095423438834,10.0,1.292396819117869,7.324362174390853,10.0,+
6.111158508411013,8.733481365161124,0.4062542706471617,6.857696052974611,5.19723731043481,-
3.9260339213243167,3.8391126316578057,0.5573738664770661,4.7080669924263,0.5166604889507349,+
5.231870501018644,5.644974223411588,7.084322733805472,0.1182693725285966,0.40133995335059236,-
8.669529260955851,7.2250191609242735,10.0,0.06984521201249722,0.17250834218175806,+
0.2780262475522466,4.881119009211216,5.10524359326613,1.423381081798406,9.146635770729635,-
0.5229631263566153,9.58859461895876,6.8503089693978065,1.7838804312519805,10.0,+
4.0139598988765455,2.8701454861841835,3.04657020585113,1.7859086060796536,4.574949424695655,-
1.8120747657090177,5.585594381048188,1.5777873954900457,1.4328927984245463,2.7374863219612116,+
7.829700801441813,8.124950251217859,3.5137814832020284,0.38515389356363783,6.499736020268074,+
10.0,10.0,1.8017819410834075,0.5643615155401653,9.601790690399516,-
1.8852303304204687,4.169412291879004,6.282032848362091,9.71036139462634,1.1998714695245627,-
3.164394298727244,7.677173862393449,3.33645387619551,10.0,0.4445623849193786,+
7.957937825818248,7.6152990012005715,7.665498463578857,8.46179268073356,2.3437875799312433,-
10.0,10.0,8.830206307927547,10.0,4.055832954412551,+
1.625211137051199,5.390517161500766,0.9770154022901589,5.30304043733234,5.729962372008625,+
0.1433799703333599,1.683047465200482,0.6349714182079136,10.0,7.7285528838822435,-
1.045371194785416,5.868083020911007,7.532337527429841,7.271458931104871,0.3248780012926755,+
0.3450849409426973,7.099764156020874,9.923561652324087,8.675392767382068,0.34457111844099625,-
1.0458708145250384,2.176236524729701,4.885220458379273,7.588245460980273,3.721072079008616,+
1.807377492803998,2.3946072248643273,6.405950604449102,10.0,2.335725247467819,-
4.5252074945707745,5.995443823107128,3.4983912747126955,5.3230036626499135,1.0360940333644353,-
5.969459235439709,10.0,4.527339352024353,5.929748582405338,1.2701115341783722,+
4.3849525866232595,6.847407074687965,6.565818540201613,0.7222504221970871,7.1417861801633595,+
5.780151871670984,0.6146757562352642,5.783422603193042,1.1714872319744931,6.590547640648596,-
0.05399659579188976,0.48957160924495313,0.6228878027735874,5.106408182911882,3.182649070879686,+
0.08134525333134408,0.28224544821084857,0.4731468160464993,0.640277658137121,3.3306968202198353,-
6.600099960791709,7.025521352528389,6.120862812164866,4.263740951135141,5.855338699351476,+
7.386240285007629,10.0,1.0209594616774997,2.319346372187197,1.4291574587933729,-
6.50649020987995,2.909373814978885,2.6645889742665085,5.99028104910767,5.768634443435744,+
0.9680969378052889,3.1104566606352675,3.19696574562088,9.756381043405568,7.994729189407559,-
9.146054314064708,3.911569756687885,1.8370332719305327,3.8885190416915183,5.312868060364719,-
10.0,5.219314180821025,2.2748352879800384,6.880373796001786,6.9978062444952815,+
9.072108228870501,5.876584992988288,7.967052724531747,5.803177679686167,2.270364151850408,+
8.085793042553144,6.49129235355838,7.118387620253544,10.0,2.158434517869947,-
3.8277074834390112,3.756264333729381,0.3563002579902297,0.9990552716865531,5.232950304633409,-
0.5733459026909143,5.659308929816261,0.7112481019294663,1.7258998477712542,1.4372668375138968,+
3.9268144019069586,8.81772803068443,4.503526187540816,7.795608618533572,4.611273581501166,+
4.329412676871192,1.6687941495111542,7.839556960955253,10.0,7.3107520945012014,-
5.988935696967177,2.705645020631887,7.499912472953695,3.159224062735193,8.117065933701165,+
1.1235200439789303,3.0749459197790703,3.325816215203142,0.4000079237393489,10.0,-
3.134449492601612,7.571249728411398,9.732330663119175,8.492481952690648,0.46679635968711386,-
3.791764912845803,3.884297146137603,10.0,10.0,0.45442574751679965,+
7.5692557882820175,5.358800555123907,3.976769578367094,2.482131362611424,9.652080113275671,+
10.0,5.549309730009374,6.606596015259277,2.414306217545153,10.0,-
4.859832698528937,0.4520252546240511,5.6989866899993675,3.203353993446446,0.5460220735376031,-
1.945737317342786,0.6153206476197791,4.586997209587056,1.8455653283155213,0.4877028322541329,+
3.8268506804888966,2.9449642036493118,8.186069811177719,1.9632445334435245,5.194345599282258,+
7.529197908495011,3.8501671749382314,8.525879567567792,0.18057241777143573,8.220998389507892,-
8.91055427354907,1.0515716475096593,1.7839829362845139,5.800874669559929,1.7168234677174388,+
10.0,1.5038304721135554,0.126219805035712,0.9979805997421943,0.6844043603836404,-
0.22316703853749287,8.440038538412747,5.559279293282934,6.214263401715626,1.6452158354209,+
0.24437633643119738,10.0,6.870791793207129,10.0,1.4959785007444057,-
1.460458751071042,1.3689201630454118,4.94008536969118,1.5560536323038265,4.954970266803068,+
1.334723922486711,2.045546216595364,7.375908290720936,1.930749607112067,6.194738896953943,-
7.920765550504511,0.07900397992583019,1.0775383882412204,4.927378091278495,4.7151131640229105,-
0.07061090423280347,0.07268612287587374,0.2555251331073182,3.4036361964219495,7.353535247584263,+
9.514366830631992,5.00826781831322,9.81384658619691,6.994322617317917,0.4292665373715743,-
3.376568795329557,3.572719709052153,9.167234575568685,10.0,0.07366558981745804,+
5.317669690110026,1.666519520569788,6.991985187982991,3.112864326421506,1.13542540573367,-
6.69608685796849,0.1937489702576246,4.791630441497528,4.616012358197465,1.3120398385442849,+
4.905792552531123,2.4354619448509505,3.2382975125208677,3.449351038494096,0.4765071823314593,+
6.908212648279783,3.17505794719002,2.328539271917561,5.943146237333023,0.7984700214597055,-
9.979405236721199,0.14258139037474526,6.5835766118984695,5.325024430049766,8.533474950086347,-
6.177202736332547,0.10713322504002751,6.512893299241318,8.563737831550473,7.626669828893589,+
1.1511698156346883,2.3600818112966913,7.621547690161822,8.797208639341203,1.5817855285646598,-
1.14966690065659,4.7025741018290805,10.0,10.0,1.498847908947817,+
5.705171819563355,9.731070144056437,8.252577130540914,9.712299985143272,4.531398790876713,+
2.631568011334793,10.0,5.021839409710698,10.0,1.395748625960097,-
3.928674792009077,0.7603650149006813,1.5805571335991686,9.58533143971204,2.8369203617443572,-
6.07944247798882,0.5362508532793866,0.175305296697308,8.657547305091754,1.392624085056856,+
5.906040507127928,4.783828218842299,6.379010852008038,7.572889108484631,1.8438180700043594,-
7.5266487270017315,5.332275354632662,10.0,7.676315298463309,3.415848631274739,+
5.045628518445497,2.9381940561504685,5.673320414454951,4.533005887479203,3.742955156235416,+
9.467716630759377,2.9600081827952556,0.45477336264589346,7.381340258478441,4.458797822724283,-
0.4012784871919972,3.7448795787913394,9.199401626193266,5.549280812362115,2.930728519711918,+
0.069480184925069,3.241631965307452,6.03670402577229,10.0,5.7560079618952065,-
0.09053938609713263,8.016258847238822,9.512621008995442,9.547237659865504,4.653947382708407,-
0.1412169084652712,10.0,10.0,10.0,5.492809888098187,+
0.5168126983036925,7.971382339301597,7.859273840723536,1.4232418580248363,7.548109868814983,-
0.12159987038603386,6.159123612602774,10.0,0.3381957879061557,3.143509652792265,+
6.9363756170724065,3.2117221181129887,9.372700820430106,9.020539735361647,8.009705956479557,+
10.0,4.969662299039023,10.0,5.267581189103073,9.191539717945389,-
7.161169661525035,7.761977769924408,7.353393631472121,8.725003351329196,7.279316095604658,+
10.0,5.667409150200511,10.0,10.0,9.067381025913472,-
9.937305225175043,3.725230013648054,8.693765392405712,6.305697166893386,3.867529684159692,+
10.0,0.024983791407158663,4.8941877932868945,2.7439518843511763,4.014417228182184,-
6.072709122806162,6.55106688577049,7.276765379085395,2.0121258254866268,2.5323687756209736,-
8.894499656416544,10.0,3.6749849844959064,1.5084155418485075,3.306370982425237,+
5.456432484681551,6.649296103045419,6.227687169805224,0.3835804783756247,2.720593166845057,+
5.854209411647146,10.0,5.645351001031738,0.2859132456866567,1.5306336045935818,-
0.14908526022520574,8.001169562406925,0.3808227231814809,0.4190231419403956,8.876266186546184,-
0.05230390574118258,8.383115252377795,0.2775156738088011,0.43485885881017267,9.802443151083128,+
6.037750020576382,0.5247795530590516,3.114303795227682,5.07325072100989,5.087849834471862,-
9.159260696031549,0.8862398599808214,5.432385775075578,9.274265116999505,9.36219391453119,+
5.878632479145729,2.2608879587618205,3.2257816950165408,5.376125647184128,5.183223240986607,-
3.814001359060504,1.662777826005548,1.4160483800036143,6.156147376928691,4.673621905215082,+
3.806117607907474,4.241389378134254,4.097097744317698,3.8467842230092755,1.9480255779375166,-
4.687333843301605,0.3970151822878975,3.498035556017248,4.048711705151183,2.945473586882383,+
1.8018539637624897,5.209071867711472,4.62949139332061,2.296711851950104,4.652818886572845,-
1.5543950770872101,0.5102732056239412,7.494245920298048,2.311467833362909,5.166158290285073,+
1.572614430241599,9.062177054814944,2.820272915495355,0.7631956911064364,4.695842044324317,-
1.9189180824127454,9.212890626434167,3.8015936758384834,1.3327337386468314,9.182663260164949,+
5.886198194728801,7.484495738716515,1.1592252205870301,1.8460081710825649,1.6388724890780504,-
10.0,10.0,1.9060563715952468,2.169010709774173,3.1364221897382043,+
4.352233545290211,8.202634637181593,2.134095958972143,0.9592565313966817,8.868454707500115,-
6.276444719926974,9.61438192204478,2.114020753803771,0.060734532618814646,10.0,+
9.326932561096712,3.8004621376715964,3.504319850593105,7.028202965538034,2.870719035378251,-
10.0,4.187553948807092,6.350414606768336,10.0,4.9012826400466585,+
7.543032663801821,8.997497331236854,8.266196294622253,6.727529754933625,5.358999159859717,+
6.686571683614414,0.8084298118882872,6.798456628504184,5.0629759352696055,1.5271415784683298,-
3.652068976520747,7.664995896273776,6.60826879075406,8.594528807676175,0.9094965827379731,-
6.1462002784691405,10.0,10.0,10.0,1.2494809024485412,+
2.9242605925180145,7.830805665643031,1.0408145875296138,8.073278538202565,3.562891730245117,+
1.6719173147895037,10.0,0.5217507245979072,10.0,1.5282924405333929,-
4.319181276166516,3.1097953822647972,3.301694173178862,3.713444714039018,8.961458734928613,+
7.933017290725423,6.103566907275959,3.8070065416417824,1.305664510742093,10.0,-
7.466464604978457,0.24633246289234245,3.66000840822287,6.437583030872106,9.384847132107579,+
2.4707289310206546,0.10843304907008731,4.417783080050938,6.432288447458002,10.0,-
0.3285221244733727,5.555576603141476,0.18598862923041581,7.335289309988443,9.528007727031156,+
0.3795775458760551,10.0,0.28235184966838917,10.0,5.742903076139837,-
9.782724943736905,4.554415606922888,5.292643760101484,5.812535493885813,4.860516249170798,-
6.849044120799838,6.189555833788544,3.179085996115041,5.581243073403907,3.9247986998840525,+
6.915315683710984,6.9392397895906015,0.2792870230133704,0.09813115888134494,2.7117981360025647,+
10.0,10.0,0.42843371528223423,0.16693483177732962,1.9337337821406462,-
2.645738341416691,6.318685506835453,6.112790167774021,1.2595133853938179,7.798274563149874,+
1.7344098478504988,3.7079003595840456,1.3229268558082021,0.1606795047290123,2.185962283175183,-
0.820844869718953,7.601983862835446,8.875050303038918,9.774171474909961,8.167232862806971,+
0.17223816791809396,5.804255198155556,7.386631717546141,6.467768044940741,8.08609710055799,-
5.900388114274547,0.39151911664723427,2.8704140062051864,4.005062559388995,1.839898098675643,+
2.576943188156157,0.14629515180242805,5.267111837190294,2.3604101055137523,3.1972138734394226,-
1.0750785752677372,2.4747299278831103,9.995536704695496,4.955117586349704,7.854754193392147,+
0.31789737105000004,1.9383763501785443,7.2701709139193325,1.2801386171398241,6.89825590294422,-
9.737837261731682,5.1503440423873545,3.080751918224487,8.502652795269782,1.2446549231186077,+
10.0,2.569293579667996,3.6910610675043336,10.0,2.2610374755566562,-
8.087859309535288,0.6249219860350164,4.739253602350303,9.082095743476934,7.896747668830173,-
7.726216601391691,0.12178224085543037,0.8853740439146209,1.017593160720088,10.0,+
6.78284261552214,4.675823471228098,0.6941138811165037,9.140050004001491,2.3034402596152614,-
2.3877528625886506,1.5317576036732456,1.375041110529507,10.0,4.138359135538443,+
9.64891559594098,4.065165144787477,4.128170116372395,5.22091407631473,0.05864638259833077,-
2.1628814647790495,1.3265443545458941,0.9902468605344131,9.686736586834483,0.04837330641620355,+
2.8217566460270858,4.080892949030618,3.461781930443628,7.889233306007113,2.9439872728478456,+
1.2925573183578298,1.6290938181061083,3.1730145627856357,0.45077916456657535,1.7268816173713832,-
4.531060770955534,9.980557694621089,7.3982231073073335,7.082311023660116,9.844761796850584,+
0.2048969116021499,0.6254497740448036,6.835107678323075,0.35679312844031397,5.916329282665405,-
7.490601642228757,9.530631441393284,8.877624472081095,3.6819607502748717,1.5521152747104838,-
10.0,4.001397940758549,7.197258434655921,0.45533894707601685,0.8916395193348606,+
9.880615796961065,9.986654007374169,5.80089794698594,1.3835443621519838,7.628290825636018,+
10.0,10.0,8.235538980900783,0.18733492823534798,10.0,-
1.9487607764107595,8.562976348294137,2.957946795632449,6.7834035653389035,9.929375370814533,+
3.4786571160019997,10.0,0.9676068294558827,3.5923636213952435,1.068202812000626,-
2.946994950674892,9.916150172582865,3.8533034892090576,3.711044735227871,9.405755765437686,-
5.461139852747377,10.0,5.738949824401811,5.370072737876035,10.0,+
3.5859587388301737,5.860961265572446,3.2145578104408754,4.486108021347165,6.312359622189147,+
1.4018544005723528,5.377773647429913,2.9250889341851,1.0041265153266303,4.004494259668274,-
8.056301252343456,5.9461725332549324,1.832188351917755,4.4689860304600915,3.006306210304983,+
10.0,6.688085585677151,0.18224675100602825,5.773072842541396,4.89519971031091,-
4.7455846526660475,4.394969569820911,3.4187437364325604,2.8105947302341594,0.2750457806826745,+
8.966209924642019,7.034996350294145,1.0443218522603492,4.274975973400484,0.4763217676514315,-
1.4525198222351243,7.2639984336916,6.434977427088922,6.550346278596476,9.130512555985673,-
2.836012599258562,0.20395602937497553,10.0,0.18441008357679228,10.0,+
6.047971355779982,3.4127610646529085,2.4442787147399425,8.008876455072496,3.025644256582629,-
3.548598509471349,1.3063450594645185,1.347012609854064,8.992368008447253,0.8643013957466595,+
6.114974921403747,4.800410240873603,1.7190423513921305,6.343535713662714,9.393969897962696,-
7.9733680537682154,2.937960909462935,1.5770388050280046,10.0,10.0,+
4.8609538478455985,1.4440443752919918,8.50718295056622,8.008882162406671,4.139457481972723,+
5.208713125305059,2.3966623313846593,0.6964131684413122,10.0,4.815022132769855,-
9.300441190796757,5.685202428632906,8.821801239649215,5.0610361300566815,6.103530189287637,-
2.38772134202117,5.281056412471914,10.0,9.14760061495857,9.894199479150794,+
9.308182259977203,9.688893025801729,9.746390397167396,5.426631331114439,3.6382481069256656,-
4.194252708806518,6.762760557397256,6.973723891535117,7.243687131864162,3.34521738731825,+
8.077583916014598,5.755582213200644,6.361612594289499,4.111451685476283,8.006561647906803,+
9.119304642316358,4.9416027656668495,2.641312873085765,6.464242797826628,7.569724395455466,-
6.948615659058372,4.555151089069663,0.0088424931955422,9.978916451013143,9.076565122034028,+
5.699885257238105,0.8596382052360537,0.008263813724449754,7.525409062481584,9.055506191641514,-
3.3281540184132274,1.842398509646962,0.8405767755426019,3.1152268519449744,1.354824264369009,+
0.23309449651987615,3.5516289925266933,1.360826182503796,6.031331220283169,2.4960464375174207,-
0.6494482701799642,6.239341389654896,8.434989079502998,7.337771416692227,9.333037446322939,-
0.472276545817249,5.402505201315263,10.0,0.9964648267291989,8.226924335865247,+
3.198079740283073,3.937219385071924,2.157288650544488,0.6011426991910518,4.0998027839123115,+
3.9461231632527864,0.8952170780418397,4.076966279567705,0.6596460608229407,7.4715601114000165,-
6.494815505115198,4.028433997358366,0.9935466700665241,0.6262228242265477,4.928939318552128,-
10.0,0.48494390582155755,1.3480740899762405,1.17381076165438,2.058426539352846,+
2.609662837090916,5.6936244977997,7.410644902380109,8.318596060782571,7.775734925813149,+
5.215583757259142,4.39056613011198,6.13164852324517,7.52635857099943,10.0,-
8.299265567336679,5.73054180586475,9.092555348405547,9.953890874278269,6.118951463005617,+
1.8225941181135896,4.71479022641985,9.94771458010229,10.0,4.00533689430243,-
7.96595285986136,5.362808847122032,6.165095401557061,4.979614402476037,0.8857147018207712,+
0.011111422966039178,2.295928819956144,0.7305535624539065,1.4406805127786126,0.34741374707672457,-
4.411085032073942,9.428266055148738,8.397450996206036,6.213589047509415,7.4520142490621595,+
7.821671778183398,8.253137032191637,1.7540265032501696,8.258800494370789,2.1731739593725026,-
9.790072939921153,9.556911109789244,2.1201569037124326,1.799081060122668,5.131554276214953,+
8.679080734328487,9.015249956830136,2.90523576197442,2.1906132985606774,1.2944974387774333,-
2.0738644462892064,4.565490277641957,8.08795016851986,5.7898219142114895,3.70559865431493,-
1.5788721466814226,6.472211200172157,5.779913804710631,10.0,6.170860752198277,+
7.384589900814666,4.371148088257893,2.7638639918943317,6.834269747255403,6.578213222148039,-
8.61959158322088,5.944952353821506,5.23208956927254,10.0,10.0,+
7.979925414567386,9.445611134722299,5.182912520241817,9.00152469193222,4.381077692508898,-
1.0149725110295322,0.27085366895731466,1.2094686467028175,10.0,0.1285563148519721,+
6.094719996713945,7.710945182727688,5.142054303645952,8.466324312264968,8.968536847047465,+
10.0,10.0,2.4913670108635593,8.39688944866958,8.94211188421272,-
2.273709808954245,2.3278972873303316,2.91369303388377,9.764350590840245,7.549304329323899,-
2.6357560217173615,1.9364600244885037,0.29636894719185236,4.980641691858694,3.907639683769573,+
9.706768731124482,1.1856829317213635,6.2031263449465275,6.121042199234221,4.062269984554135,-
7.208805630060532,1.442249231478446,6.648571700484675,2.042071522446926,7.739110913661535,+
4.843012767052187,8.267016031481685,2.1599054062929666,1.8597042260396002,5.625857320365736,-
5.288867286534342,5.073389910180493,1.5040657283100924,0.15938889182010094,2.0488960701073498,+
2.0626736042447313,1.5321552805588168,2.0915745063613045,5.889669762728456,9.949122488370628,+
3.4394552761070836,2.9325976774727818,1.1661672581183575,2.896265387247198,2.812716733705103,-
0.9953138567546826,5.6998706243337764,8.091142196949123,0.23377357630125273,9.06679048741437,+
0.5713496185023813,0.44340374159372353,2.3878494661991607,0.2129834828204545,0.34021009055200874,-
3.042882942978533,3.935691364814904,4.723614060481648,6.104780494461435,8.972392233311533,+
1.8065738758288366,0.9708536425793317,0.6241095222872648,1.1188158067466465,3.648809577359904,-
7.377862515409948,9.542965231191879,9.8061476029718,7.589083587574011,1.6813360732418692,+
10.0,10.0,10.0,8.970285205972182,0.9257604427737044,-
5.10395601267187,1.061371927934408,3.217393798850946,3.33187867471736,4.372596869721575,+
6.174072794159433,0.26233672320596124,6.31491309311723,0.4199131170022966,0.5208947607729483,-
8.212691636935215,5.195695633904947,7.021093145518924,1.2969934785152315,6.694930068256239,-
6.680946742084576,3.3404586542540198,8.490039457579453,2.296857197224559,10.0,+
3.930654812673385,6.43123607632493,7.11914072147377,6.247826094940279,6.504708273938924,-
7.83769032870598,9.146815656565575,4.914325144149987,5.57249986254154,10.0,+
2.5394986589376725,5.928267564566109,3.1877536466572423,9.654112877706885,8.444962981611132,+
0.01507441915995063,2.4570361147835014,2.334727517209608,4.0959306487473075,8.128398277406221,-
8.491287155884216,1.920804751028966,8.620391007400203,6.493348749840271,7.745954556863315,+
10.0,3.5748519210794525,6.1967193133902905,0.08166957254032349,4.179253836736792,-
6.779136233571844,0.0670055370743905,0.7171119585102781,6.779458516258023,7.58570452146465,-
8.060862702536184,0.06962538344441872,0.10451726230621255,3.3203515321947057,10.0,+
1.3717232524367118,5.577325779531855,4.999244255703879,5.587272934653327,6.30956491181043,+
0.895413520850787,5.33542855655087,1.6979612169605047,3.145649136920984,3.367639200312413,-
7.491884197952672,8.481183972483878,6.838875317594795,5.179249750820702,8.282431565637744,-
10.0,9.586648360935438,10.0,9.118221544063369,10.0,+
5.335314561790399,2.6375276760077027,4.727221810054315,5.069206919132197,8.860175409544933,+
4.973103654797733,4.526087172647768,1.673441588372857,4.348947968883727,10.0,-
7.558645650460887,7.318188281152006,6.20382892812077,3.098019878974494,9.846357594707516,+
5.969913992511285,10.0,7.939457252787642,6.136689353589001,10.0,-
0.8523654546932813,1.7791212767141051,6.90438572068477,3.830590612936211,4.749689174424965,+
1.2321422294138251,2.719642033469436,6.118843241940711,7.3591549121794975,8.865504665249084,-
1.4926256540510652,1.9429527817588654,2.396301574828837,7.0051129012918505,9.198018226348198,+
1.0939247198400075,1.6270908835388846,1.3449843079258674,2.7922303054400137,0.1835044510272538,-
1.2247791658038043,0.6090379822376546,3.981956440599136,5.110494293406621,9.295641730581405,+
0.6136083358135065,0.8533966386252816,6.692468932700758,2.505670770254367,7.387582178078118,-
8.534435759711164,4.181060549183843,2.230500405348974,4.288760773025853,5.93147139460047,+
10.0,5.056424710222256,3.883629310229767,3.574969086737509,7.042523332106066,-
0.4263335308068783,5.839945637824558,5.392464907190991,1.0577744363738684,8.34501330588815,-
0.5283095440083573,1.3943323916996677,1.9538473569910244,0.8448484617632013,5.427981020216243,+
9.673642427976286,8.568513970578636,0.15829265299240558,8.276501717737784,9.932462168496144,+
9.516848297569087,1.973167895094161,0.0023069062417454093,6.662452324809201,8.277364066653808,-
5.54979389686906,7.548141203072714,8.606534322776367,7.301156678574515,4.770796643359587,+
7.871201048907196,5.636159711636792,10.0,3.3462738083779526,3.6847915062733856,-
1.463781879426892,3.2325929124455843,3.2943138638232226,7.958468951554817,9.606493025452865,+
0.013824583973001814,5.013920609049799,2.6778585628489155,6.3586643184756095,10.0,-
7.181991386279161,6.728644183013487,1.8145140764180312,8.231720406044818,1.0129772894360034,-
4.843962911415663,8.34892463985164,1.2826407390505785,8.386713436906552,1.6239315535610759,+
9.328182705878206,0.06461461385307232,3.099229491600215,3.0008248446822714,1.0647579694119236,+
8.471389591254688,0.01438065669020466,1.5784790674343396,0.7136812369040278,0.36578064033480834,-
3.4823099960430284,1.7371236725241956,6.317174201047765,0.8030535317516396,7.7849316924924485,-
2.848968261820346,0.5371250196490286,7.208512174899455,0.8735728404838425,8.130266820410558,+
5.657003001978207,0.506220663075384,1.2718766243360002,8.460045525560686,5.317341274390735,+
4.48533245070419,0.4280861312906595,1.2314042928015678,5.380128258288516,0.23519522412474247,-
1.5416870348438827,5.769893707748185,6.694412627870166,0.7493548902181069,6.105253175642148,-
2.815932998931997,10.0,10.0,1.452040213395056,7.291008132101046,+
9.719898056496708,6.420416024474446,0.11047526036104038,1.0402989776255311,6.485477234764062,+
3.6283543864581778,6.045393824710791,0.06902069049141898,0.6881219940007095,6.344257309511817,-
6.315706810584356,2.9939503044356353,0.806305967858939,4.015688180594909,3.1745743387681458,+
10.0,5.519463293677065,1.4563641192186398,6.533121208608369,1.358372029476471,-
7.330509693700298,5.917025848169365,1.725426021266554,4.45441639877005,3.667306481322732,-
4.532630565261541,8.407513773600934,2.2195468270414165,0.5663546195792536,4.297830894346516,+
1.3564503675528516,9.45354985508898,8.477528437731433,6.046991638835183,6.81233620817181,-
1.760847634337626,10.0,6.36025730136929,0.8170144939739188,10.0,+
1.8750532191724412,7.917311773118266,5.858550153077494,0.8063139173893941,7.334045574657942,-
0.7313071184585146,4.40263967816306,7.358875466676914,0.952022474041015,10.0,+
0.28511178491747113,2.053086164873732,9.650090900869216,7.933615429196777,7.473969754464528,-
0.162370036023551,2.7939173991404487,10.0,9.260912524968145,2.1198530801025757,+
0.42549999636372404,8.597197086648848,0.6019313192314135,7.405239773378039,8.084792111192225,+
9.694599515291965E-4,3.648309305987251,0.9280158229524975,10.0,7.472358063226447,-
4.541323569171286,2.729451515687206,5.673695728653919,3.3015831922093284,0.34311109349636215,-
5.304258592546222,3.9054312771348574,10.0,1.9542363086900958,0.0966319428164191,+
0.7991468038765392,7.345387721909766,8.266852962540865,1.479768671226268,2.1176730581169356,-
1.3321832569036594,10.0,10.0,2.2290116278492764,2.168968410290685,+
6.686128054954605,9.715891606439266,7.4313515109699555,8.629547166548656,1.8382239204928474,+
2.668309849609064,1.9705981776077008,3.106543737901394,4.696390925499249,1.7568673025148054,-
0.3412745533895667,8.147594142812828,7.3721877623235335,4.674952056271319,5.658203807647877,-
0.2981139549431793,10.0,10.0,5.657451118483781,1.5845210636843916,+
7.7150183873525435,0.9983724252911774,5.603879588269977,7.694608132593902,6.614079185570664,-
0.31776649665005224,1.3285257749337018,10.0,10.0,5.323157595942828,+
6.894563114924901,5.837586702427991,1.2645422531703931,3.4115090546166438,4.066917347210036,-
9.914564206763652,6.41771453610048,1.5521272996402455,3.8989212338109587,7.227568757660216,+
6.678029489170419,1.9156489248139597,8.117192248126115,9.49418403058182,1.1182995453934053,+
5.367193758880279,2.425478468944468,10.0,10.0,1.6751916030872174,-
7.047812185300648,1.9082722030041033,8.894027399672725,6.580043272416357,6.598037095026649,-
10.0,3.6652276309472147,10.0,10.0,10.0,+
6.547356523549528,6.666228126526327,5.6818837744577735,0.07854782872228738,7.938298463171005,-
2.6368990772186507,8.950766160942276,3.058462599482666,0.11474451427862227,8.62233518605392,+
1.1214891872625599,3.8215510160035837,7.294485407966098,8.992150672689487,5.907029150579254,+
0.3958035678133837,0.47487206440930985,1.040760181632875,3.1745878442045625,1.4210305515885775,-
3.900641189196211,6.862613636184878,8.516693452912094,9.847066918035868,7.5581690031933775,+
0.10984058615709806,4.0182903190685595,2.279222258068177,9.809291748361655,3.0343214601080866,-
2.188846861851772,4.5019145687668995,2.3321655958492737,1.9469944300381214,5.908567799611111,-
3.4800071046205407,8.302828679592452,2.4706327053739963,2.7479797144230576,8.385333654233037,+
1.5468708390069985,2.531510230653926,7.425762284364325,6.574909833307836,4.838840738585896,-
1.5705484853415168,2.640223875518465,10.0,8.767543003033978,7.949515029423431,+
9.06130833245324,1.4473388983186208,1.6319688556890233,8.596515512303194,8.17805249898253,-
5.888639080220584,1.1678093694860023,2.6902243310183507,2.0319592816102667,2.9767878542327115,+
9.814489131896488,9.611156429007567,9.094366292004837,1.8996472486518856,3.850760764612801,+
2.917239196278774,7.776487831320771,10.0,1.7743412045910911,4.714710565353842,-
9.85593624738047,4.591305155479546,1.2974302472812604,7.940586915190373,4.724979058566555,+
7.260610678649515,3.9448525843373274,1.7772908137677306,5.194753879469233,7.53950125458221,-
0.8047247779586342,7.062770202869389,8.35483650942636,0.8487049191466323,9.528672428259195,-
0.8560782563181184,1.8140942053196072,2.1740791099933294,1.6681520180643836,10.0,+
1.525655430668592,5.486596780018381,6.904651255729037,9.825465644030013,7.339094161488569,-
2.3627816542058206,3.653408100287612,1.9960298968977186,2.133504592704488,1.5253922995321556,+
9.96066900738829,5.386099677034447,2.8009889605013907,3.003436035017261,1.4972188778058249,-
9.127119281927227,10.0,3.516675428089175,0.46347085681925254,2.234170052309749,+
0.13367938187708206,5.8660259156785,6.4793218661774,4.395179084751505,8.491889452977583,+
0.005721683092281704,0.8664883523418683,3.756738528661788,0.8197507837623189,0.6245952930059846,-
5.058946992926062,8.09524800535436,5.761805373055241,8.425981746771344,2.519049254522595,-
1.8057894493650306,10.0,0.17538038967185882,0.3269155886591753,0.9105490562871179,+
7.971030350454273,8.29134093002729,4.5958333387111665,9.321336054909551,0.5432274409160198,+
3.1593183164988887,5.653274544214205,3.8355543910044076,0.7256916572429101,0.22406612702411638,-
4.747519310933254,6.360124991966605,8.314058179143153,0.9576839655026537,0.8458384547730002,-
7.838346638637373,10.0,10.0,1.5467561678602373,0.9196523260311563,+
9.009553510335774,4.755223979215314,2.798931977900149,1.5828142835073,4.819333924758739,+
6.775517362719654,9.014448473928603,0.44838190266654926,1.3939871894661875,7.56435624793196,-
5.759200164379266,4.951450173505846,9.004388971155912,2.225789395260551,7.287578143400561,+
5.939541029598148,2.916246470163352,6.6808308707810244,2.2837078194820473,4.74472405611536,-
4.583739569548468,1.3731803191712344,0.20934230739056425,2.2920621085505397,2.8427322846536485,+
3.668793689722996,2.6483769427066743,0.3838966493808553,3.162658950210796,5.478592493096876,-
9.360737094675294,6.365409198929565,3.97378237484441,8.302656902650696,8.891556563745791,-
4.556654998776348,10.0,0.6115048949246948,10.0,10.0,+
6.097707078800614,8.053502746698893,7.923098027068598,1.1124686968812925,8.838750008469283,+
9.87159347153433,5.236227195849419,3.2224851856383907,2.0355460059842088,3.6006846470044183,-
1.6158600186565353,2.5798076645975243,9.907206060337394,9.175202167588921,0.57900014982596,-
1.124810022164862,4.933028124372191,10.0,5.470003392567621,0.7650859107090309,+
1.2092908069431207,9.613426520010606,3.0317080898716195,9.885497939179087,9.384556501036096,-
2.065090482052156,10.0,2.023249709405447,10.0,7.465831327888663,+
1.3058584842951504,4.196153882042964,9.063507918155759,0.06509524241808506,2.896065356011359,+
2.4919217344143054,3.885493115712917,3.0057869423992596,0.08886122517349186,1.7354756638067477,-
0.8053139352004213,2.4857061620932033,8.51064116366493,9.026406928790166,3.063922841340366,+
0.1081813386793814,2.968148916906433,10.0,9.90709266870166,3.328792536398802,-
0.4619085020189695,7.039892202126772,7.878404635329668,6.104614616013768,6.9249091472496795,-
0.6477668704883074,9.42918266148413,10.0,8.214875341138903,7.1513050677710135,+
1.104488767964451,9.779058646666106,8.702599331330138,0.34646883076044244,6.118276405544496,+
0.682198192274999,1.5218321332727833,8.447895553258107,0.27645038408783335,1.1418106451597343,-
0.5912682936601044,8.640736133511561,0.5691787080927491,7.260435088029656,7.773403461026155,-
0.3899563798528441,10.0,0.796444259663388,0.2536380963910292,9.814118451236357,+
0.7166016983673706,3.662418873571239,0.5762328700306429,1.3341462749253463,2.2114089574805718,+
0.09556282277638352,4.3759385740917685,0.5351162290490205,2.102915660546581,1.1799102928305993,-
9.610570321460083,1.395576606219856,0.353217109744276,4.246799360227714,1.9125810787712871,+
9.397855959577184,0.2600246699096898,0.05580739522841369,2.476039545694846,0.08830352233673598,-
1.3013392465310403,1.4436001944678956,0.5061429923746863,0.9269471809254703,4.4839285385490175,-
2.264894468618682,2.021548228669074,0.5637042120388476,1.4340620645186646,8.388406610795583,+
5.637530464776807,9.970521227328268,9.126123745771652,3.094475567846394,0.6377913248338862,+
2.8335761798820913,4.234307807384702,5.917144599401512,2.7795182658081306,0.6009910133247321,-
4.127457791850167,5.4955560195606035,0.8981531859768044,2.05702645835921,4.046237375619519,+
6.886210901482013,0.446044469703079,1.247485708500356,3.275885430356239,5.763889198257342,-
5.884854034327312,5.5154325058114235,6.73421290502215,5.441471141669467,6.701830974329891,+
2.001594353191877,5.700146112500129,8.69140322096297,6.9636462194558435,8.235105069210693,-
7.370721038764298,9.43452089337839,7.524632709083027,5.9846520757578245,4.5532214951944034,-
10.0,10.0,10.0,10.0,7.378159780171517,+
4.723392214162592,2.583092430938464,2.513794751161369,6.384630582265897,4.186324559453327,-
5.292736742027598,0.9728919198287306,3.6521357485968586,10.0,2.2845228995572056,+
8.901113236954654,2.5501683588214465,7.454270609563879,6.101272672722466,5.334271101995002,-
10.0,4.729528147270003,2.1377199325290834,0.2969727880610616,7.798819159375589,+
3.893871665231102,4.100602774841505,1.9893765249371453,8.820883276124752,2.305035324254374,-
5.319093874913118,7.833534532346176,2.765624679872051,4.873093301485803,1.9599252650877597,+
7.211751604864636,8.258752370848248,1.7843629394096239,9.541798044308688,2.4326404609557297,+
0.8540799299779201,5.017417847719189,2.9451785086242572,3.560132316599592,3.3423104338951695,-
7.6672527234423775,7.996484796088571,9.238563001716456,4.78289495526255,0.3196787673579293,-
1.9443374258851678,2.524344263376355,10.0,6.64760316337859,0.5307166512822109,+
1.6905814031524713,4.535727497907191,2.2229764775239502,2.5567378994198964,4.631584916529641,-
1.2317696286506614,0.8376776512867469,1.9864631827901258,1.304273297681389,5.622999727834155,+
2.513899105937826,6.6356153084458,2.1730523958236048,9.12827632118022,8.724246188788658,+
3.699432092758767,7.9139830993131115,0.790220314620014,10.0,10.0,-
8.83926507733702,1.9362407749831523,1.72447051989859,1.8751999746465564,4.0319055873850775,+
4.86750000232111,3.855698355208881,2.866889421352692,0.17457306511379106,2.225340652807892,-
5.408844940440247,1.0821802731721486,4.672391524138151,5.5189767219154895,3.526984513265158,+
3.2950608885232593,1.012998720182648,3.207594357796046,4.871385888085064,3.226989375364459,-
7.45306941455873,0.7752771467223019,8.79053520605757,7.602832783032048,7.332652983199775,+
3.4299683397426857,0.7190283464204705,1.8626373404418282,4.700835297539695,3.00745554171034,-
5.685054822411455,8.210646044885054,6.295230157732266,9.303182349039517,7.019656633510162,-
10.0,8.960338150213225,10.0,10.0,10.0,+
7.442392104943183,3.837215914519799,5.426191274689671,2.1806374483681026,4.1774166367456775,+
2.8497127351798426,2.375114703428004,2.007532329050728,1.060520264897667,1.4589382064171432,-
2.3166036018957548,0.41171141243728004,3.6638502132479314,4.644188406143734,0.13671845052854015,+
3.0124240133838693,0.7473537785629472,6.927154145960558,0.029794689621255692,0.18234825691722412,-
7.323775632837865,3.904924291368891,2.1407331646029757,0.6771116564121382,4.103145528047132,+
5.507059242018473,5.051495382145782,3.522322433871069,0.6970166505438729,6.925300481675303,-
7.365806483196159,0.6856726720056849,0.01599751256160631,0.369750785199906,3.278805953894506,-
10.0,0.7542946721637085,0.01749391908507258,0.5852614148666837,5.998886238109686,+
8.467885484533276,5.622250140343023,4.789260281769963,8.329041918488496,9.253223825265199,-
10.0,2.9885307350484536,3.070104358408679,4.632278961668532,1.4863636486843799,+
