3.4873560627009703,7.851233434381762,1.1541465950169127,5.182252189772367,8.6731869035753,+
3.801886753562866,1.3290412616901686,1.3853928251039014,9.398426166151063,8.017452446966493,-
6.69550685611696,5.393823357491424,1.032631594916793,9.425427317117265,5.636408354487461,-
1.3718888568615848,0.6232758487272916,1.119885729412739,1.859113454797748,3.5745154373353385,+
8.244993963048524,0.44236682285067497,3.54779309423661,2.0918682948403644,5.848019244942458,+
10.0,0.36799133049482147,6.1615379259653755,3.0363120039773124,10.0,-
1.9865183809625953,1.6960081900239887,8.590483917799254,9.905081013275298,1.1307800762554077,+
1.1001229755602429,2.934768732786218,7.324147488316098,10.0,1.9880188364192701,-
4.343975961832528,3.160632770600552,1.7366115358130052,8.481509311646485,7.5588061911051945,-
8.654336619805527,3.7930680123096945,2.328529684195165,10.0,10.0,+
4.377495003587525,3.0486978220806558,3.8281385972115825,8.894922164600954,5.4199831865612405,+
3.1903835707805728,2.8834506403102598,3.1289983228900815,9.788371306634135,8.538317079572218,-
8.360723755075151,1.4246086761482013,8.34925118231471,0.4393343451002396,7.4874117513104785,+
7.32731020620138,0.10828082570265253,2.3831017152058305,0.3377920846040312,3.6133428721342025,-
2.460787959777442,0.6895796326493475,6.981909741038386,6.124866141809978,4.496347029396039,+
3.0859148324282657,1.1883106400790848,3.211803258188995,8.177863873850972,5.395997088194626,-
5.29697956268026,8.772155040110366,9.271817337702629,3.5786567431650464,3.5680205780045227,+
5.113942239804757,10.0,4.741689376645513,2.0987531158819066,0.9172064174197778,-
8.590960736959781,3.55924399440094,9.3826843674471,6.783241173811641,5.759698606262033,+
5.216447326301621,2.2038972577257767,2.0700169213839628,2.9985756973346764,3.644244040476384,-
2.0142028628145567,0.2277096358033326,3.556133993389089,4.089097610436115,5.86258211153609,-
0.44648289894567117,0.2856160437343149,4.093707802369275,0.772156667813545,10.0,+
6.270492174420515,2.4074204870147717,2.078795243455307,2.027869888849944,9.250703496662329,+
1.709061474494795,2.9065356893461574,0.11851025156216426,1.9832065374760237,0.7744413575901621,-
4.891550405838714,1.4030302489149793,1.76203086640628,0.14029682374633756,5.343854726210482,+
5.630358107941914,1.901364902570588,0.8653759714023292,0.22191339276427557,5.800085735075203,-
9.001108002347962,7.619366139149434,0.5698087015679398,2.588327387917515,1.4515058085626664,+
9.125709177533732,3.5220922886475456,1.0730008956780053,2.6903051738226504,1.7184546684584394,-
1.290268294993594,7.100182183701707,6.500436112806813,1.2242479330970835,2.087911206413117,-
1.3334605181499573,0.9542973602404731,4.0631082591656105,1.226814912199045,3.4934421767100408,+
1.2394366764495934,1.76066050314449,0.6231303440834723,5.843334535349124,9.802062740821766,-
0.6652100972842508,0.2999829358005586,0.6673725602739549,7.087904396957805,10.0,+
3.2327138007119807,8.009141539195658,0.8298092170700611,0.5597616569670882,9.454050219002545,-
6.246157864145398,3.337189909488753,0.7653611814745543,0.3234019748626629,8.869452529274978,+
5.629243579958975,1.922785774901079,7.671536814406595,8.78007760456073,5.479256049579658,-
7.078036197117458,1.5731902103821236,1.7823914158366532,10.0,7.631219337820985,+
1.8527090880500918,5.088135900461964,5.720333636767832,0.2670911718220037,3.3452284435715693,+
0.27275515466690603,0.30235410949520947,0.6483440197722409,0.0475634710970616,0.8383491742237853,-
9.606955950980485,2.494936729972016,6.761611203300706,0.9974242255412558,6.683220586574372,+
3.6565153520626104,1.9401543099510288,3.687164606438373,0.847903476735469,4.5021303354113185,-
8.313598870844674,7.877309268110281,9.451232969316326,9.281627224582586,4.712160286467428,+
10.0,7.1900956535794025,10.0,10.0,8.918940840476465,-
7.838533224274963,7.948253765926335,8.643940810259494,2.356941681253045,9.243929351844587,+
4.250019674886304,10.0,0.8904890902517347,0.33698344740320596,10.0,-
6.104936811596397,8.884054103228534,1.9016840253319145,5.858791570851895,1.8627028192146056,+
10.0,10.0,3.265881807145889,7.801685927543303,3.238540302419388,-
1.7408304003259845,7.864060507335365,7.502727512616029,4.481539322572436,2.619611185375276,+
0.03567967678491424,10.0,10.0,2.0938455353284926,4.8169131106054035,-
6.813273351556437,9.633156833745684,3.707786531979237,7.520325879212267,8.3604757547295,-
0.8926621077122376,2.0200056835414344,2.301005868183299,10.0,8.079260616748698,+
0.47092386546213283,6.270083542251031,1.534037254432603,1.8076500499341874,0.7653527489811385,-
0.5359099115793604,10.0,2.7002490267459263,2.2520478230961425,0.9629265415721169,+
1.940244642920732,6.4104550602093475,4.9869556919471485,8.68679271220158,3.812439826335632,-
1.98941996182519,3.1911161174088365,3.8886352273006777,3.2389727849655037,0.9356014582443138,+
8.52917029594084,7.293635133224888,8.233401744203697,9.728519850816527,9.705715421770506,+
10.0,10.0,9.566433594433825,10.0,10.0,-
8.10380291182515,0.09333021562831445,1.3449270517151624,5.517560580575611,4.199241263863813,-
10.0,0.13622601573043389,1.3592858638643732,3.5582709508177337,1.2301137779413236,+
1.8640158508863758,0.1032477660387765,5.34760085265167,2.782847356479299,3.357022994462211,+
1.9948840293766041,0.11231907164087955,4.389305356869747,4.502831792518554,4.062234988332215,-
6.769623162015058,5.08950666902423,8.190752895254455,3.8111664987441287,9.166922649424897,-
2.867475478276836,4.2176573198036005,10.0,3.4991909310588114,8.855321965910694,+
8.261930527351213,6.736520380817977,4.9634754726050385,7.101871211815025,4.363692233796062,+
10.0,0.7798224947756118,9.456829686184243,4.29099268105041,1.4138107695095057,-
5.683988480197282,2.1813390879551964,4.932566318255246,4.57533057187217,3.5422706900078738,-
6.347338074083167,2.7522063606938127,8.254213948730785,1.1247672318312736,3.2928028642222342,+
8.415228179911631,3.4159625279120185,2.1114635747819834,9.344754095752448,9.042409254939049,-
10.0,6.176226047160264,3.244684237083482,0.767777008450575,0.7678230082463653,+
9.952001305690448,5.225865852001262,2.3728409654205986,2.413540673646927,4.541748692152425,-
10.0,3.923562373302726,0.28079004785329736,3.9124665652114783,7.361734645087454,+
1.07596626239007,9.23348161560811,3.0917435046436648,6.557100610407937,1.3260828547126335,+
1.2795556711170675,10.0,1.571028792052824,7.6478999716307605,1.5677652155479966,-
0.0164293179613606,8.719450377794969,5.214702666411557,5.109129088285056,6.9184914540842435,+
0.032281246788849194,7.1522312933610515,3.1338812137300747,7.102106530543177,9.376616727077952,-
5.351725162068525,8.581238208881125,5.150532377255701,2.7616949063172624,2.344582772035296,+
9.35164813710624,8.915250601371403,10.0,3.63402262491408,3.5355922882155433,-
7.096644076668447,2.469881626369874,1.5631447039099489,1.1847397223182232,7.671971488354618,+
10.0,0.378832082533179,2.9163506173711773,1.3663204357564804,10.0,-
0.3563189113584664,4.22074749708602,6.167235014452828,0.8597336037161751,4.50236457532565,+
0.3047171016214928,5.410431681289845,2.669245726780739,1.3606770371037058,1.9639738352957985,-
5.707469663550615,2.824652872208715,1.4461835134612688,2.8396495307565175,4.382631774432532,-
4.384309930729864,2.419133443897253,0.4053151157429638,0.5358891626607776,5.049466958647261,+
4.863928147713063,2.9699112227130153,2.260314223433404,2.6583858443774613,7.402356374126614,+
0.6721388682103154,4.519626755148577,1.4809826893521836,5.27441760364487,8.436339755351108,-
4.307313591590747,8.31253947080635,0.1105368665046691,6.474424900256178,0.18328918179290277,+
7.326635547960065,10.0,0.13211290159122524,7.169494014238668,0.09401170254041628,-
2.525073308013015,8.894778752259398,4.423565454990635,4.832948601433006,8.440792265232092,+
0.9421149562468886,10.0,7.131549025427013,4.407351942989719,10.0,-
6.15962156772315,3.6504367999818865,9.304193248472977,7.621808292697681,5.385227699536692,+
9.510474408518457,4.004841851940036,10.0,0.3170983299078132,10.0,-
3.7520905693490594,6.005522389568258,3.5223512944742117,3.479550569481545,0.5344256469464892,+
6.830457167716679,8.95207009680866,6.145876803944503,6.3021504094898395,0.15408944665673133,-
7.090031050583589,0.16940971705603158,2.0348138754227163,3.8163327748687568,1.192014700784797,+
7.031339451529151,0.13586395292847542,2.377127948537993,6.232311766885563,2.026386195775689,-
8.481664605800121,1.693502887744509,1.2062973554044798,4.65091988568377,0.2894622449904716,+
10.0,2.9382170487841863,0.5932360622824371,7.0525769001854135,0.015010585448438571,-
5.788299625288641,6.438497521771613,7.955228832910365,8.499076591917273,6.2418791910726625,+
6.418729655601801,9.707758032330892,9.66706437432187,10.0,9.83752477392852,-
3.3906141918502986,2.7120335839873233,7.911259707062013,0.10029958925755755,5.135772112905599,+
3.352945914929689,4.631591959961741,10.0,0.14137606739040667,0.8675586362502192,-
6.0860538152388335,1.8520228282355622,2.865739138450082,4.209755904269833,2.8885520306152292,+
10.0,1.5644685794741513,3.4683259282861214,5.247710321428799,4.177597582917723,-
0.3386536839403953,2.9976074763444216,6.29796512241847,0.2562884108652108,2.2764822801843607,+
0.052147747063866746,0.6603463367419304,10.0,0.2889836204946233,3.5649425803080796,-
6.7178464922152035,5.878526649843993,2.6346031051416317,6.080939922039098,8.401851242507727,-
8.839128211442485,10.0,2.8677867799271577,10.0,8.69986638732671,+
3.431017326988912,8.251406027851626,5.186125233016552,5.509638831067249,1.5871239797079262,+
0.6875198247422422,6.303368742852436,9.95695166796315,9.525229948467492,2.437448816752369,-
3.123144638209465,9.925470549279936,7.108419014075558,1.0928959412643935,3.737206704172352,+
5.835701196816261,10.0,3.671981892837839,1.3201975292666397,4.557700071830322,-
9.766217228557991,1.289610135273711,0.26299288170173574,4.582311879148825,6.971975044828839,+
10.0,1.4129083081440073,0.24008903968416118,4.4346749896727,5.884074334104944,-
6.09926583996515,9.865704643328652,8.625864879536886,6.12829039549122,2.9486165872495174,-
9.783192651408845,1.3860626148055162,10.0,3.808392605740331,4.324858270539587,+
5.306306572244828,1.5050604206774043,9.373939558747432,6.455706697583523,9.79626085700965,+
2.884252021817602,1.2179180736498927,3.1221056055245158,1.2340869262150453,9.581202569293898,-
9.290258983209473,5.249956641042148,3.205178664717062,5.732805050985216,0.1860322758293853,+
6.775876107193089,5.076160490605877,5.739150556833605,3.9587787917967354,0.16786454337215848,-
9.311986235897384,6.3604510545331525,9.995538621816685,8.6931916880921,6.414030530731145,+
10.0,1.7326481331527999,8.553507751895266,0.10519635440206344,9.050456377309956,-
2.2872806640876355,0.8432606289398104,7.8375587754194775,8.505875085844961,2.0080340080345502,+
0.9358517735473865,1.15792198983833,2.5827317847478395,3.3201217142510955,3.606136903258691,-
0.699124224805886,3.476340701576893,9.343209438349621,9.806206207192712,3.515003891491464,+
0.8849692266848024,5.85307286872459,10.0,2.290014730829853,6.845996614736346,-
1.0150718909076772,9.086332821698832,2.919945244176767,8.150000841388055,2.8288725826185113,+
0.6032855431005094,4.090941294734042,0.5956511584188716,0.1673027679381899,0.5401258419434665,-
0.3475650631334837,2.7952435838174616,1.240674481447056,4.903843840980571,1.4855751618234658,+
0.3137249060312966,1.0372962014733627,1.2198498727255418,3.0655256832894473,0.7399190613422737,-
8.474499841622809,6.501462824861777,1.5016325051890167,6.064973723219641,4.5488524567793736,+
1.8301333556906776,5.206168373165981,0.8037181140383737,2.1914061012201267,3.609259677406649,-
3.805110033184531,7.743593423193481,9.000568421999276,7.838980614886374,7.191366965283318,+
2.167196241650559,7.248425084155324,10.0,4.235324661281714,10.0,-
8.291159306388069,5.947094711135091,9.035243335074552,3.975316720990667,8.971130813035986,+
0.8672593779976937,5.908129539237897,8.165553276484228,0.15538871091675374,4.352604323993511,-
6.28344867845723,1.0537388304583317,2.122240819742159,9.860618348757939,0.8032462678826557,+
6.354216123961852,1.3665569875080679,3.169349670144652,10.0,0.1335852506520368,-
2.3336343420777874,9.533877423129631,7.536091641145832,8.369842243620342,9.626960077114322,+
4.365086311226065,10.0,2.031753899598567,9.809618295940918,10.0,-
2.941359780926458,2.7815233511784765,0.16870816923265086,2.475212735439584,5.768027679021238,-
5.351120144356036,0.4924134136324323,0.2143890354412977,2.4353297940227545,7.671371063190615,+
5.160980226654822,6.253367902134716,0.23678458486715015,1.7844670572639965,3.6651201870689833,+
3.6682993075612718,2.6832360427418442,0.46440516608412724,0.35753714391581704,0.16283140953416342,-
5.486764189265855,9.54692384861639,7.910569722310501,2.4464977389277487,9.31946679424443,+
4.349676524887507,10.0,7.837394625185942,2.2141190284016745,6.07207370347841,-
1.9399842463436712,1.5759269226280648,3.5561109843333516,2.2289825667012386,8.897312598006502,+
3.6296242272256514,2.070018363796372,3.950517894616165,3.07434850969493,10.0,-
9.045676685571792,5.795686817544716,9.642649030195372,6.642660683254029,6.843882527344379,+
9.37869138759464,4.947005569649247,10.0,1.8395014703671464,9.863526277037048,-
5.54209257434588,3.869727014989073,9.548199338263114,3.186541202821692,7.155928544294672,+
3.0922524426370592,3.5846460411677907,2.0528850204690468,1.6780519956768258,1.9673848493939474,-
8.996516883267189,7.334640743246711,6.543109295213835,3.0308415429155797,7.077598090183073,+
2.026853540105029,0.3311244365461204,0.17733559836520255,3.787744806548546,7.30198683807147,-
0.3387033981649201,8.93643479866575,6.483768064722868,0.6405411753624579,1.2009063363645622,+
0.41207024364422196,10.0,5.082135575245182,0.09276028747681823,1.1657704620122593,-
5.923341891893371,5.068481060290626,4.498811052498515,8.830132298060068,3.585434444998251,+
3.93903009634334,3.519851182434585,0.45146145879130234,7.482244810814512,0.4205889694015815,-
6.145183799169223,4.629847418734643,2.674073798357176,0.23421735381889408,9.906432800665868,+
0.4022372313172601,5.501579281535942,2.454171288631346,0.08287356913050374,10.0,-
6.592913121248751,6.573210430702371,7.842203515638443,8.405227406952996,0.3958011379814552,-
8.108409770030486,3.7990412064517467,8.432192155974343,0.0377874161285829,0.4916872677382128,+
5.601949039128687,5.633556529773828,2.5739567901473395,6.04592617733419,5.081107603899223,-
0.6172899742300705,10.0,5.078790208780379,10.0,3.72160981095823,+
8.941183401946438,8.352147607747842,5.746856030709228,0.282266617538367,7.472208502946939,+
5.83835329049578,2.191723048507724,3.141031386912738,0.02222351250571389,6.323537558431656,-
3.8059445398608283,8.998683393175842,3.810712290489091,9.640998359662,7.315556203519499,+
4.066032078282479,2.476936050993449,7.1932808711247915,9.949082501594189,8.396029891156607,-
1.8594560001118243,4.950052013951999,8.597520764864404,5.5159394762444744,3.7369267311334964,-
3.7042879749377584,6.112825616700034,10.0,0.0017639721105223325,2.4561887858174836,+
3.668845308223989,6.877001640826926,9.92519797705538,7.154059782130063,0.6637124285950657,+
6.777152340516503,1.475584497094185,7.384952621534642,4.997209509203995,0.7269053988228739,-
6.168198431611133,5.269191158358629,9.728304907064336,6.227968141068998,9.449872470760157,+
8.10741676646853,0.15140351891435436,10.0,0.8480956349406764,10.0,-
4.9656724349124435,0.14839917158482208,5.414593357162043,0.28887401402793667,8.217335454924338,+
5.517612781123861,0.1682611510991058,10.0,0.3664954449670953,2.4643699231001697,-
8.72378530728193,1.4450268005901001,8.198029189022858,5.959484776173957,8.907769032476637,+
10.0,1.9660902311778168,6.922667660595424,3.3506336481117525,4.501266412531696,-
1.330103001194699,2.842505102342966,3.373857758035145,2.8805837640126786,8.314448025795544,+
0.07859854397818838,1.963458623717614,0.8663398554311669,1.7600707820030894,1.0157285575341477,-
7.6124804128362165,4.274830059585222,3.816865895602305,4.4299821393485885,5.549079307398096,-
10.0,7.85376997871906,1.2354942788607775,7.9513377319154195,3.562101921672364,+
2.9958907461950304,3.724510488028846,4.937245609837683,0.9270276407739164,4.9602038811038245,+
3.382173253276031,6.615297220972606,6.860048135546875,0.15081699684862682,2.9222126506991155,-
6.496264260463756,7.214239691325429,6.521759935549687,1.7078898568671563,6.1936781511737955,-
3.9027712533282526,10.0,3.9768619815906945,1.508228376167959,5.986103531061628,+
9.972255686213959,6.086749296694301,1.6480691510266343,2.1242999611601188,9.71057497226208,+
10.0,2.7369114193454585,2.0269592688654554,0.12368129387617041,10.0,-
5.400767261914936,9.340757024868482,0.1383722784185626,2.716501227202089,9.875070328382648,+
5.135288481213735,0.5768401351583309,0.1959492446679666,2.481506355367198,8.52263778185376,-
6.777342990789724,9.493779837781135,8.732967734435404,4.399393108738075,2.0874181167163486,-
8.976489073133823,1.7193780274023076,8.242169508708377,4.256016803915673,1.5320774115641258,+
3.8494501252337123,4.1697081918955785,3.307720076775793,0.5069779954399734,1.8448778757219142,-
0.46179187929999477,2.7468362201241896,0.37292353210281987,0.8871385022783532,1.0362109635684378,+
4.482512575547166,6.619757005870231,4.474450725383878,3.554866514792953,3.2854362261040073,+
1.0924124902555956,1.1829410664809425,1.1348131000413197,2.686307847564277,1.3231463208548533,-
2.3365336624098996,0.660383474428875,9.575163291763754,0.03270464074776269,1.0522272438168867,-
1.2559056468794811,0.6160503173667926,1.652915497672184,0.04809605144467103,0.4329143591276866,+
7.529505699810885,9.744772189204767,5.573468222374485,7.4816520619942315,8.12262992237849,+
10.0,10.0,9.235916826500452,7.36388533190872,10.0,-
3.755773054355659,7.471200140353932,3.4148447799945094,5.802913345140093,9.835635523888302,+
0.5686855254570448,3.8398848142702464,4.719663504266224,3.907145996890868,10.0,-
3.5955957636413274,4.294864245422629,9.392349633065178,7.772291582620198,9.82534432337651,-
4.022326707749379,7.370581668848382,10.0,10.0,9.886107132940054,+
7.287862732404785,7.6691706760603,1.318187877469077,2.801545414093638,9.378118568307523,+
2.450260194525536,6.4787265325676895,1.1272339401495026,1.886294515371797,6.0867287180595095,-
6.6920748864525725,2.591195543518422,6.792831616546861,7.802013464956715,7.288440098507775,+
7.9899169608477685,1.739258559962744,6.92925648213149,10.0,7.329123325221425,-
5.956708720790987,3.013724960222289,6.306900801043169,8.525721016704379,5.792080373478864,+
10.0,4.787247896727099,6.6315742452870685,10.0,9.965030480411404,-
0.4727789068517718,3.216137580334636,6.869525971039984,8.391259227543724,4.600667570858522,+
0.32292377202844397,6.229003081748989,7.192330852210395,10.0,8.963444557770334,-
8.779574870879292,8.62288602039442,9.341844659379477,1.9905352434083246,4.283146765718144,-
3.8687517244066187,10.0,0.09223029712178396,0.9061813620032684,3.477912191736338,+
7.210817113917152,5.263079260860012,4.347407989973976,8.168630278475895,7.152825252886862,+
10.0,3.944244630136613,8.32944946051263,0.6038328769350262,7.110599504702244,-
6.217850304854613,4.542233489272348,7.275478086718897,2.537751139734503,7.078663253683701,+
4.415916274868598,1.6408267664509233,2.2011819109170467,0.5833057411914838,5.265913345431434,-
2.4824409211619125,2.8873299990963486,4.1035252544526575,4.22164073794395,1.7294520023249105,+
1.9512432305575926,0.9023407980900938,3.878287222552013,0.8275594424162158,1.0075770859740485,-
3.818105447245114,5.831452854405329,9.896693102418526,3.4528080677724793,3.7986494189888287,+
0.46676899848347353,5.600694270652557,4.053905573236298,0.1690703383050395,3.431016736540343,-
2.3292579179151063,6.337220915720033,5.452635619005688,6.161386904982046,5.319973109576406,-
3.9416787852249016,9.731639141432488,2.435510612033796,8.51202048035584,1.4391144954542836,+
6.224531815763724,9.289843650153875,3.1043059916491753,2.4205809265874523,8.17077905195741,-
2.2378684131748265,7.737772463740134,1.8577023069724394,1.6924017647308298,10.0,+
5.0772195565397915,9.036761727586029,2.2184603731640005,7.997798733473658,5.622623775188487,+
4.182626173964931,6.983270669517223,2.0651965503089427,0.22633644959822322,0.1453279159502957,-
1.3867717937423085,2.000503548279574,4.451407216214608,4.472309884154793,2.3609758378535837,+
0.44984833652695916,2.6317876126520816,8.424431153531833,7.188487664295635,4.250569238183356,-
7.670507583028552,5.070609996391759,1.3119415224635078,8.236949051357046,0.5182980534097714,+
10.0,9.005218431521781,2.617871499780623,10.0,0.7902730788884498,-
3.8105108986255654,3.293212478982206,6.0242535494890825,4.064116232117392,9.629308614768759,+
2.0495024495295686,5.097167307954827,10.0,7.197741348692415,10.0,-
8.293880698639,1.5758797952742742,7.2956060322218,8.121260488888119,3.8609504669929695,+
0.3801484156332923,0.6154960191768705,1.0030957454083194,2.381533675308044,0.04920673231737897,-
1.90817621778674,8.58749500722528,5.482596883447722,3.1372454049688256,8.57902547063137,+
3.81174712902161,5.8335685199297584,4.946695469463477,4.920740445242339,10.0,-
0.5792059822654383,3.0279659142791693,9.47816114507922,1.2663031038768524,6.050805064685488,+
0.7056641356011261,4.909480154936406,10.0,1.6369121726061444,10.0,-
9.000271397184544,2.067272115063097,3.7155593890477636,9.108844094313941,1.008272680193073,+
9.830800126929308,2.28459589699259,6.5056355200812055,10.0,0.5370381986436314,-
7.445079393416501,6.035779351155389,7.16557021058882,2.978678397992063,7.573820461885331,+
10.0,7.8590652764014495,7.461758072077759,5.191784614151897,2.872506216626419,-
0.9013378185764731,3.674530148956805,0.5686854164260402,0.6300279286471722,3.9776113014445436,+
0.8521013083958712,2.9099562652160524,0.47359262264156354,0.13091809009589056,1.1516677132388642,-
8.443636984229698,5.356387360610624,2.565516289419648,3.214699083118875,7.970025278871791,+
1.8538771694295264,8.70510226101457,2.008033959373933,3.5770735576985673,7.506730014434208,-
9.767211898734011,0.5520873900176759,4.0148752556238945,5.033848564099557,4.518689477290698,-
1.2832424894460568,0.39235198825355655,1.3891893882235553,0.8330643294704188,6.9497968787507975,+
6.9883381633688515,5.223893145505962,9.245298331619429,1.5278833088358057,8.549499368297253,+
2.7044123231108292,4.952399286451881,10.0,1.6546267468421443,1.7661618808126673,-
1.0057883327430794,1.232432430830025,4.505907017557796,8.339764000252757,1.5837852487269888,+
1.2423336448592832,1.0986044841654394,2.677504326154677,9.904029353394069,2.5370425672983297,-
7.406544977586692,2.5271842245770615,9.739329285947116,4.386359598334716,0.28722585012187385,+
1.8487852757565428,3.24715927239413,8.732201615771874,0.41396868095723044,0.46879075869366393,-
9.012751888641818,5.763674763087114,7.970324143505566,7.50839157516298,5.989974069228593,+
10.0,4.828617942250742,9.875777698539432,10.0,9.21928178206522,-
1.420143728120069,6.179251086686365,6.273090517902643,0.2411612647357786,8.140352770812454,-
1.5561856007476453,7.590001935383593,8.224917187448186,0.25938795763175626,9.031889508889593,+
9.792169425913356,3.2284491941367732,4.063170406066117,6.999266773832745,7.146939636980079,+
10.0,1.4455712752666923,6.413116854208675,8.823460403981688,7.751823477136451,-
1.1773762387740105,7.137287166993149,5.338454594701682,9.174784127903528,2.4913546580746204,+
0.32506818061524434,6.176468581324868,10.0,0.6026318405576732,2.0794627635444325,-
1.6048823120415479,7.896155097341388,7.705515561167714,6.969887364056277,1.9538477835941326,-
2.9253493660711887,9.16753922214341,9.736659123533224,9.965976022784579,2.4361760861695974,+
0.25284796963942036,9.883040877143888,4.154536080704148,0.9045595243677829,7.24767523392379,+
0.33333842952425113,8.982048004665398,6.105568896913582,1.0298065214713996,10.0,-
6.526086059559695,6.352335362737,7.093604752161948,5.31511072146476,1.7498225340080675,+
9.684831346034137,0.7935358850136494,4.601552953668779,7.083316336294881,0.042528558930268946,-
0.06742079870627138,0.4077610684678601,9.924590309487252,5.1268974771594,7.921097909416698,+
0.03000390396760834,0.13970394992936308,0.07375972646346336,2.9323231135731462,7.285373946788618,-
8.811218480901783,0.6750516377978877,9.74390108616377,1.8449100391694873,2.3582627109486887,+
4.889144845753384,0.297083442570697,7.842852399801255,1.46116868163868,1.9034433516341505,-
3.831963921464092,1.0305582497081978,6.2734990706555624,2.93608294549259,9.538720637787387,+
1.489295575537659,0.9562471208555215,6.223707295475268,0.06131347088098905,2.0706962042393204,-
3.840414552060618,9.753167648524236,3.42248387699037,1.5232054142436335,9.58815697613247,+
5.166966720996507,10.0,2.890123263609395,2.4931299739862838,10.0,-
5.500067677383749,7.934030127155247,6.0439906501618035,9.711641044294758,0.6184903104743555,-
10.0,3.3717171213977806,4.242773987895299,10.0,0.8954455879474555,+
1.2724165586067415,6.754779794246481,3.8647393294859245,6.759807754182061,3.7416253333673435,+
0.999597563500355,10.0,4.076860172757162,6.3297916197312905,6.624009085665472,-
5.722295256196207,6.211228345066912,2.71102549239697,0.13134529519063132,1.3739421703214938,+
10.0,10.0,0.021029031665422502,0.023626668679755044,0.5596223445615621,-
5.030700979739007,0.7847660992975736,0.8982741905005642,0.8500859624722246,9.822389890317352,-
9.211248307334124,0.6460745309800116,1.3967545696706012,0.9412496672702674,3.0498670225913114,+
4.093331788125294,6.151644301170642,6.428547757649287,1.1368695027502485,4.408037115009922,+
1.8118485010741112,4.772606044219679,0.30983411582519005,0.5960449734828911,1.164661955895505,-
9.527360104797326,9.56617588991572,9.198985465706809,7.7846196414680655,1.9232895792921734,-
9.546054564526143,9.90863979774122,10.0,10.0,2.660016670235521,+
5.008266971439273,3.0332468461323447,4.658811282498865,1.1477756337206357,7.337192595346716,+
4.8117521540818915,5.11640612302033,0.6613910603937224,1.2995638453940506,10.0,-
4.558098984712361,0.6809553290690962,1.3157739746677943,3.399723105397144,6.583384458412688,-
7.652523224841631,1.060631179614668,2.2487234725404703,3.5842972840124077,10.0,+
4.5532544371226935,6.429204286005446,7.374600914629114,1.293479000529264,0.5469562424082219,+
4.4265197359482915,0.6453523891589287,10.0,1.0271183975154505,0.6574187627320068,-
6.615506385783295,5.052366429508105,4.276082559723754,1.9617622574355587,0.3540669381947925,-
8.652042045808445,7.587234133355988,4.7974658376693435,3.6502607015767654,0.5760577444648755,+
9.201938414924065,0.7568437389854621,7.707377989985492,8.60264326057378,0.2921711579418218,+
10.0,0.4054202118162943,3.565491320803028,10.0,0.06635882988421091,-
9.954371588815732,4.503650017552142,3.2290455431735,9.729818227238871,8.150978161700698,+
1.125972215592125,4.120455536287887,3.851866335093622,10.0,10.0,-
5.911002055575867,8.332314553765913,2.8379315739215394,4.107900534220422,7.004416234009959,+
4.978835520058891,7.85782925191725,0.058351441178834174,3.609011880026943,8.337365683660918,-
1.3896506793910823,9.667978473340122,8.262996429024524,8.645042146617289,9.479368927415472,+
0.27148227896075855,0.8979013513513516,10.0,9.164821384363213,7.021367901506198,-
8.835559879799366,1.235375293444373,9.131392831168482,8.40806382953802,2.7099206600027204,+
6.788659006748061,1.757136794612691,6.000127321865198,4.441489634444901,0.7672801347555619,-
5.045469372790109,7.185383046675429,8.799427259623005,6.240107486414904,8.857271027097248,-
9.472270282726234,7.95129546389363,0.5601742451356085,10.0,1.5267212103789656,+
7.400847162989969,0.806244739896741,7.750858173157749,1.192668022375336,6.630521586832873,+
10.0,0.8003616327741299,10.0,1.5971216267038657,3.926897802340398,-
6.665343964068917,0.48792863109006435,8.275692878644488,1.675886235671793,2.7217960114297632,+
3.020196905335075,0.6243659597784436,9.617417749316518,2.996375390255009,3.7519290762096196,-
9.045836263977435,9.179167341795305,8.318358497170863,5.184353318207741,1.9994929999706301,-
6.956741176609144,10.0,10.0,9.274404618103496,0.741169947990745,+
3.2468186741530856,7.215691467319082,6.46883969002398,5.954700430551249,2.7685603249809967,+
3.6208024578937854,10.0,7.041813322031313,6.484004425103826,4.61795153150658,-
3.8368843400684707,9.313438055403317,2.672907805681126,8.563408823457905,2.122845892183267,+
5.028594439402898,4.464144428151401,3.2608907636073536,10.0,3.223180265244991,-
4.360500947235372,1.730618939791878,3.1662558986708755,9.458627882435103,8.436527229535887,+
7.312778841469187,1.4657171351944431,1.2063964090944066,9.80542630290821,4.648893073172099,-
7.093423098520065,3.9432560415956397,6.859170470603981,6.68913142888475,2.781496283324172,+
5.781392735245027,1.8660535864161467,0.9513039766443948,5.469727132326645,0.2748336581124341,-
9.906243284434012,5.740661293806895,1.4328658400379524,0.307259166471584,7.186126945707933,+
6.314927616775241,1.0134390468565648,1.1661905501581988,0.19921836871036588,5.2244000884286566,-
4.10580744640979,3.761695407507031,0.298471920518929,4.518633550968784,4.7669473280860934,-
8.148147275641401,7.182055548510075,0.34827328610715297,6.4513758442231754,7.822343197814219,+
6.812228389264128,8.389274051365534,0.5611597381796873,7.777937194414507,0.3719417195539698,+
10.0,10.0,0.7303896225006464,10.0,0.42571505582388836,-
9.628527435234716,2.284425926337538,1.8203970643570377,2.710286481820038,7.218098270408842,+
10.0,2.5282935340297015,1.8557558734989006,2.985219113037134,2.263534063861245,-
9.920202675361077,9.468259403031734,7.840886964637853,0.2996939255689357,8.158380790335343,-
10.0,10.0,10.0,0.30496367469823843,10.0,+
1.2649327400352584,7.7499675966366555,9.67188800092569,1.9824420999019887,2.7769407673782363,+
0.789582878892034,10.0,10.0,3.343758616269942,2.8826210529281826,-
1.8495278802806647,8.641074557660064,7.085223836980136,1.5220389346573182,9.935785412865739,+
3.6780493143769037,9.883122624976936,10.0,2.5783328414071645,0.1658705738692975,-
0.5809537038978696,1.8725297193973067,1.7705510096428245,1.2057148958566333,3.5967614861883845,+
1.0443065663009272,1.1125119194396096,2.0968633221563793,2.328468408799309,4.834305400314711,-
4.95873092512718,8.068147889756476,4.783569706331898,4.827380575514266,4.931411566688983,+
0.8943896974363312,10.0,9.091417434302619,4.420653236172171,5.873388644455989,-
5.621359443444573,4.701033208775983,7.6403026993975285,4.554559861005956,2.6511224888944063,+
9.892340491772487,0.8365628042958658,4.539369378173027,2.805875926358679,1.5523103059904526,-
8.719512716204186,7.939671045408103,6.0638981824108305,1.9675421169443374,7.7235054388045,+
10.0,7.28640068229048,10.0,1.420762331456798,4.911294082753618,-
1.1530056957118706,2.6159551860460315,0.43601096382332116,6.1860197039468225,5.526016210310372,+
1.7996956442473575,3.3490117403125184,0.47283336322399244,6.647905284804932,1.97453390146689,-
4.103783114709182,7.036265721045702,9.278348211055027,7.9794374452854635,6.1808765474887934,+
1.4445319726287593,3.6333094728370585,10.0,9.351812807402252,5.250784172462983,-
1.9046892569439622,1.0425430978827654,6.009981369174026,2.6162980634876556,0.6601674148233616,+
2.972029669756804,0.21075575328739457,7.458841375663809,3.6617326690447825,1.003437178184951,-
1.3095972203593609,1.9094117815097622,1.362024588405909,8.795063164244924,3.6264537538519734,+
1.7176290192750887,3.217642434854576,1.933240053551224,10.0,0.5403022241028964,-
0.9578249212918599,3.7182621620599434,8.384043609885385,9.224292274810564,9.99680969632751,-
0.516802658072836,1.21162778075498,9.528444495896093,8.389080321433882,4.192873707739365,+
2.9849829563247954,4.3180504947712,0.11596501365792711,4.031144196653252,7.354273798912947,+
3.5600843783812945,4.7858148841560055,0.1829127136870218,7.866639777833814,9.037874704378565,-
8.836913814307417,9.836729433611843,0.3107477034353756,1.6175079567566253,6.806498163071923,+
10.0,1.161439555521905,0.6181910821720454,2.4711778434362177,9.535075253167692,-
2.9214640607104325,7.258555805116237,6.889262619495245,6.000506220228795,0.24831175832035646,+
1.9653219217061522,10.0,10.0,10.0,0.4575007916966069,-
1.3528889907815,1.5599601830152199,7.704794235800103,0.380125432034798,2.47431941704816,+
0.4217949409961438,0.7186397852861678,1.54302112320619,0.27085177710182323,1.5184501955265406,-
2.9491912670287377,3.960825766101629,3.362487422881993,8.150699504494654,4.827370597766977,+
5.30980686565479,3.7038485598572137,6.282529516955841,1.4456801722588672,1.2227032253842396,-
5.047004487600789,8.633622829671387,5.718319351289487,0.518120751280694,7.997727850291093,+
2.8526859644938467,10.0,1.5409318692664598,0.165197345347207,10.0,-
5.685737152951848,3.039408157991775,6.152109098811376,4.21376791504631,8.6505685082339,+
2.0353694248336263,0.7219104551436066,5.943838289217047,0.21682407743761908,1.693477848554082,-
8.174528085350886,1.5841355151753322,0.5983411971758068,1.9037466025045269,7.1863001254020995,-
10.0,2.4090128730991043,0.6295233702880204,2.8429346925361547,10.0,+
1.1363795049940462,0.12682589450805581,7.556603252679191,3.1748168576806144,5.140910959213986,+
1.9994914967690622,0.2071675667459027,7.334859609855461,2.6561510449251693,5.6558260594820435,-
3.5702697993535173,7.713513451779523,9.55927532729866,6.938063764694556,9.528257078730384,+
6.821665215206443,8.676105755512637,0.061026873233843794,2.4429354266476007,10.0,-
0.036247537820028874,0.5425394346977108,8.684445410709555,4.808727306645281,1.3635313279920647,-
0.05630714382111351,1.071249510402796,10.0,9.289830942229678,2.583985631522445,+
5.315110409805622,1.846017619613225,5.53147217153885,7.5861629173135245,8.897332843069496,+
8.500446939313033,2.3939671379009893,10.0,10.0,1.557999917760513,-
7.96024609576416,5.551803340160163,8.281137846442197,7.66468363174422,2.9884167102701764,+
5.911327837526364,9.212208125738004,10.0,2.3733042113075724,0.8408832408912595,-
8.089291299975116,4.709854827567296,4.445646998295713,8.817467278975371,3.6608636136964146,+
1.9150115943418897,1.2409629664674302,1.795183932717733,5.11671622865178,2.556262378860742,-
4.610125453874202,9.609400560722833,5.755320772902559,6.788442007613033,6.729552692766509,+
8.070287659341654,10.0,1.3386105582996795,7.012520906739157,8.255590069007738,-
2.9141192605443678,5.394493496246669,8.281904209137913,8.655204289576485,6.60825651259908,+
0.9874205155149641,8.030836126425676,8.287441546714865,8.679178812294596,7.988678877100652,-
1.640354018170016,0.33946333390172834,5.135404227431875,9.576149918040132,9.704720474201432,-
3.0023891338602833,0.4810928592137727,9.29780199125612,10.0,10.0,+
8.986096918374729,8.580004138848489,4.720292519425467,5.511290686663113,3.662820023466755,-
5.66602261019891,6.71922399154343,0.716106787264232,8.376366334786985,0.1261044490328439,+
4.933607413733938,6.2999955526249245,0.6201310215529066,8.779972218893857,7.036340849237535,+
9.763297880824556,8.226919327522872,1.1992620814527781,10.0,10.0,-
1.5843016449056768,9.183756259672087,1.618550358230585,0.3031703384772899,7.265103609194941,+
1.2900180329400086,4.0767295748666115,2.975629659965679,0.500260707416066,6.106012890399756,-
4.095902052089669,8.037071699832268,9.043278955683277,2.4929159834191994,5.980353261578012,-
0.9002136677837429,3.0879228237328773,10.0,3.020201864654268,9.93261698385483,+
6.736282910251473,6.599383432628182,8.485206905844857,5.544674733100217,8.808192661728649,+
1.8339633297292919,9.798524922491328,3.840876960531867,2.905815830235691,10.0,-
4.3498928407607,5.264392075462306,6.248005068155634,2.4674710353799933,4.03801075733201,+
7.5321349272239555,8.055612819134371,4.779393101320687,1.0463421864480535,7.133079666786275,-
0.02317217704651764,7.175318911203615,8.301595289227306,7.328304093115019,2.0939939093002993,+
0.003679692847258455,7.077769287953668,1.8373021599455748,2.7444409481535486,1.5957495557785317,-
8.96700106421178,5.747822089686058,2.21691818660069,7.146854327496671,0.46186431291442953,-
10.0,7.710059716548108,3.925589912372927,8.670349169930043,0.5516694339231242,+
1.9108440659904746,2.765534474777358,6.721514593142373,4.165642985071956,4.366255601781449,+
2.8236007806117978,5.480641541735011,2.329219678203608,4.5094626408796765,8.226806533589691,-
6.381567560463242,3.4305418201123716,5.968933408366497,9.077880786292232,1.4852794001200575,+
7.487016617604016,4.286157616489601,10.0,0.3944603488640278,1.643378949751681,-
6.0306563043948325,7.162239068528315,1.709903386278494,1.892806819721421,7.471275444771401,-
5.477755934355918,10.0,3.096234821345962,0.805810755963253,10.0,+
9.174026616082111,8.59683394695275,1.2949990421800384,1.6547761512833137,1.871454767980708,+
6.0010866751576994,7.358990352019411,0.6263516202805828,0.15356044234288999,1.5992841019129056,-
9.590488808986809,1.845625898712484,1.624776209343457,6.898441403797447,0.8263921040716116,+
10.0,1.7311437253349982,3.068968004371038,1.0657297137183366,0.21001719908185792,-
7.860309674369529,1.4417997297481422,8.5579925306953,7.952634190997566,1.1526679831928033,+
10.0,2.080942726482986,10.0,8.291689227470165,2.146522310616618,-
3.602524848210591,7.153072043768275,1.6317707530413417,4.850582786368374,2.645222995677009,+
3.5431429594837573,9.285439086501166,3.2193050044622114,7.782981643300018,5.036623578060679,-
9.487457810112115,2.666805621796918,2.4285590157687187,9.545724555998149,2.3591295219288066,-
2.022488232843972,4.671424784999392,3.933922713364356,10.0,0.5858054153497769,+
4.459355482137295,4.851314894968629,9.163529410890659,0.3024765451847766,7.665536854763094,+
5.30723122780349,4.203038029355613,10.0,0.45093450832364573,4.077219795518108,-
0.185473814715984,3.5573988966855765,5.964343541565701,3.952919203158781,4.106735941601983,-
0.338731422410541,5.611846339909237,3.2648996996221196,2.910326956815974,7.95153039697389,+
7.316195888832821,1.5118464779788565,7.246875465145241,8.102026688590305,7.751450046836835,+
7.943625545036679,2.2767932529300317,2.886527922586504,10.0,10.0,-
7.55579705669358,9.589378406802837,1.9914639260639222,0.5356891376727935,7.0438278254952635,-
5.093806143028535,1.9938862257145649,2.800181634581636,0.1786772444772008,2.1741190284214826,+
9.662667319479027,8.510373594822285,3.475182876930012,7.422781433953976,1.040765882428173,-
2.542176903671926,10.0,4.343986745154349,8.783190878817082,0.11621655560513501,+
8.73811958341551,3.4178027231416817,7.5299748859317255,1.069445563655257,4.922031731904539,+
0.17007615832830353,0.009359666401779118,5.167799655684446,0.40632695518247264,0.1860738589101073,-
6.7029708869155735,2.9470893081667326,7.818020428502399,1.5779598343863832,8.208742687263316,-
10.0,3.585966991960676,8.656424775864348,1.9728209464522748,10.0,+
2.948407959695629,3.222665426787459,3.3023135374040944,2.100045649561925,9.073338817339632,+
1.012815323534696,6.222478033587539,4.891344573338765,3.444501205989745,5.052533680787125,-
7.795710663964584,1.3624653973857914,1.816776861535332,9.817340026625503,4.807809122464366,+
9.97805655338387,0.656241546207802,1.4230613550550761,6.445856577772212,8.065612130422965,-
4.28662100640484,0.6677478255883262,1.933977378784576,2.5602404326265624,2.026323195527382,+
2.0021512178138288,0.4892997322862591,0.6467577845620183,0.27822630327985975,1.0986431263294436,-
8.585404209397,8.664475428635617,1.4649822927494316,3.1203985498325526,1.3374930781696825,-
4.120246862354777,6.172671116132497,0.15764085254197402,4.692947452957328,0.6182452776588245,+
6.023223612885751,0.2898336580775551,7.369928137159966,1.1243725639909607,4.226296580883055,+
10.0,0.24547734602410543,2.640031895997452,0.07403128928695756,7.228734299910985,-
7.045712965562454,2.1211016182806386,6.4645473050270965,2.5806287932022807,2.1363823787193614,+
0.8888572487323859,0.5324541561779933,1.7106343090947442,1.239540295647072,0.013012305387767409,-
8.07028252991597,5.910207479892895,1.5368879719633133,1.2390690433207663,9.787146115355714,+
10.0,1.676704806112808,2.1337730880123877,1.8256946892919248,10.0,-
1.921576365626857,8.288795405015325,3.602001624095643,2.079027624945157,8.74601633818541,+
0.015470076395342008,2.6954551957158475,1.360617698972215,1.7370780925246747,5.40466041397277,-
0.8990615563052651,1.054003515986166,7.091680485460413,9.136285029921908,6.369866680625823,+
1.318382880736077,0.059802854392609406,10.0,9.805754382626258,5.044656083818037,-
0.7440745194518572,6.052450867771323,3.689506994534214,0.6534251070059627,9.632772340104648,+
1.4758375269965038,0.11080740519266993,4.202652765741658,0.9942333605267075,10.0,-
0.6834363956840039,7.673770172579331,2.402346458481647,8.51788304410502,8.995294869466784,+
0.8424768402532538,10.0,4.228106340302004,10.0,10.0,-
4.4640162281694895,9.139745190586146,7.730231472201882,2.176454650200718,2.917110008666329,+
3.0925316347218734,6.369648963994078,3.7290993398276977,0.4883785758953603,2.0217834616705357,-
9.561906679613204,8.270793853259402,8.557920102971252,0.2141936948737566,6.686332562316028,-
4.589282071719168,0.767162307954512,10.0,0.32777089248724106,10.0,+
0.9956187874098199,8.119783580387223,6.149187394075588,3.120643486408871,9.566356875268815,+
0.8567054007679654,6.342944877439775,6.115615174129589,2.4594464978525017,9.98729870738738,-
7.6622617598101215,3.662255233422366,3.218826892420281,7.180292579564368,7.791329405817457,+
10.0,4.171057474530027,5.607478687786916,10.0,8.664208345919752,-
0.07010433965629614,0.33027582772332864,0.23929191684979978,4.504365016195564,0.19612760640521754,+
0.003489111797928608,0.32820640906764936,0.0028586302551903645,0.7897913106409038,0.12032747801291221,-
7.8815820010046895,2.19440309140422,7.637295435619515,6.9644124260919575,3.3614959599971836,+
8.616977203038829,2.8245203965299153,10.0,7.5863971854213865,4.2632838520642995,-
8.233319807912245,8.973575497802127,5.052017124410424,8.66864192677215,1.4179665265224684,+
10.0,10.0,1.817992962875318,10.0,2.2183795967828157,-
5.616227999267447,4.952976368735901,7.965641175783318,7.745335550578865,0.5643198133818528,-
2.8769971311670486,2.0892795871267125,10.0,1.1761335499898593,0.03525599051300973,+
8.585256973509752,5.397861650632021,1.0150716342930732,2.5426715445359327,1.9349775715590312,-
5.094930345173569,1.2167245692734323,1.1812695384210314,4.013681463870356,2.1559075545929383,+
9.715823647021235,4.321373665630586,9.931951022348633,8.050492724346382,9.85487620047674,+
10.0,8.370772004377216,10.0,10.0,10.0,-
6.29154065517495,1.2928600265664159,2.536289706779841,6.208008032796796,3.843093419523773,+
4.374689235801809,1.383060098086583,3.109697069897692,6.061835145663851,3.079639754986372,-
2.2118796415576303,7.110008504315895,9.084714926451197,6.888064016248658,3.702495959410067,+
4.186260703700231,10.0,10.0,10.0,6.784503171518154,-
2.607373885212456,2.021324175666961,9.029927518797487,9.959889112428145,7.142369486946364,+
0.7686265880781703,3.7757892411515868,10.0,6.941233341938978,0.516924766892317,-
2.3956840467269136,0.2596907524213343,2.0549284421985714,4.889328226978896,4.995876786191383,-
2.090093159499801,0.2546584219979896,3.875603360021725,0.8331375476510636,4.4059030408221105,+
7.291694942716407,7.940420743208523,3.099458513157715,1.0133059610012596,4.399154979820851,+
10.0,10.0,4.136137341495001,1.8613131548924253,1.0008817954636626,-
9.324712066171648,0.31102358048684886,3.6447976038946273,4.158097156166302,2.274221736928256,+
10.0,0.4709204874388739,6.188269361640174,5.565635698303466,1.2326126402479771,-
6.340756017838065,7.776203232229668,8.295520907617746,4.258788767124556,4.393987918130956,+
2.350337420862409,4.4289736172404535,10.0,4.394827679455417,3.371196581661041,-
2.4641744740875717,6.25316292708776,1.258380668950806,8.49352191268003,2.0242571798887288,+
2.618653906224321,9.210557230175302,1.3457292833614984,5.3377631180180565,3.247287029520062,-
4.550573661644435,0.5529894297639237,8.394078590583117,5.084857396587576,0.7654091101855043,+
1.7400235335203478,0.1839490202602702,1.5339827902289194,7.88788159634907,1.2055926408980886,-
5.989614260946866,8.386084371751233,4.804242094319608,0.8159484087738589,3.5641793396894372,+
1.9194026318713446,8.044557295221932,0.25107737988677337,0.3117193419599608,5.033431204185409,-
8.844332898688101,2.335655429338912,0.6051362580683628,7.501583239307173,9.162311736862451,+
10.0,0.2653978449075953,0.3976030392040922,10.0,2.7975999495177373,-
6.3810525648838965,5.803041398554809,9.781117606233975,4.546415470113906,1.2510658894882776,-
8.025796750779914,10.0,10.0,6.213205354835465,2.094456308310229,+
9.161643162018866,1.1980608746432697,1.937508628641843,2.0837495306429488,9.312199308464828,+
5.4557549165600685,1.934241062126107,2.23760290037986,1.8309382127580835,1.2849934871786821,-
4.735054560947232,5.549379419026522,4.956746810302548,1.662430198179119,1.6831553708349378,+
6.211202662640751,6.721874933045535,0.21140450240216804,2.3671620288512263,2.2578195773645033,-
5.247035503594942,4.592407528918896,4.558122435443024,0.6555441585705124,0.7704032243535486,-
6.789493795103315,0.009905712304060472,5.523544310508305,1.1482146792162191,0.0824345200344976,+
0.6577981567140012,7.7288217564912065,5.5639978428795365,4.17770262460099,3.2715901688304028,+
0.2402057238308602,5.7578320409974,3.9111067368370906,1.0906164319926481,3.145092945863806,-
8.407634541816977,9.142681977263358,8.54748111608044,6.440423314549108,5.597428076300899,-
10.0,10.0,5.808402610904214,10.0,1.2260076585732531,+
9.65536546247206,9.886327380778441,9.517264421016392,5.577613277585323,9.806851036132887,-
10.0,3.572578847123413,6.738071679614925,2.7300293692264335,8.883979574636623,+
9.478286357226642,2.6849049678607493,3.4493350988222415,8.521370161030271,8.121110250647257,-
10.0,4.714089037809926,5.894087117816546,10.0,10.0,+
1.534309647934372,4.788824416857195,0.8943834446778509,1.8659684288900347,3.788911811150333,+
1.6959376513731172,6.18219662803417,1.6816905236365074,3.670449937738508,1.6879537418645445,-
4.411149644034963,8.851422430269789,2.059296112254235,1.813893113638274,1.5852129642427137,+
8.568676631081948,10.0,2.7423414678456206,2.130603825233274,1.0673159852860419,-
3.0846559338225887,7.104395870988764,1.6728195995251693,1.349281712613044,0.05021397383703774,+
0.9103710728639755,10.0,2.8258636869334617,1.5329096164161657,0.07659648344224666,-
0.8204062355592556,8.270159289999544,5.49846431681145,7.150304796224951,9.918144636729942,+
1.6091871973773264,2.99175207970678,6.0055829785275545,6.238570895537092,2.4159394290425533,-
8.100367773910978,2.5534730203083775,4.943825982286628,4.242980106741338,8.493185616265274,-
6.114969085943838,0.5255604088275853,5.575930638994833,2.0420995705632325,5.50541551670657,+
3.4475745844115693,5.78030640153703,0.7105521838985895,4.908521672122351,9.831533125499734,-
5.998712803769585,7.154315927863614,1.3792458671203904,4.218204470439709,7.4270974426607514,+
9.618565491264475,0.9347226730954672,2.0036343201644815,2.323791177011728,4.879523543720796,-
10.0,1.2239771603988883,2.7634062128581345,3.8699200261982862,9.753253798071482,+
3.496799021347049,8.123452425682089,5.157805606094101,1.31405735922269,2.5000328087493493,+
2.949680635154766,5.660293526757937,9.142712721138771,0.886197836974848,0.003484694839581156,-
6.00318285013683,5.567264780284605,1.23299370134614,0.17908363449189113,8.685163561987299,+
9.18983171929048,0.8970006464389165,2.4353243699889906,0.09295839466150511,4.765523493925375,-
8.13666123324997,6.944305355545746,4.313048569474695,4.971577881800097,7.178353957953261,-
0.3259964892623859,2.3449600964418393,2.0300784225751056,8.064195627112495,3.439675736089144,+
5.1841658046626975,8.182202434327639,7.23973889435652,9.625170558244967,8.22746387007136,+
4.54794298459169,7.211422236480748,10.0,10.0,4.489585132835663,-
5.634879635096074,9.454027219071289,2.7157101139607764,7.148919980255197,0.5192517334217839,+
6.591094399058078,10.0,3.1847600465762618,4.402556267881393,0.7860728673429644,-
8.0878893872814,7.60870218604761,4.933281464317309,5.782670011806714,8.918099795713989,+
10.0,0.03630331391658835,7.022582100094882,6.417447180856756,10.0,-
0.24766797678699048,1.1853492756455186,7.8411754268579035,4.717981390453456,1.020377184078668,+
0.45106415040686515,1.1064056601315326,6.77988536028637,6.470495758965161,0.19357309926827115,-
7.916521302895763,9.38689680276287,9.301033177754691,5.838992794707184,4.99335370757533,-
5.392363467638663,2.941372197386064,8.935900093252098,2.263873168732525,9.315233737966905,+
8.061339381173445,5.91561947521162,1.5047379389970472,4.104979259417105,1.7909558907293688,+
5.322479042022203,7.388790591191308,2.9383272299162417,8.032196322049234,1.8100986554504763,-
4.559148368678977,4.645014959567602,5.4409975465685925,8.311855512193597,8.768521686640277,+
3.808976176041877,0.14493921630290996,3.3808385769938423,7.660739287792767,3.9858030889309606,-
2.3063690422581926,7.999172551168918,1.8939020023855901,2.5308817721408197,0.5007540178071368,+
3.231419240472876,5.245040718483861,2.213627988209219,2.4032410416906083,0.05989963397595733,-
8.19904555094331,8.200207393633539,8.488309245899902,4.646023042848366,8.384714906665781,-
10.0,8.303395819180622,10.0,5.424920487596959,10.0,+
1.4645507821091475,3.434227327233861,6.386086252692188,7.25137218329699,3.1853641738430993,+
2.7876742677754254,2.9945447359725796,10.0,2.773180174049018,2.6792612497374853,-
9.058368742688254,4.004428927275771,4.882297589032011,8.310268285882046,0.5767264157688179,+
1.6950367111235147,2.224965325916949,3.1584066341086237,3.424149362509059,0.13269806977757506,-
9.253752504043476,9.867306836204591,2.051502958595901,8.125754580560248,5.011537684031998,+
1.4005880224891434,4.78345711290208,3.608285546556697,10.0,9.250097666938544,-
3.7878725491787613,6.3207141107938725,3.469183343583895,0.28470195255369757,8.51587176397825,-
0.5303586497507826,7.560678969162758,6.110389156652131,0.27461983888577096,10.0,+
5.895299145089553,8.555647124434124,1.740621540755577,2.0068592955000386,3.4834545141281814,+
9.298790248281135,10.0,1.902238451082907,2.451042861117656,2.4453348458477313,-
9.252993454746077,7.267698379798745,5.60543288741178,6.619894527375742,3.3054742094682696,-
10.0,10.0,10.0,7.476202775813342,6.438441585905972,+
2.4136184344530487,8.486884130614069,1.1317289603319547,6.601731702591645,8.949400630421266,-
2.8215104664853117,5.317728669349635,0.7805714648038291,10.0,10.0,+
6.04313550882154,5.175003491504183,1.3201288627569685,6.889877230669846,6.171877245142396,-
8.71454350867107,9.26772033057422,0.34139206235360303,10.0,2.1406143263566797,+
8.003621548934431,3.6929239137617618,3.9221525015083945,5.345159562502671,1.9649826340441068,-
0.754764517751573,1.5797993165492101,0.9958857521358783,10.0,1.0806212645105786,+
8.877517427007698,2.1503647643235846,0.6515401256001185,9.26855563741692,3.0873334965596233,+
7.244196658618317,0.9664575184876759,0.12236506918534636,9.179396817373117,3.0284665467155274,-
3.527659819258525,8.23046663191535,4.277734439244954,6.54191150883282,6.440514139908769,-
5.037554692883161,10.0,0.2347727497503146,10.0,2.8570296673260698,+
7.052903063227973,5.34164093296062,6.403756809183175,1.450152027984154,4.568873091742194,-
10.0,10.0,9.937351449336862,1.990860985976776,7.439277478888582,+
9.028833630796449,6.347297478517733,0.10225466433014585,7.266670778480872,1.627881381604488,+
2.6050805035220517,2.2198894443875545,0.15073323118009802,3.4330318041899908,3.060608804668405,-
8.530818842264893,5.3568540448004685,9.129002935233135,2.7227523304945622,9.615718733782066,-
2.046067166449121,3.904433040047579,3.998977103213151,2.4730060916486534,10.0,+
0.7890175668923582,6.7148219059042145,9.606576835283708,7.224235457252845,9.35026240254108,-
0.6073443727960681,10.0,10.0,10.0,2.4130222004067328,+
4.527378945577424,4.059059118517151,5.0627583643673155,0.20559942225714556,0.9055789774135659,+
0.6582313462756355,0.4373685970437877,2.7409757366061673,0.2281870523064973,1.5368509768963685,-
1.995955328720942,3.672441912412098,7.567049695884059,0.23626286163284438,2.172206178162137,-
3.2086203611729798,5.703673706363338,10.0,0.3616182984850598,3.807850971861137,+
1.3600432117360273,7.992997937698267,4.346739096697007,5.0123537110086005,5.485121527223753,+
1.3896332578030786,10.0,3.3665923755400513,2.265721702040498,2.189900557863992,-
6.684404259933483,9.011144075394174,6.541408908911482,9.026401236301105,7.17178879450891,+
3.9858965913622186,7.092103159967507,1.6340279680956298,6.810726189534109,0.6708866331844552,-
6.850236812605535,3.7296699832901528,2.9292309988727916,1.6535697237899916,3.609257126394576,+
2.8531272603299906,5.842706685973777,1.8921645693946862,1.594802439454564,5.211626482852403,-
3.74626304583893,3.0535398988998876,2.433979301646476,4.633412183700587,6.069487233231351,-
1.1060961710825714,0.28959488420885754,3.3208754043339437,1.4011225327632815,5.01268542324776,+
9.94645557102778,5.298580985123849,8.387150759534974,3.4161635255471277,4.311216692063394,-
7.332217633142495,5.308598662609911,10.0,1.4775194808808432,5.190502416896163,+
3.2070071837149894,5.733584707164791,3.520330988523682,3.2100872534958946,6.76729950587371,+
1.9003588927913144,8.602002786262783,2.0684829358550725,0.5826400078082884,5.057424763898556,-
7.067097093944694,5.470302917793371,2.2735876170835856,1.1029212304842972,6.7071532780281675,+
2.2028357945311763,6.498133314210924,1.7428069428567061,2.0877693464479083,5.63502659410604,-
4.829551837896386,8.755166515925776,7.603362865267325,9.102986877616978,1.264748076730925,-
3.5801921004763817,0.22486032585452592,5.654240876443036,0.3583977288944548,1.3210693409205632,+
8.443148242749643,7.26121749173066,1.8643319489855004,6.676891029827887,1.1733794465343605,+
7.290386290148244,3.7208967139143505,1.6571743458470198,0.8169417057894612,0.8019118670240782,-
6.465617934464351,9.304282757994626,7.9076176041772674,4.068072364775615,2.4589687715555772,+
9.686069541919935,1.3788529527393023,3.3952900484627397,3.273659810019944,3.6709726095845077,-
8.070934073274854,7.649468165207072,7.865004024548275,5.185228650275348,9.749076514461434,-
10.0,8.637389407456707,10.0,6.185064286652631,10.0,+
9.737201374115958,6.825232685477785,1.213225767116104,8.76140654400165,6.631577911536855,+
10.0,9.508146584450314,2.18687029469477,0.9173251677425837,5.645860795417931,-
5.6498728860272305,4.539404787608544,1.9869584883647529,8.689573536188284,2.247170606755249,-
2.7895671541163103,5.181098279096167,0.5097719895751376,8.667658491478697,1.2515974838330066,+
3.8331242401581322,8.660013981004811,8.479748220574539,0.8579007897356461,2.4414078618187993,+
2.131920999727521,10.0,7.928901012885901,0.8016123668045106,0.02923868595922714,-
9.504152080195983,3.5814419274867113,2.6015878018250427,3.9418834284237168,7.182544983952469,+
10.0,4.924098285566058,0.5015051272663281,0.8032776150971913,10.0,-
6.750759100526661,3.3425365188946046,8.780682265225403,1.192379292073329,7.439367327306032,-
0.20641236839562851,5.304218531098182,1.272132627927502,1.7120531760198971,10.0,+
8.01167661712395,2.071996723225673,2.217002116361393,2.389426534985394,0.6119148901903193,-
6.96138477339198,3.0145248914675107,0.1669466848235332,3.0855268536222,0.7208356625246627,+
9.317897260572414,4.948223348617052,6.989321280648271,7.218511840276535,1.166562213200688,+
7.473804028731074,1.196567102107546,5.635656501664561,0.3895375031292032,0.7548824691072268,-
7.011291603641331,1.3649082000402712,9.44148894040684,8.333384232534659,3.481885789949307,+
0.39829413082695314,0.4760272520881148,8.040920782509174,2.3180959898506877,2.577844004345714,-
0.8284084351853671,6.470905995338201,5.340164361171599,0.5556831158965247,6.720128584498374,-
1.4630359956410037,4.72491028376345,3.547486891726774,0.29712333807547525,0.6126225005329572,+
8.969841080500728,2.22807554229563,2.485560569452361,4.414723275310642,2.754356825240688,-
10.0,3.7186648732658054,2.255404472278309,0.507878666438352,5.165713634648005,+
6.773737212116476,2.199180314875856,2.03392544841983,1.0178291459465694,4.387701957269056,+
10.0,3.5423962404192992,2.4008958926418447,1.553134312769523,6.326937082573416,-
7.886879077586524,3.91915593618142,5.775675362130447,2.9172055498179903,9.920229987922449,+
6.4967948213419815,6.333108112280299,10.0,3.47558864935943,10.0,-
4.052415237226493,1.7868323677291331,7.960390982097142,9.079962709470715,7.152117075747373,-
0.4386429305391429,1.1389230731502529,5.054091992107451,10.0,3.0104122653487773,+
2.2669394648471606,8.870340950596875,0.3566751261580703,8.619318463221319,5.146364915258808,+
3.9347426890864448,10.0,0.3375800331900927,8.49488211355273,3.4571196507744095,-
8.309873868824797,2.7949729990806094,3.750932283448698,8.952297460142237,4.230819574363514,+
10.0,1.777651300987489,6.525314455162868,7.045778490044759,2.5011685536260613,-
1.5237955080514964,5.330920753080422,9.29347558485803,9.909228926771661,1.9829879993787725,-
1.5842565775466948,8.006378496102618,10.0,10.0,3.779806765038076,+
5.101144456762377,5.864432537390343,2.270743724383512,9.520612599977978,7.604370163453769,+
4.945161957785871,1.7774335019948406,1.2395947108022867,5.99855822019168,4.817656247774345,-
9.733626247841404,4.113254207270907,2.750820927014095,8.946309028441796,2.5698578843584885,+
10.0,4.231836662647091,4.785413728207748,8.091841250576387,4.77274829693976,-
6.313360540667937,1.2742323474664274,2.213433178486579,2.9942046941251164,4.416782700514467,+
1.2110544924565856,0.011897468263023122,1.14906841538787,2.9287812936757858,3.504937209542718,-
4.969453740959574,9.925104671849901,2.384659749905481,2.2056845646470413,3.8784979429653967,+
2.0556743300055023,6.572831302029472,1.8471551358435814,1.770299645444149,0.7056672806381309,-
1.6160125154892468,5.473801186513708,1.9028614695356838,1.6707332788099438,9.306168076551977,-
1.683574432080452,8.778676054474616,2.6218560966258058,2.5649264362189848,10.0,+
8.772930308826597,3.5106153440296772,2.343346302550273,0.5006703153039382,3.5469198623549913,+
1.826713774399886,6.890745362839629,4.3317965428268845,0.49612912785094837,4.06298662858273,-
6.018660433318575,2.4281008038478302,9.159277098820395,3.0688458609642586,7.216216706622459,+
7.905155640025701,3.6754477029334125,10.0,3.348339806372273,10.0,-
3.03982992338957,3.7265936023502224,4.0050141933440475,4.266534387497174,0.9239481630811808,+
0.1294466281612982,0.8223423843700828,0.9275363767624806,2.9985771740521483,0.040960461722578376,-
6.603894629465792,3.9505933001601,7.410561564756183,8.920179983574517,4.74420612368025,-
4.991923893189988,5.297637622162146,9.108234895371217,10.0,1.7181005685639197,+
4.211058737734601,1.8949162234186634,1.3962737395472402,8.257979572983174,8.324619364566306,-
2.3916163996022592,0.158726926116217,1.181045870594282,10.0,7.328714556697079,+
0.9409754713938578,7.302950294866127,1.9426862934425526,3.243710092902188,0.9759463538299806,-
0.04885838093365029,2.4737751565209067,0.8811818607807683,3.2852484893028575,0.1479380298617792,+
9.231055457343865,4.052249399633624,0.5032218216369666,8.456082943041965,4.961409696710334,+
10.0,6.336527452336204,0.974083112957192,10.0,5.0475250194043895,-
7.2268120341981925,3.776795439537921,0.850509814170648,4.508841590684723,4.742983045045934,+
2.545121265879143,3.1495206881361644,0.20156409795992258,3.5774578980737366,3.3797532138748956,-
3.475203137704587,6.297573789132769,9.718481212822125,0.16363448820913562,8.330193410002126,+
5.728363238029222,10.0,7.359645950002149,0.03586687912966616,0.7478366739561455,-
7.219421955729793,3.2351423547897062,9.283103436914356,2.1017028833547613,3.851917274072031,-
9.367313973104975,3.9840051988575396,10.0,3.915414366910114,7.337831628197884,+
6.453675983340522,7.7844307201545035,6.470607062927965,9.027717501620776,4.979713070539017,+
3.8723070348939794,3.1637350793183625,3.1532808228214146,6.191957795613657,2.3179838896789517,-
4.139875946311262,8.78171098698018,1.8732206719531108,3.0064381787128394,2.372525683313935,-
3.586205171970399,3.678539557152046,1.0854800188934006,0.4984871249968348,3.3706455457690137,+
9.381674854164302,4.088750100002763,5.702724570064958,8.712462742847473,1.1628233975031799,-
10.0,5.951921968850364,8.206939035612367,0.3462929739857575,0.1043309897935775,+
9.362107905410491,0.4355229099131197,1.284638598063902,9.781979947075682,0.5917001138709455,+
3.5697993175176914,0.15270101959843727,0.5786438000867735,3.967723860697466,0.8284617284683136,-
3.068035228096553,5.765235556766868,7.390279319373795,7.0682864707708015,2.469552724572793,-
0.9779056724034402,9.311915862179816,3.9528894685109277,10.0,2.849481519184249,+
7.707847405785163,3.965753596406396,5.780115041516073,0.11515237280343871,0.4956378682724416,-
10.0,5.88183583758081,9.270718767436778,0.1445924906664189,0.9364354142334256,+
0.11989026122059432,5.27812496799021,0.9552621017233331,1.7328161463220015,3.069385328432924,-
0.12886701163602274,7.6509262988240305,1.7700930344441288,0.4659100545044104,1.151956669845581,+
6.867574156398936,1.6046479148824888,6.497890794482807,4.44086915763219,7.782355961070991,+
2.9530243686482205,1.8486767282296794,3.7173249197873712,4.319558959722695,10.0,-
0.07317030263852775,8.448434993116036,9.174730242343172,1.0402305410425317,9.697375472976953,-
0.04005242815078921,5.903111423271369,10.0,0.5530216553918564,5.858843013956442,+
5.717454465965648,2.031531622242145,2.7744907846231914,7.396941505900477,6.694907243707472,+
4.168772959291806,0.11830329196826396,2.5306884262885587,0.9054098632946269,1.2020797209151233,-
6.475551145299537,2.533642091577306,6.3296680035138655,5.1605792318980495,5.005193478414256,+
10.0,4.7933942199292865,8.22871812292975,4.065440492638999,9.864082320681959,-
5.846310874113777,2.2265728216656733,1.7154601417944304,0.53733937647098,3.1381972729108276,+
7.637997969077957,1.5540479102200235,2.36028083120641,0.8421704408235846,3.344078194597305,-
7.195267310075014,7.579396613309307,1.9693179243418646,4.408966908248645,7.1800412425048314,+
10.0,10.0,1.001150402568855,5.79477889200403,10.0,-
9.628227144512438,3.3216581082169916,3.2087088459674584,9.773842126595794,2.663099905954167,+
10.0,3.481824573981015,5.132810065872438,4.726033455081258,3.8484195269415995,-
6.850218012325105,6.055739956335185,9.969558740532085,0.0029003041961883635,7.399555602930842,+
10.0,10.0,10.0,0.003950638170496524,10.0,-
0.012053421912532336,5.822871780406431,9.10065714431338,0.797170697649966,9.794946898296859,+
0.018760596539727326,1.9346474044262099,10.0,0.4127136548895103,3.5914236285722017,-
6.1365510101310825,3.7259292458017823,0.914109255947485,0.037979447509745023,9.984061704748443,-
10.0,3.819804819423661,1.3188578401287594,0.04875217392652449,10.0,+
1.5110292318202845,6.467051680989423,1.2552900386461896,1.7342214719796123,8.48987986912022,+
1.429873043338062,10.0,0.9034638500599907,0.46729933139568003,6.40214098917512,-
3.2059587001226832,1.700956640894279,6.256893010762607,6.251751652408702,2.3345717168651237,+
3.6691300654835146,0.36788955133109896,7.810375658649527,6.552833271131306,0.9726864679072915,-
5.979251060762877,3.6116034549964295,2.9060830351354316,2.549628214592208,2.2993764950130133,+
2.882497160524048,2.461621274079959,0.9983539889387897,1.9344268753771892,2.180933674373153,-
4.66576972416696,3.364919968547807,2.9239009328978005,5.534315342502733,5.608300515724323,+
0.061117700843726384,5.456467898181147,3.959987222313901,5.989223426495407,7.618202132645864,-
0.38230311292950403,3.420715394746222,6.856530655637232,1.798495235334171,2.07027781317736,+
0.23442149019284525,1.2305779479145174,4.8303256241943195,0.993238978191104,0.853454823071626,-
7.702492858062441,3.7358864837071537,2.2145965341418563,1.1961173935170888,5.4750345300142635,-
10.0,5.882761335614944,1.3739951271532835,0.18249526951827003,6.168244045439613,+
3.3456606013821135,3.2098691876608196,5.779722523844429,1.1256962941206439,2.999665296121993,+
4.843728842231286,6.370332178473798,9.566966439748152,1.630084991099037,3.4630699551510022,-
5.642346585773143,8.073026517470392,1.8271782201462372,3.003357216246243,7.128650725313266,+
8.870877674939733,10.0,1.321173119563031,4.390398108636389,6.374443262130172,-
1.2800861054300383,9.526934767255344,2.4193131793122213,4.196147322784965,9.91807380789404,+
1.5572752222330475,10.0,2.169829689419129,3.224932600040133,0.8564366813724184,-
6.013455968912043,4.577278924677433,1.7353471014374433,4.107147163932807,9.603054632233723,+
7.074271680870604,6.060398124672596,3.334336717268076,7.192557255121992,4.56561051839313,-
1.0364910091008084,1.5290868709327177,0.489356547557529,8.200234350082763,3.129704508445138,+
0.16955417604521852,0.6253930446480584,0.2730560306829726,3.2439939140528233,1.2496483415065434,-
2.4077680498474785,3.4136465656129342,2.2636949302332923,7.554977790872954,1.4893558888278857,+
4.044807567477898,2.7413421888339458,3.658852340668041,6.835676763484336,1.4127913697553278,-
3.949279796498012,7.477899157230349,1.2141530377917442,8.655831630258163,1.9065299437497696,-
2.1520402744110805,10.0,0.7194656362822123,10.0,3.690651509967285,+
6.747673468107268,4.009806163677317,2.8860303297164847,4.686847670830315,2.0364247020412316,+
3.1462167957351803,1.3534268985945628,2.2701817551775036,3.6221762204267742,1.6537669860393787,-
9.49532814708783,1.1831785248539106,4.546595557112267,1.0184657185047974,7.5592766468088355,+
10.0,1.2757718296542393,8.305031923962886,1.8606205855089266,1.6944745302477726,-
1.1066741003016545,8.714119293605467,6.238850996346215,5.125927925297503,3.7349969684059015,-
0.7366624650459969,4.205766865347738,3.5969961198143254,9.32901828520824,1.3082584795774674,+
6.382471604151475,8.435079582177075,3.8075858543547114,8.592167500953034,8.374880325084959,+
6.828975446053405,10.0,4.369695361957556,4.566847536370535,7.266490041441543,-
8.653961267712178,2.006085787380062,4.767628859703391,8.960427935140391,3.7938815610426637,+
4.401539271625594,3.228379900214315,2.0909466409106976,6.769017300495226,2.784662488565898,-
7.700070613677836,3.8680533235429913,6.7992634466469415,5.340795986318713,4.764814963625792,+
10.0,7.016028820840702,7.222929277704055,8.676378973528365,9.017460807695475,-
3.112706003028557,2.119914005462383,6.7511823202216545,3.539232569859098,3.3038093360351475,+
1.3165293723327012,2.3805699511235296,4.303621978309897,4.197818210557942,2.620158559961779,-
7.781522638961026,9.780525664837329,3.54431712832476,6.81669561171883,4.165616156258869,+
1.0323004908771958,10.0,0.3127239200126407,2.7538754901076024,4.297002470738779,-
2.4965875471274224,3.4728413703880143,7.771097489688353,2.713886485223036,9.642761143033464,-
0.8226807575638749,6.436166588204219,6.13575055123834,1.8441370408323787,1.7354965905655284,+
9.191895810679227,1.4879478738045693,3.612147090875464,8.30248206242507,4.9821759671983195,-
10.0,2.8008597508754236,2.8531220398767396,6.558977869181341,6.901155935815937,+
3.07364114823381,5.74676616372082,3.2493902571681743,2.6523506736256977,7.917091428185295,-
3.009192650615296,8.217349704307136,0.9691078083472036,1.4745390146844115,3.8901214280729657,+
9.953991499824662,6.023368329749018,9.964308724270701,0.12296579988601675,6.584313106124666,+
10.0,5.40472057910638,7.537280801548196,0.07007289156489019,5.195709139025351,-
7.879897476352932,2.7260501584921357,2.6302876692655177,0.6950975173139184,1.8374415647500453,+
1.04236361060832,0.6878810215360278,5.22906958381205,0.8532993438282002,0.6439264800957166,-
3.7626254716402707,9.477094949344252,0.6268956810179294,1.3467914156181182,5.723747599140547,+
0.12079941001199969,1.6676404959342541,0.34873192202121267,0.38700821999002655,1.201394194979136,-
5.235175460700436,3.701115702685506,2.1543966269257266,3.2633262710290056,2.026336194613003,-
4.360949514199271,1.6712200119057823,3.0011780225775633,0.7714688786229071,1.365866854193051,+
3.3720367915995872,8.092819603308198,4.318840474546177,9.345832118898585,4.598236302006972,+
0.6709011160739418,1.1446114074471982,0.166974298798032,3.3837267969488307,4.276547811009517,-
0.058962313238752895,5.118689659858939,9.596008169600296,0.6323518073815704,2.286536660137346,+
0.04028042563669087,1.848724452353128,6.881413233883593,0.9540447020876499,1.868034581327583,-
5.484625400668568,2.114804868444079,2.052911266077231,4.467389788658732,8.138245501426507,+
3.2287829028075747,2.0923676810695055,1.5920142331954166,0.02237448985731449,0.18018585857140873,-
7.366976425541233,3.202607413100762,7.249525547619628,2.4511889973929115,4.797811992853412,-
7.73766009390632,3.6408088286657114,5.805264465441324,2.629078250528295,0.9694040909495716,+
7.818498204632155,2.987851425747856,8.005498424848893,6.068932058901963,3.0363898001440868,-
10.0,4.787137006616048,1.120070988079147,3.303095535247556,4.190700394443989,+
8.83693591569427,9.621310647875227,6.39941664268993,5.889269160553016,5.129881753835322,-
10.0,10.0,8.17428321655885,8.51807240809867,7.674795508037234,+
5.9077598705728835,2.09004447580135,3.904599860975856,6.366301089428879,2.3480912397545572,+
9.894707134422795,2.9075919848260696,7.590999034154296,2.828089487810951,1.991203819439323,-
5.2496208374442235,3.3472135208627583,7.875394390084626,1.7671789773435675,0.3157927297988561,+
1.2031545982505558,0.4892438633626632,7.1444551368737015,1.0558029957700914,0.09483747400127981,-
6.530582954049169,8.3201570233803,8.662152240028778,6.581078044657696,5.7512854760299,-
1.2147193268658742,7.157706884054056,9.672800973268362,10.0,10.0,+
2.624757344561479,7.843255831651097,4.371284554144719,8.057501657777811,9.372163292563783,-
1.1964500087630563,10.0,3.283246999798082,2.2817171334480615,8.741865027630231,+
0.8497035191441948,0.6098641376892289,6.424166836487219,0.9351400737744531,2.619032029356947,+
0.4918676693353865,0.9539610057760769,0.8711339886180921,0.6513901927098815,0.4792734540572237,-
3.355730385332328,1.1831672513075464,3.76365665740402,8.327390868586592,5.533076553438438,+
3.635322601026299,0.5970001089923822,2.691333681949608,2.1095824972230672,3.453012093906395,-
7.290133681927386,1.144484642927145,8.704249693170832,4.7239925258721405,1.7143410599963227,+
8.32213979485,1.3471540525267836,10.0,7.74395468331675,2.5586145840170773,-
8.13389533079256,5.086944682171566,0.8906650347615741,9.801828772529984,3.051734699721714,+
6.4523163009045685,4.728146199320745,0.6441664416067937,3.3793463028065025,2.4354606400787886,-
5.9591972602217975,9.971242140140092,5.209573581187879,6.341123852108646,0.38642579440742786,+
5.174812632836926,8.94927494692147,2.4117579143875685,1.1055264725195966,0.23224980627674302,-
0.24124654380036414,9.640980780095541,8.220155609945147,3.481011572265529,7.2764139433510975,-
0.19470640749928309,4.455888004307881,3.864696793067751,5.771285767588995,1.5367681094076493,+
6.623100610598818,5.032221804616089,4.445859158291684,5.655397501514457,7.6729691826550415,+
3.3238453787274174,2.0921343454847774,1.2328231596193555,3.563316699835621,2.161847150028269,-
8.380064269282535,4.810133823555135,7.0912935785818885,6.0569046616757225,4.90779232351848,+
10.0,3.436002699250605,8.786293148469566,4.7138282669742075,3.33451863522973,-
3.563286128797707,7.206646245783813,5.739603373843969,1.5072418895240691,6.764506231242359,+
2.4765333743462077,7.145730077750172,7.427264379785812,1.6778069078164133,2.006466280233936,-
4.567561219959756,8.580484390226422,0.039297438758707504,3.24038616973744,7.956139856198353,+
6.29266945679388,7.601223182328392,0.01820797365276784,5.372421559556981,10.0,-
6.115900183894198,5.434067405811248,0.8087336474180251,0.1591052647333735,8.5894811634065,+
1.318786088598993,7.478815405203428,0.028856503273073625,0.17473014273031934,4.069064440880024,-
7.690556678416323,7.362345712716581,5.810889146773724,6.012704273650441,7.707439629556404,+
10.0,10.0,10.0,7.613666213306134,10.0,-
2.647791411156496,5.105096395035695,1.3848333756978348,5.598416386531055,6.44326186010463,+
2.495072015380041,6.71888293862453,1.0524336612470568,5.295155385672168,7.480592138027807,-
8.736404176643752,5.762831271959014,2.66728666970364,9.689217802585725,3.6880841406249165,+
4.995583733343253,2.167441451773772,0.13228543436124546,10.0,6.688824759293118,-
8.01118379912391,6.473822112671952,4.243232011991869,8.18281142993624,8.314180056565487,+
5.68357871211603,2.2315155263255275,0.9527040791839118,10.0,7.490147348617871,-
5.907900458670124,3.910241934259018,8.474224519613498,7.177817594468539,1.0076152028911245,+
2.749977216608581,6.543967279198442,10.0,10.0,0.90882650561081,-
5.366010800674696,2.9094362790317962,3.045450459208987,3.825007482444244,6.378142058091009,+
10.0,0.9996580721698968,0.12481736162827593,3.8483448042880433,3.1618605529240664,-
0.27287275782206577,0.5564269146772771,2.228118566924444,0.08746359361979539,8.278230546965698,+
0.45250340590517846,0.5984189673106254,1.1695586771844624,0.14511375914397764,10.0,-
2.651141605379239,7.006565346421012,9.590360964615968,9.073550452880152,2.354920435024279,+
1.6574642931459147,0.3819181719163869,9.248422560681632,2.3119471959967255,1.8737340155435793,-
0.38249499067343984,7.42841814710472,5.08567378430533,8.565190098476496,9.205595693068695,-
0.1166728432633025,10.0,7.111611260237739,3.4557570036077516,10.0,+
1.2982415674724301,3.1879473199297124,4.353055113625262,6.492417709505558,3.1018035043607908,+
1.2732595295520917,0.9061013051897124,4.6098181471532405,3.9139231860340242,3.438235529412336,-
6.821639463866856,7.148338061275221,7.442475679290785,2.1870518323538146,0.02795568791407521,+
8.85673112400675,6.734586846987067,5.822664125800087,1.821479040268145,0.015505498362984533,-
9.954226099265846,8.589386927376253,8.721818908824266,3.4802626398498804,0.48156247275180863,+
9.90439352609977,3.9564772153100827,5.916226249617497,1.8805939361926118,0.26402060197203514,-
1.7208646678675499,0.05457940806831041,7.1436223293346774,6.698076771799974,2.429156557708405,+
1.5616384493434114,0.07531931128398331,10.0,9.183759538428784,3.1382549866966265,-
0.1415965376647721,4.847600629566552,8.621656577694495,5.440186005104236,8.905454863071023,+
0.1794969305068793,5.33670254462991,10.0,7.850460290747917,5.5462436687144585,-
1.2265105465843495,0.999493044839872,0.9926154880407889,3.1124051321339827,1.746670020074429,+
0.789465392586672,1.3340491204294034,1.2536431886089572,3.479404333696697,2.665391743210565,-
3.1809313838363,7.195150502606346,5.3726811763827,5.169015766990692,3.415572566497599,+
1.051434493909193,4.109220284212974,9.031386036472274,8.414331790049557,2.235302510764232,-
3.4137831386573625,9.339785075600265,0.8172529365370274,2.1196617363372425,6.5782099208719576,-
4.277930393859477,6.939616032997617,0.6314355369778486,0.2547115173069143,5.9298496638156655,+
9.1577317375854,0.2578301570006414,3.9575346618816387,6.88961103491372,0.24812806456828596,+
10.0,0.17433216744459631,5.038559223866789,8.48348251544954,0.2003378202954685,-
6.987537341688727,3.7058671217951753,6.6902065908966275,7.47586498667284,1.6072499314275335,+
0.2937058594635806,2.0761879565349997,2.4792524400216096,5.678702928292399,0.02885284619157931,-
7.9103539298709,8.60555103512395,6.183186052206104,1.6659506293187876,5.300037755043073,-
10.0,2.360345906453846,0.1906469245739355,2.2142851080299626,5.33100409887487,+
4.851896012021965,0.8222521604942123,0.78568233018382,6.054435630523082,2.5824966486380108,+
6.685673121139273,0.2162751146289568,0.37028056886343386,10.0,0.9477091500464262,-
1.0428239261828176,7.958343025026141,1.881046879899897,1.8960568128703592,1.8455131260293778,+
0.09658137563830917,5.847694421719145,0.9145329270313395,1.884198212659976,0.7865735039881556,-
1.3222291383879425,4.644092116092007,0.08654561427722585,3.52730140306602,0.05383131482287529,+
0.5111661570185201,8.601642841156034,0.06402026840189441,3.641149273179085,0.0039582075583007035,-
4.904886201672083,3.63808065907691,1.8987303235893382,8.341607222534435,0.7589067204112954,+
0.4235414746906297,3.2512813467996726,1.757607086341507,10.0,1.2270097800134026,-
0.28887593019143787,6.197188785780147,9.9559420908615,1.3307094704038946,0.188368881484694,-
0.4178646126609797,10.0,10.0,1.7317380116923267,0.19106091388119528,+
7.681475547892319,2.7043608265325734,8.466448072427717,3.868890429370561,0.8090206104510256,-
3.7972325186347673,0.5941426779498616,6.471181538257873,4.629818622564299,0.022736742147733895,+
9.35415002476243,5.781275343371321,6.966110179073683,5.517049702393983,9.391173166950853,+
10.0,6.744138012119391,10.0,6.498451849181941,9.537968598043161,-
7.694073945376944,1.5340680939431695,6.381007329594073,9.370228545033314,7.783639601563701,-
4.754251738736636,0.5780471844396188,3.630401742241598,8.570844425876459,8.950919410612288,+
0.7924168624227446,1.0414546130554447,0.14838057145174277,3.66171633598225,8.0086109727898,+
1.161442935000226,2.0582103179680957,0.23296248714243764,3.9814729227979577,6.585013776451637,-
4.9985096327572,2.4330950255170314,7.789704716943947,7.583357301396049,3.494093180168627,+
3.5268461544113596,4.117339558003371,6.057833494020061,10.0,4.28289607512286,-
6.192628714553954,1.7567704122314687,7.060667547148306,2.3180519307967717,7.347254038588824,+
2.0069318207297187,0.6726876251284845,5.336884748910131,1.08973102172489,1.4374405733318785,-
6.0344568986657805,7.653553830876739,6.560527569774254,1.0377406017620505,9.620528196218569,-
4.312946742732091,4.641364998634557,6.288584042971738,0.2835111598320281,10.0,+
6.744514319389504,2.1520784579532313,1.9691563990253647,1.7088187995008575,5.119948560226478,+
2.4500212982248417,2.4681007523609098,2.0925101164791458,2.334502782084017,5.696585297487529,-
6.346173218992512,3.9057185321319556,8.196012726672965,0.347382713308938,2.9671604801790963,-
4.203109199196475,0.1277959946852146,5.054584529586389,0.24408270477646796,3.380329774200504,+
8.042220737180623,0.9604162788996784,0.3292009814762209,6.793020966554187,5.326540153106134,-
0.20308555086022895,0.6256188939459115,0.37680938060783775,10.0,8.017364288433695,+
5.392098227461087,5.009427518776949,8.784292686832414,0.9855067512523574,1.0907092245510097,-
7.093971392812775,6.839218193626071,10.0,1.581953909029771,1.5232902711075964,+
9.307598000630543,3.0400451570082354,0.09763619433961757,9.10502767097186,9.749023045383115,+
6.19169560530193,4.251138747794625,0.18804361247635176,10.0,10.0,-
3.268692232301831,5.176074188770075,0.08129542381742016,7.900056928252614,7.072922465952508,+
3.8544240522640947,5.267718511392124,0.1620654927117032,5.3140108479981265,10.0,-
7.167742333741259,5.818323257994502,2.741805185161492,2.598116854839815,0.5527013281140158,-
2.256012239810472,0.308030988297545,1.9114717096923888,3.609699758243226,0.08871643952003645,+
4.512988668750907,4.279495404347143,2.890641486247114,2.3965646149630118,9.023283190547222,+
1.2619486436409204,6.7404800312505255,2.795630694230862,3.71203230073974,0.6833771100761343,-
2.9621736418708142,9.50552125869461,7.013318908014138,4.143270393009014,1.4479970030741207,+
0.5286957331366698,0.7526766123082947,1.0045461937344784,2.7689695351664936,0.6347580428916372,-
4.970994815881892,7.178062716095763,4.9412314920254,6.636961439362105,0.9116462176014706,-
6.078107688143385,8.145871880856257,5.351260826669998,8.219430848669647,1.611473324016892,+
7.703858294575113,6.846980554831113,3.2710731297245066,5.007346641186667,1.4571779579470179,+
10.0,5.426441201686871,5.795143485582012,0.15141629390953448,0.717662722716285,-
4.264966622838808,3.3818351249730636,9.308103765267614,0.9056819435342778,2.375130415960226,+
6.473023048219893,0.6958799345899497,10.0,1.687704574435978,2.5102462194159405,-
8.253429716470652,9.455066697233299,8.9838038101472,1.917848012670147,0.6049672650485505,+
10.0,10.0,9.469603167905904,3.024013094269627,0.2058637001386605,-
2.3887577503823665,1.5559611787206207,6.70780352390109,8.724626970384135,7.8094741083587085,+
1.4226722046627645,1.153092956412127,3.23068935480364,8.52868546151953,4.803276027421672,-
3.2355919961913493,1.4502676223479505,4.607812720244136,5.407005105526249,9.862703003309104,+
5.6762369709733775,0.2366286234845057,3.108375122422236,2.013050391485258,10.0,-
4.359527856692403,9.71443896924736,8.414934648153716,3.873968451405323,6.48040413691743,-
0.8694920897943637,10.0,2.5671313776140208,2.867615396011841,2.9841163725176507,+
8.746652020280848,3.899748909061631,8.094648867606821,4.494930458281039,8.777466954281046,+
10.0,7.59741065999794,10.0,5.105463213050671,10.0,-
5.888382520545549,2.188213176331036,6.143813236837701,4.649845247978718,0.16743166895112238,+
7.459319440674674,3.7051038451452296,1.6059732942428964,4.914985408398625,0.2604440143535027,-
1.1525539153455477,4.1507180398151515,9.712298509607827,5.778700518995597,7.59284057307163,+
0.5339263239582233,1.9269091352664818,10.0,2.9586259148089638,9.380134469259607,-
9.76422654679673,4.623290570532817,1.6680538459750982,2.851965013154646,9.5538083652568,-
7.770027195005277,6.161883817325071,3.0808738173232104,4.011825316957428,4.038718650496729,+
4.838337946891301,8.323749577224406,0.4198875579992267,7.081183877515467,9.375424751863127,-
7.1246264690405985,10.0,0.7237698492957392,10.0,10.0,+
6.293408681466928,5.997144811936054,9.505464213689024,8.72539077418565,1.9051890657612836,+
10.0,10.0,10.0,10.0,0.00229042725153839,-
6.16024482862458,1.9312990652805195,0.11875888102547139,4.522972840099573,7.330885693559579,+
8.823714277065585,3.0815916856810617,0.1421251209360872,0.14063403853026515,10.0,-
7.203995008007665,2.78889071734423,1.3647539288074273,0.8570144400310387,0.994922585910839,+
4.714216769174625,0.6573051781007462,0.5319952193112245,0.7147067633675093,0.3046081130955547,-
9.53223250376743,8.57347716660108,8.938189998256169,0.7174589983195645,1.761438412586247,+
0.9079434192970023,9.385020655000348,4.0155845806636385,0.801350207170558,0.31418650397261455,-
1.722982027427028,2.9690861234531662,1.9550879251672026,8.853294149735985,6.22520101143945,-
1.5896334949183508,2.9533891620164923,1.0343879086591845,1.004803958510815,10.0,+
6.844305259251228,6.446460197443563,8.272178344599583,7.110743901174974,1.7875630385397323,+
2.667245439562716,3.714157379071398,1.3255217407746993,9.21636356208137,2.310317419208028,-
3.648295996988505,2.8286092653799577,5.074915295381612,2.3964716222849614,1.0926161618571817,+
1.366768025842543,3.6734584514960047,2.124870152929465,4.441125555797294,0.8482967904623475,-
6.8385459131722985,7.519960481283139,2.7472367647635254,8.731255453360902,1.732225462871283,-
10.0,0.1312447375866506,0.23154478594592465,8.51052384640578,0.49707128323605415,+
8.304419115693014,8.533860945742031,3.970656912012942,4.129365445465817,1.5162861004148864,+
10.0,10.0,5.436838888217132,2.972797326991084,2.722271138624439,-
0.1660671960189286,8.535338930179769,1.2662589456550721,0.13768778861711128,6.531466876392344,+
0.0034043197335917575,10.0,1.6435348953339461,0.1622022365229911,9.34519223356942,-
2.8923149239345403,3.0854258268165893,7.763151471673709,8.965757176308385,0.8193857943819605,+
4.278671504698837,2.100098380347805,10.0,10.0,0.9074695682830066,-
6.620462567845623,5.754610906358501,4.0123815272326855,7.085566364982593,2.78645692854542,+
3.1400541754365867,0.15023266873687352,3.9007809136261127,5.18219669087655,1.8387133962923297,-
4.737811523477412,1.6651379263659583,9.590410430400034,8.57734309092791,2.078520666136777,-
5.21794231995981,2.0072565968854916,10.0,10.0,4.099290159942947,+
5.5464121339666885,5.349502661774878,2.888573414667336,3.1798439430628433,8.400059804236879,+
6.242341554167453,9.296356421764427,3.120370817320288,3.337391314304822,7.884117870825275,-
6.365127060997996,7.823019978257916,7.123417402933536,8.815996889733604,6.143396202149555,+
2.4756048468795955,5.204804949416269,6.039465361976224,6.3575643865774705,2.074005102309673,-
0.2769383430257899,3.243463724368211,6.760392766750927,8.127132729136868,3.052958051248708,-
0.2250372304185069,5.466553077840248,5.0982594915005945,6.224567647429335,1.9078828130632446,+
6.261234447034441,0.06847569827541089,7.437569874921708,6.383409309767137,1.8258717849931294,+
0.9068592621465252,0.1302487566707138,10.0,10.0,2.8989733593525164,-
3.175415606595423,6.914256619425104,3.526078570596831,3.765545875803251,1.7440216768229055,+
5.297589472305529,10.0,4.270887612729764,6.839851548424552,3.4357730530363146,-
0.7895102629203465,7.363111983229934,8.55928176891344,3.8633266021628687,3.223562348115767,+
1.4340391924959845,8.518938583529971,10.0,5.686092256297964,6.173858245836125,-
9.089234520410242,8.856174592057744,4.0203035455397504,1.7811284127694016,1.1148122898021118,+
8.135055962331332,6.621462141079012,3.552780366614236,0.6887927228008666,0.7580422232171266,-
1.4836818973462917,7.97178762908322,3.9098285403738933,7.351541238134792,1.9335565014006328,+
2.328911666589255,8.500140137385602,2.84729918919874,1.6569157544121353,0.7592021356582773,-
9.379788890602912,4.444886382919311,3.5112092882081702,1.6033698902656646,0.43226338012559373,+
10.0,6.334189533393518,1.2559331775418807,2.0910770069977507,0.7753200601438535,-
7.277587547828702,9.955520309786511,8.5677968086485,3.447877731543001,8.944650301575216,-
10.0,6.037162261516205,4.037841279979306,1.3848141367670366,8.340104588951322,+
1.0003824975489017,6.1570797729645586,0.25535334513834607,1.7495200168578484,4.637014311119287,+
0.8410834068214026,0.6887357564157613,0.001160170639608919,0.5729521572775447,1.3421603090808156,-
6.644563531864661,5.165559063494577,4.334413523824252,2.695332060282216,7.598231893255779,+
7.68364282075831,4.669533403708604,5.825496399827786,2.4389762454671935,7.260200036208141,-
7.787309958773364,5.244010493461041,9.666393035443923,5.286021483051551,6.08745567262729,+
7.608925434121011,9.137650975683696,8.455616508888715,0.6032860729640418,10.0,-
0.3272127128347968,9.148356070736813,4.028051450142795,7.872397444690602,6.272774376399396,+
0.5709876075652944,1.6724360147174313,2.718539870395768,10.0,1.7667170337931444,-
9.611841632370043,9.707486013246914,1.174629199195233,1.531092670200599,3.215149900043466,+
10.0,10.0,1.4072311342667625,2.4032974702672116,6.312888538837867,-
6.859610354891829,3.167133306758444,9.926330948525338,1.9700063356556907,0.6465571640463463,+
4.0021677720286535,5.089084811907249,5.866932036605344,3.6087900318713046,1.2373742031992387,-
2.957271582158069,7.864778254291071,3.1560941254044463,8.805407459247641,5.301467129360377,+
3.5556341414037425,10.0,3.2746052487260684,7.118686995643859,0.8696443186998025,-
7.315961688206451,8.345814887989585,1.173681791595167,2.6598868914004092,6.257975735802681,-
10.0,10.0,0.244841989020139,1.017976240592511,10.0,+
1.3331215695418752,6.793046409964479,8.258405205821761,7.106439265838603,5.293363420898176,-
1.697178731229374,9.131361606270692,10.0,9.93123538277947,7.743064526066657,+
8.894036022547672,1.7152959185164651,0.6338137247810038,4.446106822933143,5.580329698945495,-
2.158409254318898,1.240766245839439,0.8307016811029305,2.5852877560220344,1.346856103457334,+
3.4865514873676116,5.678476257461186,6.663574308536097,7.2793046808100925,0.6384190628391995,-
1.4191702628431506,9.851151503099281,10.0,4.037512285582098,0.9923752678404119,+
4.736327646623434,1.273332229199181,1.817159739233285,7.876582085348016,3.155960754566073,-
0.393445411895138,0.20549964698100104,0.9354729347161862,10.0,2.0825841764328064,+
9.479234753051372,8.776851219966007,6.246688554793838,7.505497842220089,9.966265558926487,+
10.0,4.926003138341261,10.0,10.0,10.0,-
6.891536314110386,0.7672066726901694,9.545641983962698,5.657427375545517,4.116256642247197,-
0.797663515678354,1.0217616493979587,10.0,3.6473980176811813,5.6958220258202745,+
3.355777400504482,4.278911778610234,0.06026857386672635,8.25838133746664,2.537423004400947,+
2.8941252672519244,2.752390660379338,0.0597605295654175,3.757818746560699,0.8138992526655643,-
5.082055993432179,4.156084907655209,3.068336196072715,3.8531951535697706,5.234125499646317,+
0.8427070111165508,6.386573878171297,3.051394565259175,0.8963110345866843,9.874229642436319,-
9.321414880311131,1.3170177205974165,6.7861992070744925,3.0931037588718824,9.964370607203772,+
10.0,1.5161799197932204,10.0,0.8432024409761875,6.622461288318451,-
3.227742666835458,4.686671483059225,6.751288248071889,8.88343907523875,7.090921464736418,+
1.4534236085720371,8.049131396930067,1.089710033205988,9.51603943532341,2.991651892855828,-
7.805516951524519,8.687477152230553,4.075577275263021,1.866246063353566,9.889895747242827,+
4.955271018778538,6.4380946324149155,2.1068617460386037,0.6685109674471555,6.527134781146498,-
2.7012710761053924,7.4172436607308345,8.80101982781163,6.45047144156937,0.30597046314562615,-
0.6374208406854912,6.961734971446832,1.7481031062293748,1.91885289547641,0.41189633278300347,+
5.151096112349503,8.92343162948506,2.656980228224622,0.7661092465862307,8.54646338055433,+
2.8788333978951934,5.70770442725897,1.2064208236861838,0.5304688946583576,2.068193125040622,-
3.453660453360662,5.547070279329208,7.880103895326796,2.604518354831437,9.382986425348266,-
3.6732309108159096,9.234121606497693,8.48840319803977,4.5023623235695736,10.0,+
8.623830061386077,4.808765364486821,7.888017830509969,8.932163332303853,0.5094365893065689,+
10.0,1.4534536391441952,10.0,9.25400336019143,0.669021882354169,-
