8.447896637916017,9.612123245633475,0.6207186193782865,0.8958724023419617,6.8206400219097585,-
10.0,10.0,0.966179175148012,1.0320159538555727,10.0,+
0.21784707898835687,7.378876757862493,6.089008388893039,5.0471833015694125,8.52012501281106,+
0.4164916245790109,10.0,7.7731714257802125,8.207360903837962,4.561066971685973,-
1.1702086969172487,7.913212875963774,6.398975936176937,0.37144510062227076,8.58100843219879,-
0.22696070685535602,6.738953938479545,4.602826649618803,0.1803310016904117,9.310339786033573,+
2.64942612158357,4.22268360229518,3.84291552722697,9.598137606723448,4.770461774859784,+
2.799251709755383,4.756604930848659,7.574341226271584,10.0,1.0149696593797881,-
2.9697009268645793,1.8573997357054495,8.94891874850574,7.021177885114426,1.9499913572274796,+
5.620458369967349,3.319474435719853,10.0,2.7529057392235377,3.248429111869739,-
9.787864892564235,3.3181024535229433,0.88176715741206,1.1344218340749213,4.02560515301464,-
10.0,6.3511036396439815,0.5689760108622032,1.6723576570990608,0.8060363965773905,+
2.3989779764424046,6.568830772524671,4.378718676481208,7.850846693021562,9.830471391031537,+
0.6902625197631597,9.195387899600309,1.826725883905183,2.2155090218460725,0.10539315501230138,-
1.611128752802834,4.129506066481705,6.5465373212135125,6.445391113998067,1.4735835483863013,-
0.11966355419430715,6.483318730080027,3.644793737270514,7.170273817655114,1.68058494808555,+
9.861053584284221,6.100982024986027,6.796020255582923,1.9857913088144774,1.310267872093701,+
1.7917238211032647,4.266674976962474,10.0,1.1994646543426943,2.0354842884821465,-
8.704010690313668,3.6334044933148455,2.3985394013768024,2.5360346687353905,2.3393277720515995,-
10.0,5.672868108966332,1.7358383040486836,0.33724220209681677,4.177414120388887,+
1.3018286965539727,6.051865767064356,6.039345016610468,9.477681732710423,3.336189959948669,+
0.42488753990538736,1.5512300739886686,4.943685092289639,6.03242672828492,2.155506131458739,-
8.740119142386742,4.265245147769305,7.209453259000149,7.074204765023424,8.530208052771936,+
10.0,7.653528341116831,8.736990451142255,1.126994308385517,10.0,-
0.5727514380457177,8.480585149319383,9.71111601954174,8.410546474139865,2.0269602994549807,+
0.0454276221598457,3.640963194924865,10.0,10.0,0.25815282582706855,-
6.763821363676172,6.946691516424154,7.710997312334258,5.72756846887051,4.928475523070938,-
10.0,7.913512587561437,9.918065869189187,10.0,9.674153279596508,+
2.883271109330053,7.380871049642948,5.697541199987077,5.808379536782908,7.378793856585632,+
4.096360682798683,10.0,1.1779882926629028,10.0,10.0,-
6.822595376700365,3.935070344920791,8.260013461066025,8.600642332667366,5.149138741992301,+
4.434514762736868,3.2531944477999253,10.0,4.017072995151216,6.585907706092018,-
7.4913708308185925,8.167597891971266,4.542882702482539,7.598688507608653,3.283117287118158,-
10.0,10.0,5.917653861980086,0.5539163783472391,1.6465376096365492,+
8.136353117707325,5.2301951814527525,0.6433359466111166,4.524337655257819,8.595369511306785,-
9.089714692680088,10.0,0.9597754293136348,8.123931581064221,10.0,+
3.456690378460573,7.9839973101312856,9.134656638077326,1.1491130872887745,5.557294299885066,+
0.28758059797321955,0.0014447997155729343,5.764217816741392,0.7931285264875243,1.1882989577747434,-
4.537102019934537,0.17802116714737193,7.170564145582636,3.208352895829135,1.0725514643812506,+
2.006281936250971,0.349909676052549,8.19832266159842,5.228493437105983,1.2247712607686525,-
0.009162782949685422,8.816418963296435,4.397095247902225,9.855915029991918,0.04113923188157842,-
0.016021912345971067,10.0,4.46989133159521,3.8298050794035037,0.0016475494330344066,+
3.4894728518381046,0.7267183835468194,3.6265682233619967,3.1788617778341353,7.6280968341473105,-
1.0650618284750237,0.8163340289061972,2.724790366555903,1.295294121767506,7.5196839321036,+
5.961528857251547,9.628616095116755,7.975257984153965,1.0537585987275588,1.0562921543415937,-
10.0,10.0,10.0,1.3872447264331595,1.8423428545037699,+
3.434495206679146,9.711891954294328,3.0589662067174226,6.515437894911694,7.922123990138054,+
6.238155781894415,10.0,5.253762406754075,10.0,7.136542610448199,-
4.4418059243629635,9.341162867458257,2.5231797615618037,5.594480844563655,1.3176661088172381,-
3.1142887875078444,10.0,2.673002174403282,5.514926898178433,1.9959477759402582,+
9.98824617960414,6.78905606873276,3.8113410813832416,2.170340773374929,4.21121229009565,-
10.0,1.512942043892797,2.175015385697588,0.3026681576805022,2.0485697623799903,+
4.553828683382638,9.666623580243478,8.666577543180303,6.685005047435481,1.6253045807470223,-
6.196654580762189,10.0,10.0,10.0,2.465288053515269,+
8.160957041662826,4.320848537378275,6.207749908339396,0.8965791299150516,1.5345503503523472,+
10.0,1.6630728067652192,10.0,1.533026738481719,0.5440582620627002,-
0.9212614560702881,5.8240206793697125,4.693402585681204,6.717806091311234,5.165366926953313,+
0.5225381455250506,3.9384486068354536,1.5574434018216592,5.197968801998643,1.6208395954091,-
5.032447367624613,4.847160488628402,5.666018540739374,5.154946411543961,2.271232565502989,+
2.0884467595227014,4.587235837598815,1.117418619217027,0.8552475918110405,1.6511849188233154,-
9.689734547706852,5.6002909609323925,8.070078244990928,3.1603770578968895,5.883926401073172,+
6.875542606280234,1.8760000143325013,4.984130466068489,0.3732665077912495,0.18063710023840843,-
6.517403782301072,9.25498899070283,5.054375035872212,5.259355866176843,6.249592881360254,-
3.88166913763933,10.0,0.27859252056633943,3.937374978312095,3.1978580137375228,+
1.2904081751337981,8.646628533377342,3.1844340405699576,7.107776580733636,0.19374121842210323,+
2.4458534657324065,10.0,4.08046888459037,0.06873329432587394,0.2090712740463585,-
2.2339701352758867,2.001970644639628,6.716652383102772,3.0951345627461366,5.053649904323163,-
1.3463119340000054,2.9855565432425113,0.5408983812572057,0.28256697127964203,4.711152756972694,+
1.1165799437604451,2.4652993198131945,5.458368758903232,7.587787933286072,7.611453273221652,-
1.78298477305499,2.793457348940597,9.860436058585542,10.0,10.0,+
1.265657456662963,9.671787153046767,2.1794426675214074,3.7979524615339963,3.745027505642761,+
0.8680258492958727,10.0,3.4324930987979125,3.084633107624323,0.08264584808391,-
7.319435026185156,5.8306841803763,0.4818769517727006,8.590518743877485,3.510763377352586,+
3.0646769990143983,3.7009851594225034,0.10072912799862785,5.142188279746502,1.4734448450821311,-
3.13334466005056,8.167639020681994,0.5324541336673017,2.02226310471087,7.052910776495685,+
2.9684434227027867,5.977071181218636,0.22854987471336596,2.2476786158994213,0.4802036090428714,-
6.631405799918195,0.5647654191992346,5.499165518186599,3.3146093521599918,4.202190964842931,+
9.98724509581789,1.0861775508862856,8.167000746690414,3.193813433525086,8.195516210539495,-
7.978405922408202,8.928871837695985,1.2808329550320396,8.567787544531216,7.601610049791837,+
5.342696199983115,10.0,2.2129744763908374,10.0,7.705186797671474,-
9.12415203296362,1.441278937557079,2.761921468962929,4.613048697210881,4.935275287444421,+
10.0,0.3674516952224515,1.6287469134804229,5.117683204782052,8.374798825806604,-
2.326677665558919,4.709609731088603,0.11508086488934754,4.877723360663692,3.531776442388516,+
2.08133713468864,1.825367328316185,0.01438283760566183,4.150154654186303,1.4385899932735586,-
5.568037524622563,4.379762184124923,7.5784274941813745,5.9520752747910155,9.271531763352774,-
2.3440831108040494,0.5990036288490979,3.9968166403372605,0.45731991569797936,10.0,+
0.8851472811033267,5.2388430124404906,9.35186019287489,3.151733594457875,2.5026811385857526,+
0.7661070922664922,1.7037992580646986,9.584638159089971,1.3734111450499464,4.38593096664626,-
6.030390762332075,1.4756487897847448,0.37384747256385853,3.4301582297027924,3.6152750464099173,-
10.0,1.771566686066661,0.5458853158327384,4.5477995528788036,3.952931630269315,+
6.774251412017838,9.53551712387584,3.716772820980742,6.377768125914853,5.363468647125661,-
10.0,10.0,5.60455417414935,10.0,9.85279321589932,+
9.35890206095262,0.8973387075810502,0.09757123660000144,8.092739600769072,8.474033340160668,-
10.0,0.856254167235168,0.0021610184170227412,0.7902067424942792,7.2313869756441775,+
2.470163578893124,6.788553582898761,5.578199874958532,1.1740739624410002,9.256206663365965,-
3.7209395215350365,2.185848142462681,3.4977386950578055,0.1074228148422088,1.2528685495790013,+
3.9622693891211247,4.362549034518648,7.447071359734191,6.8979673467500255,6.721508665628924,+
1.4037075503955743,6.900321168583351,3.1715115931988476,5.574603118121475,9.276683076430565,-
1.5249360680409918,4.414669715510165,6.920891376402633,1.222962081287684,0.8461763663935284,+
2.793285415704941,5.118375599800377,9.44971104958066,0.013637708850002725,1.0537936765898415,-
7.028286050696985,1.563827318816543,6.144001865856168,5.1440231381172,7.274093052184295,-
8.764523306062271,0.15244278466951228,6.724761685702463,3.8536006103155134,10.0,+
9.867627310908295,4.036660287754655,4.4080653999876915,4.108519031595675,7.898699789623894,+
10.0,5.966225464809246,6.864852739937291,2.1145753637508253,8.871390596303092,-
4.493215884377485,7.632305404669348,2.9928750365340084,5.263051839879291,2.374337867297097,-
1.2884747327227255,5.9880085121635185,1.3675844899782954,2.6752276548570464,4.015496925426028,+
3.1201929756782154,5.080219122178589,4.552718622696861,9.032847957792132,7.5663838027747925,+
1.696774427958238,4.521337227429889,6.610820260128193,10.0,5.035010623116613,-
2.5402303910348376,1.2381805123628697,7.551686028068233,7.3492664686707885,6.777401318041399,+
4.447691580958553,0.9761988475296897,10.0,5.614139977001303,10.0,-
3.794043800194583,1.7707256662177862,5.766967476721685,4.492236368696458,1.6738297315050066,+
3.690029451014393,0.3222785277088661,4.368039341660773,1.5224631393405215,0.8448854698585915,-
7.5605761942984095,8.052474889861026,2.2394999252694783,7.45979276365942,3.653251550494776,+
10.0,10.0,1.2937881179272919,10.0,5.573297844273842,-
5.8062696583238,1.0780411334535456,9.520019453843755,7.01628000020788,6.611829651135308,-
3.8295019289672036,0.6338836605604018,10.0,9.777116780504164,8.660893231525852,+
6.4501823843307875,6.267903305208851,4.12927768483999,0.43748491840821524,0.42084400379034936,-
4.5149354516030415,2.704336856719514,2.5869969653552234,0.31624439941205607,0.6663585658653787,+
6.167954695622898,5.328807360897469,6.326909950010135,7.271321855875133,0.2877207123846348,-
10.0,6.533815320928435,9.746238304726607,10.0,0.4951400316015923,+
5.010742546644458,7.616375255892179,1.667359864404514,2.3094160722413246,0.30199587748417134,-
9.091798764966681,8.97780086814723,1.8168585358503548,3.449130442302454,0.5640178077915385,+
6.08513899119971,0.694564294761888,7.842725880374407,8.624850564421344,6.261031656744766,+
2.541907910534881,0.5505140351117367,0.45695739893689163,0.06787201791460792,1.9083708658483305,-
0.7370700377145012,4.76953224234352,1.263686378327501,6.693063996325911,4.446211639912791,-
0.6574670573371599,1.7701789532612766,1.341475228163452,10.0,4.629849734839792,+
4.536312531112818,6.931210873185615,0.05891244737490475,9.468337952008977,4.38779652345313,-
6.661943088682395,8.23268782298771,0.06553071773184321,10.0,5.412460574550474,+
7.046146258811063,9.752663742513295,8.134209027429383,6.319298187177138,2.529674123687935,-
2.7160068325957445,9.565105281683703,2.2352858488267042,6.766167657905928,2.2693475864804116,+
7.428971881947236,6.56822783318307,5.319839367039453,3.467257243646066,0.9434063858450992,+
3.6920381600758896,5.7047241037949625,3.4219092193378535,2.269153068467554,0.3571711066115628,-
9.63027854692201,7.741116048472975,9.670956567735914,7.843897532855108,4.628798963582595,+
3.8576225658991596,4.026318238782215,9.204235560602923,1.9437091870173162,2.5777090494201818,-
7.289056470402356,5.478664492947156,4.552431823258095,5.415391504663117,2.831233768128442,+
8.755001969314533,8.412921370585973,5.115284471622411,0.32914149178938285,5.582232621195957,-
4.535602070159614,2.962340401814083,4.679810047314622,2.7878315764388883,2.3943439052228555,-
8.112755261010982,5.902275574636623,5.187728730268088,2.856532424709721,3.5015691229819823,+
7.456383660367559,8.289853750343356,3.8157867508265406,0.8798337394093492,8.946346693091346,-
10.0,3.589677402637667,3.133704947093462,1.1369222783595627,10.0,+
6.900743809288269,4.6001783499279565,3.952883654013233,3.9002830533622888,1.64308608043365,-
9.028615832069102,8.628296565811832,7.714151102372104,1.7092357195672014,1.0783236079016574,+
2.4122344831499607,1.5015606872745346,1.7853118819010794,6.865523639729405,5.346732016406367,+
0.8745191081508005,2.2422547867692075,1.2359037026106492,1.6174905078724793,7.86963811245292,-
3.200444586140817,7.953204556399457,7.067430519862883,2.203044606111779,8.80513804454311,+
5.307046091626543,4.3174508574345944,10.0,2.6312575413107933,10.0,-
8.343565581399531,5.829095510951923,2.4014240582728097,4.602509954321398,9.070384709507621,-
5.663179163739665,9.615639765778804,0.8563110084358668,8.54593285670512,10.0,+
7.0611103354549245,6.147214559150046,9.698842378002567,7.613176797481003,3.2963472346775466,-
9.28405270893503,10.0,10.0,10.0,4.9010273898921195,+
4.9862484499418,6.435038116634835,6.580509786471923,7.63972863344529,7.442503196685718,+
1.8409628588141407,0.30410074057588676,2.6885870095510014,3.345916467775124,2.790776866689936,-
3.67817287226476,1.3222485507975446,9.48906020075491,4.4761598385126,6.34528529258354,+
2.2343516767507,0.6308339464833765,9.031693062657537,1.5258989551178832,3.8103929161642327,-
0.8049977619766568,9.084463685272304,4.611956761591979,0.2647551525807901,6.867085805023473,+
1.0485967649820092,7.625212517736769,1.0154975551649028,0.1845626690623339,8.537293281900494,-
6.671056754646017,3.4986737745565453,8.92461320204707,8.917827879656198,5.955852426097145,+
10.0,5.591416453298692,10.0,1.8772060473193524,6.499032410134117,-
4.506206007151996,2.008720568046275,4.715928468137874,0.28318239393165134,7.101922663687066,-
4.410874057364889,1.9650132261494049,8.93018812633565,0.26764774742687536,6.895957335604279,+
0.7993369655446003,0.7151627627360913,0.5752601492980525,5.001729703632332,8.54320867028981,-
1.1605035311061036,1.334642260905588,0.7048416261924211,8.10470607323188,10.0,+
2.0531258796645036,3.1665304333518742,2.9292636378900805,8.436614923328756,7.915390695559746,+
3.0946389577586038,2.503737804854432,3.7319283207249074,4.248518271547698,3.4169260641587194,-
5.547532818268589,1.7269031455679296,4.053831897035735,3.186594936983418,9.390650620316414,-
0.04258061240923568,0.10424240978780575,0.42813911370893476,4.904651465666319,5.725839660860383,+
9.60232778971678,1.7687861497255786,1.1081301817416256,1.2522482043026284,7.812784987266486,+
10.0,2.233989845689744,1.497422302119906,0.22987212243975025,10.0,-
0.038570429020375885,8.861742602651367,0.023769499042094466,8.065881345016132,6.878169031169353,-
0.05959003476895585,10.0,0.03766512742039242,10.0,10.0,+
9.02134424887313,1.2724413292231973,9.527673442030123,8.135087695799253,6.92377399032544,-
0.9660716151180518,0.36526542221368113,10.0,10.0,10.0,+
4.920736622854468,0.855170612824625,4.112011416887733,8.15176940351413,7.965775179347641,+
2.8918943413565765,0.4682450252789274,7.8374029968519014,4.598789497287281,10.0,-
1.4362515406178866,4.932843394001704,8.586303959824797,8.94628088316496,1.9592981062638437,-
2.568095398547937,6.917592953068926,4.959278956783061,7.932901318325649,2.0617196052301656,+
5.596504405289177,6.322902878840685,7.553463695852222,6.6821162398883445,4.332100087089134,+
4.68971625096751,0.5623884482371557,2.649461773313085,6.061995436255041,3.391787908140617,-
3.596070319350886,6.163830080188526,0.03180942782806895,6.054201861669687,4.5700690844577485,+
3.4487377810971553,0.8141501258518578,0.02062934853925132,5.0595513285211515,1.7996971035456373,-
8.382475415441913,1.4530776444001103,4.833941281567152,9.087811075788295,8.795567976047776,-
5.86641607032586,0.19441575992763935,8.352018814588497,2.80619038076502,6.548754335041767,+
4.1418348545423616,9.780671761933169,5.775505809621487,8.73462478113951,9.433984503305325,-
7.69699754676381,10.0,10.0,3.5219313329500883,1.968856782425329,+
0.2668429286655516,1.1583802377198238,3.0249416208912305,2.6054216616725476,4.60693749723872,+
0.34966235854672795,0.8377788795203203,0.21838853061639615,3.6034561049803457,2.208060846674013,-
1.969142105592785,0.8057083800828846,0.24998342199783474,3.3747559605695576,5.549091330782222,-
3.192615663456838,0.18606944934674344,0.13390735447205487,1.482572257635622,1.2456586557414684,+
1.729279461498252,7.111763054963264,0.8456088935597283,7.031390275322066,3.3024162675761657,+
2.0647435898106297,1.1987226163995202,1.2958675322707247,10.0,4.107259597738696,-
2.635090613510933,2.571634156814545,6.129798440039234,7.075817336110374,2.7113279803578862,+
2.8299123336416034,1.0173803734840048,3.800940712825258,1.500067345652214,4.262881087387402,-
1.92431954150036,5.135765578132173,6.67284517961765,8.095611662105036,3.0741788454351484,+
2.342348159320994,1.2055436121004257,10.0,10.0,5.675715172886868,-
1.0879750069576033,9.30182763315709,1.8385701985369773,0.8770717588131061,8.696184261850755,-
0.5417274728458982,1.6697460117737069,0.30860529771861395,1.041558958127487,0.37957075654320666,+
8.111439716667292,6.362430787109037,4.95093601357396,5.540923310409776,3.8365021638473196,+
5.052853493476721,7.512461390809093,9.31494887097938,9.613511041563772,4.299243080533558,-
1.0281372646699105,8.937469925644114,1.3270384545473146,4.8819976963391385,1.7675995563347358,+
0.890805957449961,5.382604919845514,0.8317683785101092,2.368776319696463,0.6555920955360153,-
3.7533576774643818,5.437504213068415,9.638653121140756,3.529769671583749,4.714375390135635,+
0.9741121214459053,0.5795680195274214,5.095331720242108,3.4029669475028563,0.132230497016219,-
2.5875566884223264,2.2107328766434753,8.304260543562116,0.45438659951174687,9.3548306886021,+
3.145099873833148,2.430081862841051,10.0,0.4010869027056187,10.0,-
3.4123298813625915,9.948513939955797,5.462297916087239,5.731811840861053,0.6076974140266755,+
2.9619453607802773,10.0,4.624790189778807,4.352639098597496,0.13931639663157616,-
4.02363231176269,8.115474624825003,1.0778933395633528,4.687012227744911,7.319822836130603,-
2.3171737791166365,10.0,2.0506226299334878,6.043306740656169,1.9441491830099342,+
8.772537519500643,8.189163993708423,2.152149770145353,1.4033716608690894,1.4572637216364182,-
10.0,7.559504687508063,4.285243985777831,1.2624710587813,2.058479472018302,+
2.797554038461716,5.687792438335606,2.8611346306402785,3.1308542848864374,3.7131666753171566,+
2.446151260478391,5.203481206363437,5.0205945463199,1.506025273025859,6.376115986152778,-
7.972250225437043,5.86044810715859,8.470863234615923,8.394565152817407,5.740239301600534,-
10.0,9.383482606029766,10.0,10.0,5.860731016148651,+
6.90992430806914,8.624622446018131,6.880955972836615,7.920626522733707,5.89041932188543,+
5.087193516074281,10.0,5.749762505216185,7.099053668323228,10.0,-
7.712705729910493,9.348550207491508,8.175813870465523,0.2170149405250532,0.19656428160322204,+
0.14653928291636528,3.9719162610232592,10.0,0.08940860970998754,0.3606184286167958,-
1.5301849674506751,6.814378293674423,5.823944026063993,5.243897067038921,2.009534678450695,-
0.6778059532814656,8.275347125788292,1.1192070220616077,0.7013306629429977,1.3641075540546843,+
2.894943514174828,8.071529719465621,5.542687511839968,0.2027386239721951,5.503983979838751,-
3.632412090983112,10.0,6.776246250285231,0.3439840497251942,6.773057430460664,+
3.0180622857581474,1.1162157593457822,9.882904477557195,1.3866773424297696,4.662557333041097,-
2.2808938140468475,0.10932439284999503,9.17663477270356,0.40550189227271677,4.859944164964742,+
2.1152267657186687,9.442629721500033,4.70232009721259,8.039747807308588,6.58686055959309,+
2.4748815273833005,10.0,8.53526637244515,10.0,10.0,-
9.596986422441567,4.1753425552402925,0.10199991732622427,7.604415579468391,5.533501396150827,-
10.0,4.756655368724216,0.17870411642438588,10.0,7.531643971203197,+
9.686701002285016,6.309852183416655,8.68287431341854,8.518326081414466,4.464564138122302,+
10.0,10.0,10.0,10.0,2.783834372550706,-
1.2989871427681021,4.336697912253986,7.151844385993325,4.047414197335609,5.841780543980837,-
1.4708592610609494,5.291696477439208,7.199880443205832,5.11809951060632,6.522392542128526,+
7.049085007922518,0.027896946160713698,1.1818735046779416,8.14234298845738,3.295242620703781,-
10.0,0.033300022719750244,2.2283523472779425,10.0,4.97763949217129,+
9.733002128472782,6.501918499732737,0.5878576467749874,9.292472319150795,0.5396131996783093,+
10.0,8.931027226448816,1.1427832888958784,3.202197614581174,0.6329371205100779,-
9.712207890937757,4.855569279294968,2.2940096892054274,1.603182588145744,2.9491418601904718,-
10.0,6.8928746648625,4.240962475271709,2.522568646899712,5.442623390595194,+
8.155377661294843,3.3746976883541224,5.381556703204737,8.297237050749125,8.731776106738973,+
9.483185236225347,4.265344479238143,6.603047570462647,10.0,7.704717439388926,-
0.024076175201600547,0.5779657918083447,5.922295946517398,8.982515688950286,0.9379114019194323,-
0.017312136414595763,0.474450910305371,9.008093353936072,8.270845635833721,0.9296962937943563,+
6.233011108372151,6.740400190079478,4.447088128247594,3.6899788089454963,1.5773243999717046,-
0.9046565110940988,10.0,3.9257834507015352,1.5689867156343882,0.39213302018141727,+
6.061135036522714,6.0493200948712325,8.007510053498404,3.5826423672316388,9.905008320253751,+
2.7669697514709615,5.7005670629903324,1.9392943482003107,0.39978090246074843,7.453079336504763,-
0.1719703898169611,2.7304117761389013,5.369386969718968,0.13721429780564343,5.411491591511021,+
0.14955382837888273,1.535071867659932,3.0038173644836212,0.03815421749777728,2.2754084545260516,-
7.570362763919598,9.031586021952712,7.617172524712431,3.5535959104326844,0.1531951936574416,-
1.3014924096345066,10.0,1.8878948861147318,2.476307860097084,0.06742838023444721,+
3.690881124832245,9.100166490621312,0.7842920642347484,1.0069174719809182,2.1200575911559105,-
0.2390226257415282,8.06247300337211,0.8189693109805967,0.3002220292066149,1.1608968287647843,+
9.80015729400906,2.757278999025421,5.008858524989942,6.272430781258608,7.982345700764521,+
1.6256361054149526,2.3926673200507866,6.3259543762294905,0.5499857411756199,9.430227555932042,-
9.954681963063056,8.542378055380857,1.7228477907436601,0.31440405875465594,2.7247084053289305,+
10.0,10.0,1.933958274469231,0.4374903351679304,0.09200406750878329,-
4.789618622207119,3.9095691910565025,6.90353738179903,3.8568132473758556,7.945313176544545,-
7.916046050842352,5.987748348426581,10.0,6.58985443383556,10.0,+
5.313693260457432,3.753898612637314,5.1809774024290185,8.931097570120667,8.824879927918754,+
6.883854015012736,4.513791763071586,3.3907174510050395,10.0,9.669374505747642,-
6.045578574409004,1.4213612898965178,9.96150294561566,6.0992325961682905,5.6268603752100335,-
10.0,2.2760334444638564,10.0,10.0,10.0,+
8.599899440736792,4.766423512422623,5.006122633428676,2.2260616715659545,9.857715007391775,+
2.9504519962900146,2.6394476847951953,2.521628586841105,1.4678430425542366,5.100001236126657,-
3.256676304245186,8.796464981083895,7.6035577632381415,5.342936215745654,8.801569571737742,-
5.031717019241098,10.0,10.0,7.521442939145755,10.0,+
3.7846185259571707,1.532914261817112,0.013593331914933948,0.3383253545888465,9.632482598210949,-
5.6410486898788905,0.12177854847476186,0.013353220786673664,0.1259442632810351,9.149221908284197,+
4.835811906382862,3.4944460566769644,6.885431749882006,1.1565254268047909,2.515028875826916,-
3.0550142588942584,0.7078266603611141,8.550472151236264,1.2795744260101636,3.393826228885677,+
5.61694579669709,3.952952180500552,7.490384338744736,3.995400929963717,1.8476621377456826,-
8.756016194785117,2.550335297273107,10.0,6.708853375937025,1.2920361109136564,+
1.6111499084865544,3.601002686617165,2.769422606379303,6.143488001482887,1.704662773648391,-
1.6606124725848797,6.813169365491111,3.8068954271731217,7.852476164040992,2.469826229163767,+
2.4540948171223755,7.333768609671553,6.278921231084152,8.174594374704524,9.025457381498862,-
2.836348725357874,10.0,0.5304366397158159,2.4052656338826783,10.0,+
1.6303960228342695,3.2599486034199634,4.956097873243226,9.900674647528957,7.837408163328359,-
2.96795429475478,5.916235170228415,8.005903243152567,10.0,9.484078942211639,+
1.3888771197288763,7.412520038228461,8.786662312684934,1.435384081983958,2.488359422508557,+
1.355135712727582,0.33851756031834235,1.323360092760379,0.8057425679439848,0.9034536921368482,-
8.97255167674414,0.5519760857604439,9.068600460096071,1.652172271865996,7.792233959696018,+
7.108922307289979,0.5162185155268445,6.274704227089227,0.9334576249294905,0.1533140906885969,-
8.777059214187638,1.031932121255309,6.872215336835467,4.364502362724525,8.461721549490127,-
7.462754091464041,0.2807550023905393,10.0,7.771809569649304,10.0,+
9.441426186134237,3.25992651211004,6.5326831484329695,9.263908929118632,0.39776131281287097,-
10.0,0.6527226522284443,10.0,10.0,0.07650683061024949,+
4.312861784921803,2.1609143557673107,0.6468718159755171,6.880735755914116,0.33285005982479965,+
6.1681704451760675,0.004021504943038833,0.5937046463963913,2.5760252907838805,0.5230965198643506,-
9.632100534197127,6.051714835967285,4.117962532356284,0.28538209118923685,4.831391900614786,+
5.790243991975328,6.048026373179126,0.9392557376649323,0.018163465867209173,0.46178371822179975,-
8.044384703513714,6.39272174734791,5.1196456633875105,7.702716253350746,6.895583124135296,-
10.0,2.070023300149368,1.9924143146691575,6.164702888298748,3.1075895615618903,+
2.61165251282494,9.440972037883018,3.69924786075296,8.654606032092504,0.8802737742427658,-
0.32904531176773266,10.0,3.0796915575658685,8.805798820064002,1.4913650783494916,+
1.0688171280635073,2.5681070159975796,8.038362376917012,7.479358542977764,3.2557394219188804,+
0.5751841439724555,1.9259334946118742,0.6818166023994296,5.564721463739069,1.2937468719493417,-
9.281930754371997,1.168026275595091,2.5152220440833806,1.3296356139503074,0.4765626866961259,+
5.063387461315989,1.624990357339182,4.278026548632161,2.439743145175669,0.6625649261544252,-
6.426413730142455,0.2886615104643664,8.772107565859313,9.044386470099287,7.523987119680014,+
3.141866573371519,0.16850544146234542,7.219330518802218,7.507660673569646,1.7943345305833143,-
9.861121710001767,3.396089390467163,6.840649393212066,6.358660212197566,0.4480828007350912,-
10.0,3.8224113530615855,9.946407760963584,10.0,0.5630907780135866,+
1.5756089852355248,7.955249633917669,5.34229584787096,0.39643259493952643,7.504776812069165,-
2.037538441679946,6.196301047883902,3.8493704686486576,0.20574085625579533,7.206693672719934,+
4.963165205921723,1.8633092937960938,5.0657410564156,1.6069901783521312,0.786005264312879,+
4.260835836409488,0.06734788495507758,4.640264769175891,2.311028418435232,1.5176355738446332,-
6.348088606757793,7.97967832926474,9.447584788161222,4.759894067043318,7.382873738039527,+
5.513113731207272,6.356417677628741,10.0,0.9409896966841904,9.036854287672549,-
5.0962633636993075,1.4272594333122024,9.336631366181793,0.22820850747255483,2.4416541375665144,-
8.1911683357949,1.2145347292878097,10.0,0.10773019979021373,3.1885744429666936,+
3.4088131927860577,6.96747419309578,1.9289358857319816,1.4511208323088176,7.705826536991688,-
4.316240226200095,4.881268648196784,2.3682349761120958,2.261025476203654,2.678491054137864,+
8.366762147648533,1.500887004120245,9.706436904663496,0.34744516502552614,9.395465975167808,-
9.918260310853706,0.619404719814375,2.5156969321814797,0.17421640146238038,4.382969238065982,+
6.3478184761278165,6.764263646256441,8.203301295706257,1.1615475317101376,5.903638633988686,-
0.7182581209756504,10.0,4.874623700860507,0.8544648852669136,3.636998161677902,+
0.6670072610529931,4.605124072735309,5.321796955998304,2.939507067659004,6.500207573479935,+
0.20468233721440046,8.065126259481831,3.6501092322075337,2.7276648173522213,7.4461579368184765,-
2.8619900820995903,7.3716068406127455,6.16771562260666,7.742266682982791,7.554626550032745,+
4.557846645097254,8.017174948587758,1.66699103915778,10.0,10.0,-
8.35910042454638,1.8327701528612172,9.431247132772423,1.2773838174709728,9.814997514076131,-
8.683337297180751,0.1333921556407314,1.3177754018483625,1.2535275530967342,1.5278332640243124,+
2.5660244830261436,7.480430344412174,0.30682197416107004,9.678206708380833,9.008710966613013,+
0.5760739178177401,10.0,0.3595692921047733,10.0,10.0,-
1.6014993486924423,6.73308875571546,6.624607882590245,8.955764162713438,2.985298776465969,-
0.7065237527786872,6.7020539792797225,6.488074119454435,9.263966026816377,1.2668426360492182,+
4.834346648549084,9.631907353946708,3.0876702164962477,9.813829143117337,0.8237401523603349,-
3.2845287993055803,10.0,0.042065521262494604,10.0,1.5193968430752487,+
3.9059584544755763,3.791966794846985,1.4227055200055394,2.797957325821675,9.476339561540033,-
1.3576455473752407,2.1704987281336563,0.46952491167484817,5.330757225775604,4.8351017006821575,+
5.699078994086971,1.4391784532351248,0.5277272005631095,7.942453312560252,2.5473057695991006,-
10.0,2.122888387666505,0.030600765135862386,10.0,1.212526489936249,+
7.504097133663587,9.630969361526429,9.141746383776956,1.3782030503610698,2.0889150641619993,-
9.082955372337603,1.7145054707855232,9.490374143493556,0.09755219191424289,2.156221348492083,+
5.745249791100376,9.274419127373843,1.7542330459956923,4.980231577617731,6.590470176667206,+
6.5736411420523435,8.201701937826888,0.6564736784461022,7.486835438761219,4.236580164083486,-
3.2715924428014276,3.3775573431993133,1.623045627345192,8.126197913217114,6.81808665247318,-
6.077928557883575,5.686142859831363,2.87032410269697,10.0,9.30322289632366,+
7.639360178116094,5.016094578974815,9.063995435626111,6.95671121837321,8.091317471940364,+
4.877931115466208,3.6978688859895326,5.225552491153172,10.0,9.862998799918659,-
5.187600828491594,5.71716893578138,7.609104206295349,7.1334845289397455,5.679955473023251,-
5.882050865163871,6.291276482804721,5.138107684840659,8.633159612600984,0.6348518155558357,+
4.846346972478848,3.3685879238878726,2.3437049050538104,7.813933395494322,7.508664075717483,+
3.66394136746151,0.841767001793087,2.264177652191989,1.9361811300931142,3.174978729083083,-
8.910069257586787,5.618259944938986,6.292952069116353,9.315286756390023,0.8443667926327059,-
6.42167455540008,10.0,2.349036836665276,3.929954098016912,0.32756899623101776,+
5.459130310127428,1.5272825699257953,1.1475564735031685,4.141007401127023,8.245886322060938,-
5.5675917692670165,0.5005324359809434,1.6739295353649766,5.868234445255657,7.476391921561773,+
3.721771531114503,0.003683339463952384,8.8491547604713,6.170617460938569,0.17362685788726795,+
2.2153225556767504,0.0023118018483639534,4.919720359487034,2.721130245594686,0.02001397771615307,-
2.9062227866834056,7.606297237729976,2.6492882265840034,2.667216720219926,8.376122431199311,+
4.635208622683321,10.0,1.3243029565601243,4.314399630673325,10.0,-
4.09827796980995,3.6306462036804756,2.8171811165591154,0.08758783853693664,3.7136145399292184,-
4.990606375366322,5.731542322205175,4.207412637605472,0.08016968492454686,1.2430385817236302,+
2.476532943391241,9.845789632026271,4.519796903196493,0.850009408702862,9.67988250180352,-
3.664526100673888,10.0,8.11675785203005,0.8942268288086406,9.884936451993296,+
0.31916378172861193,4.225702292632278,8.83949167480478,8.008209523068384,1.1131258543552736,+
0.1755996624013932,2.3473818037338923,1.4742424879849343,3.1958319247173237,0.6506058304602765,-
5.748999096831199,3.9155121413190064,8.575862883337471,9.765514468135773,7.961863608353209,-
8.37365970007229,4.28704134610711,10.0,7.949746810571214,5.579577251876318,+
2.334438953170345,6.102730790114642,5.146713871736832,0.3843081100536172,7.550121369105289,+
3.1332030204041454,9.311885682807535,3.55555519750195,0.5766688166278257,9.56631202672966,-
4.175742308101052,0.5874077026168889,1.022858898853628,4.6179908927698445,7.474448463634964,+
0.6434436591844532,0.37178518392850424,1.355724024036789,0.8037724949711148,10.0,-
9.632582961555476,9.710533543935725,3.630570321923302,6.757505891898212,2.0980210017270915,-
10.0,10.0,4.30433783357615,7.093296337779114,3.835083171187003,+
0.029356043376975727,6.792064319963973,1.717224803595434,2.509008770988003,6.316395716443123,+
0.03359230499526844,5.667966050216649,2.150712344097479,2.6375325150883846,7.043101457539049,-
2.475963669917772,8.429104359470411,8.90912943502357,7.360704400965613,5.725908569070999,+
3.739043636782105,2.0141212312694847,1.6869518237094576,10.0,2.508111080940824,-
4.348047569367434,0.5024858018223799,8.151827604500857,3.3150015854827366,2.098904234865817,+
0.10673413313878621,0.01936995225285449,5.408358507730739,2.499732407054238,1.4501015418018957,-
8.76387070966604,5.514245588146865,3.262584456056037,2.8460319253803865,4.142195038757571,-
10.0,7.193006652228744,5.175691149477132,2.94276977070344,5.824382370589952,+
8.512734454052362,3.032168085302941,8.79354018134236,0.27739321868173183,9.601659185804204,+
5.923299286460776,5.715069164314403,8.19557724980832,0.28709703290226424,10.0,-
3.6862442426009636,1.1115451715376379,1.2399002191533404,3.5604904400586035,3.1924322622302794,-
5.879475085182635,1.176824445144354,1.5554961888325314,6.616180816916578,5.058662848714963,+
0.2585386689146474,1.0779364522252055,4.35104965949412,1.4168428482260254,5.818855114455203,+
0.41556993438577,1.668493716960107,2.8481888390430177,0.8213722927531945,3.55256424547102,-
4.522670841337334,1.2067673842709603,4.2593786462372965,9.316242537965671,6.649736653609865,-
7.057741106258467,1.6261641371730309,4.343080412708441,10.0,10.0,+
3.06542599823477,9.86340100818474,0.3623064661154818,0.7430565028026814,5.631834990958468,+
1.9074046911949345,3.0813554583333196,0.5387593464926154,0.9089960935021394,0.175349553011184,-
6.593363284750136,9.222982422790894,0.8182372940648774,1.2529069315533814,5.38895262086381,+
4.837528910884596,8.914637119477709,1.2155497600550091,0.4487516596365473,9.810271635415313,-
6.284624203566565,8.748060064022313,3.3099558721923783,1.9132807918652217,7.209089961770657,-
1.5591359481760563,10.0,5.9802441823312344,2.643272588896231,6.603097226331559,+
3.9712245792415954,2.648017793357247,3.639608790495674,5.913697377706856,3.260140436874833,+
1.4261996808341337,0.5375932307990995,3.146385963413268,1.9732148022899187,2.4182319738322504,-
4.400888472198322,5.5807258797932,5.514280217282873,9.478804867858148,6.9851752687335456,-
2.799595643108697,2.8418811240399804,0.6607210019310567,10.0,5.35244050052962,+
0.6880075813232855,8.62474174201813,4.748003911156903,9.648828324809514,6.997103507018267,-
1.2028898163404498,10.0,5.331572372116317,10.0,8.094325831258972,+
2.4863706118437277,1.3096240528118475,3.754820550152366,9.134135764823121,3.1263863342025298,-
4.194687816348992,1.1859327189223972,3.488603284366136,7.117916094491744,0.2540826657214404,+
8.979545156511907,6.096161540210891,7.643179694729737,1.9654308706478274,4.680969536734797,-
10.0,10.0,10.0,3.0594773688098256,6.84626828846555,+
5.9829300525569,6.35440289458154,5.910572371017697,9.436806893407025,6.684874343377981,+
9.260605874531546,10.0,9.443320575342009,10.0,6.272755650117729,-
9.52636851635797,9.40124497230103,9.731952127337767,6.3811629753308825,0.6940430887364557,-
2.9591034503678917,3.839763851913713,4.695251703110425,1.4992825620135561,0.7158476794249234,+
5.851728500396548,3.041231108202931,0.28481201337353657,4.394547766706186,3.7778396356597685,+
10.0,4.153697232937934,0.5656168609611208,7.579615382784839,2.0126797026208756,-
8.84686362793238,3.274466682427486,8.811161293307583,1.46842690206627,7.644277054777239,+
10.0,6.082089387592829,10.0,1.4569836935435694,10.0,-
1.1088454090142752,3.171808688363704,0.7947229390392174,8.038716566486272,0.337371693585381,+
1.8775033137956008,4.327371320254287,0.8104809930931065,10.0,0.132053801788022,-
9.134370900868497,9.284616403948045,9.06895153022533,3.186067280787089,7.529358942326308,+
4.375669039688279,8.961494389119133,3.1608132628190737,1.8665435627632012,1.1601835513620278,-
5.970479937502466,8.996418285177272,3.850126213554166,1.8553049921040343,1.0356360449876534,-
1.0195055908306845,10.0,5.524314496585995,2.9051845853033313,0.7667679551588409,+
6.408498895817631,6.044123025823598,4.834930999505653,2.4291917303333586,5.5494038933935474,-
9.06954324649245,4.257382886289539,6.744125551528549,2.6202484576939167,0.9787447045574086,+
3.349649849384475,9.078275278181284,0.5337189037326251,6.830760693606096,9.551663187181934,+
4.797984420255132,4.810510502952856,1.0069592353219374,10.0,10.0,-
1.8322665195291432,3.573964317546676,0.029527986999376976,3.6653561572441884,1.5671683120016688,+
2.935015677567597,4.7894786159675355,0.0446387837238819,0.5377190158097548,2.8297818825103773,-
0.07785191537336811,9.041070252968664,0.965931974275317,8.645436278253982E-4,0.34999795001637524,+
0.025819982113755077,7.44330924682317,0.7046161824272905,5.978847968368654E-4,0.18178094200094094,-
6.101976282601115,4.260778264765461,6.784037490141569,3.399360153242946,9.307529576459006,+
0.5777812416487988,3.048856293629663,6.507047532450324,2.297918944944342,1.5431352610900841,-
3.818277155077144,2.865492710071844,4.002545627776631,0.6268206405182619,2.190321685736476,-
4.3973884265764145,3.7781134844607824,4.32851566391016,0.8753593358076867,3.6103643276371997,+
0.3906089033381088,3.148471393715273,1.2192536260721887,1.1157326282476399,9.623726364282204,+
0.44708442161863354,2.804094374468514,1.9685904257467501,0.08167631831789993,8.790119689319251,-
3.141387332309918,9.902204017284335,2.684114575297155,3.578917649406103,9.244877731909527,+
4.135774135835626,10.0,2.5522439602651397,5.126871515744009,10.0,-
8.578817169643806,9.143438322650535,6.538518232478131,9.927614564180866,4.044472929548645,+
6.96291873944946,10.0,8.845625976801085,10.0,7.459449730515619,-
0.19223592406600543,9.802866477953057,6.540848120404373,1.5811455118931117,8.506850605519682,-
0.22656244659869848,10.0,10.0,2.9745410026131736,10.0,+
3.6414078634861866,4.83266426588404,6.597868250127339,1.7881492983747405,4.852229611450981,-
4.813254720161095,6.775346578814597,10.0,1.9889917154596173,6.495145243590633,+
9.85052309939531,9.82344221426173,8.546775506333692,3.767680219471119,2.2635826885611943,+
10.0,1.1725614236779742,9.834795408181805,1.5525954976131673,1.0027695070552418,-
1.7976854075152071,6.073059338711488,9.095761195556488,1.6158756194275259,1.501032734940937,+
0.5046098548639522,0.5777687276627793,0.7697668508212445,0.6021428298969821,0.01488019690684405,-
0.31297898192209406,5.306257054149855,3.4611097295762647,9.115058553333304,4.944283585812074,+
0.41146737022314384,2.720441247111043,0.32131495411084643,0.46176894485102843,8.685863824047077,-
8.442043690718078,4.5992857311942705,9.354589106856434,9.454829413261816,4.827936379348113,+
10.0,1.2358588442307636,1.6020995004392702,8.803845368827128,6.366377955421863,-
3.003247828061367,7.905429804346012,3.3458009820050174,4.840456470592656,3.133365374212702,+
3.4195394604092253,10.0,5.4592531582196955,6.622850542276437,0.6360320222936237,-
2.772807773199525,4.384169609277036,3.1830436045019086,5.871842206021105,6.560947502077633,+
4.268400615506498,7.331527330847169,0.6433167794696678,9.92241916351877,10.0,-
2.1777197077065935,8.175657322573732,9.996985874994188,1.7428045150222415,5.760103140154374,+
1.9084228701444426,7.0541609589006065,5.77994094302439,1.1794256698096661,5.723912510110476,-
5.496505253569208,4.620503949199536,5.387153189711743,6.260667051822619,3.817150115395911,-
4.460446002756352,4.451714389832508,8.583940968769388,10.0,4.551069485986266,+
5.03763020373551,4.253268832806018,5.724670044382728,8.12189133503124,9.32825495276761,-
1.045369036544196,7.8222838660320075,3.041994922928216,0.8114003647478251,6.559102001586881,+
0.7154495438471098,7.0227246476937975,3.198308251808588,4.774759470102204,4.910768894045896,+
1.023072933838286,9.83714766225508,5.312114517228229,5.411044437469493,3.963689812008616,-
7.069932490902376,3.682230554850955,6.895494269276835,8.45238871185764,1.0090858471484265,-
4.460266577704357,2.2250070041068883,7.735786517507469,10.0,1.632915582891935,+
5.476118920290483,8.110110473275942,4.423758811016631,4.6181129384024295,8.00384899679669,+
6.358467500886374,8.986455463143217,0.6587661767421981,7.939988113889036,8.688831637060614,-
4.807496433179241,8.072750170372016,5.489557436480218,9.184967127449344,3.4081066158701514,+
8.813988849035997,10.0,3.879575792895776,3.181436078519687,2.102398511090252,-
4.463018281775593,8.13241034852974,5.38638686865864,4.106673890196796,1.170920696229133,+
8.087385800068532,7.662988086275782,7.404679654381616,1.34542170654485,0.5232247706736498,-
3.7468111469465146,1.748498702047635,7.670952704718113,4.843997920158069,7.2036348344706616,-
7.476084892920568,2.7707760974043505,10.0,5.152012183137389,7.609671725060563,+
7.796831763441493,7.150935690030913,4.3301230393321894,6.420582498559884,0.2699692749614446,-
10.0,1.2861275509252141,4.122847255076708,3.884055909582761,0.1622676331665312,+
8.995978811184655,0.04109640598597086,3.2662061801278677,7.302092153060865,5.176696792862963,+
0.1696373737867199,0.04009521184409037,1.3197714267161296,6.897073844900493,0.481358761090103,-
3.3683134384034075,0.8792094665680794,3.922008075162572,0.39224296820976945,7.980160290806517,+
1.7883462601110824,0.5032943257596254,1.7490747963638138,0.127444628001028,6.548232689795502,-
2.0277074598236955,5.203855346858431,0.10290446473816717,5.723692070280409,6.8966385363633895,-
2.065842031248005,5.914885594356667,0.05330064721659302,10.0,2.241878622741448,+
4.694276262144756,4.002598149732516,0.836294888313206,7.291929258855408,4.312659931028734,+
3.7889067478771805,1.4700485917122605,0.47778224243956113,0.32812342025418034,0.047520886448034774,-
2.712051799871751,8.293959959198625,8.927401043557564,1.6175417701541361,5.982944104596562,+
0.42891048106063584,4.931996810566664,3.7480830600070285,1.4084299155943416,4.022631507411627,-
0.4557974667978193,2.2684027558609854,1.7511096696867723,8.387748430498887,0.5774182046291454,-
0.5209067806953496,2.4344335206638905,2.7980775873821147,10.0,1.0256489952441699,+
6.829299561195523,4.861478218985282,8.077901223865387,0.9497480783335743,9.536926422214444,+
0.6150283657581423,3.499201721326718,0.14947951622227632,0.05750036001542538,10.0,-
7.669347528663178,7.633924659380543,0.3765275667825507,9.32467817536526,9.741171183894862,+
7.586112279676668,4.327391797874044,0.27750092827124173,2.8140933963330177,0.052679856021805346,-
1.9223422170665372,9.418187114929426,4.696329276174817,7.867358502736632,1.076105789370666,+
2.661679154958389,2.443315960718567,8.432230626755572,10.0,2.0803656521302907,-
7.672380809413957,3.996823565198775,4.081847917737998,7.020884188029077,7.702687298733165,-
7.045896572718612,5.6270602420022255,1.2595882792877686,10.0,10.0,+
0.596446442149382,2.941309661752056,8.901783007260438,2.493770505374674,6.134533434585183,-
0.1406001240020994,2.490099033977124,8.642034263664709,1.6838462158079421,7.092357954919081,+
4.723441860186195,2.7663291661596134,8.093917228073074,8.799537106329934,9.493062264113487,+
6.194912244796372,4.293080724745912,10.0,2.3133245647379344,10.0,-
3.183269849764936,7.452210913432097,2.7958788790457065,7.491240557730984,2.6718686776441327,+
4.898482996652738,6.633334323403477,4.803012396044766,7.874852236536215,3.9393992124048998,-
1.060855703921827,0.36500827993143026,2.3480791457802175,5.930390190658672,7.587160582594457,+
0.880741011928471,0.18112976152280427,0.10937727910219829,4.6063729021751465,7.071906067462387,-
4.550514413086482,5.254234285470103,8.001524162791993,2.0173921627651947,8.349583418120282,+
7.642821739495226,6.983071962518285,6.748574912892329,2.7326719016211283,10.0,-
2.808475652338233,9.43775795912452,5.916422645553016,0.0743642957747348,8.614873338975308,-
5.314152035682869,0.6910952009059997,2.8094169930006596,0.11177215376974575,10.0,+
0.3595377764124408,0.6659802158083028,6.955926004005754,6.747350749688041,2.1860762818626025,-
0.3843651934862333,1.303060649127209,0.24829280463214579,6.32667475138269,2.2968628631790753,+
3.525199932254136,7.071080400373461,0.2265415426733164,2.028647896005975,5.4465359124350945,+
4.329155478244428,10.0,0.24744477893146985,1.3090564664263724,6.166392073500926,-
5.616647253967178,3.81000696768772,8.65988209998983,7.574620070622609,3.384911549170473,+
7.345082280283613,4.9510476657344435,10.0,3.472562227579719,4.036112016531452,-
0.12095170325534865,6.261697492574747,7.149300155204722,5.806673129411381,8.44411183622131,+
0.005308433823414848,5.027458795437448,1.0618078823552406,4.829412372022345,3.517875905551601,-
6.87814544077184,0.4150442056028858,3.2043527620152834,3.5259269506828628,9.705792569041968,+
10.0,0.6161506582911827,2.3146504493354265,6.588998562897655,10.0,-
7.683591183179638,4.201509169085632,1.3274258104971925,4.447956576428141,6.8006132421592955,-
10.0,4.005205176024942,1.2151676995359366,2.555739596839983,3.2608831999850056,+
2.09750034696338,8.22875195492426,5.619630531036152,0.26297638990983696,0.148658134770413,-
3.095875697213651,10.0,9.229432431701083,0.5256342681844374,0.28999474946845194,+
7.481208490926705,4.608636962337195,5.662271377937838,7.938040370379758,4.474960399099475,+
5.241692868488408,7.688824681810716,7.0777231840241015,10.0,7.409899254633528,-
3.7715779711791484,2.0694461403034925,0.4781702803178245,8.259504210926492,0.19245566499338285,-
3.5481587948944577,0.7859464418125982,0.022271357831461665,0.21096645220893492,0.22772861055392993,+
4.590232420679663,8.249287959383636,8.812838438219572,4.018828924101001,5.456562991276325,+
2.6483114713892713,1.6537072400416928,5.7251585305310035,2.2114512847369863,1.3673701497848614,-
2.971341497704416,6.47712057071152,4.879323909625678,7.967447556380158,9.719130133409752,+
1.9625514559420711,2.6117581189108994,2.9749682511176796,5.811706579857823,1.7947182598490028,-
9.863921706668824,2.167456814640282,5.9302786561574825,2.069573445067816,9.65231689962173,-
10.0,3.0931293561664193,10.0,2.771993086394336,10.0,+
2.079784367321229,6.8313804975251085,9.053981707333579,3.439793424910327,4.9783847302514275,-
3.291659746253397,8.335217235276831,8.63150495587666,6.834691553558277,1.1848701608309697,+
4.9608090005783545,8.920988886651827,3.6363673830827903,0.5109434417996717,6.731755232494895,-
7.478145420585547,9.440251999108755,6.915772870132374,0.5337811728289613,10.0,+
2.353575140978327,8.376448367434245,7.8780805308910455,8.808656776059573,5.6600280060582895,-
4.046504360841458,10.0,10.0,9.650114378129274,9.803887686509912,+
7.452976590642269,3.053675140577975,0.5835874019169851,1.4037325642531429,8.010997125528375,+
6.1846774816152665,0.9843393519285784,0.012138809590140968,0.7175727131706708,2.696667482228515,-
6.9333933229848475,3.4319573367228506,8.362072103987071,9.034331833431251,5.996354250755674,+
4.5987798647205045,1.0138834940414285,3.6142514989948475,8.824885520315789,0.9394065413911478,-
6.4539812782878965,8.710810836290547,3.589659974552016,7.3209078453971905,5.542099677564208,+
2.974721302391241,3.178071211546223,2.0096616333872515,2.940221630991779,2.116795203458472,-
6.6090202035711565,2.8351802102009716,9.80808673722781,8.142493737698677,3.4373604714232298,+
1.943354566549432,0.410052818571453,8.81221154838705,5.452262797475423,0.35431307924272365,-
4.982126581725179,7.821712315622764,5.077684226881354,4.604388309994421,7.892288485330643,-
5.761126066500192,10.0,7.131486360554192,1.6810831057265374,4.9334362309933635,+
2.0458003781281544,1.390684499520245,8.949236112529414,2.9010252456298034,2.089594771520973,-
1.952794977125207,1.492392213985499,8.60434656912389,5.434333281358437,2.9508777270755124,+
3.15844860050328,7.902547878661004,6.574572648997471,4.680767776697024,5.912881403031534,-
5.558821053538518,9.804067497942334,10.0,7.095962518215409,10.0,+
3.9890543327314165,8.1512863619095,8.37538782410856,4.48149320007965,7.749156221302515,+
0.5304933203446912,5.758802502824887,6.876729591782885,1.152925032827406,6.658214946877241,-
0.91895603156532,9.216253198281997,4.543889738526249,1.602563703860972,4.991141171381703,+
1.0251857101320558,10.0,1.270010603615831,2.864369505677798,6.079394101020777,-
5.12337588023329,7.512802959883529,1.4496275449684648,6.289265017495136,5.798245272392308,-
2.837445681671343,2.720077688507467,0.6655799734704734,5.992318447018236,6.24866013960237,+
4.984758614815849,5.054025995899371,4.18326514842001,7.149220771416864,5.542172316872364,+
2.11498243112481,0.06532874521262813,3.6828745022863023,1.1486701485593578,0.8382540268307995,-
6.190161580710928,1.4519563372448008,5.035656787557228,1.4816179026065235,1.4986802613060213,+
9.092260875758978,1.6924429431992243,5.469340894747064,1.1621267234822106,2.718548674144719,-
1.4100911778107095,9.74420873720027,1.872666986269187,5.9391512239941235,6.585992207525468,+
1.0484852842127623,5.965203020297207,0.32447350953840715,4.562031547010234,1.9407189982649162,-
7.51998062164548,8.13152117585097,3.378336764868565,4.374686316250303,0.4866149598834091,+
7.159513142719555,9.95377214383857,5.607764720765241,8.001070292294767,0.6247624430428558,-
8.486301915542283,1.0806852139100331,3.0510959009131424,6.2030622820852575,9.110369458587993,+
1.2737042843820534,2.0261982219318404,3.415894269774815,6.584672014344043,10.0,-
1.7914307746402247,4.975484791149135,5.27218274408413,4.547150182940164,3.196991455183782,+
0.42650656732761144,9.270806563219232,8.80297475377032,5.26205780016738,6.260869634411291,-
2.5538250749426963,9.900448992244248,8.444378478110755,4.891721671237298,3.364043533774812,-
3.202983152170822,10.0,10.0,7.040051087056313,4.670914693029324,+
7.930437592868658,2.492235586478846,5.94311616768855,8.485892585813325,4.170395541538784,+
5.902294302982234,2.5423423031690966,10.0,10.0,5.341066051452288,-
4.002127492201097,7.457861843557964,7.82968061602414,9.153601675637654,9.85783333228406,+
6.129224009771849,10.0,7.196408302006791,10.0,10.0,-
2.8638732233520656,8.592088861888671,6.841467097375928,7.668221859314066,8.772484774214952,+
1.0337590541317012,6.958991353842066,3.9991278474935634,6.774314021300874,2.7958301874418727,-
7.771302727915879,3.852322742243748,3.064633556305413,5.801258067007274,1.6571649887411977,+
10.0,0.3354865856325328,1.253512033590112,1.7397305758240749,1.8323970042742683,-
3.631038216286938,1.3626460236707594,3.3531760484596185,2.4073567618225686,8.466641534017892,-
1.949198437819636,0.7599156728759614,3.0345949940586965,0.4764238078726817,10.0,+
3.2145798567452144,2.7429958434347568,6.2922981777604985,4.79250271656532,4.906767855332101,-
3.7886870978612306,4.210226834290865,6.864106094470251,7.95631277629773,6.97390455043723,+
8.289091479147174,0.7015746226674291,7.343752526035271,8.608800378463732,7.100757620825248,+
10.0,1.0976840846352964,10.0,3.8031109691679226,10.0,-
4.413634553272713,2.0371596621998203,2.5365401272106536,5.489470888009249,0.3115733688678346,+
8.03292723729576,2.4975384279584403,4.339312045186309,4.2600830521658155,0.39731716036016496,-
3.9239733836013526,3.6138920788672326,9.633967516472397,6.846125138544834,8.081199094516046,-
7.795599167893902,1.852980152416383,8.148488297405375,8.812009859756456,10.0,+
8.970604947713175,6.101451070259296,0.2115380831062097,9.773190095156574,7.67460306044648,-
10.0,5.844339681775508,0.15487675235424864,1.030311482919292,4.086378165254431,+
1.6838724624239643,6.614985753269195,3.0670913850201265,3.9085393318148043,4.477405925183483,+
1.7646344216965604,7.711649942371761,1.836357538167766,5.419613880859561,5.7116679573817715,-
0.4650372906421929,5.457014346235768,8.334329274542206,4.713537796073797,8.529278305935335,+
0.26406004480432255,0.5785966056235852,10.0,0.42982548601334875,10.0,-
6.309453883158139,4.291091031825982,3.5345814275037126,6.648837234406656,2.6692338054500366,-
4.098826949045072,1.7495290026113242,2.029912884275232,1.756634395608967,2.8791659776899,+
3.9312653123268495,6.886181054561737,3.9456372699990947,4.808989877066173,4.151825941775657,+
0.8662887332623902,1.1811692742727846,3.4768377171254348,1.2965007554060628,0.6341224693591974,-
2.468857235089068,7.187948989060028,9.055447198908661,2.6494292367053274,9.551348454739312,-
2.685278732958109,10.0,4.4998444028668345,2.2622861513623778,10.0,+
7.9691644516446605,0.8759314377277527,0.032284152397842325,9.9382036506982,3.3761554360524295,-
10.0,0.46957667157594624,0.010914894964745138,1.4338907724302097,2.9798474034355817,+
4.500590393447716,2.784133872250586,3.1650638061539507,4.012578882036876,9.499108870079981,+
2.142974046042029,0.9433787357456351,0.6496629281660138,3.0532917513362663,1.414082594298483,-
1.1608612926809136,4.347995408075552,2.3999736433081154,1.275536663642981,4.144268592253173,+
0.5345394045554155,1.8802227868698917,0.583640838515474,0.49781457057940376,2.6065460260857902,-
6.541195823965786,4.088590134922008,2.0241042436024568,8.653236204195682,5.794944122990945,-
2.6340641999258083,6.343770337988675,0.4738003953581638,6.304407057273987,3.647316127830921,+
0.7329078039559334,4.122458169732881,9.032397688928281,6.973893822314105,2.8611277257766856,-
0.8172115163388739,5.721737051323118,10.0,7.437237956337134,3.1482241823546393,+
4.09951792444783,1.7480277044255932,6.989574082612691,3.4573173370494157,7.652786898578223,+
1.2955109323280047,1.4508784277107152,2.6617865862210737,0.09809348264856184,3.104438730418469,-
3.290612968456015,1.3425077535769847,4.195008989417848,6.171940738591796,1.7998932319698735,-
6.085179326631872,0.9153152846196427,2.4526023146573115,3.9251542078247255,1.1331123376463348,+
4.1644174924474235,7.751760266432955,9.91921950754447,3.149162235862817,3.271023414560772,+
3.0843706086040816,10.0,9.140878632254037,0.0889917086930387,6.042381072304932,-
8.215162919148801,4.782665018923758,7.507832622716274,9.44306424546687,3.7479993568607184,+
5.061169710192008,1.701978620008189,9.831353911586081,10.0,0.6769644065097195,-
0.6857671375958208,6.079143801373875,2.6228425669010114,3.8817548526030143,4.962216419333454,+
0.7744468732685466,9.138577617822433,2.203961594414248,5.025448928171898,6.29132902399834,-
3.7600071945198197,1.7676969838015921,8.753783244780829,5.553857935965444,9.70142737613558,-
4.675270260946597,2.8086872921830803,10.0,7.557103148113805,10.0,+
1.2073300938221843,0.8850132447953885,7.607271638045426,5.698558869207114,3.993726324169824,-
0.12945797173761628,1.1876901453348636,10.0,7.31389458130711,1.6796191347364784,+
9.666860818637664,2.7381385668803695,2.329833613344009,5.1996137119562,6.960315203411797,+
10.0,3.745420371732292,3.387333087761975,3.2633286573012885,10.0,-
2.1649244573789925,6.836873781247215,6.1863522864756515,4.872523235724389,0.986361832082675,-
2.7470193448180105,4.503174677294523,3.85688763082233,8.032947537601803,1.906379831363845,+
0.6870594284484799,2.8586174819380625,5.508336859596375,9.506959416297624,8.330539839678803,+
0.5450641398297194,4.7821319191897995,10.0,10.0,8.379384161848211,-
0.17920956520084186,3.1740473009668877,7.671164643622483,0.4372516173382224,2.988573159247413,-
0.21693026082570036,4.137980585159349,10.0,0.7068786415370462,5.900632374516874,+
9.48390195627071,6.306723514262659,0.2488348012719721,4.779778301579183,6.214883391891176,-
10.0,9.063515332886483,0.31330040279900223,7.064374612479495,10.0,+
0.4369006587883162,4.929927875980993,6.864163124695541,1.273671547176367,1.543021961198573,-
0.3862527201228457,5.178078508026397,7.229962776826042,1.8982859290656957,1.1319292754057673,+
8.280036252811785,5.138712491813936,3.7611283847582113,2.5702040341520807,0.9612390048856834,-
9.411442350499529,6.137071584787404,4.136755298654593,5.079809687710256,1.7804284909102817,+
1.3869434253109991,0.5927535310184573,2.3684448849007502,1.545108694987447,7.734571111452543,-
2.5200090224330443,0.7180517153479917,3.421980768879541,2.6041310073230584,10.0,+
2.4008736246151385,2.682663093251969,1.717635957322181,8.301384568583863,9.343992168988471,-
4.164390554086832,4.297675786684531,1.990919439759097,10.0,9.938960892168017,+
5.987679081623126,7.886056768232353,2.51627147730395,6.516225358086849,4.803727175370299,-
10.0,10.0,3.3400303196391663,7.434046344885029,7.51724104717809,+
6.9083229021443735,6.25335578509657,8.781214880418304,5.358456183344896,6.178003200196765,-
0.7394241872928309,10.0,10.0,2.493006465428057,9.997957214031901,+
6.254079733614252,1.3557777765046386,8.765849436331083,1.4886266172161955,0.6154991537905163,-
4.3359943209946215,2.514935454839868,4.667467558477676,1.4075045621869686,0.34953274748702984,+
8.052040128122025,6.462416687206332,4.09956552643655,5.910996816643329,6.714943881090171,+
10.0,3.2603586199725862,4.595536279296884,10.0,10.0,-
3.2406502645442337,9.01810752066695,7.536470561138982,6.647222979853868,1.3900701603738275,-
5.743504248401912,10.0,4.6639934235140315,8.403152046961994,0.3896780771048318,+
6.2141939281755585,1.5226967246485301,4.669138392144251,0.8149361672438638,3.1650278929848854,+
9.146617256769277,2.607536769183599,0.7033141272396164,0.8977267679772152,3.2166104857387188,-
3.4365517840260718,5.813568151507786,5.948542848202699,3.97723538099486,0.5189116523403803,+
3.852241812814973,6.831652424043464,8.369135560511276,3.2020712559620095,0.6615522747301675,-
5.599295292420924,4.326092203715613,8.348767087455437,9.717082587142977,2.206920844729481,+
4.233441813318299,0.013834811229676358,9.842937674564606,4.013616896462978,3.7862770424999925,-
5.359297701904349,9.739661132182022,9.562162832986692,1.3169592165861976,9.489701406883967,+
10.0,10.0,10.0,2.608538679057192,5.0019569633392695,-
7.443565641478447,7.0835516488676955,2.9461483625397324,7.604077833629173,8.413410127164704,-
2.5785428312500365,5.1487180992379695,0.3508774072515581,9.353356888159606,3.215090360221206,+
0.8562597180029641,0.9452466410136029,3.238983698262017,7.399449369181026,7.17580599668052,-
1.4845046326856521,0.19404996697028926,3.4359653993876744,6.04513957869886,8.666627588929146,+
3.9795357059615286,5.807592093647147,5.598456380425237,4.5296598233333,4.9707694286185085,-
7.58423952176725,5.936235249811102,7.77479538928114,5.167362570647175,9.14907301069241,+
2.2712072572625672,0.5656781026237245,7.899970392302858,2.323482805183088,4.951642662185781,+
3.4429573521105516,0.5595425881903322,7.764093899257942,1.8156001780445634,8.257295943768106,-
1.9214579436774393,5.320211762743438,3.289036702722382,2.5541778207386088,0.6346395324566023,+
1.1543596984055837,4.010321168390165,2.818867030688903,0.6277032368561276,0.03381809737112673,-
2.0506729267989323,3.8054774875671438,3.9679767836501076,0.24510639899460562,3.650161802837336,+
3.330613792156271,1.9070533691169964,4.528211173777708,0.33727237827513523,4.947667877447944,-
9.53920628797754,7.231900980185056,8.119124237686705,5.67337767900343,0.19996194679060775,-
10.0,10.0,8.507857237675724,9.353237200418679,0.3904208952750561,+
2.644125192011865,8.94674977268824,6.439270505461053,2.0474573228684245,9.169855960039673,-
4.3413257140641495,10.0,10.0,3.7269804485297193,10.0,+
9.053255298902362,3.739771056290043,4.217835162710973,7.791955288665453,8.329244061009879,-
10.0,5.549766616848203,5.90199810295674,10.0,8.643265254429117,+
7.461935883816155,3.210118054361961,9.641032428969579,5.177274923936247,5.811875606833129,-
3.616339449740958,2.1446845829470056,8.960008125365375,9.31362927360246,0.42722289808600433,+
5.526703431771263,9.459678034060166,5.542605639179693,9.09579129486813,4.378214189560242,+
3.8290321215187078,10.0,3.362843364499215,9.130981758134585,3.416826281487914,-
0.7401239150533623,1.0692948118363566,9.853126010611579,7.673931169086748,1.0800591751516364,-
0.6378303862157513,0.7024489987815158,10.0,3.4532073263569294,0.2083871632960207,+
4.109679466239719,7.4646832921393935,4.823142724722164,8.735544793121536,6.643993466031405,+
1.2274845948929254,7.054435479386537,4.038977814434616,8.042309179528583,1.5141282071426574,-
6.961733886744654,3.229157172650172,0.06528907750072421,1.6998147161361299,5.812788976856763,+
3.054521279034856,1.4344894799288737,0.0071805102987752,0.44317781407952467,2.087227878557384,-
5.3643960925967695,0.4565047975099412,7.845591768915025,3.7118964899891838,1.352833396005112,+
3.666954826185417,0.17913472883934836,7.224881482413456,0.9096862792064273,0.9435160455399624,-
3.0385975011218314,9.673118873362323,8.859529405700556,6.507483795867529,4.026598236872906,+
5.590835769479902,10.0,10.0,4.01867492136426,6.857338978711925,-
1.282758441386811,5.516292975849021,4.953028144577924,4.281828208624647,3.7907880281862214,-
2.2780695568826546,2.4212954956747206,0.7888989616148373,1.5435237515125924,2.9127434894064446,+
3.4459329825218155,0.7009053922681208,6.4256142007938095,0.4890703008956432,1.227713640518665,-
2.7047859725159697,0.22208125156689645,6.19980521932179,0.9189418492331553,0.5423079661681085,+
0.5782913205953766,8.805834772568215,3.225184565162096,9.985017104309565,2.761878675125483,-
0.30036972297619735,10.0,3.1402974450138297,6.933053671967414,2.603341887845748,+
2.51918782836524,5.809024578622005,4.773284322251941,2.081368300656281,1.7037335336783388,+
4.436669918201945,5.247503003498433,7.550675462183671,2.8725596328535765,2.6937315468525855,-
6.828404544162657,6.982153005917578,2.4292476233863116,8.773413134007953,7.511564639255276,+
4.292870196210784,3.2973797802618905,2.075451912043557,7.043040398202142,3.8122620010359993,-
1.842382080029984,1.9987272678041612,8.865891885443878,5.601722987240391,2.6457314570847212,+
1.1853375370505663,2.3860871256021006,10.0,4.744036554187842,1.032922419240822,-
0.26012339214666946,3.9582550708611794,5.704573448380984,7.132067748740352,9.754649332162023,-
0.2996717268107718,5.036238203623671,9.41876779309755,9.583798171553351,10.0,+
8.589327378475295,2.911636819503708,8.055018827689285,3.383553234893389,2.4735778743154913,-
10.0,5.625876934436271,8.40024776976926,4.566173563764036,3.9555682864375132,+
3.787065731178693,1.1952417426301265,7.99416633066579,4.467739164512584,6.381416598395441,+
2.6867952322341253,0.8338816271976285,7.205337123604455,4.281311536791626,5.503928757485437,-
3.9505553325196474,9.270254434623102,1.041712012889846,6.7502091962850885,5.0376537443533085,+
2.5830757106834863,3.161543588514023,1.7159279678190604,1.8464238306513174,9.423902585298075,-
2.181612412331045,5.643600179487317,2.9759407301938445,6.631776847594871,2.6921802472145675,+
3.7230788132852997,5.736440724346959,5.374381814710986,6.935253201040074,1.590114211494041,-
4.775754926377759,9.11869965626502,5.584199548564457,3.112588626982107,8.028575629596897,+
2.9278529779319102,0.26704160266974625,2.9743913137663327,1.6521279758982916,5.636397316215148,-
0.7171686224816398,4.683182602341333,2.330196294127449,8.697518595957055,8.522527368456652,-
1.2554945076074955,4.97880104340026,2.848879065515123,10.0,10.0,+
5.881635641171888,0.8248749384287479,7.023745534903112,1.178283388498157,4.120431001510493,+
6.405561925708993,0.2222442167911654,5.366760374148177,1.2167152093648717,2.8044673611839266,-
9.784171332279948,3.302368649977602,7.748065212143595,9.856675477621113,9.06619420575089,+
10.0,4.232046524714848,9.352600408898638,10.0,5.070939897347546,-
4.003594751597439,7.371832552026401,3.458205407362839,2.3707071413700023,5.752055826453968,+
0.8249913543318588,6.934716493730038,2.797400867700973,2.0829055672177637,2.0797841034718245,-
5.03568129094754,7.882700498055842,7.109719043478138,5.736015793272288,9.027634432276571,-
3.580466730338392,6.579278722547532,0.8991095383021154,9.78167668240759,4.167640559129525,+
2.4882497386550027,2.7407036401575846,0.5248746112695557,3.092072712115259,1.4551296923391388,+
3.5967797705643147,2.822847610978241,0.6416271569879471,5.169948109337296,2.8283688713996216,-
1.7182880772311304,3.612263220229288,1.6915429784167646,8.73278480345735,4.662501179148871,+
1.7211444501028026,2.3729216842246768,1.1673522388957631,8.344598693718188,9.307723195043373,-
0.4526933190357785,2.4508297443496128,9.477423510661053,6.86567391010723,0.07258480579487414,-
0.484216088912078,2.696179763926157,10.0,10.0,0.10543004320192843,+
3.0408250980561724,7.64663758713821,0.45268117444391076,8.102946880556292,7.20079072663034,-
3.2181005473199837,10.0,0.6445592342928227,9.661246180669995,10.0,+
4.755559536473383,8.144738176505141,4.861433615973933,8.4346091027976,2.519662060092113,+
6.119590703038078,10.0,6.672809824163855,10.0,0.1731730954914097,-
7.552516065794018,2.1208564022455256,7.044528522802542,5.707029806878941,6.335082452510742,-
7.139286825928997,1.0983138439100766,8.094918484646131,0.30305508977142653,5.687611479513122,+
2.5306648482581053,7.786965297148973,5.070130639846996,0.8070278408462517,8.821595544326156,-
4.818905396289869,0.464145759728991,6.483274398735608,0.05191285846296563,9.504121123983351,+
2.6811464231539217,9.839210675042821,4.826432655582373,5.327718917069291,8.151907829072636,-
1.930556700151502,10.0,1.9660173541051056,0.9197183108999817,1.9413346229388146,+
8.297462274540822,9.73901640654391,6.900140214997103,7.893531739286566,0.5819253091957888,-
10.0,10.0,10.0,10.0,1.0784365527485409,+
6.649339573312778,4.623395902117476,8.44789874780405,7.315108397800905,8.760788655564236,-
10.0,6.625990460596664,10.0,6.922991097641315,7.558467188439656,+
6.73708763853483,9.217828949535958,0.6316024689358635,7.011432637159855,2.2597350354225174,-
10.0,10.0,1.008138679401362,1.3704953282227132,0.6610767167514717,+
4.358857722065864,2.902856196283199,4.711813302096263,2.688033651536017,9.254857449213121,-
6.5848169219229815,4.285532945544735,8.064965193302996,4.812431984251587,9.93668392828451,+
0.064662044907694,9.909753944321777,9.103697125241975,9.670199695010925,0.6907998623727529,-
0.10979700643890367,10.0,10.0,10.0,1.3554183023297566,+
3.4954521999426245,9.152206904273218,3.0847056547379994,3.9809934226598633,2.849327792155444,-
2.934710544112735,10.0,1.5390745337317138,0.4508966355525772,0.9466736000369647,+
2.458802610427382,2.0244868292367824,2.629716875107677,3.0124067827832857,3.2140807176592867,+
1.7397040572226352,0.9539509671586802,2.5097351571627775,5.181878851555975,3.729798676108937,-
8.357594393534088,3.5624793100597607,3.675737689665275,5.904005080221621,1.594467541183724,-
10.0,3.8135027466979974,4.815055730823466,6.114901157188921,2.0974739491481227,+
0.3584589052552112,2.2205389864236302,2.163513043536537,9.726291355775857,7.481437098573769,+
0.6022227809141804,2.860325095249072,0.48833118328309577,10.0,10.0,-
7.719123554346775,3.952450131653802,2.9501541920408556,5.402000602847953,8.150732277783314,-
10.0,7.180377793633823,3.1115166709862,5.078521117673061,4.360107006697354,+
3.9428750334004645,0.6049409629370206,2.282370100101374,3.0204604360182827,1.9674080043601283,-
6.687847547579463,1.1699217065846508,4.457244093595159,3.269359265029175,2.5880724790053993,+
2.2328776193534416,4.6147044320268495,5.6330421350872575,9.411477715121126,3.47963443562062,+
3.9848139191013074,4.227778227678324,0.9203160419031917,10.0,0.6443883662465132,-
8.686293475175095,2.9077866480537518,9.980181015448338,2.167301755938591,5.498007122488998,+
0.3213463774429169,1.5509614884304728,10.0,3.1959839043212805,0.6886794745473965,-
8.531046049861503,7.952297986417124,5.807706956290256,9.396350838168697,1.4715381234679437,+
10.0,6.09516187728305,7.5696862544576415,6.309826665238318,1.2279253093122156,-
0.579481272987219,8.186367954280469,2.3174907901987485,4.819718798070313,6.3038430504570595,+
0.4531482917427468,1.6835473528927718,1.078744606873118,2.21181222912951,4.881997949264207,-
8.521504866675542,4.042899940222352,1.7841166743067727,1.3965827551251453,5.002461711778422,-
8.723728628087242,4.765054199693247,3.088078371307249,2.7900100956744978,9.760130814908736,+
5.919558654532543,6.500464368687069,2.64397373770512,1.2426028946029233,3.2607927792772538,+
2.7043108183725733,8.32444164505647,0.21364900045385754,1.6439264631258836,1.4328825400782397,-
9.311717276182637,4.862917499488568,0.2274902219523045,8.73879132951149,5.95537885247388,+
4.908563124426222,2.4308120668056024,0.15635047366458335,1.1589489724386532,4.826208784815373,-
7.3710291496806,0.8355618459958747,0.1882780973616205,8.03049017250663,2.4397415662365107,+
7.168698663493745,0.8229826405399389,0.2939648172297695,1.413093348707528,3.1029205230406123,-
2.477785569385068,0.7217938499571452,7.410170263692417,3.5182456144160277,0.31402657039141135,-
1.1449173693738202,0.3765954545996102,0.6910235272031986,1.3847317874352414,0.5187007458479348,+
4.413202292687215,6.108098579548061,9.786700467089046,0.5770926749156058,8.270839081753106,-
5.59602221321918,10.0,1.3300432154025421,0.6023777114634312,0.7773452087329029,+
4.941234572289024,7.993112348573686,2.8538967920916836,2.981340095215783,6.401790872094594,+
6.231923857015349,8.702778708672797,2.6256190726759425,5.429640509815576,10.0,-
9.024967910316366,6.890467860036167,9.054671333972749,0.0805425785989311,2.3808481361412714,+
10.0,9.298044806169742,10.0,0.030668490609294538,2.934912243216232,-
8.486248449697303,1.1991200340515429,2.172401615262073,3.2143514751369207,0.015993393985160864,+
4.443865315351819,1.546433245919726,0.22226694552293305,3.784686612195479,0.012646790733649065,-
9.338207496556812,0.5822559061729649,8.294671696968656,1.5510279870333499,7.425578350382987,-
8.375937435392483,1.0720761314825589,2.836971784459379,1.121265922596195,4.598147431972827,+
8.646388286275371,8.234747391884454,3.625235860618332,9.245832647207859,7.8747811395627725,+
10.0,10.0,6.08504643608628,10.0,9.418334441016071,-
1.4377503172625195,4.568350115986721,7.699932171412961,0.5892056790810951,1.7863536678899783,-
2.616861725524488,9.10251197879345,2.1473725743532914,0.3052729228810463,2.0064754614848828,+
2.8129943150269368,5.252754370271639,0.70113624561293,7.399348856564993,9.035279906240344,+
2.37942615506872,1.643687927772074,0.2650952355502324,0.19045131686657193,2.700509126351491,-
5.803273169833148,6.844106283573707,8.291472309303622,4.2770829669782175,1.9057642388499607,-
10.0,2.6124027054284924,10.0,3.3329975934982254,2.588824690057791,+
3.3149099066075314,0.6805939818568618,5.987995478722797,9.195091848572522,3.5725358465461388,+
2.0991494364643675,0.5304440795481362,0.05601544684120769,1.881327091833924,0.3478257441606866,-
4.849737554601118,5.152995553765388,1.9918112132406651,2.9858248580252287,1.0541404668681131,+
2.0577739364824894,2.840497647717588,3.744598346243075,2.8174023840061584,1.5175175589562873,-
2.8579535782137944,0.38987858086008353,6.213185696238184,2.7068137999766884,5.0520872468449305,+
1.6560469112512881,0.5666262422659665,6.581170631136288,2.9829229976554954,8.59173844449017,-
7.315385334118741,1.7738087863951746,2.9962897058940907,4.18456209708339,8.39661213873322,-
10.0,2.265412690458141,4.474729783541568,8.315617513628473,10.0,+
0.41469994209255234,6.604982663499895,3.96488044904429,4.984443396752161,2.658891492461808,+
0.49338551115053225,7.178437664491561,3.413020099829339,7.430090797013447,3.8987032404252866,-
1.2770095750287802,9.561016153474146,6.216398331437956,2.168867660184083,3.465625127350198,-
1.4810247654507,10.0,10.0,3.582930388779095,6.6416370235527245,+
2.8456250812947967,6.543422802775143,2.0056536653651333,5.460216597412907,4.409295678247976,-
5.123538459659861,4.482057534151239,2.008147497506715,4.9051382231593585,6.676734613285756,+
9.36955716660422,8.053001764631883,4.28953980982368,4.74031269457787,9.250739327374905,+
2.7744493913081096,5.5475481471523755,1.081227620541077,1.355308363217831,6.614379245013452,-
7.379191465104632,1.4846896276844468,8.018468462528155,7.101794008908364,7.416769301281524,+
0.4392408751119025,0.8009849795204693,7.11256269101645,1.2586877927474345,0.6140738179953479,-
5.776824849514261,9.518967690876567,9.469211272984106,8.890635656688985,5.063008369416436,-
7.731621245475384,10.0,10.0,10.0,6.879260851160515,+
3.334691214424186,1.2885204680259066,1.1217583942990028,7.093809104875392,6.512141921991232,+
5.509082512366291,0.7168041059475311,0.85591805214083,3.0634116859870324,8.29208004818067,-
3.209596144799496,6.971905205741324,7.1911513949344155,1.1588350958572724,1.039018158079259,-
5.9452025500773145,9.64527475324189,10.0,1.169359681078873,1.2415020268088537,+
0.6343355919220017,4.107046818562711,9.823795813645527,4.963569705755258,5.545216195576094,+
1.2402057373791102,0.09899235792410979,10.0,7.407330403071593,10.0,-
6.598770411291811,6.743121337255276,4.357765871922012,1.5340406848491561,1.2829569650940775,-
10.0,9.607349039115007,4.534246492568124,2.948830593720527,2.4320094379901773,+
0.45944814848652205,8.80501707327401,1.1924254464574846,1.6697526965918064,0.9346811550446843,-
0.5028549264190335,7.775252114563342,1.2895564377429318,3.262187247205354,0.4754487703155944,+
1.0908689099346702,6.371186365165181,7.325639286475344,7.74301853897313,2.14311662918254,-
1.15331408560151,10.0,10.0,10.0,2.2523559895192777,+
0.863943369030451,4.056801457665489,3.4007378398570918,3.536429848227133,5.282962733177282,-
0.6793655826159206,2.4930493962366778,3.48909305667757,0.7673824306974094,3.672010483400116,+
1.749357090295175,2.2354972923832217,7.551692300472187,1.6249047618712964,2.6256872168723424,-
1.3205788825980205,1.4041769001163298,10.0,0.9490798901870873,1.96850707954002,+
0.6450591732155542,3.3757143436812176,5.091956149612573,3.639044570896587,7.683816700003815,-
0.617072734872417,1.6344821319023806,0.046743127461086956,1.112911766868082,10.0,+
9.172217657766172,5.224604397656027,5.15009322073464,5.369826744721077,2.9951570274834802,+
10.0,10.0,9.996952656081449,0.13368127460512186,4.983480135229426,-
7.868837749435635,1.2378276136705246,2.401932634538728,4.253260726542505,1.4905478388002158,+
1.6102958498367486,0.7462332187392922,2.318627146363895,0.42264147358177345,1.3201194188823824,-
0.8772240444877466,2.6540479135758623,2.538140414020371,0.6386920867983303,6.463909236031112,+
1.143112343586837,0.5735923117366108,3.155549432917772,0.693202588233228,10.0,-
9.162278404989276,0.715203414246971,6.281997274060397,5.810845213662707,8.628935502697452,-
0.71895631246762,0.36519789194689745,0.36813112030349016,7.502523871300208,7.622459609796439,+
9.830408422237799,2.740117023509084,4.823897631291748,7.127469915899604,9.332795476468807,+
10.0,2.372883557969342,8.379428773706922,10.0,10.0,-
6.424785559811977,6.545427948627889,0.639408196053608,9.696967579356041,3.6408134021878547,-
5.113599754806018,5.513343157012014,0.27858571123444364,10.0,1.0752772775839512,+
5.159741798667597,7.668300026777482,4.591830206098354,5.771556938467864,9.579637532249647,+
10.0,3.0476671120331265,5.92338756311156,10.0,10.0,-
8.558398412339624,6.546849404199843,3.97741520093993,9.751226663824635,7.242939628607835,+
9.974893677368891,5.5569308359253515,1.0073878378463452,9.69332045493579,10.0,-
4.642539056098325,9.885750543413485,1.2904081040776905,1.712526089357318,3.312360024239558,-
7.503797191060542,3.5462482217086797,0.8182938800725605,0.7712009220286391,0.8005364542979284,+
1.8055219006496204,4.7374507449932315,9.188703614941328,3.6340906306867193,3.805362711905682,-
1.995116059909643,3.1667080160785597,8.917200328129494,1.9027530469813474,2.3258931841036627,+
2.492771044511527,3.194354073362841,0.43748861904868375,3.1698291705458335,7.955154222059926,+
3.0820360513821226,0.3940341485572608,0.8170281406992221,3.1187253724172788,2.1973074275561375,-
4.514205379627088,3.553177440669103,8.323014675128253,7.343960370660795,6.965681437839219,-
7.7886419246231755,2.831857326596321,10.0,10.0,2.1250997112920746,+
5.126831432350309,6.034682601546377,5.815478730405218,4.590335136797191,6.992479153269616,+
7.991694477361613,2.0890586451540596,5.266260172649303,1.8608848033137029,10.0,-
3.933308068546093,9.151296524143678,3.962176526846827,8.505720380783258,1.887889545514404,+
2.2105250259745826,10.0,7.376671722424145,10.0,2.11642323066226,-
1.0056737165293173,4.734155176558331,1.1692171350165104,5.665984401126573,2.098502178393878,+
0.02892643406771422,6.288374983312088,0.16147653303200526,4.124698177937087,2.745850441591788,-
0.27704633199326145,0.6210397466428341,3.5005130925466634,7.515688222817316,7.5344016993684075,-
0.5073546535632585,0.9963383868390606,2.1158410460884873,0.8859652303777245,10.0,+
2.7862710308963887,8.430693874948336,6.773904665720064,6.979053320602899,1.939120838334143,-
3.2962957771616983,9.617716102909966,8.271034737363829,10.0,3.021879298856527,+
4.589943312768414,4.582495338030022,8.097997038914576,5.122610548163237,4.997261544040164,+
8.661706657246828,7.234904498610439,7.813592844943239,4.322816337994826,4.1521340953863515,-
8.989442478075718,6.105538645593676,6.588030244911423,1.5823909651185308,5.241046946482118,+
10.0,6.655800174555747,10.0,1.1719972734142197,8.071233588909578,-
8.768675678108334,3.637187453536548,6.875149257076345,3.039546697002413,6.666644284278359,-
9.763306177962612,5.394729358130919,10.0,3.2986232651550598,8.892761993638942,+
4.977634549744545,2.714193178048676,3.343297892492181,6.089783233680597,9.511810460247586,+
4.133366339844309,0.8373823366806158,2.2256236746927223,0.5557466068684188,5.868152780306411,-
0.23899447085333536,6.77077185151623,7.850655133372621,4.153462217546078,0.4151356055759714,+
0.4389214894847795,7.24045644316701,2.156680238482164,5.8273050148804675,0.7686275165994977,-
8.319484249748388,0.1375283142312611,7.938825137780561,0.7123590224375687,0.39835012294415884,-
10.0,0.08006098314059265,4.426989981756158,1.2448551631353646,0.692534746718094,+
7.9324268575295855,7.845733563481428,0.003240331714893241,4.033795126179243,5.377132993133972,+
2.2141776932387534,4.978785541161387,9.508229196923396E-4,0.7491763209414821,2.6912421915345868,-
1.153783047693021,1.1556296135693922,1.6370128747385726,3.566928592824593,2.4665352021141542,-
0.5113799919951086,1.750181617507474,2.7521793038756233,1.7323674983747097,4.461742556113595,+
7.934261449194322,6.380886556936368,4.586457481132571,4.719098182104833,5.338090177940412,+
10.0,10.0,8.34583406048833,6.181286771775422,1.5683015200482224,-
6.350319118893171,4.6035049834625905,9.595809387002108,0.42787236076832214,4.3557669491224305,+
0.19453413480482126,3.9728884563621043,10.0,0.5568623499660514,2.490884726605024,-
1.5567279383848576,8.321217950738744,2.6498852603038547,1.578141084393182,2.9601464357141003,+
1.1610502799844038,0.8813819837980825,0.6395686534409007,0.8362018677931268,2.4816276633348875,-
1.2290030292434873,8.743200477339753,7.360610596250917,1.8690080314490642,7.770052986621021,+
2.026500004685122,10.0,8.85802987604044,0.8619062618305863,10.0,-
4.919960616937727,9.918967543479141,5.587412982501849,0.3578842504715729,6.260417458950548,-
7.138675959592199,9.563189251070462,5.573282832800744,0.11426642872322566,2.8923222039186065,+
9.033349270023017,5.825926423461956,0.09888992168161748,1.4388206816012328,0.27608210125247057,+
1.1294709259928795,7.563905629157617,0.13116533506082229,2.84372713167387,0.2915294748633081,-
8.654767937394404,7.631255051969958,8.520095408557417,5.792079659081946,4.613130865972765,+
10.0,10.0,0.5083430660387663,6.397452127674369,5.485132752035513,-
6.674335829675082,3.6657737680734703,1.7049010242777018,9.10364655446037,1.2142549744965636,+
7.415877885468922,4.216893108472181,0.978624392735962,10.0,1.3797305205421695,-
6.718168229678652,6.745260303042797,9.818390380958805,0.22987898108840055,4.016996643794167,+
5.096969036213423,3.002326634177753,2.2728620091814187,0.2889655818184579,6.345831749569574,-
8.556362931283259,5.3543729698958185,2.60617501001867,6.124566119199678,4.148946534472867,+
2.789049830081247,1.571611263065648,2.5453725678768,1.452034783986436,1.8235573687930606,-
3.128940108883169,4.090071772814699,6.915452826807947,4.816529344824431,9.709542896712051,-
1.738183146849945,3.8052317179808224,9.079434692740135,1.3337288313743703,5.403127567868065,+
2.6889835167598566,8.582596284075576,8.134104647631652,0.04442679714311781,8.887155526692075,-
3.005033498899553,4.5282831612887104,10.0,0.046357961555372536,0.4304019276164657,+
2.8769978254495276,5.656143604315376,3.447416389784359,6.7505585272061195,3.9223928050657584,+
4.200074844515873,9.890233837036995,4.108269843321509,1.1203205985480558,6.850652215558698,-
9.49791277630902,9.977112648039206,7.235514979465467,1.678977898249523,7.0393737234941085,+
10.0,10.0,10.0,3.339351559199193,3.4354631963941418,-
8.68778728390232,1.8118050319727996,9.467238092274918,4.870811634281067,9.454718785641676,-
0.2256659740732964,2.7267932878300845,6.961635484971307,2.249695529935953,6.654333024564587,+
9.058646395687052,2.340997517632207,5.18967775749394,8.349277704717547,4.425849786583051,+
2.043409731647461,2.6633179935015474,6.134118378652445,3.304600507984745,4.0060452574160825,-
4.968617180426763,2.8811453284196906,8.86867758051226,9.96891840651969,6.526988998126928,+
3.950998398121092,2.6039917581128136,3.0678867981870783,8.993074324303025,6.2250485389604915,-
6.341270673585161,0.1269991656342706,5.281622430457578,5.986788118881706,5.568243340084501,-
9.2432671707485,0.2334311493662766,10.0,8.052990710843218,9.786755228159622,+
6.170547290881857,5.150224311081163,0.23282226041435372,6.431176971890703,6.76488313529401,-
10.0,6.01993821533547,0.42744734817769264,10.0,10.0,+
0.32042552392055446,0.9636930942886179,7.048431687233478,8.072168411817195,8.340990304194948,-
0.19383576007531492,0.12772501372659562,3.4376657391738337,10.0,0.2688592115259494,+
1.4657042349237737,5.51911525487744,7.277698911662082,2.2136272228533107,6.372254930753662,-
0.4867947836855948,0.5518690642898622,2.120209836400388,2.5960795060138624,2.426567455261687,+
2.1640176107449784,2.74247433857557,6.472480189208869,3.3862209054200143,4.424774537201519,+
1.4729350930715361,2.943208053446611,9.161854086806677,5.545669047956927,3.932271123947355,-
2.64718799257728,3.4299874579325706,1.3824530278931924,6.608123694904796,8.569576910550698,+
0.5309041670975531,1.7173920781736218,2.5460250585011583,5.058218394142883,10.0,-
6.859707988973296,0.050221544917853356,9.208052355204234,7.8052318576177635,7.102325750874958,-
8.80225938225114,0.07418881654980662,10.0,9.523148067523213,8.234075640080098,+
1.2297029145673655,7.174995140316841,2.3719069519887723,0.39084686934655055,8.235033178878293,+
0.6677786741780845,0.041683530616021994,3.0405517605729804,0.007135336043576247,8.287064188639468,-
3.910966899707531,6.60423482886088,0.3979539351028194,1.9412332115229558,0.5348425558795211,+
0.31765393749590237,0.5657895901638141,0.39096436916319555,0.7843603081830328,0.3929236737570233,-
5.807891196712356,6.953961063823611,7.464088234266835,8.616709214396161,1.8379801721168287,+
10.0,0.6443133992229901,10.0,6.214302676024313,1.529293208632762,-
4.305464428442969,2.905636735147122,4.056029752653845,8.991154221370303,4.950509757425149,+
8.301489967390452,5.659708862356536,0.16540504436545067,4.330129217212596,4.126733437025205,-
8.608945641976199,2.145897812998321,9.393792893258453,2.104825318903222,8.168733530309105,+
7.631951368962407,3.514840531966818,10.0,3.71248480003328,10.0,-
0.1824029328666099,2.921790102552361,4.170029918025369,8.920961245247737,0.7079644362854098,-
0.15226095555008753,1.790651328996833,5.5044836853971075,5.689577199115205,0.41129967819552826,+
1.3588502206084285,9.942577232644753,2.777027085229623,4.284531393484982,4.151071628111342,+
1.157900860900253,5.857484391792846,5.009812168563067,7.852093592984568,3.2569865424740447,-
7.366570529599791,1.9993498209280514,7.800473245459708,4.558349005711534,3.162966680306094,-
10.0,3.8675354298892413,8.325291887532973,6.448044780455586,3.90620474013328,+
8.088380554131756,3.9351817144794357,2.5017833229646347,5.726694063475741,0.48632438677671974,+
5.471833521901464,1.8550150567042618,4.684044195041686,6.5558475641708265,0.31708310180894367,-
6.783870048715719,7.597723356776859,2.521971102033933,1.631671518222093,6.3346796689036955,+
6.81850529268474,10.0,3.5077498795523803,1.1551103884652876,9.647509986228684,-
9.924897377444086,6.923199235360685,8.425935318094819,7.956491277312773,7.314779140849646,-
10.0,10.0,10.0,9.279969959608252,10.0,+
2.050690989033195,4.4229191965220505,7.980200456309067,1.8222671496041098,7.722377112671785,+
1.9168036437613019,1.95617509704338,6.1408137838697945,0.5371528861067351,4.032077677616107,-
4.026838054494739,2.400560374734445,2.21096110566224,5.110689312018158,1.750681682052796,-
4.997045013376875,3.6053796292705718,3.003066687187923,6.4614523436105715,1.9757812344436712,+
4.313635247052497,9.965760943393166,3.4062717158329314,3.5992049838054263,5.845239095342372,-
7.625234376860332,10.0,3.258859920078216,1.3001335283947555,10.0,+
2.0724479571072907,4.8823758067417895,2.0450704649213467,9.954604626863045,4.832622754556616,-
1.7547473816133496,7.504474563941097,1.7192599940027669,0.3483161296963995,2.781472608341103,+
9.193246666140151,9.035165133284938,4.157639619688304,0.22897251244660244,2.6400027429426984,+
7.44314396209119,3.27833789140963,2.455713935888616,0.05483998125143258,1.5431695895360515,-
4.161191822927171,9.396503432431183,5.999819678830873,0.7591942242965888,2.4005853501994223,-
2.771961972404513,10.0,10.0,0.09273781005373039,3.3679672684275404,+
8.945848707719849,4.098863953419314,3.572466101152749,3.839658517369975,1.4396651182892917,+
7.04067921165297,7.0107589400894295,4.769973191424925,5.768330098497516,2.5917615881947254,-
5.808721986996161,8.605812341623334,1.063966325894331,3.0097196227867675,0.884958169428296,-
1.1313565190311043,10.0,0.5545705657410664,0.713618212149194,0.3395168802419768,+
2.93486568075466,5.436071212372554,7.168426598323224,5.331905380571477,1.4163931689722165,-
1.1252048240819434,6.604683952291585,4.7816089328997275,4.378528829875613,1.067687299543803,+
4.989202556633554,1.975549641398876,3.8409660264152445,5.994361823759408,7.763572344473955,-
6.5342311187465745,3.7176875590781195,4.009376623554019,7.372127446316977,10.0,+
8.192080237342212,8.654138577102357,4.750209285963514,5.440691076399382,4.065936768565828,+
10.0,10.0,6.045861024184867,10.0,4.163676167855777,-
8.256295061724984,8.795607356423156,5.277182452396025,4.656233928481358,4.075186193565936,-
2.216956661310152,6.079903472790072,5.252403822647173,5.6215392301382305,0.6197513316610958,+
8.533692416583927,7.955315882856202,7.878667106332426,8.110727345512215,0.6119997146935829,-
10.0,2.1221780058729975,0.3003231883469588,10.0,0.991181689113749,+
2.7703993044577793,9.207209299008447,7.683145809731159,6.509702082365218,4.2428061254406915,+
0.8187674751573846,3.1335073544767913,0.14223386894013657,5.363697272391432,3.2608926076197133,-
0.9451150266738972,1.3535481767093072,4.0356003181750575,8.366132826583943,2.371814749889176,+
1.4700328313439557,1.6968113119074624,7.715749204661116,9.961836168722591,3.0413850168935426,-
5.2758607261136135,9.594332267520794,0.6730767120253311,0.7251332098511742,1.6756093602722621,+
2.5001461807922647,5.257814381827304,0.2130538739005635,0.6233569628341961,1.4850806251474162,-
1.469824647308574,1.7078199695846596,3.987814952095526,6.616194570717782,0.7802924144187418,-
0.05852305929653424,0.6854238697157836,7.568762764151071,5.609677595379856,0.5517140704231478,+
3.6922060125726306,8.474467981483828,9.833770932377263,2.10956251145366,9.7259784200626,+
7.297109561536775,4.0550578277259595,10.0,3.3472473679477455,10.0,-
2.9593228295531926,3.496362329687055,8.656671599308854,2.342659824107418,8.88015929024659,+
1.811644438232482,3.9901962185231112,6.101061800576783,3.664770197940468,0.8308140770926207,-
4.5120411963138976,0.5586441453954882,8.534048545268103,7.78344297565854,5.062005980019429,+
1.2833824433184204,0.9242462695307639,1.4433701112164885,5.187352156195159,9.377403542632786,-
8.230306692614542,7.5699085915924496,6.8938599917752015,1.0599620276760935,8.52449827706414,+
10.0,0.7862756015016465,3.5233321885575606,0.590061360828422,10.0,-
0.9420329499422442,0.29223250264083567,0.7648871204671492,5.568139530169453,8.330079363431247,-
1.1578446335193802,0.33823201106461487,1.026500943701422,9.19400271202068,10.0,+
3.317120205368206,9.985884327749693,6.706821279257582,0.9735733919544953,9.024905719948887,+
5.82809771076598,10.0,8.666572309597617,1.0537824541111132,10.0,-
2.909967316953158,1.7520800881031728,6.589129145540149,7.733478278635455,9.95229666311386,+
1.8896364710344253,1.6040783047578364,7.162381343507091,2.4501910573008825,10.0,-
3.007605142860319,7.2517681484824115,6.160705877835262,9.79625093032142,8.150878258408156,+
5.674982535342203,0.3411214517018315,2.6662437675572956,7.194486910891682,10.0,-
