1.8351063040183968,8.033150740630184,4.28220924120674,2.808325038999442,9.203774078706353,+
1.866013734575961,10.0,6.729785454814374,2.7345601087500944,10.0,-
4.426674841340255,6.770351243692585,5.355537853022074,4.501676324983171,6.435921437074247,-
6.9239914367712405,5.26686287300401,10.0,5.877445383835388,5.763969028178449,+
6.140379716226807,8.973393200071891,1.3858253536449283,3.4961562437795157,5.757117717732126,-
1.013729538189441,1.2743727866324916,0.4047515493273987,1.5689032319938923,8.514383720576351,+
4.0661919395328825,3.0674330248904957,1.5969343871895203,8.624964577432287,4.436443953124714,+
0.8502484251934861,2.1854544529083184,1.3911422570309768,3.3831970287429383,1.7882582372299871,-
5.747263644622947,5.685281674830951,7.3162705582774565,6.003574622478707,8.409016454398497,+
10.0,7.3644865671935005,5.677560248120862,5.854536845272862,1.5134292227098525,-
5.61655366082366,2.70353300915976,7.622439040594044,2.8906794866011456,0.35077593017720066,-
9.716162064311355,2.87292009397957,9.092781096004455,3.400698482079733,0.6308000757800671,+
0.022479309920242496,7.106810078916904,6.144159686763419,4.93503002707429,9.048988507223699,+
0.0327618032585168,4.915743804398278,2.561176023331464,2.797726499616064,10.0,-
0.3810450639738727,3.557913249979342,0.35641706808005824,0.1090669064693095,3.942499369533752,+
0.005294780654494755,5.013102712748287,0.5829641575947813,0.14440724584469097,5.246176155502168,-
4.365466151384157,7.908910058185535,8.879548867185719,1.052026012214704,5.576667678640651,+
4.710509750660716,5.829973644509548,5.131438233688945,1.7597882556325517,1.622503288771758,-
6.457517866780373,1.6347003015936845,1.8485799527915892,0.8690613240512879,3.0037236820185975,-
10.0,2.9922253872184097,1.6923787018184608,1.5441906117233333,0.6482708364833591,+
2.630275647394824,1.8371050255383903,6.081702359149105,8.389948613811702,0.6399829899880549,+
2.2696132440416563,2.9987460827114676,7.802986336502516,10.0,1.2593991095526789,-
8.508280137985484,5.7059601083540095,2.908871413680767,7.964478169811451,4.207837902984391,+
10.0,1.6199525877522725,4.3295414249121285,2.082344956398797,0.5000109461271451,-
6.346280555580327,1.637299723112724,4.70731783435697,8.928343093989772,1.6397435453592246,+
6.801044700699042,3.2681276773028753,0.15178871442724678,10.0,2.696246341321512,-
6.581444590914129,5.345096593900181,1.0758247939180587,9.804519254794668,3.0393143320221605,+
10.0,5.919926775208597,0.5285767455181313,10.0,5.1469837118202335,-
1.8964162964325093,6.048623556320813,2.5106514025076843,4.791652526614849,5.074412699979542,+
2.5623892305424754,10.0,2.4473737896786822,1.5114022714021984,0.9552939513134981,-
0.38490438909622116,9.938333249259816,6.769364406586403,4.842246778717053,4.0548465688786415,+
0.21430497653511169,10.0,8.206529528711608,4.023215085202438,2.748558338630803,-
1.7250825741363807,2.5870526169072097,2.617480819148822,7.061161486978678,0.7678788783821522,-
0.5395737060798855,0.6647228191164181,4.583498442122118,10.0,0.9744069589151905,+
0.7211690320628561,7.749427154843779,5.071470596393876,9.392388686110852,2.889062265617807,+
1.1038566513658208,10.0,8.836744621670636,10.0,0.811063914465876,-
2.409096480188447,5.391619418835585,6.207318478334147,8.266097909362713,2.684373489625418,+
2.3009156201504934,3.589045167390753,5.078613221623436,4.756461685557481,1.4799358059348755,-
4.6331087695669595,5.60157786527948,7.438904792898473,5.040569578339155,2.99631268992151,+
4.329651046620852,1.1926157015844696,7.735698266237805,6.603902441071187,0.7563678931814646,-
0.1299351644509883,2.319159272158142,6.1491239688564825,6.817929087192906,8.02391529902157,+
0.03839874089968883,2.889867755696243,6.316273007708381,10.0,10.0,-
2.1082712731084605,1.536901640024524,7.856983058288919,6.213334319929787,6.11425467413569,-
2.394362961140691,2.384715032651821,9.02920745457828,10.0,9.72639592391077,+
4.039453217710715,2.1735035771195568,9.482924013981341,6.989344822284707,7.424024017384138,-
7.141148843069303,0.6100484215418205,4.598796090923396,0.8253417113183236,1.4937211065534524,+
4.236749537794581,8.698426816075258,2.1844779875300024,8.892151264798741,5.2353520263832865,+
3.573876181593325,10.0,1.844219403524461,10.0,0.21960262997002844,-
3.8457077610013535,7.354129747714687,6.999586958925045,1.0080092492838133,3.6162006699200564,+
1.8083944933657523,10.0,8.426158558773597,1.3658822697246507,4.509533467791,-
5.352634931054925,9.534946216640957,9.089700846866297,2.4037177302212562,9.83058330911256,+
0.8293942310217215,10.0,10.0,1.4707429827712066,0.09023395661793022,-
3.7385127982685296,9.370014477167159,9.469405189431264,6.312910259020265,0.5335700994596781,+
5.769617892900673,10.0,10.0,3.306930890728073,0.76754469828055,-
0.2804545283611781,0.4751225250624158,7.82974993844153,9.652913598846705,5.661760868698755,+
0.16870240726412825,0.09319230735599388,6.378435799243396,2.78502580243212,2.6400766639736255,-
2.3066487644317855,8.29310023183977,1.780498158514503,8.954008144425737,2.553461926730096,+
2.019711146178522,3.268631856249601,1.6671640266298067,7.438063747297338,2.0625611611770807,-
6.896615891492152,4.817025018050781,9.412687105625293,3.0465009402154033,2.7641776671770613,-
2.147518965755358,5.5715925519318095,5.157823474828737,1.7163348885576717,2.3163237182382765,+
7.358664853615378,6.9473670150120315,2.713268653787492,5.927343399696098,0.7713050840295355,+
7.871004497118295,7.073462845328103,0.6767949306349569,2.0286843978331826,1.1854844581737054,-
3.031000752009855,5.5928396980298345,0.6090659259018116,8.98424590242606,4.196355583633014,-
3.357312250920214,10.0,1.147247674503362,1.6882687944996015,3.6556676125526453,+
0.7150383194791243,9.309914058466095,2.523111595396758,0.7174814840662802,4.986069121830697,+
1.324364256408021,10.0,3.5889885471643246,0.8966235355811342,0.9397679461873802,-
1.7481743508018932,7.8308568791459745,2.569841114489525,3.5829338264342256,9.72185315046065,-
0.24107749074721088,4.183878665139528,0.2803076124602421,4.547169473071987,3.8081828249424277,+
6.208673749711984,1.2729215066965183,2.401484263231067,9.64369326712667,8.595579951329645,+
10.0,0.8714012078559685,4.3267402632176815,10.0,10.0,-
6.235887828119657,2.275313495629728,8.757480832286186,0.03838620095199641,8.258610718162274,+
2.491576478428239,1.871890265907735,4.43040720419464,0.0670329154625081,10.0,-
6.663062248872759,8.701050976797237,7.047682211755242,6.646537397927314,4.153410064996258,+
10.0,10.0,8.930115281105419,10.0,4.4229394097474275,-
7.997283338969159,1.5603673608899737,8.75457190899648,1.3876063597270205,4.380963629914634,-
10.0,1.3244887969857513,5.526337062228706,0.8867383753525796,1.8041473140055593,+
0.9335437817443482,7.9791447206944,8.74747193893935,2.94174810820608,7.678477523811592,+
0.4488968065239847,7.641592204131126,8.680883853178871,2.7046803088314553,5.347024206834038,-
0.7642602152358402,7.05595576161571,9.576108168906288,1.2763290631634028,3.7562867021502697,+
0.7265178879377675,10.0,2.591048280272122,1.912391755848319,1.2930749408037494,-
6.567187668015495,7.932404930759792,1.4075284455460224,6.787258580374047,5.695723195213333,-
4.569990935476749,10.0,0.12649647193363242,7.690860788532938,7.545418396493855,+
3.886039412234438,8.288467355625524,7.712336006935475,6.442759498877972,1.8975387742984695,+
4.459051706636811,4.885522641275951,10.0,0.791038812435313,1.427782039574398,-
0.6799099651478968,8.11880803531399,6.515667710307815,1.0686162895809292,4.883301536302831,-
1.07026813814723,8.627335610753523,10.0,0.30739916933257455,3.3319847182285476,+
6.148927722531667,1.4231001681226663,6.196802651436986,3.7028464114111728,1.5206149392272783,+
10.0,2.4591794615102716,4.0642124519513505,5.808628908844559,1.9836062097895075,-
3.695306656991315,3.648673567146523,5.343823806767839,3.1672954513070497,4.949448601337851,+
1.9720422115648477,4.079542377119138,0.3890773684292196,0.6852700908202816,6.57896846798563,-
6.56607054529058,6.028329612987658,4.07371523892793,3.7272900585352775,5.089493842242855,+
7.696049800334897,8.928302987128063,6.338390711788204,4.2024534243645775,3.3389067533225303,-
4.512476171162723,7.192346154150167,1.6416251967460027,7.692778873712082,2.739837561295917,+
0.6917856790467428,0.28918264095571006,1.692022098885453,10.0,0.3850097691825048,-
7.440096853137562,1.0628557877056355,5.655222114830732,1.1375129212076218,6.732834943359075,+
5.086188250404078,0.6133007228119083,4.985454749336146,0.3490287155599959,4.110207051284014,-
2.91767283364075,4.916896385913977,1.2583499144877741,0.23846070996112356,5.183194560943041,-
0.8949683339578947,7.415710697214471,0.23499692253658855,0.39465224724899856,6.985247564740757,+
6.430638924375453,8.197220841560108,0.1588199147013003,5.751772797861602,0.08557340224151,-
7.930438975667014,10.0,0.2679774677812908,6.863230495158405,0.12921993938453738,+
9.764644156373286,8.043317074484436,4.622905420971222,4.360111687231106,4.070409520165523,+
0.5431201903608708,0.9858365757204207,0.44461269529244074,1.3311754130062272,2.67033935171346,-
5.311198646978102,7.342443834882672,4.100976985454551,3.156187889523477,5.5481019381615155,+
2.423029905454533,4.764141029065715,2.56038636393762,5.272126353163742,4.541116620557912,-
4.817794879185654,9.40009850932405,3.0200007928406447,7.089752239061938,6.025410925215033,-
6.821976979821919,10.0,3.70258721658154,9.512627462063985,8.76781647999438,+
3.4323669039818006,7.1568199588554275,1.3452975351507768,5.487026129748203,8.70520035729897,-
3.401516110496388,10.0,2.2164028608126722,5.591958911055881,7.409850715782065,+
5.052651476357458,9.874749506277773,9.183491066485463,0.34571711854216924,0.1801596249930082,-
7.807855462240262,10.0,10.0,0.4237130503143572,0.25371368312164877,+
0.4840547518856675,5.889574973518385,7.61723758745262,5.337503256517035,8.999137337350273,+
0.06635718942391187,8.398236865007641,10.0,4.429350975824639,3.0310807802515867,-
8.616416804143444,9.192299700404874,4.623719756322952,7.138530981678999,1.5248110667578574,-
0.4194719605335204,10.0,5.015100549689641,9.393708054517264,0.9455680968094257,+
6.315333873872492,0.22999349327518903,4.151974292883313,8.734759714684198,7.957894503486615,-
10.0,0.33589275300535015,7.578066517171989,10.0,10.0,+
7.636867253041665,6.8247074248750375,1.9511016668897885,4.278460582147129,0.09144248425083323,-
10.0,9.863752420850638,1.969965993277973,4.542137849449143,0.09354910098712996,+
7.424244811752182,9.828071185031853,3.1768187796934386,3.028259992149982,5.877818735594684,+
7.038513056508195,10.0,4.305922236907432,4.130180022216109,10.0,-
5.203441596638731,1.615793436749069,8.471190327093685,8.921534960846323,3.714370797693123,-
3.6662346465811564,0.3056683150396005,5.835839043194007,10.0,1.1516106704436353,+
9.602550668726442,6.331030099418755,4.226071180917464,1.6336291446024198,5.525474648064335,-
10.0,6.7272055301197256,3.1321152726631314,0.8967930042793475,7.880455157713199,+
2.46515583841048,0.060647004945506566,5.873724930886426,5.478001115284259,4.573184291424227,-
4.5803992609918645,0.062648629080803,5.92950545296496,9.536865148697867,8.795978224691588,+
3.4903830775847053,0.7116338996963734,5.793656526274145,3.740266689964069,3.295350599772262,+
2.7910656785754324,0.2782015020133148,0.03682838316815504,1.5517018571808225,0.477297695896316,-
0.8352680731847795,4.1173278718102,8.632612837760474,2.246247296697251,2.793670677390195,-
1.3549837815190204,1.7336682621644666,0.005169207652791308,3.689439074042953,2.8380353645815544,+
9.030787479443738,7.990886749880373,9.014748957161695,2.3663274129234404,6.368729967521647,-
10.0,9.251707280336824,10.0,4.719403326791584,9.966829493493947,+
6.554614127535329,5.947194130465164,2.70998593786012,4.822392010625361,1.6876316929229218,+
4.884208977496079,9.027703172888357,5.350601628169649,8.587287287890865,2.419588400511337,-
2.782764596695567,3.6754378174341884,1.2837669190940781,0.6784126185145067,0.08759026223003175,-
3.3858056005217,3.9693562633933577,1.1707338939821452,1.0683704131967222,0.06085300630188504,+
3.41319222463085,7.201277248894642,0.015373443008281917,8.48090873013853,4.667046400537867,+
5.005397965049513,4.430128149789179,0.0042749553071759865,8.348407144045039,1.1311417961272907,-
5.861589400001623,2.5192058341892465,1.9502096088051224,1.2776258906974614,3.9675556199590742,+
10.0,1.7058264589565177,3.4674548238516594,2.1526519433923537,7.174110339442191,-
1.630430915413621,2.777937868780022,6.483686038247933,0.19753407998207795,5.3994533437594185,+
0.8796629305881837,2.8356715437188313,2.4120379185189225,0.06878105698119734,8.51797401028819,-
8.793570763505933,1.4280961225612543,0.8983369841271416,1.0787691098578123,6.101593918178567,+
10.0,1.6499713771912536,1.636441565730141,0.4373549027808415,10.0,-
9.414256288878871,2.3369247045351225,7.844255251567509,2.090689994904096,8.489024423697863,-
0.20043611434683342,1.4311364173671972,5.89386470785914,3.7023734855209973,6.688210727738537,+
6.007724086262627,4.852573358685498,5.282195491601823,0.12803967114791703,5.552922958069908,-
6.7485020282241,2.808465258005666,4.847527958523086,0.06030630641384486,1.7482490446771655,+
0.4842686944376895,2.7479130029439816,6.974575769346743,3.45298635909249,5.554803553073691,-
0.042716435096049235,1.0887258194149616,2.222837537373902,2.6807925422641796,9.033468541828778,+
4.485225487599261,2.7967157689389452,0.9676277360908048,3.9425279552594694,5.885644608012748,+
6.86678311533709,5.504327107986112,0.9655125091331446,4.457622454840988,8.654625588256588,-
8.110343415244845,1.0896337249338262,2.652775167920405,7.496033754454821,9.162318355993914,-
5.530862417497689,1.6121084685295282,0.0846619518528931,10.0,10.0,+
0.3210243848582217,4.680798190127147,4.4043204271905045,0.7042405949471275,0.7056836751163431,-
0.07306117004579761,1.6414621398301639,5.67661624740906,0.20559285713417225,0.08555294921616724,+
3.0831814158170348,7.707899695170456,2.3075503096718286,5.602282384161709,6.138612746704338,+
2.4892309739989913,10.0,2.2625197127535057,8.462848767797933,1.4647112517975993,-
3.2441042592124325,1.9685366251720515,8.531641381795081,8.708489308496569,7.3125744399081665,-
3.8737413212861176,3.3558373575807585,10.0,10.0,10.0,+
6.452135807173283,1.7644096172584645,5.072262816832672,4.164636702914351,0.4262415727777169,+
1.1505761128294554,3.3524419858543886,9.835761241119025,6.21731421091273,0.7319996880937966,-
3.7548469682554844,2.1386743124044125,5.655127876704292,8.41550826570961,2.7387259909302086,+
0.35777724365077995,3.1958053372340944,2.1511548299420062,10.0,0.33351580947497267,-
3.8368994980619906,2.0866880001661325,9.97102835544126,4.867455020310789,7.526537123174291,-
6.17781262297659,1.3675401958607865,7.606063158999727,1.8508125316229076,3.5822325934195067,+
9.186496860104027,4.83630899328249,7.744115815677301,3.032444669530925,8.006066043409547,-
10.0,7.179929364033522,4.027151240930214,0.6669569735845562,10.0,+
7.449743041097178,2.1199807983912446,8.669055926000166,3.0716274331627513,2.9743091310920224,-
8.839076525374416,0.9826983678872525,10.0,5.321631247269983,2.8746752149773256,+
5.533386412085885,6.262953786444027,7.493829766787017,3.396389508653389,7.6610715399024905,-
6.149608308902462,7.457468782408496,10.0,5.147958820516509,10.0,+
4.4447268330258884,2.107527037120879,1.8065734575448789,1.5917797567897785,6.610880709870086,-
2.065914458571648,3.8996420733645474,0.13792047904826946,2.5274587446919643,7.403783573881248,+
0.8737151354518302,6.674812222212198,6.505110345284059,0.1171511899665556,5.463860353992543,-
0.8741724286975823,8.089679941820096,6.702346475604592,0.23047756672562592,10.0,+
3.7759180806128967,1.9485034306905291,3.783607389699075,1.9156073548096264,2.7855724170489813,-
3.7979815264012875,2.5808714720419665,4.540586399798245,1.9573509524088366,3.7154650183509967,+
9.693469589335121,2.6565510793042812,4.332794499162689,8.716371179859859,2.6708097864401195,-
10.0,3.6440309896130136,8.552130242386857,10.0,3.2531718526299795,+
1.1262922802403885,2.235347904599937,7.070752607362735,1.1243352264436912,9.221547543543592,+
1.050252487386751,3.2073546624307734,5.115465335523488,1.360679558269504,5.219107938376607,-
1.1144216182780087,9.248967308063465,3.9524366035273637,9.141502502475408,7.341805815066602,-
0.20896503970196692,10.0,0.32143485343745437,8.429155073971383,6.911816628557701,+
3.7867655543453527,5.918852823361387,0.8318533321029209,3.0534935364354086,9.12656377759767,-
7.169743394143341,8.466203128686319,1.4092179900089512,4.598698669471965,10.0,+
3.2750353472048896,6.726291967731427,3.482394389685699,4.576605150382146,9.327706655643679,+
2.417764686580036,1.073324238880412,4.914694606327125,8.392449363338862,2.3876530047338864,-
1.06682623745742,4.116369855772844,8.284082413709022,6.934626254581291,4.330450607529242,-
1.8873348377460113,6.274648751893295,9.536177838044122,7.601225931687635,6.217827986122644,+
2.1982446297572524,2.375402279353608,6.387341412733085,2.940164362551317,7.13925637867113,+
2.145685578339947,1.840747920297859,4.023488983394126,1.3365100618043357,4.317265317018167,-
4.536144892619365,4.771998073837949,7.668892670755922,1.83796218801489,9.796721435683365,-
1.9682932124369383,4.58052657933309,8.91542026221593,0.19839570214225563,2.9574065669750342,+
9.03688284337992,7.181529472483975,3.676764223685658,7.028105977147463,7.259425446821625,+
5.457587443161863,0.5823066866263676,2.54019459860226,0.39776830739783786,1.5709794983374812,-
3.1815956066017037,6.291243420435789,1.9364375789088972,1.335961301652775,8.31290510718098,+
6.035101820300891,7.839705704420666,1.243400943924438,1.718930859677939,10.0,-
0.07645459593669246,5.583038102221989,0.0266493247015831,0.3864340387134524,3.4785483153198413,+
0.13025531186108216,3.1933208477332404,0.0366662344826343,0.6954458156607067,3.7682729708997553,-
8.240778596038739,3.580900814915189,5.305588579321565,4.505125923789894,0.5373005297220534,-
6.433412234315191,0.9543210282646213,0.5257283897739724,2.2326406272011563,1.008322508259998,+
1.664525650900347,0.15372284408536552,6.955298129149568,1.2038599616688428,0.8797408806912821,+
2.0384299800880523,0.05314771612494792,2.9045816738216215,0.8626759791160911,0.18378538826249632,-
9.124205127313651,3.975823455350327,8.380615631336582,8.315002766230581,9.36202960359028,+
10.0,5.3662040755351175,10.0,10.0,10.0,-
2.8332559170180316,9.233753971757862,9.905433939109189,2.0994930589640557,7.0379451302704386,-
1.7638461087209805,10.0,5.18118229178994,1.5840225724534154,2.268686198284634,+
7.676047329617485,2.3895844310448155,7.1452522198905255,2.3767497179757857,4.676594397970856,-
2.375644866799393,2.444552633995567,10.0,3.8780493626767023,1.5798218565699713,+
2.797890171152091,7.839202804841938,0.942183102788049,9.24553776338407,2.8815867936357176,+
0.6448368524495146,7.288292013202987,0.23912689854596877,10.0,4.315761517883657,-
2.344771410032076,2.8025194205198742,7.168770927962114,7.277957195475128,5.625186575334618,+
3.465637270962889,3.7836971166754805,10.0,10.0,1.2484115251289982,-
6.261546734439366,5.742622596613486,1.9052227580122894,6.391893240928004,9.919151743224363,+
9.985095222338703,10.0,3.679736584342515,3.3550774535561105,10.0,-
2.3519616890853454,8.146919234324773,9.209942168890697,6.0273736821030806,0.7569345649152803,-
1.8459448145576738,4.368759178697532,7.829078392811097,0.9337820586578816,1.407242974277095,+
1.2672458054726,6.228700413197961,1.0475238925724195,2.3362888006269134,1.3072645919785242,-
1.4781396108266076,8.968962830655169,1.058418059532906,4.385692637748065,2.3166341556929138,+
8.525621049714692,9.416754042892844,1.4561703843513063,5.496029789436251,2.5737206352873754,-
10.0,10.0,2.3554266571419378,6.750923878890134,2.6080259129925776,+
3.779855641761569,9.357473644446646,9.82723834065646,9.626611335434832,2.9888704093340213,-
6.611114008330412,10.0,10.0,10.0,3.8733097170444517,+
7.649769307873112,1.8132739820480037,9.03178318389764,6.833024996935987,5.302446114812348,-
7.940132099286521,2.905761269704238,10.0,9.831847465863358,6.904977070821534,+
8.125823160956402,9.627915083660195,8.217293430922993,8.639894023850983,0.7269263830035921,+
7.1743809049543765,10.0,5.897106573805148,8.057482665282325,1.2010809448761588,-
0.4106635347088827,8.789335563203817,3.635556112897824,7.483985091140076,4.752658567123763,+
0.40366226403717825,10.0,6.6435765246440805,10.0,8.985559743775429,-
0.9199610513280809,0.7261131996807701,6.690766349853594,8.23581621785615,5.387078176947893,+
0.3718928336040111,0.27199671574576034,5.921592622145527,0.08935283543507777,4.794025600829948,-
9.945543573225622,8.16905290502932,0.24273117365024577,9.31427292955996,8.775846408572038,+
6.495563231638318,6.582691399118317,0.13757396021351492,6.975433307800854,10.0,-
9.744178187875631,8.374819750331362,3.359897447652881,4.889423290757708,8.641518153128882,-
2.0588703748525394,10.0,4.168409941948966,9.429944861082522,2.328034902265261,+
3.9557297557148505,2.0246950726068604,2.9537724468168234,9.973676591514556,7.368586038931793,+
6.8953371253109,3.6400461227619645,0.768129590407004,10.0,10.0,-
9.76285226274679,1.9133174812806497,6.01296706606958,5.972951736881215,9.894468661568022,-
10.0,3.1367293632690707,8.634440026890942,6.460575582355138,10.0,+
1.7043898494361565,2.637274815475954,0.7430005503580317,1.0681897767718473,2.946860027319124,-
0.9752999763058426,3.2370303212472225,0.5924870771472749,0.7837920011103593,1.9661429655303229,+
2.6289456303253864,3.1541748990243192,5.888811220689513,9.70694595401926,0.3979186628997178,-
3.3714743059573036,5.469194774298709,7.378102253707545,10.0,0.6913715023997293,+
0.106159991460264,3.0897796184727087,6.789040563025317,9.849473779488926,8.548451450499293,+
0.021810239229394082,1.7749610636808737,5.249256890887842,5.210247408554832,6.334454979776227,-
5.186268138067419,9.946953650426396,1.1053865726432588,3.734299960217525,5.385213213351926,+
1.3530100139156254,9.764780462288952,0.029399699007613713,7.227859733598219,2.3400081740698937,-
7.00716222791828,8.7607009831597,2.262523041743021,1.9940633383264927,0.7353770325324482,+
4.324482169586901,5.765820328959246,2.053984676726338,0.15290181785418575,0.2799438227704514,-
8.354040873889932,0.9813865983321091,9.050255011968904,4.556937672301852,2.7455672040886983,-
0.5850623803063314,1.0321418754556213,10.0,3.8188946956598557,4.040640155238191,+
1.9098265434448602,3.300974967272782,5.127651949788246,3.36657073307281,0.6544328809827071,-
1.965987122480263,3.48687770092574,6.763029094429528,3.834858602378964,0.919589078455029,+
2.786213034399634,1.6440266757051325,6.749588812146461,1.2446019026543331,3.599084151805565,+
1.9552656785709925,0.3663826930465092,10.0,1.5298493530048722,0.4598820939624127,-
4.267675690020699,2.7926845370583475,9.554630522118131,6.526026653309113,8.086895399318834,-
1.8806391318315216,0.9016794574906628,1.1389731293473115,8.11358860694325,5.430142293850048,+
4.856387086730571,0.817838729922149,3.006969417189599,0.12396445955026425,9.599066474275078,-
1.9292386365314418,1.607565641062605,0.3438789333992244,0.02884751459070277,6.695922350343768,+
9.438470293932278,4.479488004406748,0.6306980277060115,1.0785631307429067,7.379717304394595,+
6.182149508412641,8.003627220816055,0.11288104230774627,0.9203375707248812,7.944214012575866,-
8.793090074411642,1.6650576738850364,6.3493675136546965,7.41105592848405,9.73737651990549,-
10.0,2.319981336518941,6.971651716151365,10.0,9.765917835281876,+
9.345350050410143,9.35926712675078,8.372399472818548,9.881265346447469,4.618414677516997,+
10.0,10.0,8.490471041572743,10.0,1.8316262598783541,-
8.127308417595744,4.910015405874809,0.9337979056614376,5.89872051910087,1.9699978989857492,-
2.4084489749435223,6.901266293068281,0.37553532269017165,10.0,3.7028450786547444,+
8.450588064356596,7.377033627579621,5.348085713561684,6.930739966589523,5.579324825634844,+
8.368934269664368,3.2403992762915936,1.4936753728797956,4.254860234139953,3.7802822972375196,-
1.6917110233150812,5.913124332553369,9.022213049614969,8.507686754203467,7.778634614890235,-
1.4764824104723346,9.163549776729951,10.0,6.095116929483732,8.841198297791948,+
0.27918855045263036,4.942603365420882,3.606249154882275,3.7095327420663793,8.691545767965772,-
0.4335385395600303,8.633328753975526,6.243991588132636,6.636227257850682,10.0,+
2.012037518302746,8.33970222195284,1.274562822896732,3.517317229717505,9.44910671299662,+
1.5522244576862696,8.559274585471766,1.5211590835477793,4.180573728717642,10.0,-
6.4028532124229365,4.596209779520349,8.901713275370668,7.991206887987291,5.521516957406996,-
9.128975182054335,3.4507959716401024,5.191632290511666,3.8789146995620305,1.7109418169138986,+
3.95973483742859,8.472312159965371,3.784812925720731,3.4710527285770185,5.619264115048029,+
1.878362159926918,8.09584331035712,2.2477545061534037,2.323248247967179,4.109058850257507,-
8.678621477676563,1.5963613756220585,2.298844132246672,6.404058846863004,4.1276077739253045,-
1.5072060074191787,0.5441581148552178,0.25688162695524674,2.0696157776154966,6.180837866254836,+
1.4841465055082603,9.750431526469773,5.797074009596129,5.692292148919709,3.3776047000183773,-
2.409415096531951,10.0,0.028447867355680678,2.5541312240030316,6.376931697784857,+
9.243654273920484,2.5621734227801776,2.3732053856394755,2.627555151526572,8.769810902593687,+
5.262425338900849,2.5056859148654205,3.2404670263952156,4.700729598927935,6.12918989197746,-
8.968124096094792,9.766646092521942,3.9434249770359253,8.549487609541579,8.321929454434606,-
10.0,10.0,0.528818994169296,8.652789000704775,7.077580562006585,+
4.873109546497101,7.324496403217578,3.738753436489005,2.755050825314318,4.749322333301817,+
0.5013408655170116,5.220175824831226,0.4466311913054564,2.684646679537663,2.104252655046709,-
9.135023138235049,0.09060622167655463,3.301972413992834,2.9358431037551003,0.14358083736571214,-
10.0,0.060481693993741155,0.7315273354167402,1.7892342600654596,0.06555034985448382,+
3.2575492621594204,2.463164486215681,4.18464169407622,8.949150816196717,0.1807936427735457,+
5.709679669429883,2.52273015755787,7.151610664050364,2.7837442810416495,0.20950864370925926,-
9.438786928910218,3.8750693212888896,9.957501649148487,1.108117394266317,4.224085886325694,-
10.0,2.5836624393408485,10.0,0.05455599590190692,6.59094031334856,+
4.305477927474932,4.281376189904099,4.387713852360565,7.316740168966641,6.7719226028920385,-
4.493220070812705,7.166613715732345,6.647108929180053,10.0,8.512440176607848,+
1.801045080516842,8.97673939458082,4.418146370158728,5.683007938046086,5.924393665082043,+
1.6860211902348456,4.827011239347584,2.0345759424772347,0.8814902069471188,0.9656074543971774,-
5.680682068694896,5.789361843489893,4.282368166983569,6.373084728936716,4.594367305668081,+
5.436754268033766,4.6853995677075355,8.052889692283243,2.857502935254317,1.563354767848974,-
5.567288528815135,0.32689349319937944,6.160698270445373,4.989747373431699,9.113704430125853,-
9.701476140656094,0.4946979754065672,10.0,5.2753422644908365,10.0,+
6.350561880099029,9.9779180769678,1.7808551268702189,4.698891088106633,4.336434125911708,+
8.843018788638318,10.0,1.4965640347091538,8.614263193628933,7.297423135358945,-
1.7867272834575876,9.865988308800523,7.480435452811761,8.272652145387422,9.928963363649146,-
3.3903175851573133,10.0,9.03455190036949,2.9444685630654215,7.764895256396099,+
5.771720861977951,9.55822848089376,1.6003334883103015,7.548079872495083,4.493788141772935,+
4.027967916837026,3.9017227691489977,0.7320645614562141,1.12900004685306,2.662198334764585,-
7.435437315803455,8.029396204589371,9.939768400012769,2.6851537177477383,1.8362999405285418,+
8.467846421659829,10.0,10.0,4.871482578499691,0.9993256216480241,-
8.248877622814975,5.183185549930938,0.7279620348534543,2.9477125275559954,4.68687383546224,+
4.985760719243269,1.5026162869163133,0.33515880322207336,2.6329988669885833,6.4851817466715005,-
0.38866810574973876,8.747917380081596,5.001890864301556,8.032379247442469,8.582008540099451,-
0.02394770364415923,8.491254645037698,8.580283371934897,1.0973247324126107,5.441249211941887,+
4.951589009620344,2.1632893790845378,5.749211874257019,9.370055846158799,1.201177311039785,-
0.95476064453776,2.5936853707656806,7.08086448190942,1.325816931987662,1.4059857130593982,+
0.3625773361226736,9.220556732206227,7.555682579128032,4.412218013582091,5.814404100130849,+
0.2701620278529105,8.39635389694024,0.31245922497680173,2.192546246439291,0.62295162116469,-
7.1220182320896255,9.352938675977292,8.405199147153494,1.6025169752796875,3.6825806104028267,+
2.761276438269635,9.736222348724446,9.003177543834054,2.371423697238076,6.457714062939864,-
3.716417886018293,1.2766628055850027,3.4476373699802076,5.273287204965165,5.920927867095656,-
4.49391737360412,1.4235478917096187,6.615078905168795,10.0,8.967151599861825,+
2.5782019943069487,5.9763791620569675,4.7599878956723165,8.985501608699348,2.243606899881363,-
3.571387490414372,6.77757839176156,9.136098126133785,10.0,2.3817674985861212,+
2.3408825456850346,8.028858810616612,3.0074738474140816,5.716694415113647,4.061423513699193,+
2.985169448343358,10.0,4.98306423795532,6.638717871728339,4.695241449875045,-
4.191817752357403,3.3363732714554493,8.719763516165196,8.703822321021788,6.253301743043636,-
6.644392036301178,5.496433758424571,9.596931638392912,10.0,9.00640719605446,+
1.5134285427055083,3.3887280498047287,6.284863477313879,3.6972923149132497,2.5282461254934283,+
1.1301033219277685,2.932821806100471,3.5297029948492433,0.4345650372726686,0.9356486391934579,-
5.976560994620423,1.0929826558723565,5.800143181497537,3.7876012917047888,6.289154961954528,-
9.434489124103967,0.8329711228728985,8.242098164912104,0.6778632330086934,10.0,+
0.80782430660707,2.272069068332833,8.633127687999679,7.462238544299585,4.182081150847222,+
0.08278527455319142,4.30652557947876,0.33404961676818307,3.792406714016489,3.323774727273877,-
2.9019728914213685,5.208856201687833,9.231193403095318,6.5702487202164725,7.253586541156853,-
5.058128831719426,6.949030032384514,10.0,7.644622501385016,10.0,+
7.4608751043396655,4.344191266660803,3.5361797807117767,9.795517798432153,2.9263801893669528,+
9.069703695378466,7.667124340726059,2.1941113840253763,5.174182139067994,3.863073498576526,-
7.55064862373928,2.9343140688773826,3.294818524550128,8.431268119338919,2.140834016749995,-
6.857644066172397,3.7746259481193603,2.2040852989687316,0.44655128534497485,1.450320790378284,+
5.747664808591803,0.9368108891597993,5.939940305627623,7.560355487649531,9.64898512708828,+
4.872255152345209,1.6477124057858403,10.0,10.0,10.0,-
5.682542329219453,2.1575908557766468,6.463949954623067,2.8076458688763193,0.1149586903933264,+
9.6173479259509,3.351751324132145,10.0,2.3221869452724433,0.199567081522696,-
0.7206548804287471,1.6108450094842963,3.7628204561495693,6.449562482181918,5.900613075764843,+
0.3987656666760671,0.4899157745078964,0.8008838952401526,3.8328976209713,2.2593402750578377,-
5.776626095954249,5.518634880617597,7.801750628167277,8.857923238894113,0.14636530242562396,-
8.763739756682519,6.297329627906705,8.569847138359048,0.1363776893651805,0.016007093396903923,+
6.629109148607957,6.451132018496706,7.424602085094909,6.799406323136502,3.7186844347493544,-
10.0,10.0,9.19824141556093,9.932070005717712,7.41008612416885,+
5.182241576905449,4.013017900424151,0.8120913908955374,5.431412615782579,6.372146448662722,+
2.0509327732090057,1.8564062947084696,0.34510014656914756,4.854857139643446,2.0242501637552888,-
3.341929202520564,7.091844105521016,3.0069917775252253,9.00358271880835,5.49113410554275,-
5.680339811853963,8.612101409088467,1.4011491587092062,10.0,4.672911495449409,+
6.529299925231269,7.254420467124553,8.046180469896466,9.15645706902486,5.007456223917975,-
8.502156600621348,7.563213860537241,10.0,10.0,6.991157498345441,+
4.861865015932111,2.4595244726619403,2.2190338800610876,7.118054716450377,8.622209206430698,+
9.014588751770244,2.2809316009381932,2.51197980722095,1.4134644253332591,5.2541274787240955,-
7.354143248591878,5.870634404967828,8.642780531702348,4.616479790589291,6.082389148181477,-
3.552353349666955,10.0,7.409265363429866,4.036051160658866,6.001218372266439,+
9.217059093097022,9.049162872953977,6.8205634006776785,7.975695961372412,5.203725360968815,-
6.235200251695387,10.0,0.35757005086741955,7.175247248714663,2.1310931678211102,+
4.3055333693510125,4.627881920329138,6.836563187783483,0.5349168452261976,8.66237875910066,-
7.140382258318631,6.007061329186793,9.771266227496886,1.019799937389328,10.0,+
1.3091324821117112,5.85148577063223,2.5733678158529516,9.088709112663953,9.35939774509371,-
1.9095825060377563,8.574479325876885,4.50674223211142,10.0,10.0,+
5.955955223757396,7.323002887418743,1.7720332941335504,5.824790216155695,1.6493080865794196,-
8.854033063640811,8.687534476227581,0.1751211593132088,3.598522110380711,3.2553983494789223,+
5.007368520192661,8.886973602849197,8.63177031476482,5.208470826158312,5.181865803149135,-
8.671942765506497,10.0,10.0,7.906105693515874,8.371402764802996,+
5.164116445060948,0.142121334174099,5.425955739187687,4.389346565011955,3.462559917908563,+
0.40312338297744066,0.08061968904169976,2.3991814749654887,3.0947187985635436,2.563509362668492,-
3.7971078148722315,6.447144724322652,7.665841006844093,3.547686065648122,0.19855984769308388,-
6.9911528285925675,3.04901494098427,6.035213648723336,2.9044467304400357,0.1227037250975965,+
8.349700865662586,3.8101442720453313,3.1008424433434314,7.756596326806244,2.897534986394482,+
9.184780145228931,3.841873424448295,1.5325657158040003,10.0,4.247084029181687,-
4.670686843402084,8.231262466142656,8.634069053318221,6.847268631290428,9.12845384239237,+
3.7265165400362124,1.8360118852070215,9.374998978526948,3.359642533325708,10.0,-
3.728608643513306,1.1612948264866574,4.714987199923286,6.107029429365101,3.990332301416789,+
0.27066034613110007,1.254688709329753,8.234874658178546,10.0,4.049706957317501,-
8.27187328220558,1.8492869575152726,6.950656084404279,5.47442849675245,2.1131900159525188,-
1.6297561502297468,1.45790814681539,5.8566418747939135,4.998592378181431,4.050334070038912,+
2.0686193701990874E-4,0.1520733245304784,2.3545623547189365,3.6869183026393557,3.5128792957955346,+
1.161025801320429E-4,0.025243872734020078,1.392203764825946,1.0559260743819403,2.655758486919643,-
4.033897586911098,4.154223702686776,4.7837939708742905,6.357709635363754,8.695161650790629,-
7.957580157619332,6.559146911939331,4.927746979456038,4.958074818358147,5.326747579456283,+
6.178420215095062,3.2782281582581563,2.9048429169937586,2.480671469969379,3.7804513574948038,+
9.285556792501227,5.607522239224648,4.175827414277085,2.8170399776511843,2.1365600542857153,-
1.1019523894776329,0.020593261802330787,7.058449009217726,6.303030814162186,3.668736851529699,-
1.7332172316890722,0.04041158825576635,7.82582727984487,8.733268737203092,5.944964162714043,+
0.2430265210911009,8.199070134755573,2.229941789577896,3.7423346317419437,7.610191427431299,+
0.03144510657393239,10.0,3.3323008418487383,4.530206480499558,10.0,-
9.960749827524984,3.5583567779815684,8.348094727915981,1.22974822982853,4.0304915284885965,+
10.0,6.692681979773255,2.5368656082369103,1.2738197440963819,5.166316199608343,-
3.0882906289823753,9.192520443274342,1.4354792432141528,3.63902523986096,9.581760052688825,+
4.435911100345149,8.992255858275172,2.389867023272005,7.249050146061478,10.0,-
9.996616010045509,0.7067322595756753,6.482925894401578,4.9607849424887345,4.235279159731111,-
2.1604967135735347,0.51511786015071,1.942250109365461,3.8081711463269117,7.675764067684503,+
7.002609957478716,1.772188400404866,2.0872054115888994,6.809875934626311,2.855391396367488,+
8.710112102310877,2.3566796870992603,1.2792713543881908,2.4907849335387238,0.23895594877275947,-
2.001908392944134,0.5245326050202681,5.601705718396616,2.754938653448776,1.5988584323019095,+
3.6103945579673566,0.9487107104168784,3.7600716444421813,3.1293842039700706,2.114393832761596,-
4.772247379876541,9.836266950039851,9.227505894100277,9.91540344780355,7.836996648908937,+
3.4414528205936668,7.151979662932611,10.0,10.0,1.0464188669536616,-
7.14176487885063,2.2940713917200717,9.437962017372051,5.057587760144548,0.6625331959221714,-
9.092463634767594,3.842785546013373,10.0,7.237384205771901,0.9517765719790783,+
1.2637425214837805,9.862113135046394,9.986584876714291,4.347526287473977,0.2775282132211132,+
1.5823512633924843,10.0,10.0,7.094475549991791,0.0697697920135625,-
2.65656762464988,1.1240481117755263,6.128051363560276,8.002422370409265,6.801419106291659,-
3.9909631354793396,1.6504935512528733,8.873463822394658,10.0,7.616565985888233,+
5.26783019719224,1.9256430470275188,9.177988521073422,2.456308795444826,7.23114679389091,+
6.651043673725899,3.786868743436683,4.56211274290416,1.3977288385166684,5.72675984477752,-
7.759828638055778,1.6007159268506987,0.1696033968650923,8.40102288942586,1.7564083595275226,-
7.905265815295053,0.20811875766065635,0.19663166421443556,10.0,0.141952636261468,+
2.1963231186381584,8.122584461175336,0.6544731971024331,2.643041801071273,1.651260717558115,+
2.0509470101391094,6.8403608477043845,0.5223733838498222,4.12665238670551,2.0607020626471164,-
7.037286926985221,4.4371861617957995,6.462978431713814,4.242761554018877,2.370761395440355,-
2.2122160503850203,4.322245986454244,1.2098313157286127,5.406533424653808,1.4287939586735303,+
0.5497480845312197,3.28621424003096,8.569997701130742,2.9474228868299814,6.1411425411225204,+
0.3241537417007701,0.5903546355544327,2.8759975343213533,1.2309302727014757,3.097247927130737,-
1.9433938888139446,5.366288158023613,6.1059076546457405,7.3179604874800095,8.20363023331982,-
3.7544400989432742,10.0,5.275440464151981,10.0,1.3053743928043806,+
8.36933997732872,3.4202925130717654,0.1057966869086635,3.62504520174494,8.097398663551473,-
4.279898274678614,1.5263730517876128,0.11676154792688695,1.9200961873638767,3.849071584986452,+
7.704919981478523,8.635689654892639,4.089096222374069,4.165585955957387,2.869706000455471,+
10.0,10.0,6.256114817669488,2.4426420786467973,5.489846315631901,-
5.098573543921468,9.164434855328222,7.333105165170798,2.6149091061730676,4.949134964602461,+
4.954817862552801,10.0,5.622930144345656,1.1095291341832958,8.343252116968047,-
5.045174895839752,2.7979502311293256,5.18300951483714,3.528163257760082,4.5332411296767035,-
5.561798402500813,4.608911336877469,8.882758057042698,6.804828591033439,6.517764963095445,+
8.612851842443023,0.29637460439685515,7.931126576779178,9.946600154580569,4.289984952967194,-
6.886670712974029,0.09352178526601859,10.0,2.815040666606989,2.757611676632696,+
3.463036485100334,8.174951242050291,1.7927162499224414,6.891970390402445,1.061698552852376,+
3.324946707736923,3.201575620434026,0.8680001361234889,4.692941970381854,0.6028149825471524,-
0.09508791290739671,6.739475258593598,2.0721233328502366,5.224295932883825,1.5287309535970628,-
0.106658308004839,10.0,0.36581335180870983,2.0608127450713885,2.775329017801951,+
1.9211166323356865,1.4975293883614882,2.120895258934268,5.081950884213433,0.08019599268550559,-
3.5112221582490193,1.926582574693028,2.563168431054376,9.613975601854479,0.15174764224547202,+
7.610858845815055,4.754049328439449,3.216210554018862,8.829466060355088,5.3604136456983635,-
10.0,6.515703100404219,3.4575087481409748,10.0,10.0,+
3.230762843873313,0.9323724071168227,3.755217397763637,3.3622881975501597,1.1747873833277356,+
3.792962795418808,1.6720698389816009,7.247274445537495,0.7968908877912024,2.0762083810978487,-
6.237574737143409,6.7468049180333844,7.34743495364881,1.0180364890517302,3.9449887963349815,+
1.786520711160094,10.0,3.3020984057521696,0.9424802432779457,5.727609757406091,-
7.871243493431349,6.095500393997706,6.701145251172549,0.3839349406165382,2.8604608510989293,+
0.5072199459537384,0.005111339498964247,4.068269045710491,0.26404691473034303,1.6385770003148095,-
6.724488216363861,2.323113503876507,3.0885558495334866,5.776613454153274,3.040831176678782,+
2.7109756230371045,1.4814949496802732,0.737583376134462,0.3873528653425863,0.5628426533004707,-
8.980601360293823,3.0279843913412807,6.292209105079149,3.937430678377245,8.653133148578839,-
9.600078241563887,4.316565567786594,10.0,5.481854789112151,10.0,+
7.610312109848593,5.702554851626015,2.735027318294503,5.464234876437062,3.5178531459884588,+
5.852513555815206,8.266790849979756,4.2162732651432435,10.0,4.961851563889859,-
7.83968723439341,2.432587469059998,8.272115193537633,3.235989391620465,3.6707742548457265,-
10.0,3.801008594866571,10.0,4.7076559731812235,3.7763582570056955,+
5.1326611909963,7.863164167270639,7.531724501201139,9.100049765834921,7.2202114585387225,-
9.001530684031138,10.0,10.0,4.908141359914534,2.6300170001449903,+
1.5512955452869592,5.183655352620589,8.141784183703617,1.1124430839610677,7.910402054228368,-
0.2919379443146205,8.486013994737151,2.680435762115198,0.21852618082991299,5.850243947377271,+
1.0448952785049848,4.134150761638901,3.46227593695002,7.816661173664326,3.0053748601906727,-
1.089015390363683,1.4874617195413529,1.769460517492943,10.0,4.142925414697102,+
4.122350589805315,1.9482890784249607,7.651017570609725,7.324472401336068,6.578471833329793,-
7.003422962745245,2.212716654268204,10.0,5.228188116250227,1.4015536154021926,+
6.1588607910958775,9.010767439860052,3.961598275694016,4.6995925971293335,6.63320837035915,-
1.4205018149782984,8.302154194652642,6.16122750118009,2.56775613694815,3.304654866125673,+
9.200834311549194,5.2620175637453315,8.32842327402002,8.603218763710295,4.241606430029925,+
4.285888532089567,0.8420173527438283,0.04563742277138961,2.0113339959599466,0.7974471740714036,-
8.099520422724597,5.469484156572072,8.102398716062302,9.362578698665114,9.041300631935833,+
5.014477992260485,3.3080758531630448,6.641132487427125,4.949700831204299,2.1262893101724867,-
5.405625272396185,6.340567310301645,6.176053119376004,5.78237840099773,8.548388966990817,+
6.567614549793694,10.0,5.5150487488285,6.587305064978766,10.0,-
8.576312796922373,0.08769607689241066,4.6899871964022255,9.875825929279051,6.954143370273977,+
10.0,0.08779196283521164,5.453338495529671,3.3783234655689984,10.0,-
1.4956647966085412,3.627252414944339,5.010449423376703,4.003354812471117,1.5319515804501893,-
2.3150590693230924,6.381056172852085,5.669136619030319,5.589391990740066,2.9814410143418493,+
8.922199639859631,0.8446593997167184,7.664641220106434,0.09593029207161097,8.464436481891513,+
2.156886424850413,0.3941687528663929,5.15893932278306,0.03370511522008016,6.589600858759926,-
4.395608891691279,0.9420241053000988,7.4854669503270275,3.1920663647876237,9.210359171765173,-
5.7064666062961775,1.3585296735595822,10.0,5.525710687460272,9.689131800236693,+
8.520573803071875,7.413999815370992,0.40182735561466787,3.84781851537342,1.0980565030017242,+
10.0,8.492412727872823,0.016461041008762032,5.655330310490485,1.6996088262297127,-
5.629307256042772,7.057761969401853,3.0486677825748796,7.501517807889135,1.3123165323111885,+
6.208162316458145,6.602530437925666,1.468115991718431,5.457570358993428,1.9687354620947708,-
7.351645419831017,4.039147428496998,1.8954466135676884,1.1095261255001077,5.5402923675691405,+
2.0656183922335565,3.5953240635652164,1.133480094035848,0.7229603192932245,0.7939062365486479,-
7.074249395526139,6.252211113400859,5.244610648438916,8.269535323952805,0.11001930378550462,-
7.898014262287809,10.0,8.917169370090892,10.0,0.2197252970551437,+
6.014474367285114,6.424660475710837,8.732534395580656,7.534487793980219,4.411486092044989,+
10.0,5.994849956830185,10.0,10.0,5.402390536602887,-
7.578906216470163,0.16078190499710265,7.119776500638093,8.024039290568192,2.695137679627498,-
7.184345267165258,0.3206798126060951,4.510529247521193,1.430907096815646,0.3834788966783217,+
2.4227832182146014,6.107908214203521,2.3598656788089434,6.04321577218629,9.216158288918594,-
2.022384117214051,5.470683638071072,1.9977409067732306,8.908491603334696,1.2838480644608203,+
0.42528394519534274,7.579029333819896,3.249536777686388,8.858045955362936,7.705255792947411,+
0.7456269680332672,10.0,3.275269795450467,10.0,6.452962217866953,-
5.198544409532408,4.515499912866931,9.035103989532404,3.0595534668912983,1.670609796620146,+
3.9867908136431063,2.919287606288089,6.950557781275148,2.395716135473194,2.922980333203194,-
6.206462458478353,6.5258895912433355,2.2768721677137647,1.4326728987582504,7.12712948096771,-
7.529415603899794,7.683328429277814,4.189385801941591,2.5483849088056187,10.0,+
1.6910679579855448,5.21014728364506,8.861238726699764,4.499088921754744,3.3743556374868944,+
0.21623898579637663,2.6213521259522516,8.550167443960007,1.5687477782687376,2.325872651674548,-
6.982259038831577,7.817103131155358,0.026436411665976545,7.1729908428860885,5.043491150201157,-
7.324191522517741,10.0,0.03667539653098057,9.838006693354968,5.09637569042453,+
8.029757947902882,0.7897843058172394,9.601595146317138,0.9982328738924473,0.5268269765625955,+
5.9024056169585055,0.48563745733173735,7.336187911615067,0.8982609072822162,0.49895446893338413,-
6.628926249179258,4.15111334021158,0.32847347246004355,0.23845470502201094,9.751761278510813,-
10.0,4.428722028045084,0.3575324141228585,0.3568359836038116,10.0,+
9.694672925657827,7.386573445409551,7.281770592459652,5.779245069284195,1.6814068015023098,-
10.0,10.0,10.0,7.725167596989298,2.807669373617724,+
3.723414370562581,7.119907711732825,0.8449259996900271,4.991950468377432,0.2654256104357311,-
4.190364961817608,10.0,1.6433480761548453,6.758885510161646,0.3414643490098963,+
5.664121782212002,1.2370786166072811,1.750168165770486,2.1488877531695816,6.582670979454975,-
6.677571664183188,0.9495952300421464,0.5317958195790575,2.821170528644392,7.905716858195666,+
7.53901646995433,9.343350959066155,4.657941748557846,8.98032290384888,8.239300286753311,+
10.0,10.0,2.5873749493638085,10.0,10.0,-
5.781132262970642,0.9392270605956776,3.0595337831809832,3.104659986039432,3.8278034268790186,+
6.9923998409036265,0.4748598800003622,0.10628657631351712,1.9841811182250528,0.3816719936243252,-
8.236201977459046,4.429575905621798,0.42102522180582413,6.773927638685887,4.678774720686022,-
6.479008253688718,3.6194576844623128,0.16367067516871517,1.4898126390700803,7.416937712722779,+
2.0231692667683765,4.610730515417771,1.7004969335306297,7.781178691814901,0.5084455579745462,+
3.739752238081354,0.3516937198812633,1.7518083331700838,10.0,0.21079861419441892,-
6.717208110171745,5.24787420388232,6.864825141115958,2.688222394233982,1.5004453227859904,-
1.669768949493755,8.577478558058694,2.870667705247182,1.9023769132627422,0.49023823649908493,+
5.15702780109622,8.83468622632849,7.236264081289557,9.924859118263846,5.808422401290737,+
6.827413064087267,10.0,5.533687237475873,10.0,8.452489310540285,-
2.4280794098143446,9.571278270249186,0.26843474173422144,0.2592732714969126,6.587188566846452,+
0.6656082703984133,6.618312334670516,0.27667734315707165,0.1563027012717452,9.423774949645018,-
1.1479554584823481,5.745415314795595,1.2051728711454113,9.58196580703445,2.812824040771816,+
0.4390582987753007,2.9822308438272978,1.1576032145164905,4.354081815878911,2.0513386635951085,-
6.239272448200925,4.957838191523649,0.9435019383700249,3.2889184461047294,2.2530465194434415,-
5.050001741758073,4.440475347625527,0.677966490583417,6.240285285958676,0.017850140189090292,+
7.782398214744751,0.6103364912921605,5.9323273035932,9.108241941406202,3.5745381288953446,-
10.0,0.274561145563825,8.664542737441963,7.166737675517992,5.695337896033549,+
1.0783169443374252,8.432942177753764,8.105705930570652,2.1243585549574364,5.28425619921625,-
1.3762284422263769,4.591930997866985,1.4137226122806754,1.110859885609486,2.0779717461064475,+
7.520925754339736,4.417223821361277,6.223869771735831,4.387822893055594,7.278781779392961,-
9.160758633681809,1.3769817118436607,9.552978948972005,4.026459221493778,10.0,+
5.685298809510051,5.333952434825155,2.8970695011212513,2.2249698283970165,6.7565927499602685,+
4.902835040264335,1.0513917185505097,3.703654750962133,1.5821963747255534,8.353627985250718,-
1.7153239723742986,1.5938453968854394,5.243551922435607,7.26816097394873,9.017516528426995,-
1.3382003027462985,0.8265658697692781,2.956198536230178,3.0707843090549716,10.0,+
8.907542415574234,0.732909938809605,0.9614737003167328,3.569506331513048,5.447950638646879,-
8.787368414399902,0.11178434234026727,0.49191688777115694,1.425221722643806,9.686156647053368,+
4.500814419087165,9.717240988044376,2.2919156362916215,3.5097422911565013,1.273094467355348,-
8.489640980533546,10.0,3.745753071007977,4.806146105680268,2.318160314645984,+
3.435639938394681,4.146355909470202,8.24827910270847,6.219749862960715,6.2103416566903435,+
3.524521579806863,1.1093749912140358,10.0,7.024722094368515,10.0,-
3.072779521302297,6.49592184906814,2.05276863815552,0.644541475973045,1.4196508947864628,-
3.5499771514605185,10.0,2.127127642045812,0.04592456517537987,0.2697499844778724,+
1.1020592264522333,8.743938573125233,5.750870756967617,9.037831565309506,7.836189250087008,+
0.34751443703229434,4.630100405671163,4.426558894567344,8.152155425191838,1.1238195060769745,-
7.523276687493952,0.042008009055686246,6.999962625213315,7.647850305566521,1.2281248319693505,+
1.0341300450179254,0.018864263181223275,8.94379234242861,10.0,0.5076792376910225,-
3.6347993919615753,5.42154238125109,0.017118154363312543,6.628547887588794,8.237933155956611,-
6.562936163600731,8.756494572809759,0.0227411202697521,10.0,10.0,+
6.277809817115472,5.305887305438545,7.843548948483279,8.0866131735893,0.5023062855624205,+
10.0,3.03740289699159,10.0,0.06369232800987429,0.011899741279103879,-
6.376882621398332,0.9291831585227117,5.672314392377836,5.976439803299305,4.894188928094256,-
6.118100766836386,1.2038903674160906,1.251576650454933,3.3158015187537213,4.1163910657893314,+
7.392440836516902,1.1549063894200962,4.284643083204456,5.453379064726293,0.7175967407329265,+
5.90240942331583,1.4853720744654249,1.8853115135694092,3.104385911660444,1.2254870544237217,-
2.7523251419897745,2.427780933161985,3.8260112052307207,1.5727908723482231,8.745737409625221,+
2.1933203163467954,1.6772237660307812,3.2076980511087507,1.4079438592421056,2.780548553867177,-
9.343168349547302,0.9810459473894417,2.6416522574406667,1.7461907165489066,2.398126165754179,+
9.182748123884576,0.9720667501820225,4.548840633221212,2.7190166153750335,1.6834577023555135,-
7.833878157278679,7.2559805139334435,1.5427956293041911,4.634306984779912,9.189959712717288,-
10.0,10.0,2.0997041869458295,7.331397269917614,9.519692212123847,+
3.4815279049156125,2.119235114603425,2.028541220567446,6.3983389447975805,5.845631558335612,+
2.3596050572291696,2.396675598493381,2.9283751505461173,5.983237414389636,2.9613216778919207,-
0.7871994926619341,2.8696533102393595,3.348190230810244,6.835503183755155,5.136857757409789,+
1.5605865011393758,2.526354362297041,5.678832040082997,6.5441231518813385,4.0363125694176505,-
5.105034961532232,7.425466996539929,1.427258827060538,2.009543023202456,7.318373684014948,+
9.059247088070371,4.306098169075645,2.626063886036119,1.2975379087001475,6.645960539276878,-
2.843893181206166,9.023455471964905,2.307366749676647,1.0012242594129006,3.3606816598855707,+
0.9966869527778028,5.338571972596146,1.8954976080749442,0.8243750402117594,0.5849076156682073,-
9.936685740939593,9.19785286845671,9.187205311779485,6.117014143578746,8.378010663740255,+
10.0,10.0,10.0,6.19020382589741,9.564203185377876,-
5.504120858310565,5.983726306638081,6.312380091109535,8.58091095530724,8.20736998337009,+
3.1747382470577197,7.710323264130652,6.139787477396278,10.0,3.577045268042071,-
0.7977615855271791,9.371553073060868,8.577648267504879,0.7282465992143483,3.9634532342897275,+
0.817165413813186,7.61512353786388,10.0,0.06799039809279823,3.883549342605847,-
6.842597786051742,9.448495073532733,7.030396574873324,3.2284793083648298,9.632622435593062,+
5.542842732186245,2.9458081906154177,6.47850096376429,2.9628524555620857,4.918522029861889,-
5.398921536380977,2.9815977955873665,6.69331210421157,2.069380556400038,0.04001541582723811,-
10.0,4.493029375389254,9.76676867834353,3.3773657198076643,0.04596141674659487,+
4.60635161451725,6.603997427841346,9.351718094979498,5.829246577085888,7.470462784009334,-
8.334875644928134,10.0,10.0,10.0,9.303207759284012,+
0.4696868473006044,3.807616243896166,3.512397963737406,5.506552443907643,3.2830088565631255,-
0.41998466222470987,7.179799396381189,0.489527688417506,5.269246810114162,3.175253580809811,+
0.16092079957010674,5.917823520908781,7.586225923840827,8.282702382156799,5.238368755304093,-
0.19924324829898227,9.300870760056164,10.0,8.481301703714474,7.783356819665902,+
3.608781724769953,1.2590944172169383,9.27086412966998,4.700422235884414,4.970805448814353,+
2.636727331757216,0.36065614477231617,0.8141958227546963,1.7896005134437911,2.800397046873027,-
2.802908659988814,9.345866803880693,7.757107329274655,4.158023342642302,5.052138463400125,+
2.403909465650393,6.908404933152196,10.0,4.012521418259619,6.839684873417558,-
3.8234807970804208,1.13668037663324,7.960415315000318,7.8424990290882945,4.724492113318678,-
3.8248527524485545,1.4636601355148129,10.0,10.0,8.715894258128731,+
4.5588666765854295,9.427735460670782,8.447052101775796,4.425961369600331,7.577055223182181,+
5.503294664941708,10.0,10.0,7.110521013168796,10.0,-
8.65429796122556,4.0268204069980005,0.7338393008892208,2.966496982865806,4.301782552913435,-
0.7138076899979177,1.2337033740730332,0.0038778651988638654,2.4007155722499434,6.572667485773681,+
3.0743625788350326,8.936580196024103,4.5607139135781285,6.565615185719846,0.9093500765404972,-
5.860755263364059,10.0,6.817262783112256,10.0,0.947795673544041,+
5.6015722288530965,9.738524768909231,1.5046080982689558,9.919784212960353,8.639778627307384,-
5.1245058876022,10.0,1.435313191706995,7.377057357745022,6.254476059854775,+
7.923796791812135,3.211677268378601,1.281287699266369,6.549730787880778,9.080628004590775,+
4.570200237264283,1.1558064937247252,0.45099657069690235,4.9490931954687145,4.295190784738088,-
4.618522765100562,4.172362407847939,4.848746332856246,9.209310315784812,3.6828428879287722,-
1.666798100358222,8.085617131150098,9.37712379906125,1.6432233892738302,5.3172944425243625,+
4.759745806605412,7.049692902600746,2.7851877857598204,1.4866568286711856,1.079151507854138,+
3.0942460354518215,10.0,0.5946106570929787,1.2414685360340476,0.8960353989294252,-
5.0280692394878415,5.3373627645107735,9.97677633240861,8.190846835972525,5.357420632836668,+
2.0909737211278734,4.068260550742354,3.9154199135210144,2.498181022485818,1.4231691045236714,-
6.118662261902461,4.63404635957562,9.107331335841868,3.5074327425367047,8.546048964825896,-
9.89862976966371,6.151325311300273,10.0,0.5773288804991509,6.70318619675018,+
0.3918008310408494,4.437978185290551,0.9405543038657971,4.481300569130714,2.7600352337030065,-
0.5474714313481832,3.023809650220387,0.6912687282159242,4.75563386083174,5.2294199298813036,+
2.9483901395042675,7.886792418172286,5.453785725981527,3.6820022848529845,9.356348227555179,-
5.2998029442903025,10.0,8.495153784041293,4.3887770161328445,10.0,+
1.9740096073695068,6.992831150968354,9.691895489319235,6.769530058770234,4.15375494728076,+
1.7189177887755716,3.2542798752890167,9.496608540683336,0.08296547679584125,1.7440026473018595,-
3.674985674232646,1.6733305875662607,8.8470798629632,3.833495394798544,9.049975034494269,+
0.4621019710636432,0.23745702799567056,4.685572100345585,1.7945130994821143,5.82144870219282,-
9.888833293101783,3.7171286204288414,8.036472719180844,1.1092176436834345,0.10921268303150766,+
8.631234546092987,3.3387846753525317,8.437602670630833,1.1188391835572804,0.10604162694483736,-
2.3783320091059847,2.856645673660514,4.395620839960735,3.4510700823195775,8.244078844476817,+
4.326892640403321,2.650010287241631,6.296921630557446,4.309644104092079,10.0,-
6.395900973473857,0.1048315442011527,6.140309700986228,7.844137258333599,1.6055283049367186,+
2.841486503221442,0.05886032834355101,4.870567537936573,8.09472735854739,2.0495575161113164,-
0.7193046028583172,3.130226876200062,5.56613595429857,8.0322060188808,3.811923051569679,+
1.0875925147344092,3.0760288919503465,10.0,6.201185595888241,4.825093700965493,-
9.715204922125872,0.4455040824428713,1.931479810695721,8.443020796312338,6.431073031296229,+
10.0,0.27594995435228653,0.6101414286681229,1.4261021544585595,10.0,-
7.440018701676873,8.328153031594358,8.934321460587874,8.579474856133656,1.502803374498266,+
3.0077663375864128,6.375391380079133,7.864763110447272,5.255690298588194,0.050990881681972994,-
0.186262165435509,3.1646308352177366,4.055107014530975,4.925836943784758,8.915291014456058,+
0.01426837997106227,5.15624766811429,2.0918807869210236,7.991987315216559,2.014187415819771,-
1.9231167691745665,9.141531528197158,9.582264195015997,2.566665693965804,9.492374977577674,-
3.6981624046939072,5.102357621938622,5.999918085586661,2.7713190867135267,10.0,+
3.0386338779799837,4.59493013670731,9.99166633390009,1.4434824753367537,1.4079014180039828,-
6.008808221953024,6.14052516859416,10.0,1.6122913363924867,2.6310524946068745,+
9.146420688878807,4.036383277695181,3.592152857620646,1.399526249865719,6.875532143529974,+
7.029930019076467,1.9362447598892831,1.5515845701746016,0.7580405281295782,6.736292973707091,-
9.1482103696219,6.230714183226759,4.014630032872832,7.559934461865373,5.257055050804195,+
10.0,10.0,4.366703359024433,10.0,0.6799006363982775,-
6.587240952726219,1.3710307135902133,8.307676997853797,9.654779462167038,0.8185954178323895,+
1.3350044104632106,1.2774187298379471,6.528360420882638,2.2115855152791277,0.26227447034301077,-
3.7616770655252054,3.4910706335992057,9.029541020753074,2.7310777187626356,7.938413708464195,-
3.3661569003541683,2.328579200722732,10.0,2.862350858247268,10.0,+
2.194618824613733,5.522412545269047,4.16525917838106,3.3822812942351064,6.559486435993225,-
2.716893760239087,5.511772650425723,3.3744472242532075,0.8938297822054259,0.09152048486001585,+
7.860191557985995,0.06074588906268552,9.541048029819345,5.184490057407012,7.232113454052152,-
5.881979990040446,0.04874714319035208,10.0,10.0,10.0,+
9.166178300999587,2.9163437789017266,4.532849809427194,4.708539865985716,0.6644257980661283,-
9.002740487803521,4.499699931348687,8.86927655565178,2.0087796466220893,1.108995711061699,+
6.458306732448177,0.10386092433244509,9.633512110612768,5.623668076942999,7.022545368243893,-
10.0,0.16001776646248503,10.0,5.9304425911773535,10.0,+
2.111895132169063,7.324511469757726,5.60931931739931,3.595429392379833,7.17731143601029,+
0.45551947740819076,3.134237624351948,6.565114973150348,0.3548646469231362,3.0403833897118657,-
8.244327956270734,4.434670898181046,4.318607250245594,9.331657802880985,8.172535466395072,-
7.143375929972739,4.027429041239837,3.0362008359443085,6.531131688081436,10.0,+
7.713895146818865,8.924883269898586,7.323461618069759,6.220345480776067,6.109828347211433,+
7.21802605462608,9.298587533479052,9.309200940884766,9.523873791911125,10.0,-
4.284149342632766,6.518244206874604,4.725487957680597,3.778799788567774,5.005717825114369,-
3.786352536944491,0.13507172715406826,1.7867451885247754,4.189554554201224,1.2284573653954745,+
9.947353350963546,9.375056012877451,3.26049983873018,3.864339109307484,7.66855914229719,+
1.0309894307390478E-4,7.698488532197843,0.22952369304293102,0.6980980076271648,2.0425093571529347,-
4.389622160683912,5.796651610385011,4.702519782437289,9.747074279776966,2.6816313874911293,-
6.86027254505204,10.0,4.983028236038062,10.0,2.799861899725339,+
0.8210937039456945,8.897661441292188,1.8546958827634896,5.167283610888848,2.877187753051491,+
0.649351766809647,10.0,1.9852701222549896,0.04966081490257933,0.21336771433447496,-
5.764205269990289,7.731246714340082,7.610896819502527,0.7413222321935986,6.391531040886706,-
10.0,3.9355646592927043,1.9735000600696002,0.562756364655541,4.720819234223067,+
6.5614886840502,0.6306651340047753,9.154163718697523,9.199895585808648,4.801238202383623,-
2.763217817324998,0.3318391556163321,10.0,6.674279607791031,0.14985323296067105,+
3.7920021500654935,3.5909989277499132,8.319459790466148,8.688944773851608,3.720153119741114,+
3.425504858786232,0.5157517873478151,0.4354878796236207,3.1457079696393166,2.942023055695691,-
9.543051289366502,9.697905834433802,0.26190313519065644,6.95717388877647,4.185734875627976,+
5.425955151114757,10.0,0.11198304767895634,5.341650003509701,6.6176451276577,-
6.829558475104794,1.265595631326718,2.765099391501683,5.302485230665135,8.803406541513969,+
10.0,1.2802590498489075,3.5275815227739167,4.577567124927674,4.087220730340944,-
7.187163734503461,1.6033430881903021,7.615808304718584,3.7601176080628607,5.131500417545421,+
7.0192102303581585,1.753489668300681,9.573460547750773,5.9172164896240025,8.142697715470405,-
4.157665541721224,2.4119757546314826,0.16168272420686192,4.696029204850948,4.8200511097327645,+
5.0862071701825915,3.378813119186226,0.30672019306793524,5.6020763812315035,7.193103746733429,-
4.884442103940141,6.125887822803079,4.604228336385889,0.9173517861477587,5.286373561440694,-
6.06194954472013,10.0,5.495122621567328,0.9233145817596172,9.85659991281425,+
1.4212075399486535,0.3781572663031174,4.794432065181526,1.7046884235682302,9.68404868222313,+
0.7901249955639984,0.29593543493787505,3.244646163081636,0.1817050724452275,4.396367234844743,-
6.680549033407674,9.9333196349612,1.9105656679384708,5.5095263974244935,3.6436046492436933,-
10.0,10.0,0.41154608223293754,10.0,1.3098307544087437,+
0.37425736304156243,5.602340468978474,8.210171619761406,6.47286039597197,9.345749636017215,-
0.7427771405850782,7.952803637842013,10.0,7.807008495320281,9.387629542674159,+
3.753029204851377,6.054649627753453,9.92606312436553,2.1336367196227535,4.6227223109251785,+
4.981451278481783,2.336247807030531,10.0,2.9197508770546547,7.3385031997786925,-
2.1044482947432632,4.078402760580799,3.0221350914001857,5.050517131629234,2.358051273448607,-
3.4799876618632846,4.252902597262986,3.3911943981138153,6.947459552463948,4.279481496014041,+
1.7105320174511907,1.8939014521465325,0.8691369666098703,5.871621312048916,6.527375152448817,+
1.7070314604358143,0.017429202475696903,0.9830938220882481,10.0,6.104576426161011,-
3.1714278069112387,6.149496790757234,5.5062301445305675,5.4364425386779756,9.119651753977585,+
1.6899419352015523,4.588326359725693,3.6759182387719043,6.831711601118824,10.0,-
8.80428326691224,7.060530356621469,0.17116851689153778,6.3349183895987835,8.046572461672525,+
10.0,6.5885507574993385,0.25346343708323155,10.0,9.1845975413909,-
7.413749793366455,9.598788174442186,6.096644457982534,1.8324703514842056,8.205961656459948,-
8.962543127139927,10.0,10.0,1.9765647088665603,10.0,+
7.161824088341444,8.665570049845385,0.4166830587058046,8.263000212449064,4.558824760498633,-
8.502392790995717,10.0,0.6685464969521341,10.0,7.542787041114143,+
2.4202984709915407,4.493897017516954,2.6438631354690614,9.08714720930612,5.879863146742062,+
0.08210808740614775,5.042511792791741,0.5354809256413362,10.0,4.380329022637485,-
0.4795023423733158,6.4893709267800945,8.843247180617208,6.268287244911065,4.250539368566883,-
0.8470337017652884,6.462416641641105,10.0,8.905298715961681,0.048361326595597914,+
2.355572391757338,3.9190793240650867,1.1697674598477859,8.249378460113611,8.02885349549965,-
3.726909532170957,4.727373729764264,2.207183931390225,9.587883378163337,10.0,+
6.595401789075549,5.9845084761335,5.175392998799346,4.159974327845276,2.5289125603533535,-
10.0,9.404211300990921,9.70737790552741,1.619344388256698,1.4238809223579099,+
0.9726769610574793,0.6778229383131551,6.924722065712761,5.303756578515676,8.385358185544602,-
1.1308145629325108,1.0499475725176284,10.0,8.00927395399183,8.935577042047463,+
5.276324614234688,4.576428116920525,4.416971073206155,1.911939389072379,9.940636546438029,+
7.078150856704492,6.387993571391661,2.496840023072657,3.090584631937234,10.0,-
4.241857581645144,7.455730330385155,7.918473587466062,9.01741713414708,4.898232740255525,+
7.379913252306187,10.0,10.0,2.4728174650767003,9.218776421072493,-
2.377323007426023,3.5551979458659333,3.537462714445013,4.254551884625596,4.553758756848247,+
0.8235470130148553,2.751908131330018,0.19347473563315778,3.0069893704232893,0.8844192253857164,-
0.20092444387820985,0.2529969367455964,3.603255343705769,6.3734004606147865,2.0355145063391964,-
0.052477564578346805,0.40218355524933125,5.010638457660433,10.0,0.1713620811261753,+
0.04748597308923186,4.216252569225477,5.271595991029992,5.854567414689145,8.139911968176849,-
0.07608206754302273,5.8360227556303315,6.816753491347908,6.288500147699752,8.902478866202648,+
7.277503873073074,6.9533719116759585,5.186268188329298,4.571633214052842,5.797803518751063,+
10.0,10.0,9.225113690438754,4.321645824012489,10.0,-
1.979131172366242,4.305491822089812,9.915854664533338,9.80904420792691,2.9362063133774963,-
0.23399361689167233,0.24038096953503227,3.7175419735939723,10.0,2.269992938590128,+
8.720629692134922,8.222129932614802,4.088027963337488,5.132276146939601,8.551290513873608,+
10.0,0.22870939289701114,5.075248288719807,7.203330160855028,8.653729987704612,-
0.5784679292116179,3.950402428919342,9.725608112755078,2.692640298963883,9.552861929154963,+
0.3919282198648971,1.5774381105444217,7.437252198103797,0.8379951957219598,2.8628853317722904,-
8.707883007765888,2.397608458616877,5.789807099511208,1.7099534718127563,5.90138377064916,-
3.6094717992802954,2.143590041385886,3.3739786805604757,1.9977195517083113,5.615159390920762,+
2.508104276031279,3.0833265853427316,7.1118228764592235,9.366609807927986,8.955911883905221,+
2.3050896283387052,2.2131663182948875,0.47658062318657696,6.871685032752342,5.485278245077497,-
9.61699336265465,2.7522287419164226,8.374841146844357,2.5504305129621074,4.305193658823087,+
4.05722412252596,0.5849081478669809,10.0,4.0327757620013465,2.358538866995547,-
0.027481202382044767,8.596318921393015,6.156028000290865,9.90165989735588,7.128625953090167,+
0.009627626236785826,2.18029451087534,4.610562134251037,1.8008618592548893,6.357273548421461,-
8.418093101584752,5.855156050565632,1.369450649789471,7.275589314881158,2.9284646102086933,-
3.9146879430850636,10.0,2.400471055933142,5.006602619029467,2.963225485758691,+
1.0285192353074124,5.4780414054147695,1.6740941284553001,8.333423738332709,4.762277433439866,+
0.35426981593678003,1.4328660222667864,1.0746718311229508,4.86614098844793,1.058503711910726,-
7.782384175630142,7.667859670280799,7.772128097113793,7.19609422408805,3.324812282407823,-
9.012688671087558,2.9411279511581485,5.107454239751136,5.536052468595459,2.5342846412958457,+
2.5975367947686623,7.01974166510534,8.2169984086306,6.66473181617754,6.697762717595504,-
1.2065138481758217,2.011994014756202,9.03384661571652,3.9303369711489733,2.0682589892393946,+
1.2069317959490145,5.1111276423481335,8.613144483066312,8.880784462733954,6.892458568705706,-
0.8031399247507868,6.183306021495591,4.862378519084301,6.055238271028816,6.6372889284808565,+
7.304558482640081,3.9134078579851694,7.709465409784743,8.47997488073269,7.916527376308899,+
10.0,7.642749398543174,10.0,1.8463194384988941,10.0,-
3.0866119456950902,9.265306153279282,7.104467706696191,8.408808752358452,2.2637050093479063,-
5.544867773246294,10.0,1.253223551262206,10.0,0.15935823013415737,+
9.036846582381257,0.7036796029687264,6.01119642730814,3.3644491457121206,6.21607054076676,+
10.0,0.3347593912800756,10.0,5.961372673304024,10.0,-
4.2701886196950944,8.832484109529165,3.2622981097870074,4.333633087953011,9.281022391681532,-
5.000173410736222,2.0779078513941815,4.798891896036585,6.39365210473801,1.4029223534300237,+
7.853093094839169,4.1800407782449245,9.147743535689969,7.975960263185219,8.823189006721954,+
10.0,5.422934848232534,10.0,10.0,4.039584374494844,-
3.9019877617086984,7.1577523176288835,4.903426058403645,9.465708281126531,6.1234977818811664,+
3.130823799556045,8.89153965631374,0.7880467607023917,10.0,2.6334930884624526,-
3.349936282286073,6.472826455227053,7.77802259878138,5.240476043022725,4.492608088964786,-
5.123331493100749,1.6465548444060583,1.5995830711090497,4.840960045579636,1.2185287551335768,+
9.167445991808908,4.397699827107266,8.09577017015654,4.2632916262784715,8.918914086211663,-
9.15285575025919,4.476247390100844,10.0,5.88542155305594,8.504294950117023,+
3.8641032794766037,9.183311864315272,0.38090939753018915,2.3526885313005694,9.300960547860948,-
7.176285299911427,10.0,0.5947645249423731,0.8428707930128911,0.8250892259145235,+
1.3385033890785336,3.008726806801417,9.255519315019402,1.662216092198191,6.24490701165651,+
1.7203012978081311,0.7319498404799786,0.0928712822200161,1.520995606829668,8.063859096142837,-
6.9419836185992985,5.579644541323596,0.47850790112755837,8.336205405313745,8.559291051419288,-
8.000965118763297,7.540895372815711,0.2251422039025931,10.0,1.1276452968471462,+
6.01312457510455,4.727276111989484,4.830728460953023,1.2447296443998856,8.457981443611564,+
7.404529539738953,8.70163246417956,5.8390409940168775,2.453702257872307,5.770751468112107,-
3.767333874611958,3.9265265705534427,0.7327017832954619,1.7356859080466747,0.3027725184758612,+
2.256712814374334,3.741162511222059,0.6742084410419416,0.3202827747369137,0.26817785241986214,-
4.920568792641915,0.3351193241527839,3.2855382830386026,8.169412655102743,8.11812442657802,+
3.590635248659653,0.42859714169980156,3.3209765761788703,1.529393634274491,5.186337362670219,-
2.5304470777759356,4.663111104242683,7.49080126634094,2.3718583842763454,4.779784063187165,+
1.2979263753547665,3.098909438454533,6.2263271225606776,0.6290533818708115,4.590166794631531,-
6.658172531352954,2.11596291179165,2.238672912689088,1.4535221523980757,8.637466908874652,+
4.896403794508143,0.17375449116643527,1.3644099169872577,0.2902557541264566,8.05898662262142,-
5.595647361791668,9.429756116788656,1.6864332057579656,3.7850999128728215,2.3103287581088305,+
1.0990842402114662,7.191252624190781,0.02296782551906213,1.4854590846365763,0.3829941478521143,-
6.975395954504161,2.726723880239735,0.8947518724238557,5.168443969386692,0.11524906833202397,+
3.3828232214100087,2.678012015985711,0.19398095269547944,7.226016686448172,0.1637313672055654,-
3.763301771034336,1.191091565660558,0.721791765308426,0.20283576838633688,9.12792779216492,+
1.7165712189243059,0.7225273105844889,0.06845856234946969,0.17178980479877642,0.15115680706594312,-
0.13415745192697393,1.5652329200933168,6.975125998533683,3.8465694226274563,8.876793085035136,+
0.12164902925931784,1.8784385791016653,10.0,3.765214402740862,1.570317633013065,-
2.230025515624198,8.466136883747312,8.821466676019496,8.173849169542146,4.6697230919796295,-
2.3409049031645255,7.089307924645046,0.34211806739387085,10.0,7.588498721085101,+
3.554322360949392,8.394021689550812,5.6571878286185004,4.333648631404175,3.0481287928213066,-
1.5915590732161304,7.173358117357509,10.0,0.19346256971932138,0.8992218179221201,+
0.03752418762216547,2.764249408504039,2.809213191453469,5.936563098213943,4.601025117636834,+
0.007194418791610006,3.056627182514535,4.906983358703935,7.043309382879477,7.564882885527737,-
0.2880483523620969,5.2074959778212815,9.84949338294397,3.325960278252552,4.213060096398998,+
0.07623369845547079,4.906172312155538,0.7966840337557839,6.390613297804646,3.292991621941193,-
5.917103843924815,1.6420689388162513,7.651850209215272,8.173045321621101,2.2553329963649595,-
10.0,0.3979795869358241,2.5281353051113644,0.701524609434687,0.3487855614687955,+
4.73336188450232,3.1962417686895437,5.936573910709074,1.1661610747889517,3.8286201188773883,+
3.9337127121387168,4.205915747530667,1.9649573199454717,0.20302519385348958,6.107025570924669,-
2.491607960567064,3.2473963738587006,5.323985130601805,2.160928634700171,8.343396267203062,+
2.5666316339353474,4.619265841315156,0.7998414786328684,1.7880077417655602,1.0444467871684706,-
5.627140469487183,7.09754575768636,2.894995275074895,9.68860045128573,0.8729622256663883,+
3.777744841870793,10.0,0.6761947734757653,5.497849500464222,1.3383470775413069,-
6.418399772628387,4.92588219938596,1.7629718272646877,0.5222327892889378,0.055158384918105874,+
6.1787801183027655,4.347956561824779,1.5103698096644793,0.4506307297979717,0.007280351435141121,-
4.437710513807729,9.531162360414855,0.9670257468031618,0.11580912483084793,2.6334008640243045,+
5.297402199570734,4.624537598428362,0.846845976019906,0.11915962612396774,0.9073198566285569,-
6.264722396784681,3.9626284451137597,2.6805685328085485,7.769341049065256,7.925981564441048,-
3.138476923406949,5.186737551930223,4.660149635935728,4.924484005990098,8.584160718086741,+
9.219043416423439,4.612132588916328,5.162105401454854,6.538350158142699,9.627072716472957,-
10.0,9.190911233311978,9.415309078606919,10.0,10.0,+
7.523674348729635,2.958890623199404,7.444504235273289,0.10726650187801168,8.751796722155161,-
10.0,4.352386920945212,10.0,0.10517049687082813,7.7021770367012135,+
8.68191227606252,7.225207305029934,8.716057761507848,2.4698341333475673,5.6972121716006,+
1.0329912013215985,0.7562987105385024,3.9469265586999787,1.7589568104693996,4.68930195220342,-
0.9399530686774971,4.133835988406117,0.24608957770668072,3.1631666403897087,6.260187994926355,-
0.9154685292134128,1.3574615630024334,0.4416496745645978,0.2854936902408842,1.884359024314276,+
2.9955913453422567,4.984399795997918,5.963433404179515,7.960725372268729,9.718042477573999,-
5.775469233143592,2.0052581718227764,5.958795872419514,3.2336715003324517,0.5370800702680638,+
1.558880568084814,0.14899336384408324,9.337124929967581,7.294820529006792,1.4681972478032335,+
0.3397691550311096,0.2767740010061225,7.934951285078358,10.0,0.3952057368627616,-
1.7564458412190997,8.149141987907067,9.28454912237293,5.168865055485028,5.894452424488112,-
0.3550678424461809,2.840000491189824,4.2161803354314555,8.727026184400582,1.1368561726092423,+
2.4426397277420167,5.262119016080913,4.477968722415307,2.6624058364387073,3.904074576590144,-
2.2310885038218276,6.86367370510928,1.9167814238312684,4.579808098083522,5.2635670988554235,+
6.038959527823574,3.098074884933477,1.8565119200483848,7.7517820926065895,7.664169586922604,-
5.802167329868164,4.60373873814037,2.8690392228769275,1.6225340752917978,10.0,+
0.9951148395840981,8.62832732761488,4.369126241478515,8.795446017485741,3.7479018436852165,+
1.5827759828901442,7.127071360173584,6.468298029586114,10.0,3.765182084618322,-
6.306656228383387,4.416533949274479,4.452740709920377,5.417999764720813,9.303487934247597,+
8.994729257310816,2.2557394821275967,5.865753681434134,10.0,9.387743539064877,-
4.998237479174621,3.140540979246791,4.036952494143613,2.8616845900426124,5.29796810938381,+
0.9273161036188168,2.668218839952398,0.04611423859855854,2.158003402259293,5.174806710990871,-
8.948884194377557,0.6245619262519453,1.7761326262950738,8.71946272840007,2.3813061273588665,-
7.117056245370483,0.44000647172316765,1.0816312687988185,4.423313427192133,4.238473233917873,+
1.563332517208682,6.899560800569527,2.7521097206123626,3.694873917526299,0.7940565082163031,+
1.6110937047105367,5.529334647319603,0.46682186462022673,5.810830138381183,0.3408355955641976,-
2.7165848761689224,5.41710811666725,8.01890701082459,1.3162241463636437,3.9237155664089505,+
1.4048125347493923,3.1971348006243105,4.74001824023381,0.05809150019401939,0.22280639189413787,-
0.5426965751883184,8.654200383273459,8.111230919464859,6.287675126944365,5.795038415394439,-
0.6628612072389525,8.76025398802694,10.0,8.84255778306151,7.117922978120577,+
2.752907880081735,3.2805020085516245,7.657455561783816,3.788889801631443,6.417831302451916,+
1.3901860434378983,2.5949547473278702,10.0,7.197614498200793,0.11408401954545089,-
2.816297578883437,1.459059741600115,3.527029810572965,1.5469232502880126,0.3580289921725377,-
4.401124429266331,1.882667075905166,5.2326703997725605,2.187962414424535,0.5201859586168385,+
9.817435867660716,1.3775083106848551,9.575538528510899,4.748087171715848,5.8695943375774355,-
10.0,2.2160911928347917,10.0,5.38279403758599,8.383854731450079,+
3.6708692432046517,6.646356362945916,7.469261056828578,8.7649435709589,2.940271700418191,+
5.265562974041894,8.127036672974729,1.22795649952458,1.7774600912900969,2.187835958669034,-
3.1968318689428923,3.3481307409846197,4.063932352125761,4.126836236662558,7.303070619242687,+
2.658815858219501,2.607023187477436,3.3862447756669662,8.21371357883156,10.0,-
5.322954736726029,8.382616479538436,1.3517074998979028,9.42005650163135,4.351846434429861,-
2.116576164266975,1.7309777472596868,2.5956325033779493,0.41719170057750377,1.5335733660569386,+
3.983145259377865,3.5317378389151988,8.914754308374848,2.588363802775635,5.641227510714854,+
5.748874776321288,2.726490904392766,10.0,4.80817945430846,9.315847293201003,-
1.9305222512701359,0.1933499912377168,0.7292587895930402,1.7081386602503312,5.439337134409436,-
3.8475938082372854,0.38511208489466214,0.8791242477245784,2.622340731572532,9.004476515852327,+
5.029599679095029,3.1767162255173798,1.4019849328315759,4.780872260571808,8.807728521234331,+
9.034898778164813,3.322179105990343,1.2234427577998732,3.089118471953856,10.0,-
1.6357641771481601,2.6093505291457832,0.6449910305419648,5.776562422664102,1.7594823126248416,-
2.1994569256338754,2.8794171692841206,0.8230816358738053,7.527931570450259,2.1959726776537223,+
2.753018387600077,5.009245006184987,1.6107337075301342,6.796122731245189,5.350718310698806,+
4.381827416762045,5.096372539768949,3.1805590317999575,10.0,10.0,-
4.714279572408588,1.9948289636773708,9.234929505311829,5.222647196036792,5.935254307285167,+
2.670370541461492,1.572511453202325,10.0,5.260042787279807,2.210876746334485,-
4.244765042841615,7.173579256394822,1.5347006377975436,0.6888089451202173,8.809156302579984,-
7.637847562813008,5.799181870349192,0.5674723877928219,0.22147111200839936,7.437770886318266,+
4.087381938210034,0.3112664346028704,0.45980514442734544,0.5432090120326771,3.1254481130118483,-
5.198284177896129,0.398843614622661,0.7610769384724395,1.0472636835228695,4.645847217821039,+
1.3727231656177707,2.9486137307790115,8.417942845048671,6.052682995884615,9.872592407814697,+
1.8836245457015848,5.378906489295723,10.0,10.0,5.739943496245729,-
7.491521521389705,4.760351967513653,4.212894078688265,8.435770722661758,2.4909375344767493,-
6.6704885187847855,9.210565961993384,0.06636184932730009,10.0,3.2805173133950207,+
9.055559068791514,4.283536181203623,3.498483730545919,0.87217627260605,4.495253708533004,+
9.47298380204157,7.339208668800156,2.2549021997874537,0.21363560096790304,0.47726449163587625,-
8.608699157320336,9.156358941162345,6.3366887346851675,6.528863443175107,9.07335149414453,-
10.0,9.323020580070127,6.944937445442781,7.917448313834695,10.0,+
7.824778838715188,1.7758565480907362,8.46173706662406,7.775272035752519,8.902157385289744,+
5.617585357279823,3.2820126809648626,10.0,3.174298228224133,2.3169541747327957,-
1.662089680019475,7.933938531724525,8.295613980702708,7.8847626798178325,2.404334649307698,-
1.6329550060718825,10.0,5.874325315083582,10.0,2.742617467710581,+
5.688902752192813,8.927982015960863,4.424868991706895,3.595350721232852,9.551023312092529,-
8.605305618726089,7.338434189956808,3.8394531220130044,1.5284708373394287,9.022593300769998,+
0.06256464018460695,1.1169187213790654,1.6079057051990897,9.242636984894489,6.480877000141159,+
0.11362717587801742,0.42054740640393723,2.1719680269861166,5.47024460705213,1.6333318654155322,-
1.117374898388701,1.2450131638433504,5.37530225517215,7.710389814588511,3.424160426965498,-
0.8309746910989851,1.2032790623238854,8.259022517910081,0.23272568194434087,3.3200432779722893,+
1.815198084044214,3.737011902297679,3.598916733137983,8.163641610638564,9.744906525381161,-
1.8184370088804078,5.416458067252017,2.8279041940926994,10.0,2.1209768721033293,+
5.727363802193888,6.84879316922732,2.3053203923174035,9.11346566279676,2.2433723876970992,+
0.023658938171861835,6.104885938591754,1.5029198216488187,5.059502045776494,0.7405477505083712,-
0.9755836193193834,5.575469109806965,6.9865224386501374,8.716616033660781,3.1066740737213525,+
0.740066919613488,0.9232116311665521,5.171605498926827,3.3691931078564465,1.3480061618494672,-
0.43538879738817315,7.9631018749067835,2.8534082373930145,1.9359665993206465,9.276037011935374,-
0.5880424756317252,10.0,2.1892559578921507,0.6024770795675326,10.0,+
9.93723466232758,1.4670881750432485,1.3943098674609422,0.43615678192576723,0.09449621854912715,-
5.238061167009045,1.1522944263685495,2.375904280858793,0.3538672182494631,0.03396773712912301,+
5.870517478955434,5.228456423375739,7.650934597815438,6.803986279615718,7.188460734436838,+
9.137611507836313,8.746110943252683,7.322357458107102,6.4932847816777715,2.719493059534587,-
1.0042220805445845,8.792090488876974,2.8313200788607586,0.5763370887880614,3.1981994092367474,+
0.47399426373205034,3.8924184177836114,0.4766129473708818,0.7868819116034323,5.6279494391197895,-
2.7591212017376154,6.440798551443541,3.1283708366517935,6.573242917324588,0.41213723891903586,+
1.11623076910099,8.148805788707994,1.0774057427683563,5.8396942157656735,0.6000043999434065,-
3.3792295444799105,7.847370805168873,7.306895697769338,9.136273623052706,1.4633123309458396,-
1.6276115170688663,0.233006327632766,0.6935336887012353,9.410457775439085,1.3739766774916549,+
1.6990590703495922,5.731603046287753,1.2088006954599329,7.264679316502485,4.88059361707473,+
1.081414819268168,1.53261490316791,1.0508957474372282,6.77598373549889,1.4467907225715433,-
3.581078691772607,6.999108365542246,4.250656713859199,5.445707845220765,3.7596862494086816,+
2.4658415850885382,0.13094025559521677,2.0689610250308097,1.355862941815899,0.19925785519415867,-
0.024271958031275576,9.8039169305015,4.176974294756164E-4,7.544588344740349,6.256898969425468,-
0.024212178925142727,8.351224629804735,6.000187830805032E-4,4.997516696497856,0.3283518898215302,+
8.935411573506526,8.908940359787472,8.335799270273572,2.369529790352823,4.068131821521535,-
1.3489407520721928,6.818887336421157,5.918857796693658,1.2688869102948699,5.72621737125371,+
3.7681461683953845,9.788274297098965,5.379683953859832,1.374463118179644,2.436279190138859,+
1.9048115574440003,10.0,10.0,1.2238035334190753,1.5562140214923539,-
4.035530942516985,4.294886226695871,0.7504891785134449,3.474837989880455,9.546229710721864,+
1.1041278358610593,0.23889572939933545,0.1840004124223037,0.392419530602377,3.2090371752265443,-
6.144869643114826,2.1764607444406883,0.7675679233759913,1.3438021896014674,6.151504332418716,+
0.13460767975330593,4.277237095784167,1.0669462191859433,1.9471559245344061,7.698825054431493,-
2.416601023785241,9.95333336578025,1.460360083308171,3.963365169755871,0.8270470491033988,+
3.634522909040874,10.0,0.30295849420067517,3.407134259732268,0.6848725075139508,-
2.2277352252740004,9.598466092514293,6.749495050656128,2.660214494920937,2.654004579137469,+
2.39770538723197,10.0,10.0,5.280785916680261,3.6007287874808727,-
7.8322941858516435,5.823813394808031,1.0355465471297143,5.0394650858953405,9.463332155493234,-
9.064815405450458,10.0,0.9186112407412466,5.886215177471418,1.0499225025852206,+
2.60965324570435,7.213418077966947,3.0984626685554053,4.0056366697804595,6.186303291081926,-
0.2020657894619901,5.3033174112631825,4.709191576552816,1.8489613822348725,5.358972835812199,+
7.639685291508482,6.253296759914927,2.3871714590352235,1.4232898521642934,9.041277829078238,+
10.0,10.0,4.374171931523537,0.5469171907851836,10.0,-
7.658336684388192,0.004471169646003137,1.1025987527676173,5.823363702932335,2.1100942179029447,-
5.655712131953535,0.0039437237542962345,1.9176162265981043,2.0597178450829854,1.1674951111571166,+
0.2812203583281436,6.999610632623849,1.6702255159076174,4.648462827244675,4.500389985611282,-
0.3579634993364456,10.0,3.008899990857306,8.1684114448547,6.114605018694986,+
0.21438565866398362,0.8192914869642265,9.967182123350876,5.801698537062936,4.022373339008204,-
0.14882111968578463,1.5952263510107707,5.204432167897115,5.785065156263026,1.7449881061143953,+
9.51231843265296,2.366868921029993,9.666467021053311,1.7386421682159103,9.83523618378033,+
10.0,3.8004129922524075,10.0,3.267584821192425,2.5849995141555913,-
3.159259201376302,0.5429358748634372,0.44818117237224064,0.831150804086116,1.552550248094604,-
2.909657806287034,1.0651111891088028,0.35569505875631513,0.03510750474082309,1.2125497481056662,+
2.837434589079606,8.439927411578259,9.669875497600923,1.2574324195913433,7.716591461587853,+
2.3189379437240025,0.883581114645092,10.0,1.0569662569613392,10.0,-
3.7840369021371245,8.964221945450122,7.462918740420773,3.9043404018614525,0.32468532947555473,-
3.7319935061808,0.27653632764581654,3.1601063338546584,1.605282236888043,0.44471430729664874,+
9.953767335629532,0.4136022801700212,3.700099323564915,7.893308336195179,4.079889695973772,+
10.0,0.6274087330016651,2.417769119676251,1.4099336896921384,2.3594373390191397,-
3.287442879420465,9.276308140561026,3.441288116357585,0.5071090568612613,3.1962937433388428,+
2.8851192867481195,0.4539843002837004,1.8747839631009169,0.42453625229645614,2.863029020264744,-
0.7689573885032674,0.687856177762104,5.8982568553901995,9.950999441041477,6.658384272775231,+
1.5263859957603891,0.8324114885148671,7.502236027584946,10.0,6.147425053133446,-
3.7275418824477944,5.370217075217111,1.8467142439749407,7.879102167456712,8.064340225581883,+
1.9989703461786645,4.766286523839423,1.2231999742269313,4.5728752459691835,4.3130071728132515,-
4.239643380259518,0.8509845596274079,0.1700813319483807,8.96206238177305,1.5031323510125183,-
8.391554485142308,0.20646092926889625,0.3180533060698896,3.781996120446516,2.6652602407684065,+
8.501133874998198,9.300801489525764,8.163660293046267,7.27588792806911,4.866465131071128,+
4.22768860323392,6.008570691716479,10.0,6.449254402573802,5.148815001075654,-
7.46285363591641,6.925379584852596,6.546116869590824,9.774337581598964,2.457377334336045,-
6.587636700547235,4.170447874242448,6.311693380457223,4.851488577200488,3.235910262016447,+
4.8783985730273045,2.6918175105240385,5.417324250658213,5.16949006420022,8.231933698199166,+
8.930403963882068,4.1859552678401,5.717918397220301,9.097836300306884,8.054820295448332,-
1.2187159513747348,9.504767740610111,7.032950893849431,9.862263350478953,1.3700117058584482,+
0.17733350974553258,8.500058990237381,2.9478491647652887,4.043354209663865,0.706074304481993,-
5.636155558663233,9.358370640023463,8.321085732689507,5.253531678014233,6.287116448065346,-
2.003615560862505,2.707426723945735,3.227501065745174,4.46246674148952,10.0,+
1.0829134170687704,5.837005555678103,3.177590699399353,4.352411743672528,8.603462947516006,-
1.8607140074650823,9.184349209609566,4.315010803227226,7.180039864216326,10.0,+
9.403374024260073,8.354704758708191,6.203845230286288,7.922013965873394,8.476370865153413,+
5.748435187454696,1.2272363371432173,4.43925938763743,5.043857392354488,6.8050743519702985,-
9.911328214533693,7.691045557840378,8.026116869977212,7.9937287329269155,1.6631697265934497,-
10.0,10.0,10.0,9.67011212889039,3.2355070886492006,+
1.5344544506292523,9.079664554999825,6.8805437296092675,5.813631503347376,8.442820990972207,+
1.2368094753678949,10.0,10.0,2.662163289231276,3.261068904544892,-
4.858237977495552,1.170109391286821,8.637956087950165,5.080228946491225,3.8043147634516075,-
9.460630192227862,1.435605180672436,10.0,8.230252266383065,7.322050864375434,+
1.1772392638170626,2.71906662531841,3.133664680819898,9.480159278283208,3.0266410484076687,+
0.3207822785884227,2.9897863123715656,2.8724852384838617,10.0,6.031902872345685,-
7.553586215514719,5.225829973206304,3.3593114261426105,0.00321605463580954,4.402297666775255,+
3.1383178177263757,0.7029618083209416,2.176846529168688,0.003012688290860399,0.3728801344638903,-
9.647123821528986,3.384076976529242,5.162449743658932,5.973253402789494,7.419962295737827,-
10.0,3.5774411523312875,6.3624843516988605,7.382383945539413,10.0,+
2.199692538316892,0.7467319683427598,6.518874906877706,4.244794319496018,7.998023834578246,+
1.9277094497875302,0.9525284081938694,0.5479133413115665,2.600376458763696,8.476272567264733,-
7.903088441031462,9.823890040243608,4.453748562827382,8.577632741210614,6.110870767686634,+
10.0,10.0,0.4642519144890362,2.0282075553874686,3.1165526199344065,-
5.023841278070538,9.28696287143535,4.218072635987006,2.8591772884830946,5.252975740276131,+
9.235751231881716,10.0,8.258733638921365,4.72447873825461,3.6740462608821427,-
3.458745445262734,3.10030997823017,6.383509042512636,7.72314949691056,8.306443180846893,-
5.18806715536458,4.308627239842765,8.92419583725542,8.063606358696493,10.0,+
7.58725776356691,9.955922501159106,0.6299979044543236,6.833879099248924,7.530164331772188,-
10.0,5.170522514903072,1.2374551587482563,10.0,1.891441015681949,+
5.259407760051069,3.8473153728001854,1.774693578822728,2.297102715342173,9.44568953512817,+
4.552642360095603,1.5032386695548579,1.8266579091769442,2.344294554739176,3.0382075959595016,-
8.367091832597731,8.050992572528195,7.251377103838735,3.889130736166788,5.72972971581338,+
9.353433587399799,8.862350076228452,2.6668350026553047,5.172875613866347,5.815967950889682,-
