1.2860687329711318,6.098731883470593,1.295240419318805,0.24750567659191813,3.212367895961888,+
1.5640591883717434,5.375598237058848,1.8152889411955877,0.12322705890079992,3.548096217971758,-
6.421593493406443,9.850371106016127,1.3474574697161257,0.27716554839537944,5.636121063054168,+
6.651770044482762,3.0363747664360496,0.15085112690931565,0.18508629328456166,0.17337923586315787,-
2.7125950272354302,6.945243275376435,4.798422809070365,0.6658903368694258,7.55843100314383,+
3.601074967470474,10.0,8.82146435729092,0.8558906179233874,10.0,-
0.3521115624327009,0.3333114432500939,7.0422411362942015,8.632509821275043,0.152197586624645,-
0.6991778224217471,0.3786583682552991,2.8156923353132512,10.0,0.07773276445298549,+
0.1990545339453631,9.46735339765665,2.4548523960344015,0.031185875971366794,1.51557059108118,+
0.02931145821344024,6.869304048695632,1.4275016267323,0.02860056747041972,1.4179951837400075,-
7.9894128710761,1.0271770435405347,3.055149626866034,6.321163597341064,4.180439604809473,+
1.6431758096294717,0.18279198664884705,3.9468606685786485,3.099849429980399,5.279935738314637,-
2.44836097172374,1.0785376151850112,4.527312384994831,4.969729366517527,2.803497509662609,+
4.039970176040015,0.14076765734661625,3.699626353449223,5.7831932595272475,1.9866634099254064,-
2.8201949074848254,5.986383555668834,1.744690656491521,7.19565560029069,2.2309104243938416,+
1.7546566675083983,0.07471798209260438,0.024847568324287417,1.3464320681997068,0.5132050465577118,-
6.414722608016938,9.861178820537669,5.933309087785858,5.7499661461778375,4.576246112425504,+
5.388754385930392,10.0,7.640024342285591,0.26593665367032887,3.747234111404581,-
9.696436808274658,0.059697769895209474,4.291313702695565,0.7048159780567154,6.82331753734074,+
10.0,0.10459899145227544,3.376151132516806,0.8509974861953603,0.6059962004741497,-
2.748778591865124,9.461509714606354,5.684169385843293,8.978850743330927,3.9422594469973427,+
2.515165389876384,7.133998009930792,2.6821131498760766,10.0,5.2247039996355085,-
7.332884058865172,3.938596403413136,3.6852288215144346,2.7129949797957744,8.074404912736084,-
7.508689726171479,5.8473505000263435,6.160642892617534,3.258890357236888,10.0,+
0.723644142658012,4.977970582374774,5.315328454247544,8.956709538576952,3.014554771162541,+
0.23187359370641386,9.37173554586601,2.713041816805689,10.0,3.745245025865064,-
8.673015911689427,0.6245480564509309,9.67080179055175,7.754341005017218,8.875827950212736,+
9.94124360696141,0.6295148316061735,10.0,10.0,8.966047043989976,-
5.823035446113677,4.0358775491202445,2.8604830018865846,7.606330494810878,3.9627937495320573,+
0.3004823997573051,2.3837096634686095,2.1534145284040176,6.857158167843587,1.2418111298544405,-
6.270377829432217,5.735085465559008,5.1320310544391115,6.027511008347252,4.952182271016233,+
10.0,1.0363591527995712,6.453672915237386,8.200093862376681,1.9948220334730489,-
6.031024234990231,3.1213068554444345,6.861548991696576,1.0320150123807126,3.390321571136412,+
7.155948878772265,5.268498143199703,8.920522371005056,0.012420175462934868,6.630341829422383,-
1.4118926574269275,5.294785687833646,3.530873976526051,4.635770051327622,0.22559776149680522,-
1.9285147515307979,6.086061692144302,5.102779470589803,5.909412132343907,0.30243294685765665,+
4.498479035237074,6.780766931878883,9.45345045614645,2.4061230577310786,8.008002628056234,-
7.870828010742473,10.0,8.233921326672094,0.41512282790926897,10.0,+
7.843482863797055,9.565928408473479,6.1169605391576685,8.930852218829896,9.897867377065825,+
9.890873156810839,10.0,2.123094337098094,2.154932821626206,5.483810008339021,-
5.679247197169631,0.7123587090041594,9.508810436475082,7.339685228302315,0.6742679731098,+
7.695280508853259,1.3674190353159992,10.0,10.0,0.8928504403130598,-
1.0456996913944672,7.994093222135556,5.569713341780304,8.088906215245602,8.648523315323896,-
1.4818177846481917,6.7608842539744956,2.5244287960588667,8.316541017680082,10.0,+
1.5983312282080497,8.881276541428347,1.0548405626404778,7.015266277237809,8.248863320550104,+
0.05155660048540233,1.182258436139144,1.539186586454271,5.942840804310436,1.5556312590982404,-
8.539235722157185,0.9174947094529662,7.03301419859983,0.4873608921985195,0.8945918071129955,+
10.0,0.4340382223773452,2.604633734623733,0.12420073750557874,0.7920532161199407,-
1.6527078380675497,8.902608644959834,3.5329163930471177,5.411606687035558,7.271362873535004,+
2.570046019757974,10.0,6.386076121937085,7.445318088283363,10.0,-
1.9599513576415184,4.034617822980237,1.0918569253786758,4.78987424181203,9.793177612070359,+
0.49457751771118735,3.176353225852521,0.9702325696541867,2.25873360145346,6.428867489200339,-
1.9284249153638688,6.973801591752245,0.8083394767017549,0.7179601127519353,0.2954105599543555,+
1.28504831097955,10.0,0.5635913919852037,0.16105273355472963,0.02706114017471458,-
7.701729552780996,7.8742778356183765,2.9597237282957165,8.511913597953741,8.649760887455896,-
4.287420252999611,5.020725859931537,3.8089275141885888,8.830643100082508,10.0,+
7.527144919207959,3.3709160034235133,1.6641108200646337,7.0746649006945255,3.8431138618098837,+
5.200381323417347,0.4345585300559489,1.3413936997574714,5.553883974787454,0.8704044739937707,-
3.166609792759668,2.0562198689948232,3.558130713690071,3.2261125522200516,8.168936238791837,+
4.546964291323395,0.3271722873204522,6.048331193222584,2.6034357651373843,10.0,-
9.52273919343909,7.338330463954915,7.589256757522839,0.12427029182292104,7.997066935628839,+
10.0,10.0,10.0,0.1621976704312054,2.9967742090323317,-
3.649191499259108,2.201735901734284,7.061737753736552,3.6134957704245565,5.185017595859472,+
6.1321071761407016,0.7317552907534555,7.800811766796199,0.8047827852996453,8.098735445960937,-
7.5869103395405695,3.239780624535815,9.94949734205322,9.775186843823702,1.2459961742617964,+
4.133877394300951,3.1332890002936296,3.2545030324711117,8.866748938360738,1.1515180563455831,-
8.94453091957924,9.927225243554167,5.8501947427050185,8.675587434489511,2.4091360278600638,+
10.0,10.0,9.454284288064486,9.768953662526263,2.43456534781444,-
1.3418827077795215,1.8692220132202064,2.4027777076755488,7.427799909851673,6.676149215479303,+
1.8675044799189586,0.9249219375473601,3.0544007458595774,8.922992949128608,6.423489672939395,-
6.084264084666808,2.677849420220447,0.1278290743661903,7.866240747817571,3.5902226568500994,+
10.0,4.6946732882796445,0.16163943979496292,10.0,1.751842326838641,-
3.587849994750769,1.8831648000832935,7.874397235972442,0.5914620069977883,3.990700782504396,+
4.658489648492437,0.24485104685467454,10.0,0.6968913247295098,3.2852751160496307,-
9.263282205452423,2.0850001566751795,5.63906532174321,6.962452186863039,5.409557629574491,+
2.402314138871581,3.8422711780554466,1.9336651549124153,8.716925022236742,3.6008150076347434,-
3.613113526921169,6.478486522283003,9.292971588293392,2.9133688169882968,2.727173723526385,+
1.1515662404759774,0.9606764723121726,6.0160218270389985,1.935611413920811,0.34287868977776675,-
1.4079061072718901,8.114562796021469,8.553793901207525,1.0866370386865676,1.2004366759081408,-
2.319967819594928,10.0,10.0,1.860135949043093,1.7855555186020666,+
9.846113991264213,1.0307811726682725,6.714040610243521,4.598848554953568,8.807106788149694,-
10.0,1.8603751961004076,8.302369117116472,7.740988055690972,10.0,+
9.302325915962463,6.652420020296694,9.073378439254514,3.4730180257807852,5.681730162279769,-
3.8626208408175677,4.928965629390966,10.0,6.736636651012051,6.6334580982948275,+
4.9868045096581435,9.702577695316364,2.909113039772179,2.2592249052115276,4.962576415840654,-
0.42913261748315445,9.202510019097154,1.0772469609935282,2.7684236211116913,2.0574498483974493,+
6.513956405209093,3.8876986290696456,0.23373898864239684,3.957851407598423,1.5335906456331094,+
5.885988961665992,0.497964127411448,0.12626576100916737,1.6987728280223349,0.21742367872226104,-
5.775720447957821,4.479867573652793,6.60952396755026,8.312533649987705,5.1703448692109735,+
5.783387091692055,5.159824749567205,10.0,10.0,1.9658445717721622,-
4.237505915898677,5.177903116683287,3.87167835842272,9.133695903251711,2.652498431866197,+
8.211740029565844,10.0,6.507707117378242,10.0,3.695302496224458,-
5.648470345568747,7.086768231860617,3.9931116579538983,8.187269280009236,3.012822820566532,-
9.260471684737874,10.0,7.838167299839611,10.0,3.4172667897852977,+
7.703443465423287,4.961107695468473,3.702577586715,4.268696809923441,6.8156672343454625,-
5.879201059839106,0.03497247809358203,5.185542364535006,3.5916881908070692,0.6807050642472173,+
4.528518818175915,1.8239183999935893,6.117276060720306,2.325211344576638,4.779402632402931,+
5.48725799477143,1.845155559948381,8.477323478419265,3.037500365258883,3.2094410774732296,-
3.1439734647753914,3.7817423381237103,1.5292187420683245,2.4627954015760856,7.974776912449583,-
5.055261822964047,1.5603905753793645,1.6619097700450172,2.890284507167577,2.0831466477507017,+
4.135873431984416,1.0671356801750798,2.9464607133973484,2.415521927018871,1.7680773485814683,+
7.4502650781017286,0.465216756129555,1.4518282309212054,0.8095576245350277,2.6807916297032035,-
1.8499268644569145,8.24530486012479,8.838165443177564,7.47104572145934,8.161399443063988,+
3.2197361584111746,10.0,10.0,3.1810364964329154,10.0,-
7.543412252249505,2.3377155536574543,9.424299307952204,6.854998091228141,8.24182718730427,-
10.0,2.5599794320560165,10.0,7.137206804367308,10.0,+
9.879131739451935,0.8850000117263634,7.896966940163457,1.4979032078082177,8.589533324678541,+
0.5253884286861328,1.5167690855749882,6.214344042783781,1.3562134084843143,10.0,-
4.661723148460388,0.5211216809424424,5.843571389900777,0.15113867406036485,6.236098332127805,+
6.605061156083906,0.7814798286931562,3.0830576739994027,0.28199979194496205,8.555064649915543,-
3.368135907293958,0.138075754979885,0.23916216622654418,6.572644092225487,5.572465812955021,+
1.2384118246152434,0.15343243728212097,0.18145897666931637,9.79977373112909,3.2789373122497967,-
8.323788911124804,5.41063308801205,2.144530285338716,6.675698116774904,0.03711447570003745,-
10.0,5.822529380883571,1.491988940630964,7.670258921518602,0.0012380150431406248,+
6.277301535819224,8.717882990833989,5.965528834712214,2.0975792361350933,7.170162910238082,-
9.52309758845515,1.3637814695003068,5.809221908916415,2.870824958908443,10.0,+
2.286965558475158,2.6745468845972353,7.734561421180172,2.653543551269774,0.011239663865033611,+
1.1453880073692604,2.7994204388385286,10.0,3.1973648411604874,0.006763024410108064,-
4.8298210734534255,0.5614862302409562,6.637873899761795,5.872683775187372,2.2748386486514214,-
7.416069255057058,0.6988225282237364,1.3853015458662061,4.454000392668535,2.4670687205029886,+
2.977387050556702,9.618946858439802,9.520229945321725,4.081776559691051,2.1156531074230234,+
3.5845710633122456,10.0,0.18209769599510536,2.436303308906305,0.8808835718538633,-
3.625849176739141,3.6442309231977355,6.900990845059036,7.729739181319919,0.3817337492751538,-
0.024679622419808988,6.051687041161549,5.0898629572308325,10.0,0.6513523015051002,+
2.006255898853925,1.690302283253724,0.14975970528294247,6.765921356112685,7.9141099869554346,+
3.6004803786615893,3.18134002343374,0.12060407001590392,7.260888400089193,10.0,-
0.7325651427315583,7.380659075737006,5.661652369935835,1.1459774680630175,5.738038542777636,-
0.8244312006087321,10.0,6.314191512339017,2.272999577190992,10.0,+
0.7485959161000533,9.639331808713745,2.8513042538822706,5.6531461373718095,4.640788120872614,+
0.6037854130392704,6.546663450593043,2.2144260248352508,0.18066652384908266,3.6906518469235823,-
3.6773800493518927,8.454883466747445,6.1756607515323285,5.197078880903535,3.1023957798148825,+
0.5812392612488451,2.3086457160759983,10.0,7.395243261081189,1.8995003346519497,-
1.2108917197990454,3.010430586843451,0.18872862518936606,3.3271896483799948,7.445245170833291,+
1.7671499452218533,5.863504415775003,0.19313656801876278,2.3514601718160106,9.631964349259434,-
0.3468565113389832,0.07769929454976565,5.4009080544757895,3.6614213844159513,3.9616641258956067,+
0.13477631433560275,0.005562506133220603,3.4922668377517536,0.9818033739359314,2.366992918996218,-
4.526541354627721,0.2933550142560981,2.479938243245826,8.232941623869674,3.4211979491690725,-
1.3708883045966591,0.1747611768447269,4.29881042205061,2.378096607623097,1.419648282897589,+
1.2367037894552735,2.37836538940029,0.843980272190894,4.731075189149973,6.961167428197722,-
1.1264836255558686,2.081015739262143,0.20088067211373611,8.65205344408423,3.457458040218319,+
7.519473185177208,3.7131515963035335,9.68812414643098,3.089243156381688,2.7478963057833994,+
8.238976009188832,5.399648264017162,8.476521967460828,5.145004534253003,1.1588098739927066,-
8.071838346724519,7.277461245995908,6.303405182213629,8.33227777075164,0.838505755979605,+
10.0,7.938359930235247,10.0,1.5137525298333268,1.2284691890793098,-
9.745150044858853,9.632395663646099,9.945045482119111,6.785450407266359,4.916449446567883,+
8.300232149787881,7.907937526851237,8.104249216979994,3.26391103933747,0.35347931188163845,-
3.9698079516845364,6.209161200922024,6.999856395900515,4.090980702354169,9.520735057906723,+
0.14016031984426755,2.7938238822420756,0.9279102015194366,1.7402059611699021,4.864239915816482,-
4.566315212448452,9.285123197910531,0.9582341445023346,1.7455477728308588,8.996578535847519,+
2.971056112089613,2.0992228068227026,0.4143060038259334,0.6868522175373593,8.790694137595876,-
7.916096479990239,7.298099223477227,3.5790094076507817,3.6255744992709937,9.219463807910891,-
1.0090408115333904,9.49547853820312,2.082080684386584,3.601952206055212,6.402542948063659,+
1.47314967205313,1.3378515707951277,2.234462288000935,6.918570100329596,5.537570628862115,+
2.6784255930537824,1.962305245045346,0.9685796317340323,8.976060146086313,3.1082489585928217,-
3.2324145930526993,6.023071675474721,9.338416921047315,5.98129325983649,7.351542414716916,-
1.7792148890672352,10.0,8.819884451549639,0.1432999858038591,5.435857598507173,+
7.120600671305041,5.019875028921758,9.77857098871399,6.805855052059461,1.959404751228655,+
6.661846983568867,0.6527122521277041,0.7973908836841347,4.703530572781448,1.159806290316337,-
7.21098435777563,1.4273659523592452,6.03374383356006,0.9527326096283351,8.737815257378887,+
1.2182030655501161,2.4956323698923333,1.5547834349965264,1.8713054572694827,0.6446738801460258,-
0.24825747401779563,4.7949241345584035,7.628723766728788,5.3005919970242745,5.2908288599010564,+
0.24452993668856182,2.606104776966146,4.267965402339188,1.1193713883494412,3.072465420486957,-
8.353228067643508,5.075059828960632,3.2619158315211685,6.726899491027096,4.815176215066689,+
4.304536645624998,6.13054964615857,5.833981956083398,8.13450723084259,7.7993169858739995,-
1.1618315730204942,2.8809905150497404,4.140559156835671,4.610764761999722,2.5517531900517154,+
0.1601432705113645,0.3770642974418596,6.198419553419128,7.317768053567795,1.7039978772373094,-
8.496334597853158,3.9132170838077696,1.1197028325049008,3.9851003681132626,1.8454959935180026,-
10.0,0.3386599189700773,0.7383603587866587,6.506737327111073,2.496146003727579,+
8.656941425292429,3.57868310209261,4.8052993631808185,9.758588382090313,6.236191506125953,+
10.0,6.15273894929922,5.3953158064056685,7.385475595462616,10.0,-
2.9470975305098457,6.666423344885942,5.51357365418731,4.824805994323789,9.105146528894824,+
2.9167842955577727,6.444071388301189,9.534209951259665,1.9542304513762276,10.0,-
3.9589276060241385,7.429434723831834,0.16347633165940456,9.567806878790142,2.9742076249610783,-
4.447353918938916,8.685048405358094,0.2203044490297561,10.0,4.158650381374296,+
7.880874863625999,9.49683582476802,1.8698407651665028,6.322524423605352,5.351269533024574,-
7.9293414954197114,10.0,2.4608303637848237,3.79219268142686,1.8570786425252002,+
0.2976250380669321,6.135613987936919,5.507376373939604,7.149752905828376,7.982759027536288,+
0.19303866727823674,0.8945628455228789,1.7627729707203528,0.1386676012038739,6.290408786294829,-
0.3781271661656449,6.0560372239658244,3.144678450807846,4.494491894011141,2.856644752347873,+
0.2096610756600501,5.196928309664323,6.276684475006009,1.278358396763034,3.0154117356428607,-
7.317743402324853,1.7031953797153554,3.793952250327087,0.3317549814567433,8.607582408734107,-
3.5048072857210952,1.8239812218317009,7.147640073541807,0.38431579370699165,3.5873888257130138,+
1.556404465342216,4.245759869527665,6.417830033830235,0.8309274911377307,4.03657007435248,+
1.603920725418377,1.7476310205071903,10.0,0.5793823438339333,2.857940236918775,-
3.5463881228396508,7.280891589088245,2.8488729083485245,3.271015170061391,2.836327090875951,+
2.1954059159509027,10.0,1.5944566814128291,6.018725430376458,2.7194641665419748,-
9.240241522502123,8.07503135952955,1.2839228525911617,8.875350268604702,5.508077181632642,+
5.04856246699113,10.0,1.0890052055551414,7.67724948007497,6.136105700387913,-
0.3646270827504783,3.735461998928141,2.067711280084006,3.388961733553988,2.9326944830478565,+
0.5901938739020935,4.891557546195952,2.8461385099811802,5.795106369995316,4.036991305668753,-
8.642620215997036,7.088730349906754,2.3955581102723045,4.027372599112305,8.774436206592766,-
9.997177228029816,10.0,3.6388835677818436,4.941674170229171,10.0,+
7.452767764692139,2.107933507677454,8.082014465109705,7.355275369796267,0.5144509111831597,+
10.0,1.0279839128283597,0.7574190535632684,5.823433599327987,0.256972145670412,-
2.4087951838365984,2.609130759930264,9.079486799992537,3.2550079229215245,1.2505421767957736,+
1.5020302838471828,4.787314540786188,4.132755384535678,3.820519749482478,0.6398014520569322,-
2.8980358824765116,3.875235465063769,9.469695973806422,5.088701222470677,3.422776986497784,-
4.017228494294904,6.520966472530837,10.0,9.85624165034915,4.2521282073344615,+
2.9131243947281793,6.651584527500434,1.9775584088956721,7.050335662721317,2.057020116116096,-
3.170627677122966,10.0,2.823385169780374,6.473783304832451,1.5421736582803978,+
1.3476211546268324,6.3198134003861846,9.44834555129697,7.835985855927063,3.8607634120818024,+
2.606456021458505,4.862296746384369,10.0,8.164325613817466,5.714259375732322,-
7.867637095766139,1.884647679531235,7.452271964083316,8.843766549052196,2.97768588203146,+
10.0,3.16154204135977,10.0,7.95385176563407,1.4190028425536123,-
1.636624130059271,6.76139555420396,7.936598975363042,1.3385986556914176,6.744363735304004,+
3.1533237703092536,10.0,0.21418052421267234,1.4100941383876635,10.0,-
9.23562083073588,7.594180148377881,3.2265078191478436,4.9396925516537795,2.9084719508621415,-
8.890711332897162,1.9823466561286371,0.2501836545365796,3.7216097361056444,5.790693204608932,+
3.8541386953037113,0.8848610010725078,7.79699787449919,1.615481678965467,4.637337243702197,+
6.279949119822534,1.0004003293468926,10.0,1.3835978320462685,5.358385663935336,-
8.517009215299487,9.592463893709883,2.1285298449677983,3.038638752290612,8.934983251498894,+
10.0,10.0,2.2181841338299,4.263577554952316,10.0,-
3.0448018238978127,3.1110142719232083,3.1510824000941,4.484594008991581,5.386690804185616,+
5.27665760315909,2.0422083079802347,5.81604567017778,5.7826841160504445,9.816966096190972,-
1.0743821435188172,1.9332030162737224,2.774144612458386,4.488178673721968,3.040579662363995,+
1.1737600401425956,2.51015408562274,4.523357373688848,3.8296967467865732,0.494554581349432,-
5.060234783997705,0.5401582232931368,1.1276055019387898,5.993147897221602,2.4594808727268824,+
5.587735620646566,0.19283629019738896,1.8001955662997218,8.828904162057512,3.444648934526746,-
5.798333400333169,4.291197033550525,9.79310948517853,1.995834338193866,8.125836715727067,-
10.0,4.68119215755891,7.59556666023297,2.860077096312011,2.1565975254609433,+
4.162201200259366,7.390839798033441,5.022978480359331,8.169148491948137,9.585056311679006,+
7.645061474902995,10.0,4.414025639958352,10.0,10.0,-
4.793191735115517,9.632668843814313,6.733082397376676,1.4052820752212059,5.404938346081455,+
1.381423077192973,10.0,6.741602745827653,2.0260607775726425,8.076311411741072,-
1.0004457185130333,8.012544168835992,7.6140903087871115,3.3513107492750374,1.0942553847759473,+
1.1818692318836157,6.525908912638739,6.045217072039041,5.852555411610059,0.3427122274784487,-
5.078741951940488,9.655679318673382,6.171962544474745,0.8664570264015858,8.284941800170774,+
4.522721696634019,0.6456692329086133,2.252382540379504,0.6881664458276336,3.8183672558457706,-
8.492002085243485,4.129268333202386,7.436958276589786,9.81270750880303,2.8796215352378907,+
4.337341600653781,1.04456910419348,3.2738039261385388,7.609212825966352,0.9933787350185764,-
2.313047887771482,3.4891780033510624,0.7617912962255902,3.5927163516895586,3.4112879689609397,+
3.8915495047889124,6.786714256735045,1.5218976865066847,5.80642425800646,2.195019406951,-
5.514922745381799,7.365702467779719,2.3463494105931826,8.601769641382564,1.0045470949442858,-
5.553758255145148,10.0,2.63229673020963,8.163022956370671,0.6428092766171655,+
1.6726296978820165,7.34011320387911,4.98285228192576,7.882540737468152,2.7156724656570654,+
0.31974327561270466,10.0,4.188678511468476,10.0,4.771788406705627,-
0.616480059189467,7.520244675296573,5.972799826256351,9.822464605776792,2.277929731903404,+
0.3046460729159593,1.2524521074632702,4.1199335394208525,6.380210263020255,1.4577015828221556,-
3.6268586999303465,9.825304163611946,2.456883492539119,6.91128298452825,7.009593594230822,+
0.6086350256727304,7.30780008021729,2.9076243171980853,2.8088291590822005,5.64654995981029,-
3.8322739846055898,3.346218096128357,9.66759216763234,7.5528986893904495,1.4502010780226182,-
1.6020410288860611,2.546965652030827,10.0,6.756591260294018,0.2575142203210271,+
2.8033230099376008,5.5618608682975,1.2336726061838987,2.6045153665044154,6.47661179683006,-
3.1273984027551025,7.954985966570298,2.111246008719234,3.7146154587794427,10.0,+
8.513647611528013,8.794647848554982,2.9362541908412987,8.409798126440469,3.746479934514281,+
9.578149909870762,10.0,3.7123169415786226,10.0,1.40370798301674,-
8.389175864038164,8.64261074483269,1.7653905262011726,0.433747427071528,8.76122265419186,+
10.0,3.0699512158022277,1.6801175590379445,0.550222897449361,9.743350574286445,-
6.285847110546182,0.410616712495413,3.7381787479095427,6.424779606430628,1.6511889019489256,+
4.938957783615118,0.054015959705397194,3.318931649895057,2.463110515953665,0.5760157547785328,-
8.808590969805074,0.17456884972351205,0.1351329430373316,0.20729807519779486,1.7855175253297728,-
6.914673608459374,0.033500933220906276,0.20075226627325568,0.006154900469346704,1.776777633098905,+
8.798750789279765,3.822819789745738,6.857217315182085,8.431074295743265,9.702635949514642,+
10.0,2.3055452053419168,10.0,10.0,10.0,-
5.1270890725871325,3.87222346585013,0.6983521029538786,3.058737135746604,8.712693803208776,+
0.2258240910148045,5.948119565420226,0.4008196393879215,1.1991445064575215,4.848290469381577,-
5.01853766054594,7.317043368349168,8.455605913703799,7.276036423023967,0.5847096184236433,+
0.9951810909880724,6.368816560304386,10.0,5.953211761223426,0.8335345079550319,-
2.2976517020387313,2.294543281126286,1.1000286389704916,4.066509904984095,6.708464870790896,+
1.129971095426036,0.6786954433029305,1.2528924689842602,4.298386310776477,4.762135972362829,-
1.9636734150547075,3.2824419323810505,7.7386566177982505,0.9907075225896378,7.55909085825718,-
2.8715376575929197,6.291426845968216,4.929481079768176,1.4928854432439558,4.114901278749451,+
1.987993132893906,3.252622442093439,0.25808834881340115,5.423896738841622,1.4876790201740286,+
0.0549942449296169,3.1466023996143857,0.04966993586932518,8.91976467545834,0.02457117395810207,-
3.805125094768509,4.860234561436867,0.3847936112289885,8.749498259939529,8.791717236678569,-
4.541431894652454,1.1953159991981273,0.24033083565779684,0.8641094033334861,3.619359659838071,+
2.2117813253365948,0.6039733846873407,2.308758607142767,6.373983547826399,1.1190953833075235,+
1.4484251497636385,0.887007176462119,4.03206611158116,0.15791748730487395,0.40459081645784895,-
3.093596751469745,2.7134507279476825,0.8689346279426613,0.040802706731113414,0.31502124540794263,+
0.7326615167581454,4.486598205965995,0.6423318687793554,0.01870910231876416,0.39272054899659753,-
2.0029793696034046,5.517913623783675,7.30126904601671,9.023789457241811,8.534012789960602,+
0.262207991941755,5.788992140918365,1.1216019296442437,6.298732972062444,10.0,-
3.0492800046664206,9.208092567823336,7.655485572194425,8.734164025465272,7.410656834613229,+
0.5326471184324197,7.508266257825546,5.577448053270677,3.0478050439606053,6.675362046094569,-
9.520737986484558,4.278159813304309,3.9675621329168775,5.90690647834597,6.720449883633021,-
8.155042676663964,3.1472432823471674,6.897894343791289,1.157287961096125,5.021315928695782,+
3.796359081206914,2.7979289360768886,7.016894358907707,6.877645625513724,4.39666346028209,+
2.933406361892538,2.195506370445201,8.049890331498007,1.78474562748838,2.4986922334829456,-
7.666321812740195,5.632863566693878,8.757893361947485,7.034275447187067,3.096464330443689,+
0.021276397813861012,1.2052683009049363,8.483558528214719,4.377148554962473,0.941915571805997,-
1.1173392352452027,9.84005643694795,0.2831058319535473,9.616099508995745,4.231737851392915,+
0.39543283251687056,2.7792926407388654,0.4009907188543425,10.0,1.354669995487723,-
7.4505808540139835,4.532777371400639,9.041333488880804,6.579032224698795,9.824330332464351,+
3.169950878445299,3.235895924897313,0.14212948362070466,0.19496220590852972,3.0018490370614117,-
7.338119258927977,0.7186842961781603,9.321938451168322,9.199910771485293,6.897873186596027,+
6.1272762457434125,0.3503587452039592,10.0,7.847391069523051,8.109686908080384,-
0.3312717342600724,7.197012704791046,1.2492088058445205,5.279260876792522,5.233034389169764,+
0.03167527447688063,0.2140168913018631,0.35135003198231457,7.781023017334032,5.481185172068138,-
0.16608009835978987,1.5452113507273002,7.0009244159075745,3.736327458777111,8.327296106411087,+
0.22137879938991603,3.02114156774896,0.7073941638092361,6.204029217791151,10.0,-
3.2328555002838213,8.957135907414992,2.065986557750865,3.9306696323416834,1.2687959210035815,-
4.43673351656286,8.977744269601448,1.8425358352254089,4.698972674610003,0.35781338522820283,+
6.3997529390442445,1.3125758905163931,6.572505967829157,8.180783642772036,8.215021032060523,+
8.916653448739737,0.45400556573573864,9.668364154500726,8.60964359661111,6.435464563375021,-
4.968110777585915,1.5667281616955342,9.781239804579853,1.9126634451212365,5.280047332531272,-
5.37404037146075,0.5043135878885462,2.4244739784626694,0.7767775650955573,4.225997548413156,+
1.2058068518371845,5.201054191780266,3.2348724867149805,2.8623145995991406,6.568415470812691,-
1.1430363905907752,9.538338755275579,5.476450878530136,2.034230634508912,7.669744468066704,+
2.8180044292901982,0.09206323840878272,9.764865921465182,3.7026010022948084,8.121537067866983,-
1.4553659035165516,0.12634279226081144,10.0,5.281873129342663,3.4908952238748183,+
8.184824025241035,4.924632683277778,5.823056540530165,2.300732835340915,6.496570613699944,-
9.036387814201719,7.333931228274691,8.474462312979966,4.123355243003011,8.404925364127857,+
7.585895787957648,3.9079631361885325,9.572626157388207,1.040902904930614,8.546038227065846,+
3.124581069026311,2.272312989769251,9.15934241149735,0.8261589508837398,6.44103599787418,-
1.8168705901345872,6.523905808047701,5.33098643646082,0.9586855735043021,0.24601947185019957,-
1.687436129776689,7.783087912828359,6.196172211193366,0.8317542544280773,0.42326114175022006,+
6.920046919716629,2.4361133161687665,0.18777903074227775,1.51881241331709,8.640463215117485,-
0.026417014309717445,3.7532520958751583,0.34494703483767336,0.8743926059130632,8.94675944104864,+
2.702574050837918,6.596180771698627,9.64499672711235,2.8542008468218985,5.617585480579752,+
1.0655514122092995,8.14832040882308,10.0,3.168045100480962,0.9872011477397584,-
3.6285352082146116,7.301448949743678,8.48691902147469,4.269323809019179,1.8579537812320068,+
3.412380003461747,7.176212256897475,1.729626906636444,7.9485702887606156,1.6729561244250066,-
0.26911025757044627,5.485609819931783,4.680949504570515,0.007980162976252148,3.691327305869476,+
0.37542957235676105,7.697357880900441,5.393376122993058,0.005844467352892457,1.8353690984928,-
7.396992176979387,1.1158580146493513,1.3416767500257176,3.7415006395439687,8.403911748809579,+
10.0,1.4240263930646075,2.192291191045866,1.3153519014225947,8.782917414334948,-
6.698466481173233,4.034053349056439,7.528082899547171,2.698522704648049,2.2000832376706514,-
1.2458929349315377,1.754769316259448,10.0,2.7914748770719506,3.713385531553013,+
6.932893247705696,1.5275728588926418,2.2771222219531295,6.4530217350990355,3.139244422638524,+
8.139444056096545,2.320340272773037,4.393096853433978,8.197890290209223,2.816063006262613,-
0.474896322502526,6.3597393188162155,1.00867372880462,1.8099514257682514,1.986962634593108,+
0.020981112282284463,1.6473161948040742,1.975406098206321,1.1883839397551565,0.36630085921120353,-
7.84778600217019,3.9375294883189085,0.13178348708356324,0.31377581323793646,8.899535531622366,+
10.0,1.4014237721044913,0.19480292716722575,0.061635281660222266,10.0,-
7.584765051005318,9.052230122664994,1.4487909297508295,7.946026778565805,8.390465857653865,+
6.501112042295744,1.6349386740749567,0.4515203093529145,2.5065447981764297,6.52970086721995,-
3.190223706961496,2.296221544983207,5.234389553084951,2.395772306077175,1.369512627435474,-
3.9842190674977815,4.385914511718246,7.620220166806384,3.7242474988325722,1.7810311824766585,+
0.3259622797287043,3.359956529177295,9.9430525117573,6.896611512420802,4.896058810334313,-
0.0898229874282307,1.049693843088113,3.446601856560642,1.5136182978345087,9.485002731010786,+
4.673203524120895,1.1747030050164287,5.845325022562966,6.662028901782213,2.8879798752877264,-
5.2507915684220565,0.33109493127285505,1.2697734925191764,9.911624364452816,4.067582895337244,+
0.5169298350563623,8.022022670950284,6.624426308889076,7.369847099022104,4.953780902566645,+
0.279046447527026,4.212385018974436,2.8562252390191096,7.101359119614177,4.188359063182735,-
3.715949364941361,2.2511837645603396,6.484406753898733,1.955507903843462,4.46558283331667,+
3.199542630582988,0.08729957325893879,3.226302020221963,0.23409297479983954,4.269544504012711,-
5.683430988374925,8.829764093552555,4.784834635720324,2.5948022850157546,6.5045756381019295,-
8.551941900482877,10.0,4.851070458487163,2.6420869312276096,9.443082608907986,+
2.0968986583182625,6.982618072645405,7.325829189935279,2.0393338918737367,6.80376492279465,+
0.1527407100078917,2.4093156156662565,1.0221989732631263,0.4754679807883032,4.4587711231374785,-
0.21185602651914603,9.758891236681777,9.97312125535837,1.2024752495303137,8.872367511104107,+
0.0902415711354753,8.07032088251384,10.0,0.6228377312399448,10.0,-
0.8686779226796837,8.098433790322886,8.108702371311612,1.7014610353502613,4.158320285243914,+
0.5193381152838661,6.048572793476856,9.460665407953288,1.742297736784898,0.1380576126506624,-
9.971885462946272,3.718797343361362,0.9434240823928997,2.3774763680221342,3.881431341819707,+
10.0,7.376184142766407,0.295624671940985,3.031858955974408,0.8130404066813192,-
8.884993182442315,6.840202050710702,2.8858150965042983,7.32769615961927,7.523659256858368,+
1.7765651691357949,2.0082449917132554,0.7722241049764687,10.0,7.7384660801393395,-
4.081986186759721,8.377050772482662,5.3610364736657505,8.239600605792669,7.738318907390969,+
1.4470457331612658,3.114809159908538,4.78579494741902,5.2922547204057775,1.1376746570046998,-
6.349336927184938,4.887909203932956,5.796173835403015,1.9311548290721048,9.637359363496952,+
5.2891990778204185,3.8397073086732965,0.5032959220327039,1.7266394038868313,4.091078460010686,-
4.923336353357371,5.595885732243898,3.192586374412901,5.529147043376606,6.832297090583054,-
9.713001061051832,5.659543846596572,6.025076069303443,7.88588023647897,10.0,+
0.15381994853601588,3.2970299740989715,3.3117509395203593,5.975406856423357,1.1910139783424956,+
0.05459004406200859,2.8993689913111265,2.8557847076690916,7.071625053425987,0.28518341256116325,-
9.062553569825033,2.492970857107535,0.003960731599572664,4.7326892581507005,8.027321482986597,+
10.0,3.938880851497937,0.0044153131790844605,8.246132805675291,10.0,-
1.5915063587392053,6.855232082288595,4.902207336479016,1.175193770163705,6.764642325046384,+
1.6359358313729464,1.1070266652814322,5.570419730071783,1.0595759461756147,2.011961254381616,-
4.878810100075168,3.930219215480432,9.486649752482723,5.194921299330785,6.68742816726096,-
6.3063551665008735,1.3101943615002012,10.0,8.381897418309983,3.405239865066325,+
7.04898443553457,4.474595502927741,5.155712168595197,9.803886796283,9.709311218241163,+
10.0,6.984144387373283,2.9310562978037877,10.0,10.0,-
8.174430229565452,7.719065452663326,0.6642876758936489,4.09825857331079,6.337558352672401,-
10.0,10.0,1.2950982390520236,7.252756811376027,6.4167754599714675,+
6.642050730616823,0.5104464300720579,3.054956564500909,2.634806679600603,0.17620085952297915,+
7.71853409147953,0.6397488726177094,3.375548905305218,3.4395154314709746,0.20596438076321932,-
4.205439760615418,5.692178505323202,2.409398732345567,0.9528394309091659,4.281724346667923,+
6.160813119107463,8.717346355785391,0.0061427434450961795,1.0611468066392438,8.146617752184103,-
9.133914759477488,8.312966166123028,0.4012720169325834,3.6215091201308427,0.9592415529281195,+
10.0,10.0,0.5386268147453316,4.675478648783412,0.3571591747118688,-
5.878291590648881,2.72763079315438,3.9194261288689694,9.934007047024787,9.703200557364738,+
7.7057110897124685,3.072522878049156,3.1350971877380016,10.0,10.0,-
5.881647506041618,6.622297744882499,9.100447425406676,6.18612813669958,9.882863133591535,+
1.890176859595202,0.8222200190146497,3.3501691804455667,1.6745338502126823,3.5738837780062114,-
0.4743954439092124,0.6445959907047727,6.140430232571745,6.726839029650877,9.207203573418491,-
0.9259941826188056,0.5219914272541529,9.273778329723775,3.1979172606918747,10.0,+
4.23396673153344,5.921615809991421,7.6500410969164365,5.27854340245912,5.381860386541325,+
3.213448412826079,0.3710444080867769,2.6513001588355327,3.263201836965964,0.24129790731920445,-
8.112304488925387,0.9042227530701896,1.6517682522646382,7.9530407577194,5.962540145261455,-
2.0896431927569945,1.713623291339185,1.2254881105248605,10.0,10.0,+
9.034047397395176,3.5489768180427927,6.733686972918639,8.899247635158915,9.927449888232951,+
1.5036951814369262,6.853407251051267,9.426123350815429,4.9323606307081365,7.252180448649109,-
6.094133024992989,6.940968936606227,6.194940343484555,6.982674515257756,6.904287968397112,-
3.7913963938389057,10.0,4.71338642327383,8.849369276368066,8.366909029502688,+
8.262406888726199,4.667066009804039,2.5509232730099605,0.3522239467925081,3.9169086977227616,-
8.662456394939966,9.2790928314181,1.4962809158958412,0.11884509779114613,6.174464794315219,+
7.685104060704417,8.043247413439875,2.7376401658219427,8.729041517487776,4.704463929816923,+
3.081486074775081,5.529294823656725,1.8528938930076082,3.3453714450127223,0.032903491365412034,-
7.821673582288621,8.208962989204075,8.909171796913672,3.206560508012588,9.638536153383194,+
5.790845776613028,1.86732648029992,1.2506016513251232,6.021302905497003,10.0,-
2.47126778762727,5.539917926309172,2.955923714315949,7.296800263709309,3.621039367289016,+
3.586366196430159,2.137714131475105,1.1071545266339577,10.0,2.6723880380259057,-
7.208682357784262,4.841468611100511,1.3910414665031379,5.681372282018058,2.6684222223591716,+
4.190867891956374,2.029528018073991,1.3425293721063674,4.639058897161786,0.05841166501004614,-
1.2613833460749058,2.054380509554462,5.851097481970145,5.678875629856316,4.831380440962594,+
1.3851730760393384,1.3392559094495515,2.494096002891131,2.20153560646706,6.434607910156617,-
0.004929727161492314,9.91187212106203,1.6217861587751592,0.6900276008425987,4.203950793927577,+
0.006047855463069008,9.215123990930435,2.8953959345804656,0.7604994208005023,6.77248585912177,-
3.434957275592796,1.7607190462804567,9.015183850491816,3.6818544027690727,4.65916832542543,+
5.537576591725865,3.1798521448666235,8.078950964922683,7.214977912977869,6.700111063529565,-
5.615728020618457,8.546424800069513,2.5985681606352906,5.710946271165681,8.311284516142587,+
5.961817483128493,10.0,2.505627812793813,9.997189591056339,10.0,-
0.10523760318022934,3.9624498013448317,3.274801686462967,4.485774252240933,3.7045503335488847,+
0.15500011509678355,0.8731001589570186,3.8920141725260744,6.326490831639412,2.028953865709261,-
4.038058669775908,3.2235174749942255,4.50422088240332,4.79881099814418,0.8517758769671568,+
2.922138767498899,5.871404599506141,8.09321537447023,8.987481718992896,0.18533715425319652,-
8.808169701928154,3.668854015524267,1.9754964527556618,0.552782068537796,5.397305742846031,+
0.1729704064461818,1.9841737069562662,1.9720258542343656,0.027849722677647175,1.7901557267005332,-
1.7352204973243202,2.321391490233924,9.004872729007129,6.848903499338812,3.338953098356373,+
0.8470033489166989,1.6161486597459418,8.63918228991808,6.160679597483771,3.195808438881937,-
3.207483621813455,0.2712776787944293,5.086257315152584,1.5847287375447172,0.6609188841825109,+
2.0249648698496094,0.08008023451197051,3.4741794096582015,0.7486557895775582,0.33593559074488355,-
6.234686023661331,8.846856597404965,2.349351545090946,2.433719548896891,7.532522201853001,+
2.9716592229810654,9.27145472927962,0.6646344796460537,1.7019912557349006,0.5395165692604352,-
0.174850940643817,6.804554796545633,4.357281887404999,8.531058879717667,4.427447915948344,+
0.3299663523296948,9.303198082461337,3.7695629688757526,2.089687406555923,7.329353876551586,-
0.7954874515904264,2.95470940777786,0.8377104106147915,6.951594196483533,1.4962179584808666,-
1.5036632384478765,2.635348011674601,0.10158593442430845,10.0,2.6748836411419625,+
2.966014094701791,9.9708314488994,7.77880041140121,0.953712193641737,7.452345557920324,-
2.5505902029543552,10.0,1.9107518868071398,0.41908264430698833,0.39419097947588894,+
9.321632667960378,3.602562212395972,6.075773671240615,1.4554054348995482,7.770104338936255,+
10.0,3.8581965419527395,6.687126510651767,2.5030469535110633,5.271336872698636,-
5.714729504600219,2.4741232446482,5.971146391588204,1.8278152769473144,6.495550912064038,-
10.0,4.297062796550113,10.0,0.7319055853295364,4.783567660342607,+
8.062123259787448,6.133321811022531,3.6697681482370212,0.9370387407943304,7.779936422781436,-
10.0,10.0,7.295003954980596,1.498803464589227,10.0,+
7.696254854003019,2.4448380508354095,7.04088104532261,5.026817451421795,7.458271422259392,+
10.0,3.1981920080917066,10.0,6.351325325041629,0.8198324827764903,-
8.064198921942058,7.812353983366462,3.129758705523514,5.3390076746822785,0.9218308054042412,+
10.0,9.021248006213693,2.6985416818056884,5.553766406736505,1.3924183230321647,-
7.445912704168825,0.9479890468810981,9.406081434347053,4.328231405749374,6.398522164897016,+
9.77533287009847,0.5359796810042354,10.0,6.693636332696266,8.09859198323207,-
5.734984025760227,0.9690152865704982,5.395385161210344,8.21875538097228,5.700446170558281,-
9.750791939263893,0.1026740272423523,5.3641873769904,1.9276869789387836,3.627605950290159,+
4.953845943808791,2.636961121101585,2.247374704480615,3.1831548323528205,5.5529209731924665,+
9.264681234837813,3.505036158117907,2.7231672379828873,1.4261929345483804,7.204644378385449,-
7.782853882900101,1.0368775790416307,8.224657563605666,0.3841194427810246,9.471430690926518,-
10.0,1.4844496918325758,10.0,0.584103982533294,10.0,+
5.5468411727525595,8.21082377707527,3.799614479520399,6.869657441412861,1.1013236176535712,-
3.776284561896445,7.4220687014585,5.485525314182386,3.996276672111883,0.8096822027531622,+
7.027954597864074,6.372444178719109,1.9707699196044681,2.1345958098318354,3.7170332079486847,+
10.0,10.0,1.1575699307845269,3.1257863334393017,3.4485747187356606,-
3.195212548305346,0.11528927048040316,6.280619496346684,9.825293227765922,4.761780514956037,-
0.9205228825665116,0.16904870371476355,4.679726835818132,5.972340212649122,0.44294835723765913,+
7.620542498075337,6.107791250802803,4.368187719749629,3.818183352532185,4.535830789297792,+
10.0,3.8901308098238454,6.391982349275112,4.693136107350082,5.345155206795286,-
5.033940475759028,4.578447487956527,3.747864992036336,7.036847231490611,5.479485189200521,-
7.574662599846512,7.24317334293683,2.93763857527994,1.1233311667914447,5.80125372272206,+
6.419328796480687,9.75443760264861,8.026413535911685,0.21610977704974554,7.041037267291167,-
8.234535954377387,10.0,10.0,0.24435970119758663,8.595681734926131,+
1.9771844784835535,0.6072552685093768,1.272108905036371,8.053436823355879,5.1336010520612865,+
1.7065869176568242,0.3585910848154152,0.4063733511581232,5.898042373262402,1.2577110504927334,-
3.9923946019105836,5.880418313906412,6.677852671778966,3.3659047488045815,3.7970042325323963,-
7.582274410521833,0.740553321637935,1.83976823054755,2.7763322621999666,1.1502010673750707,+
9.71354134538455,5.248273123009204,1.5332812239060178,2.7899514792739346,9.507580498276862,-
10.0,1.6053806647397997,2.3987973645928067,4.72768206211451,3.0070800776311106,+
8.724004518793375,4.460724166688596,3.75535276885409,6.757092080262568,7.783548733128239,+
10.0,6.8506726437597365,6.110525025763649,9.920534857846153,4.539688017128154,-
1.5147566760270936,7.918403628186747,3.210290044101759,7.432882020635691,4.577844614893226,+
1.200910994730416,6.3758413719717435,1.3115570869480497,5.8042702207211985,3.503877316705094,-
2.31827863731643,6.488273163647556,7.155979753708447,0.1808848103228755,0.48383080286494184,+
4.551414506152542,8.696149751957604,4.142422908154558,0.2715730191898615,0.2619465578928134,-
8.229428239940777,8.961462190236789,6.2783020734519965,2.8078859330400077,5.329101522505139,-
8.211385780959663,10.0,5.2754885468377095,2.377748418400869,2.301388001493515,+
9.570082266032479,8.643259070507511,3.840643503734319,1.2336436173669751,9.994284794725793,-
10.0,3.5789516040716176,1.1044017201170206,1.186839837264078,7.224249961127508,+
9.30551765123269,8.294244191779166,7.105641027316041,8.211371714764526,5.02667364429454,+
5.758644482575427,9.737171847954025,2.590358623190221,2.1009525959592494,6.903304661088279,-
8.4349738509625,6.752063693122995,5.555577526147193,4.1554105829207275,0.35918881837144534,-
9.974621691996541,5.964142640845842,0.9487296042450987,1.0982969441827537,0.315614709685919,+
1.7600323478214508,6.786317984572491,9.099495505036609,6.312696446223742,3.831109353611123,-
0.9299463077480246,2.3435526291336135,10.0,4.176037755082164,1.9709002388747356,+
6.480811478515807,8.715320276540622,3.404752292708567,2.5508402691331797,8.485967530794829,+
10.0,10.0,3.548253867309932,4.84943196505796,3.072106575519608,-
6.681690664136411,1.1759488942422835,2.8359781774433657,7.7580477380534285,1.6100971217497284,+
10.0,2.1647187539217576,3.294895991044238,0.5673213173157554,2.9978009172034112,-
4.874166926053064,3.8981334213920316,7.466997343281751,0.4531105643572031,9.656010428119558,-
0.12778528151547924,1.1577101686535864,6.024607345874893,0.09559558777025257,10.0,+
6.138710889069342,5.044451210289479,0.9622038851323722,3.3325219048705748,8.774003528935895,+
0.597222057567207,0.4953538692416392,0.3354202490469942,3.167820622479235,7.288949095630588,-
9.108351289385313,6.704436008115572,2.169300614996427,6.209142321245577,5.736416135753193,-
0.10568701137056283,0.6893604823437383,0.5360173457021664,8.49953010538486,0.01268918244175162,+
1.236760348244177,8.619395973711429,2.5011224155665204,4.646264042540981,0.5557865525491335,+
0.7085268924873985,1.2641193586568373,2.061521361873071,0.5727503043915392,0.06786553844860581,-
2.684042765631063,3.7269763426578706,0.16975380562624376,1.0310244693372683,4.679546727690193,+
4.569460158050412,2.319302391784772,0.2774174474332572,1.437415442615616,5.048014291925599,-
8.10952450164961,4.641016836875035,8.872652991209675,3.874201355801227,5.773371613536112,+
3.819863845534599,7.177778353144204,10.0,7.388263459575387,5.1915471880053286,-
8.435232661313197,7.259997809183261,6.031588153407871,2.629814982839709,6.871772880736472,-
10.0,10.0,0.11481840939853476,1.013377805926075,10.0,+
8.239911561222096,2.8823717991937836,5.088781915308672,2.4716687659957435,9.803884193065937,+
3.054409012489234,2.2216445129819458,5.867770073607356,2.169037266205038,10.0,-
0.6962947917451634,7.8027946833149215,0.7871014694340706,8.654799057471134,2.773977162635677,-
0.05173672912854041,10.0,0.38968639024436236,8.04529711288759,2.05802692954305,+
2.1498078544439405,5.669086788309126,9.789967138077701,4.021498508547622,9.476334099294833,+
0.2915021122712031,0.37857356422304833,3.4283166477958082,0.883169275114085,4.38708179140383,-
6.633418916306601,1.9781065697979416,3.4339316401862763,7.086344701980535,1.209951820944748,+
6.43331056778009,1.5530572356658765,2.1446475162853114,4.60702165661466,0.20673678112251578,-
7.7310903428021565,8.907983001519174,7.720397796631104,3.019962722993342,1.5478270490189883,+
4.033309103539198,10.0,10.0,4.397250957336159,1.580238977389277,-
0.8925757920015531,8.214503234122509,7.35855555446232,5.5632279879407225,7.445499622269665,-
0.5566332559286525,8.918215197786997,10.0,10.0,6.113261219241661,+
5.297400505308119,8.827873750547212,3.23687831968424,7.285249366644119,9.723616755514447,+
8.487672591460178,5.8141140577610875,4.982674018052321,10.0,10.0,-
8.918307667690136,1.9486293746893324,5.97946869646916,2.689342301180649,6.612797653529495,-
10.0,3.078132099343009,6.477383660507979,0.2526283063540917,2.4846665492736513,+
9.263337571148675,1.0273393186911495,3.339993516522719,0.32048245196811487,0.7896031046422658,-
9.668365958613217,1.5859136495716304,5.991478660522374,0.47173276595079644,1.532419184316906,+
6.605210680226844,6.106539004065742,9.886122305703868,8.20636831450951,5.173777157559826,-
0.8700787774464823,0.6003944770391855,2.4379863733295832,6.731115156281268,9.124837621928942,+
1.7632610891882272,8.789564783121936,9.178646130866696,0.19984962568546316,8.01391713772625,+
2.824019148055067,10.0,10.0,0.2885479665118763,10.0,-
2.666257025429756,1.8372576210729108,4.676513624229886,5.165926792228666,9.31255279190694,+
2.753151173189709,3.3950050787544446,6.181176503293304,1.0887111699917473,10.0,-
7.998516971450828,4.122466938341861,5.327148944552597,8.144893010064436,6.551665621668514,-
10.0,7.689237935907517,7.5229392023422275,10.0,9.898306985249574,+
2.360714617951775,7.698792023329114,3.801108485160718,5.484904451702417,5.582978468047117,+
1.3916948734215975,1.3834666432602296,3.761712951782746,3.1520082149911994,5.385112194309033,-
4.989393806393791,4.995737730906353,3.077153657833721,4.886224176083271,2.3199123432266022,-
3.3471349998084214,6.263281945466533,0.23166137293984718,2.039519608266602,1.3425262559420414,+
8.91137258745308,3.6863519330828476,4.636853519228133,9.49621611044817,0.7447403759796278,+
0.4879412489980801,3.7962767330863727,4.304882311581402,10.0,0.25144800324001404,-
7.407839177100659,6.953475666978568,7.595095815233968,1.3823490343407918,5.699746730118153,+
5.592434594282756,7.403863823093154,5.959105154829498,2.7272380142156365,1.2098507436786632,-
0.0022704784447924453,9.865258051168995,6.642522034871863,8.278914690345674,8.457654087023096,+
0.0028519218113296388,10.0,0.27395894803581017,10.0,10.0,-
0.13668165282516131,6.812890058801695,9.846835941759933,4.647845898129081,3.1870413619785785,+
0.146837154564181,10.0,4.248456328567208,9.052052399196947,5.432818751919185,-
0.9226423813790585,7.845408809956699,2.2577270506345046,9.96877755218992,1.6913584059587328,+
0.2054491945694633,1.8637381735530971,0.9991967627637368,6.51711845914595,0.6479975316547462,-
6.7431442811300615,0.5816253703157392,0.6483864022856922,8.67343471650781,1.9932153873748126,+
0.7431773008837887,0.2674306648675019,0.5760110682009316,3.360208948927805,1.755422097327967,-
1.4560308146738743,5.911112114419153,1.7335855678349632,5.744082286122323,7.270235393851073,-
1.5598928363024966,7.947917342021965,2.4769353731788972,10.0,7.699369392930238,+
1.9383158603682749,5.8132870851531795,9.119857940852635,0.20470490154462784,3.308122283609991,-
1.4567887845648309,0.6602051202150682,6.405755393347261,0.2076212901967593,0.9853294652583144,+
6.420493945955036,4.985725476823248,5.987065261007612,6.562143682016144,6.295850704135426,+
9.87807232213496,2.3201200752033424,5.463242707461761,9.596677515788796,2.036078539809009,-
3.3496502991434096,5.461346873205654,6.876009824404761,4.37302691432929,6.7843670765153465,+
0.19717496120604774,6.123209100671399,5.985020700586609,5.5672036771229285,5.473994825537207,-
6.390803371187383,0.9875534561010668,0.5871098359736615,0.3177387850019242,5.504899689788544,+
7.580812228409904,1.137797786966109,0.6075917108327212,0.2253563967572191,9.155051373665568,-
0.023881251585826657,9.288902222764463,8.913221765973518,4.621134811257374,4.662641019239261,+
0.03997041238351023,10.0,10.0,3.4739334174425403,6.308698557179196,-
8.117947831762699,7.976350359938009,5.169935451758975,1.7561581743122368,2.375585940817019,-
5.430662083197568,7.910916518170289,5.298287389819684,1.9953620829744443,4.047831810625995,+
2.3637658452554167,5.64582026004382,3.687364509740785,6.194299266319953,3.511329660489934,-
2.26699853560193,4.919923218410867,5.139373861128436,2.2659808106743293,2.5315243178576323,+
1.4425350030539863,6.092539184645917,1.3833095112314409,1.1299675439475632,7.932119093451609,-
2.656022214808608,2.1091774646433143,1.1706623617558518,0.6444395627222552,7.084708422543861,+
9.763867862350406,5.124669583855831,0.9982805894686875,0.5668037834030104,1.5456418378145242,+
6.024270484421942,9.763295705123518,1.626149459727917,0.2834920295728062,0.9623216182493671,-
6.702870762688614,1.0024030581931387,8.509818528660954,0.7997739888693312,1.8340766099251693,+
1.7495463994077867,0.6971991156929847,1.0597461940088084,0.15366099677943282,0.5458960495392602,-
5.045214050477438,5.939602565760421,2.3447112545855155,1.405049706447351,3.624081720940419,+
3.430485881157864,1.5095549192613102,2.047796588131701,1.7654936920216098,5.759034283791822,-
4.317000037456337,4.8360785142322396,0.9547214655642022,7.170370852981187,3.3290349646468966,+
6.131414361861837,2.0941074775782376,1.6726050727894703,10.0,5.525910187997822,-
2.660895300034025,9.878230166104382,8.567715049326164,4.975173889989298,5.049542289242063,-
3.0700971392243956,10.0,9.502531613968312,6.099914278645156,8.234293299852341,+
9.67744159580455,8.375068023134084,2.9135444232170205,8.076065092346386,2.4115673080029665,+
3.5418152384783723,1.9220321407240064,1.6625190071435485,7.934093713814985,1.8199499153801895,-
0.01721284655143762,6.149017476652055,1.2173497804119648,9.042281654513245,2.3895791654272456,+
0.012933413901617289,7.986380250840137,0.1612471852067254,8.903050103182137,4.760001071230599,-
3.6511849414027466,9.119771117863586,0.7315220071331463,6.999662928465165,1.3753246185266021,+
6.782194306644016,10.0,0.9656201807303951,10.0,1.8562137481657233,-
1.7768277432483892,4.139020345966856,6.785035020647491,8.877133639970527,9.244750080413196,+
2.073226166193272,2.020535361531958,5.193760962002423,8.932314661830295,10.0,-
9.32748506921937,9.452923929085642,7.229273056517375,1.1906291085763132,0.307265817523259,-
10.0,6.92689199758471,6.392713185243488,0.7292000042254482,0.025986877299570225,+
5.623139328666268,9.362099407802267,2.4342183854232715,6.327182249752404,1.224896631671445,+
3.9674722209792086,10.0,2.4757603351526503,7.422206195950698,1.6639741160143828,-
3.7046117702471992,9.945004202314644,2.6042240549459175,3.7676068964992346,9.550753055943593,+
3.464623367165923,2.476760300550889,2.5045778133442256,7.093355846749654,5.383682449018665,-
8.499831123087281,9.617356531327118,0.21976107399276912,6.323048328756963,1.4913852125490046,+
4.982455231645609,10.0,0.22275343821980165,9.5547486843551,2.0446916906563253,-
9.735546956557712,8.690871840623153,1.8038764080196268,0.3700613067671499,6.628479385429985,-
8.895787504168005,5.043914655343216,1.242974072971989,0.45757945684489737,0.001167476269999063,+
0.7849723357666338,4.3269282550824695,7.207476509249097,7.074660598515058,4.151375551548208,-
1.3525787284842528,2.741290594698397,7.356205873107483,10.0,0.12518608531817968,+
3.5165898422442288,1.6800125376223907,9.337899222171274,3.8876522018206883,6.248342138666612,-
3.745234508248183,1.9652151819241235,10.0,5.817047253972146,7.507347329390963,+
4.994847272274065,3.7852894097090184,2.6553258815293557,8.221856466453675,8.081000394152454,+
7.77314817217696,4.757012103854141,4.3894959551206565,10.0,4.79088878480122,-
9.976722619771985,1.0568655786482084,4.621472165466415,9.432954197034977,8.038333160889126,+
10.0,0.09330091603305686,1.6222752159773761,2.5045445312597954,10.0,-
5.477814189615035,6.1209695251335745,0.8842486054767296,3.0720235703327337,8.816469826892744,-
10.0,5.147640056266583,0.5042660770327578,1.4338056316002796,8.767129076527336,+
3.1011006478804637,7.591170528961574,8.882659913297966,2.9052303291972215,7.577117746734796,+
3.1388472312537967,10.0,10.0,4.837173635117467,10.0,-
4.634677790711079,5.541393944868828,0.34204336087906073,1.5238304710962558,3.6222825313028304,+
5.779991030238588,6.6414879705477246,0.4408171545277177,1.365362623896881,5.376409914393747,-
2.5105019649338267,6.310132707492109,0.9671022252390549,9.971643868287005,8.752878435097415,+
3.467520100788319,10.0,0.07550079995446325,3.2832633395006074,10.0,-
0.4625942416003459,5.034029782566021,8.280878824357767,1.9932352268734543,5.98757071695715,+
0.20277878977516395,3.9115462814771633,10.0,0.22925719453876228,6.335544783949195,-
5.1248966789698045,4.848807027938626,7.000460525010036,3.0044862598237367,4.053025684153551,-
6.278189274483703,4.8607325121750105,10.0,3.536014112955254,6.714147298105167,+
6.754178071685308,5.412573230331037,9.350903459188395,6.997016291907782,2.090230157154388,-
10.0,10.0,10.0,9.302027742940345,2.3114913546135263,+
7.876650518762217,0.9515040978858291,4.486121357234892,3.8090332468622723,3.380426725398652,+
7.935675648753967,1.4212517613316287,7.087761949566431,6.489613374122175,4.5179158534678825,-
4.142716035190578,1.4751018435119811,2.195158023587982,5.6124091667165485,9.47972239875504,+
3.804141136106578,1.400844303064963,2.194244702835004,0.3582862060762904,10.0,-
3.4861089161968906,3.3222068481821565,1.3435168781853946,6.940244303612449,1.2183024846198887,+
6.2867560442061325,4.035790730897273,2.4523011602164644,9.38439679401618,1.262871390607437,-
4.309940976791996,3.6449550532662767,0.7825575884408453,1.1342341286949509,4.127088697815186,+
6.716231362941738,3.4416850709957463,1.081707182200942,0.6153929892532914,1.919168096406304,-
6.500193926462801,9.425300688697792,2.2321337935467236,3.055621654262617,4.721157833873853,+
1.7137903862057045,0.7479658378588377,2.1023472883832537,1.61280998490314,3.1071648212777907,-
6.1571757339324975,3.095540853496197,0.28866191235601635,1.5785888947139304,5.476319993464934,-
10.0,6.128138279849392,0.33460582592924154,1.8980375514136274,9.093481882008335,+
0.8742545999958473,0.729003322919729,5.3740004720416295,9.392632366002573,9.026428259012997,+
1.5926326564007325,1.3273423801699298,10.0,10.0,10.0,-
4.89731940099905,7.039748184496764,8.257063627345298,7.762105556050262,5.590088011734742,-
5.800073307633994,0.022725000729663353,7.064706473781577,10.0,8.600861523887385,+
5.567973074561388,7.254727129666888,2.626539171099896,7.731917482995954,2.8693020050031115,-
0.6704834366641614,1.9763077834265013,0.5363305032261875,10.0,1.0127541567506848,+
2.5744354834989505,5.531722635710049,4.305047993704989,6.8750098104233635,1.076601400903785,-
2.192546209701176,5.833510983242445,6.709145139072123,10.0,1.0361805521015317,+
7.035366355348666,4.9261872461719065,5.440363788554688,2.900603356538892,4.927067140627413,+
0.6624037672766534,3.5584544045017727,4.093168251185112,4.128143855119845,6.679089855206019,-
9.950165057192478,2.5366652735102404,0.7934554442504371,6.940111762662184,8.004034839005456,+
10.0,2.818670088569081,1.5669890521052936,10.0,10.0,-
0.4791111855748509,1.3385189344249626,7.061700273730061,5.514433317153734,5.166518809620612,+
0.6317099849952482,1.384252349748716,10.0,8.102118618160798,7.313941758729382,-
1.5260061464775743,1.7960115479818817,2.8542534708118197,8.809452461800936,4.870689319601187,+
2.451663636489259,1.5747482751900077,0.8093656696775867,8.777888538893441,9.48954514900997,-
3.490836654244748,2.205745474785452,1.214473336142613,9.828982129059318,8.705791011084186,+
4.821681216462315,3.414837293453164,1.7399520264365658,10.0,10.0,-
5.543806636974562,0.8991648158634724,7.937543733736231,3.3895132127909755,2.1262716277096185,-
8.934394504461748,1.7933170442171633,10.0,5.986919219446063,4.186593738668304,+
1.411143582487493,5.19344641920087,9.988992198501556,4.5566616910653455,3.33990085028622,+
0.9459247274703437,7.382659533480745,10.0,5.102470901060521,5.76574064777444,-
9.745281588744886,8.261594768271937,0.3000806427624647,7.429909469720118,1.6643942018118763,+
10.0,9.005238722278474,0.05230041582224374,10.0,1.0467698033159731,-
6.47736426207027,0.140022047864945,4.522879883768422,4.358370699574822,1.4814083161974312,+
0.3508966517820309,0.22590778740601825,2.5672947879469366,3.5284588805202155,1.5869089837614425,-
7.790506378701048,3.8774084712324584,4.5869961080779635,9.194672670845279,6.666198442098757,+
10.0,5.203033253279127,1.486853479017923,10.0,10.0,-
9.46981031986343,4.1832735044935205,0.7032535084466585,2.0262265768927703,7.547708717424913,+
6.768174474089111,6.82822230102669,0.9818882902517266,2.4627536469508033,7.7889402619372055,-
8.488853429115755,5.886256215386668,3.643513606978953,4.8967907355842035,1.520260933347417,+
10.0,7.607976205987305,5.9300849530627575,9.548331070304258,2.8898282164812974,-
0.5672811647276765,2.1633452764712304,1.389559178034968,1.719760251099809,6.9188853683907166,+
0.7865087922609685,2.583734081513382,2.6029885293390147,1.9276672632964063,7.054818600612399,-
7.4125595986366175,3.1121862802693423,3.8764302131413286,5.982402091182614,5.351249712246298,-
1.164764220936438,4.368045047629571,4.1850456414164485,10.0,0.7742114912883272,+
0.11816037285608205,4.355179109908027,8.745384114224532,3.828995203190458,8.891030337502922,+
0.15843063594578313,7.236321836313851,5.807162573217285,4.851525466852021,10.0,-
8.756736314975482,9.96696626650931,5.03699782989621,9.336488514422435,4.353489214481913,-
6.888284863225752,10.0,6.053322639655202,10.0,1.4181228723730872,+
6.370884606910804,4.4514663107792005,2.5484612100442963,3.9251539085088885,9.446796541111334,-
2.042251120630367,0.5461373289162685,0.4566787382548076,2.3117144173928224,10.0,+
2.949756577987137,3.2696273279603396,8.529090240836117,9.792000094122388,8.731472859148571,+
3.2424610056564065,4.915774820141183,10.0,10.0,10.0,-
6.572057670175998,7.9735779759392145,8.513963206192066,4.393164961301083,9.63111813236782,+
1.4645870575153201,5.536872501853534,7.120947237684754,4.053449791405295,7.060796420572071,-
8.474869426184611,2.2014460249833356,6.238172470445198,3.8538270307673295,4.529108754930292,-
6.931701271183809,0.7322033528973169,10.0,1.6522844463905264,2.0459745699735894,+
6.295582862726075,9.427696973874468,0.7491808307356362,8.49536628450336,2.630056568782113,+
6.00343976615245,6.868783925968529,0.5939860012990407,7.355201059983753,0.2567667869767506,-
5.895153188252119,0.44889755979316326,9.541489572193795,0.7459923249002798,5.018284532919067,+
7.386106075671092,0.7167049808802956,8.302757321149517,0.5252318795067626,4.218269018627123,-
5.1690708996038035,0.699877089189157,2.0178410427549744,6.803063043402769,6.352701775540072,+
5.34019804709272,1.2253050148089737,3.7836422263657825,7.9728246291295335,10.0,-
8.019883044649502,4.657851601654265,4.335507887865855,8.97011466673293,5.390144721191446,-
5.695436062350527,4.336870488849958,2.309054554899756,10.0,0.07777266126465505,+
9.140134994052243,5.754811447462384,3.288076101464611,7.190929950453785,4.648538963911639,-
10.0,0.8804802920199961,5.075850770097174,7.353912615242268,4.114465258103633,+
9.942229405196183,2.044115185151872,1.7664606988596732,1.5599709509254844,1.166888461920459,-
10.0,3.5652151193956763,3.4058019054479614,2.7466685987026795,1.5865230368418217,+
4.672797011813835,2.6673966254248924,1.4661981870370566,6.7205528569051385,7.9627593581375145,+
8.025839271898846,1.0768916199533975,2.476380049930204,10.0,4.729956284639562,-
5.586374232129714,2.557659166699191,8.627892019902543,7.889072609207687,3.017037999711485,+
8.695900580219261,1.5646813121133691,10.0,10.0,4.602806435473698,-
6.961024462592512,2.9898443792082494,4.061378376932424,0.6734570529543404,4.116251038336914,+
5.482981322756845,0.7283083523966991,2.317965182274135,0.4482668521180466,2.7283372989248846,-
4.315679338354743,8.221711567517925,0.8373153274503398,4.821499359884099,9.197306867806036,-
2.7831031091374583,3.9765844332929423,0.7921078258810272,5.668757811203625,3.1138280114014623,+
4.047658882424273,7.259903540641624,3.8305644177173424,3.7426168676666247,8.75875860560727,-
0.43267584132146786,9.583991152575344,2.054339462813664,3.254998106718731,3.571216693106239,+
2.9477436430194635,4.003819936205161,4.609430226886539,5.382332090259547,8.353316561752653,+
5.444300744870772,6.057303580154896,0.132187115784534,1.3894636819691826,10.0,-
7.740133499181602,8.71785099865258,5.795014107219057,1.3457027961209234,4.888658080810076,+
1.6968195586060086,10.0,10.0,1.3942757436844417,5.698488788377703,-
5.428595336671473,6.875141762705925,1.1318545808807268,0.7910967440394512,9.58664742389277,+
9.071158152304198,5.106248237331541,0.4331852975956929,1.289566411950116,7.7347102830207675,-
1.7081021235348082,9.326654405121047,5.49641060755195,8.92537714595951,8.075740217819861,-
3.208999255015779,0.3283252530454695,1.396968007678119,6.312509381857681,4.373738639694007,+
5.7739398854661586,7.76681762366659,6.777745002933843,7.259027006724416,2.2913179621508606,+
7.461189209933242,4.120839441937633,6.6705008501659435,3.7397541430922336,2.5206427530686137,-
3.3340768169410353,4.503473770750945,4.957836796059821,3.047974954744057,0.6725581522061785,-
5.885287153848733,7.597152369248184,6.089000439516605,3.7988720899980524,0.8720543630343699,+
7.331921783181451,2.0464264227358866,8.61413304171123,0.8448177812793667,5.902993135515507,+
0.7299050543528246,1.6254360493321947,6.217658128962976,0.15622016435256253,1.254232564485746,-
4.9458400101237,2.074060482313663,6.006282348096792,1.037975249209624,8.271115443630158,+
2.8625610584511847,1.9928320479528945,0.40940188982047687,0.5108105568882537,5.242595227077412,-
6.902737226735521,4.337970000280004,9.48053008765723,1.382791422217523,2.593402246797125,+
2.9781241386690085,8.489668386202208,4.563577179866928,0.13673476279785388,0.7306715590412356,-
9.894847604640546,9.22564810847063,4.791972711646122,3.6445235417525756,3.9992142915385385,-
1.22421170218499,10.0,9.209067356115881,2.981594369514256,7.237159673206019,+
8.522254864263662,3.704772609497687,3.7878477623715803,0.12225251434693662,4.3220555677329475,-
10.0,4.099216588637862,5.266893583243434,0.1350469138069537,5.400607947011532,+
6.353756917995337,3.5936352005749272,9.82581457820708,3.1450797759497426,9.814932874955582,+
4.891501604631413,6.247504114694106,10.0,2.478094406278746,6.6230622185879495,-
9.501059503931247,9.35541567241579,0.1543171237753982,3.538791452932087,0.37462840019503174,-
10.0,10.0,0.22705005851290228,6.894246257391697,0.7428897399862753,+
6.976751709090017,1.5015187360463,5.130058070299334,0.879003444951918,4.640568102882141,+
10.0,0.8294847303711431,4.141671948524113,1.4551338933294913,2.9452195739135743,-
6.529736144323591,9.353740210500613,5.470609282411845,9.154179478276069,2.85018891123857,+
4.496579571136599,2.634534171950748,7.202758322713653,7.877599937676368,5.606268059028975,-
7.2257991742328525,2.7399861402656778,8.55504451987025,0.4802345172433031,1.7200682407642576,+
10.0,4.51949906425111,10.0,0.4602355246343691,3.29179628284763,-
1.2521956764691922,4.660210618996845,5.911644502685345,1.541594616548968,7.235599055581305,+
2.1390675385217364,8.141435133049878,10.0,2.4462313211673163,3.651161780569845,-
3.333547554256804,7.603773601782301,1.886018273323059,4.599241594384763,9.261323860966435,+
3.8106078377225527,10.0,3.3672618082136774,6.2134106905201945,10.0,-
4.476061886465331,1.86838062981458,2.4084494240585075,5.562040510090018,0.7404086010732891,+
0.6808341872337152,0.5120162061581167,3.681658820687203,2.727665593057597,0.9278549361765296,-
1.2069629214902455,0.24766759025706575,3.112187940192838,6.159301569351153,9.842365541241223,+
0.7746931501425353,0.1834092125065387,2.39064109691765,0.22864110294318724,10.0,-
6.100111395401651,3.6888314144906342,3.3583277116977097,3.425779212062132,0.5401665293489011,+
7.147223993979444,6.603304982891237,6.603563004792114,4.777867016011189,0.5896740774819913,-
8.673775233286351,2.4579380300491973,7.3455887574268885,9.45055907073849,5.260368274198739,+
5.61194522202111,1.060661064013418,1.9672663952631186,6.034045801083442,4.637787819115538,-
3.456410730942517,3.292141269174629,2.3664179703701036,6.302587147554054,9.644809770367752,+
4.12433018810084,4.560143356534409,2.3446415108917744,7.264418459666022,10.0,-
2.2626712721439923,1.4753121718077988,0.601528042385393,1.503155236610021,1.7648064624027027,-
2.763735244096529,2.131291325743099,0.4067060529021479,2.4282542609677993,0.3377915034136392,+
3.599444744829421,9.315131388852919,6.591628925303867,8.96857712627818,2.0684593681856303,-
1.05139991888958,10.0,5.7359409902895235,10.0,4.1167251158161875,+
5.25159855520601,1.2651375369886997,4.271023029416112,8.922740629671795,9.629848890659789,+
4.409907683403877,0.8910757563545254,7.9076118873856265,4.938234664984757,10.0,-
0.858630596756832,8.451514188902333,1.5920482966145144,9.214419808881104,6.888659082848716,+
0.46581871804445385,4.465186574388557,1.5422110335057904,1.8815289023198984,5.456314484168868,-
4.035245397245639,6.338853236322178,9.972884252746258,4.0917300910668235,7.876923529795135,+
5.956464278946944,8.64320549151322,10.0,4.885541142222132,9.597394522688669,-
2.0751079590683363,4.177277848205954,6.967588357873936,3.0000941106517,0.22144248280277723,+
0.3430477232367164,5.33982499407552,10.0,4.21560895684435,0.38350030608176344,-
9.00534834892553,1.4943366105783795,0.6173427764164996,9.895821574836908,5.601162593561748,+
9.46865799645937,0.5424001362801224,0.5295374405032331,8.383400945381833,6.992345453045556,-
5.584441121721389,2.412803863865017,5.673375118614783,4.546394304097049,2.3732327956912136,-
0.8908998382774915,3.5838887085041797,5.817506403301311,3.5561409339603056,3.3882161040748713,+
5.278664058058236,2.739928583849016,8.95957226115878,6.432600725875057,5.022926531709823,+
6.183421015213041,5.012283197628546,10.0,6.639210232736772,1.1069374159558605,-
8.168986845643282,2.6794758337794877,7.336978259080357,4.9367711089059725,7.22519004610461,-
5.989461649957156,2.6785221415706792,0.4810135738058664,4.102761920006167,10.0,+
9.738655579716186,9.178289961298807,9.305460592254834,4.823415570715451,2.767154553716187,-
9.766211075567004,10.0,10.0,6.147395535859768,4.7697263636667,+
1.013643069904615,0.709872321364039,0.03390215658897411,0.0029046070945459856,7.253780121400829,+
0.6292211083404212,0.2910846719376659,0.008326179337905826,0.002285136115919889,7.246421864603951,-
0.5199221786888619,0.8120952071595811,5.215619755389409,9.461477010147103,4.163328044226336,+
0.21077794307986794,0.34949599922867386,1.8345317912111228,9.112667600840584,0.16672072665739032,-
3.492182090014857,5.380937399937913,4.912088131780701,4.935732846580979,5.274684086572674,+
0.2722577950197391,4.239077011072686,0.856975501965774,1.761977263600764,4.852504264976136,-
1.5258640449000438,3.490507232161215,2.7373081172314073,9.401477693924376,4.418655926335715,+
0.0592529740863147,0.8699845100156092,0.9572228578311462,5.096831697040317,0.2720501560080347,-
7.45611177280904,9.077033537699922,3.490166076153536,1.002232235828402,5.018643724078553,+
6.982288460088069,4.105440986757812,0.5933851470736251,0.23612006154872134,3.549730163448009,-
3.348799215514131,3.1266697314773015,0.9647976090997923,6.501686721528548,9.048465621636918,-
3.674107672273659,4.86589221570083,1.444923402205018,0.39791469984180594,2.3638200802686233,+
6.00017693192769,6.298791532988347,7.00151156615397,4.744205953231317,1.6054292488327382,+
10.0,3.4328325518655998,4.75212439701666,1.5872956296695515,0.4588771121350122,-
3.7576519063519553,3.0202937557138734,5.411309381086522,6.510402331046203,8.322864328834077,+
0.9552325991060951,3.3662855442421193,0.2769856765602905,6.021114454534771,7.218806672738827,-
2.452315488600889,6.700818562924936,3.1769645882631403,6.419443266195438,8.4497760279394,+
2.868657137497723,8.254057934025058,4.055731623712858,10.0,9.484822588585354,-
5.195867198685681,0.178295799097673,0.16764424286524027,4.331787935266444,9.52820165281816,+
7.512765764578568,0.0029440201403320232,0.26196914774658964,0.3940823993226652,10.0,-
3.8947398287582358,6.746284128220319,4.320107083006418,8.679912586907513,5.933404160844589,+
2.611395723458578,10.0,6.207204909083959,4.589023359635731,0.05115670533331029,-
0.2040608332256888,5.060833735311796,0.7242887297346112,7.201854789825837,8.247451964058483,+
0.14196619737314933,5.075900814364784,0.788819352842564,10.0,10.0,-
5.969091881491774,2.842737935564219,8.10203391721321,6.519334906331569,9.688719923666993,-
8.714235087274464,4.244937274304275,9.116573339222672,10.0,10.0,+
4.313589581781249,7.273672745104342,7.385368639248502,6.262924220502858,9.436419963434124,+
2.246312993229824,10.0,8.290908182030877,8.116171260904519,10.0,-
4.889919727995129,2.8558707627000643,0.6960400539862432,3.5233118750017822,0.26383323963995675,+
4.446217824364128,0.9917626397351865,0.5897756134463841,3.4317329030222288,0.13663799319589542,-
2.3278063429263196,9.364956482680281,7.973804961653067,3.9583657883266623,9.588052817470334,+
0.8274551761236241,6.307488701238586,10.0,3.909458424580918,8.445984336436725,-
1.6479281838795812,2.7581875405642196,8.63984726185379,6.303820328760357,1.2234517442680959,+
0.7341034908265964,2.376074184497491,9.256165251349332,8.531941240676506,2.1499476732156433,-
3.8052521111276816,3.653683392996112,0.10064147719576089,6.146912297525462,4.038427842208627,+
1.5337381992934473,1.0414717817558772,0.1768731323711506,9.234941706079379,7.345513752272866,-
1.652387478926507,2.0733934629386654,2.6069737524279146,0.9635985387000567,5.745313687367075,+
2.7681020805559666,3.229001857170504,4.218033257872074,1.7109307518025827,6.316588138914669,-
3.8069427895053085,3.8734434529280293,6.795922462870264,9.161589419988209,8.144507726010959,+
7.201144890683607,6.275828755566384,0.015565889741456547,0.3168138802360745,8.2443103788583,-
6.944525453359111,6.471968963084834,5.505777605343826,5.976676505891057,4.361901545155452,+
5.913951440475859,3.772166031333856,2.183133491788723,1.2620724357599484,2.3156039663570227,-
1.4668538135632558,6.605729534376258,1.2994088095738188,3.928413947166497,6.755593984149344,-
2.4310718737492203,7.180426363416181,2.121661887833138,6.433834465332021,7.40766336268787,+
2.192187232920857,5.114071156020447,7.680074086519198,7.480029427319286,2.674596931783687,+
2.8760770606303914,7.957109032495318,2.3268809732071394,10.0,5.235605072028319,-
7.960475826350536,8.399788871942679,7.509540362026027,3.180350683220036,5.537086793330548,+
5.910307785012038,7.911607447334809,0.7381591919284316,3.033214865787669,1.361668174306746,-
0.7644950347485613,0.006489404347721495,0.37727728583895614,4.886858698941182,7.796712847737139,+
0.010826582891144085,0.006217135848215187,0.3205459115646385,0.18377739690066355,3.63797688622328,-
2.3858497782202814,5.604304719520165,5.930932268178576,5.39915973277949,7.602393379234389,-
2.5143818150641195,6.996492445514545,9.092842870833792,7.7308123322747715,9.490928918119668,+
3.1912665943600316,5.00727620313371,3.256279707151144,1.3685756047602826,8.373820320966264,+
0.3813756939887458,0.23002417179582527,5.947675946328362,1.0641118119618571,10.0,-
1.2632643864789905,9.029303351600733,0.7921518155733087,5.652734571891943,3.783068388339079,+
0.0863728822855418,1.497320272263434,0.5064218309556618,5.425360712755733,5.233676645131008,-
4.616871603800831,7.344665206291726,5.322121425581486,4.480097333923987,0.3686017605299474,-
4.7475981557757025,8.19059072922825,6.006215933890759,5.161788036018888,0.5325348708562412,+
2.971973024521679,7.915989498022027,0.613475515123274,9.69594162091482,0.4611501533715734,+
2.941569906721897,10.0,0.7578996727129984,10.0,0.5235922656334209,-
4.326266273102505,1.7181300246148357,8.992773262548068,8.54541370616371,0.9675842480496,+
7.23362962972072,0.2740042871216795,10.0,2.6218499250075813,0.8916319751967433,-
8.181250003031721,1.6285832348880647,5.513870655409434,7.008250140960934,3.847541370154235,+
10.0,1.3268035212047524,9.188064384067276,6.991197327071964,3.8435957655212705,-
9.349395418728147,8.117957925965229,3.4802935059134565,5.8533961392371054,5.916167656854212,-
3.289741878295698,3.3078220101977407,1.666499871126013,9.421170809748384,1.6679404017112596,+
9.96667882185048,2.836793237030073,1.3121440938143059,0.33385157738495486,7.80985695673972,-
10.0,5.526150277545534,0.1191144147195804,0.07864818761414216,10.0,+
2.7304294699475684,0.8154812159643454,0.252898528817318,7.247955176689746,9.358031512213232,+
4.459791853073068,0.8652159429606442,0.32184168778611333,10.0,10.0,-
7.336296313891298,4.05252846820763,9.892089862335569,6.803967515197803,4.202114618217698,-
8.118236032606893,1.8404295692483754,10.0,0.006838172785201339,4.523368952022075,+
8.395441555317502,1.1420691195464305,1.2445046020591721,0.2641328738042581,6.099962067902279,-
7.5050668935667275,2.0514629111851237,0.9138173137988549,0.18481594244194474,0.13007317280317357,+
4.056617148947035,2.9677459155869803,9.316052259592446,4.188578772411167,2.119839368552512,+
0.687109841740863,1.845182560468738,10.0,0.10311880666436672,1.098442925444085,-
5.373313101829278,8.201403976990232,9.794109672138458,1.1980066668207034,9.591208359301795,+
8.36587062591193,10.0,6.618492942522138,0.7694613043988171,1.064937023793377,-
0.2589806868874267,8.64992418264762,2.5935672257476963,1.2886403177301098,8.15525105234261,+
0.27171994737496674,10.0,0.07016835504586934,0.9148840317065738,1.9076951600738845,-
0.37521180534451415,1.1057279189784186,1.9803736642517533,0.14092801087381535,2.1360460654648463,+
0.5331353861308934,1.2097397437195283,3.342291419309967,0.19733042540157833,3.979146736962049,-
5.373129270906103,6.114993987573132,6.379890681570453,8.197663919296435,6.626852568299602,+
3.69756915910278,1.8479480815366442,2.9830028272905116,2.7762181311772656,4.407862115607193,-
2.5501432138046685,9.376930189364739,7.093376281736062,8.292851643654163,6.8095724967749085,-
4.740875805397455,10.0,9.238134867948604,8.92350398744795,7.896643312408712,+
7.193184684220344,8.701355971570866,6.672306459180906,3.0081137140154492,3.7722176521594744,+
0.8275245773389919,3.073160080301947,9.059066944143485,2.7717188530593213,1.7308851855856804,-
9.532772751022776,4.009479381922917,1.1929158162034859,2.1097092729102895,6.022027697959041,+
10.0,7.657916103530908,1.2679750170729,0.6001897037191315,7.364438436093943,-
8.387192621142303,1.282621276653192,0.23335363757549854,9.372760865878838,6.555388063874156,+
10.0,0.31000564562092714,0.4490639966686298,10.0,9.133013035247716,-
5.48344317485136,7.388045086975973,4.08230996608822,6.613472976604287,7.482937327841967,+
10.0,0.9521274295391642,2.8989473930262144,5.243738599929218,2.0680275885250654,-
1.8968037879520339,2.9065107139040682,3.673417675216051,8.261315339811587,7.994108754520378,-
0.3254157665539479,2.7375153527384635,1.7345671667600864,6.6958853909292,8.293051445025178,+
7.411267122713021,1.3915632211493834,9.427721084807786,9.53682155504008,5.046238142051035,-
2.5613208997891093,1.2150633458135625,9.272760668819414,9.586116905839594,1.0791673942758016,+
2.601351109411576,7.839948344316699,1.933806257708428,1.5375026297487748,9.912239669216335,-
3.563269819448422,1.8867541006535444,2.7850992530947942,2.7230694887134086,0.3803915727508105,+
7.173188386969955,6.658119816949469,9.588773094967806,5.073560571672901,1.0796328205992634,-
10.0,2.598513664918049,10.0,3.0957201457129875,1.842048513543894,+
6.87205300744232,5.978749010278952,2.2825507892224115,1.9888867494751028,6.852303699668084,+
10.0,7.736279628540906,2.9896417704444196,3.7767011741796046,10.0,-
5.268817745025881,0.16593229891169403,9.038824023238153,6.181256367500415,3.924425558567197,-
3.6115657792708515,0.04651162980849543,10.0,8.464335016596158,4.521504044499234,+
4.5387914861822365,1.6084819069476464,6.177759912950499,3.929672981213087,7.986307973778269,+
6.221173640532532,1.3360204019433728,1.3241087465104477,4.618542942771072,1.1558446960998239,-
2.421489001428496,2.1582309725453275,5.936644740480843,8.916704706457711,8.624972509960822,+
3.3958077861635108,2.0335622940042732,7.2896952901147865,10.0,10.0,-
8.103100152709942,9.719339420413414,4.159869593959266,6.705371670207473,7.525022920315038,+
5.854993387371806,1.5224426650965224,1.3430326033554087,1.4071046839577086,2.235597759543261,-
9.8166991938668,8.030107029710024,0.7937237044133216,4.949062374360937,9.623975247917594,+
8.147453829676218,8.328669056441818,0.9058090093403119,5.1635509159432065,10.0,-
9.059198706146507,9.295442307245722,7.323900245108263,4.885686646843917,4.245238900654927,+
3.2153430688493474,9.508279600740224,5.390762049662818,0.45129559256940505,7.950924370299977,-
9.995951769242893,1.47964774655728,3.850997962722081,4.9341716832780875,8.047641165106512,-
10.0,0.7261104135226412,0.11289283394663291,0.829109005493029,4.642058258238043,+
0.2134546713659624,7.921048674765424,1.4588003861258592,3.2615071380412908,4.611242084542932,-
0.38716979684217334,1.2732430939514736,2.728689128183907,5.569516583337105,2.0834196134814107,+
8.38812076194689,8.738348278472992,1.1436016502635826,0.9400796861452598,9.821276678411872,+
7.027790610070251,7.094916519158915,0.22519111578324472,0.3136895653401831,7.864624997243182,-
9.587131318307552,2.96487053631615,6.115411039774968,1.7559127655034412,7.653231378016457,+
1.4416767867888987,2.426776911827656,4.53245954146842,1.3190472803264497,4.91572259298086,-
5.65135486160862,9.28396868000518,1.003752705007963,4.19785132988581,2.103211243596835,-
7.417879996259646,10.0,1.9688866143880221,7.763178305591456,2.4144182849238023,+
0.18601826729699011,2.095770690492876,4.299864415853367,4.2830121002724075,1.3926408575851135,-
0.272392484713791,3.3056171502589056,8.45329772731922,6.904242005909301,2.767620939721733,+
9.746672079083837,2.812421865405592,1.7067484321592519,2.412269108689747,4.024329617122142,+
10.0,0.15291846950380722,3.2470442326328475,2.2620522459017827,1.8064388823650894,-
2.9225505622039893,2.4860475732733365,7.084762340483457,2.9391585088769343,0.6368317483932129,+
1.9698780107034035,3.4268575579707306,4.223078975290308,1.324095871335839,0.2475171685092836,-
0.26350587911017964,1.808236631775234,3.4961210094536965,2.169458329574525,7.821539141000613,+
0.32013263161622313,2.1759985228947922,6.920967413217687,3.751938130313969,10.0,-
5.969279540722276,8.251628472847335,3.1879318061315223,4.749330550774492,2.546853167834681,+
4.357683790529765,1.5177934110721523,0.5228870114339099,2.2752819833571944,0.8925202324108765,-
4.838543941467675,5.731716491122177,4.066721516502368,2.6597850697973002,4.905071864579893,+
2.0100934106691457,7.857218576960288,4.570316837891221,4.082362011141482,5.7271097159149065,-
5.777235564824674,6.953596290215559,5.739189510146293,0.29614087940118994,9.164183496300607,+
10.0,10.0,3.1997834417833775,0.2157087036023056,10.0,-
5.867642725022913,3.4543360846177693,5.7693944026019945,0.23152904688283904,2.2603144812247775,+
0.7311747580946166,3.1362657960991833,0.879327137801352,0.13832581025937613,4.290378762196536,-
9.056006755103654,4.7865703107616175,7.020126117157326,7.161075008380578,3.680545662281821,+
7.519701491081646,0.4063880127160432,5.8148714189716095,6.918652922826709,0.47932036623917124,-
1.9282196086510939,4.773141663147117,6.2432258506956115,0.407951641527563,3.417824251617091,-
3.077641107204198,7.992347417646778,10.0,0.05903321645353622,1.0643209232347568,+
6.993114461287585,4.826039703453667,3.2501910901193733,8.627734044877371,6.077437166403364,+
10.0,8.493828268431779,4.578461964949458,5.670054323107564,4.893530548877672,-
9.236890037029253,8.006281223473263,0.34187892404596076,8.837479663718655,0.9017630474675464,+
0.17797032469283036,2.772546414899395,0.18928418267402314,3.561507009391788,0.16719486319398952,-
4.947979283471124,4.914069777808999,5.662677242698008,1.160377181446085,1.7346175875457848,+
2.6483335541889725,9.166941391763322,10.0,1.6111577057204611,2.6644141230939202,-
6.087730977427446,6.7171330106630665,3.623514165712124,2.6558782604395157,9.028025952861672,+
8.031651558313461,9.285266526370913,3.673999239835314,2.2619506487447976,10.0,-
5.214880306661448,4.677489508724185,3.1312298750867984,3.1174042031114513,4.942036777441477,+
4.191018816961394,2.9427919647744627,1.2313365069587021,5.803186105475899,8.131617515082374,-
0.6454776198501999,3.022554241895594,9.468685565072539,7.769706599515745,3.1730511774597647,-
0.9767108501499709,1.3057902238704913,6.562632764079354,4.436751804105403,0.7597125360102948,+
0.2379234051588297,4.110420875460389,0.37480171424455255,1.9954739088917695,0.6880421641397494,-
0.4371060240289172,6.754959219631627,0.5779827539460802,1.9982073598070391,1.2567660340815274,+
8.22182792964037,2.4585840482504064,6.5901446069011,1.053836638980834,2.9579621140062526,-
10.0,0.9343510036330546,10.0,2.1001293230861555,0.08595891331241313,+
4.727581172562165,5.307876950418912,4.557549532401168,4.620738986190701,7.374529382065481,+
6.102476116039661,8.545493548562554,8.647458886519255,8.747427554528482,5.378050300861459,-
5.068960546215512,1.5603341593192321,0.4930102843104167,8.664286009595049,1.1064204036818648,-
3.917951320307272,1.578170836081345,0.3360416477978498,0.24619765952126293,0.4858060568882006,+
4.985757750380473,6.652868663079319,3.0758256987020904,7.267079881934566,9.943419746812861,+
3.058245797848075,1.7259088111470429,1.0527131544992712,0.07221812589677418,5.2725832913942545,-
3.1668922362342764,7.524472805191273,1.4664734679792268,8.029199071477187,3.008538705929864,+
4.112898384198156,10.0,0.5188595563151354,0.38249761327268367,0.20129937591687702,-
2.2548153652405976,3.963873399177389,1.7825867241329951,5.112012331496998,6.791411247165893,-
0.3567983682628123,1.3948422229340969,3.0539899302601703,8.043331334496253,10.0,+
6.8270009764034265,3.063634391532309,7.795150780382544,1.7132845226259275,7.8220684918376815,+
7.881035422868882,5.077905073500693,10.0,2.367003102117541,5.9705408306386625,-
2.880619548981392,3.818794295294957,3.8906726939287273,8.23152978096799,2.41060502091326,+
1.3815463831575667,1.864354679532779,1.8133432445440367,8.658975025884775,3.3997623899865568,-
7.225589087599849,7.242062131930533,7.914703591976816,8.35575277047564,6.871660973640578,-
2.2757572227200584,1.2068862637303022,1.6207663451702339,4.435074375061845,9.790110622411389,+
6.157213946661436,0.5229321568187106,3.447558544700665,4.79307612577255,0.03213804883937077,+
10.0,0.33848494446314,2.20155583430627,3.929397678027887,0.03129963505182085,-
5.563130870420236,6.443769220279961,7.160051839221751,2.3188721730886153,7.091983108235096,-
1.3889351501590814,3.1371541014573663,10.0,4.224029321202007,10.0,+
8.416456873199243,9.207358537073455,6.901301984679868,0.4270930601198575,9.904001222864881,+
1.5695187905003685,2.104741964852155,4.338954303067785,0.008990345011200045,10.0,-
8.228775207570125,3.115963948783569,6.267213478298265,2.6744912576578517,7.66608261298765,-
3.195827771753319,3.838396761260635,10.0,0.5979600033452446,10.0,+
8.522435626805951,4.712108789110848,1.9577600189176247,0.9837291926578551,3.2472132026195535,+
10.0,4.576047426038614,0.8640521839780335,0.04569099442350716,4.667278462323927,-
5.113058376718378,4.3720966853744025,3.3475437317867818,3.510912257029566,6.301104157816566,+
2.546317741798333,2.7405112743304976,6.142965453637786,5.454877946177087,8.269509823482503,-
2.4793567497106106,9.295685889487121,3.1391067196447398,8.252220581918081,9.428102357971222,+
0.6429725946212188,0.6060764130520829,2.110463177258727,1.3781499375951023,10.0,-
7.7756490014784685,8.251897626540446,2.7785017829006664,5.344102565380362,8.80290935000048,+
10.0,10.0,5.164448854918086,10.0,10.0,-
8.191727085548484,8.96910621793504,6.795345224692545,9.721624387857375,8.517179704526198,-
3.927585620074454,4.403967000677527,0.1426577172355778,10.0,4.339462987230657,+
0.3123652810105393,9.839877601537562,6.375143564742215,2.9932736712369303,0.3495818571649545,-
0.5000012767927684,6.334192821021162,8.504605694053494,2.349522708012542,0.638515461489844,+
9.334119535703739,6.79178594971428,9.627037086360215,8.946635147868466,4.598476816203252,-
10.0,10.0,9.924132279652751,10.0,7.666178512378989,+
7.611184703609696,3.370766176336255,7.9649959550431575,8.561155116872982,0.6876527649221653,+
0.8023240879500173,6.628857448320715,0.20407910200586377,3.200018735513528,0.45740613301076516,-
1.7938742810858765,0.12044749321623804,9.910316922056069,5.395113778771771,0.46185391227153816,+
2.754154843530453,0.13751295165427593,10.0,0.44812499946764056,0.5965564593004449,-
0.8905438540384947,6.714677929514155,1.578635346384517,3.712216989888495,8.709602550023256,+
1.263409289518331,8.33056279206659,1.6211694156016472,6.682153202911675,10.0,-
6.800612356102059,0.8812090564872366,7.263578750225587,1.809703573057383,0.30142846122973577,+
2.248362064022083,0.8747978246922975,10.0,1.5484471253055105,0.44718060171412183,-
2.7672817252332838,7.242567919977828,2.5724894420273783,6.57465448763205,2.305324274168614,-
3.6275383109857056,10.0,4.30650154681489,10.0,4.24434802728509,+
6.380181529752674,1.4743535833293375,6.411869149217518,9.680478630684668,2.232343458095809,+
5.012159373432297,1.3978287131481506,8.915699080511725,0.34064797069806024,3.1261768341757867,-
0.13614663854858322,7.997674706511412,7.139588620392798,8.316740976783196,8.398884766067734,+
0.21277036092993595,10.0,9.00187485770535,10.0,6.891494227324971,-
5.506189115500905,6.199969506378926,3.7734683216912437,8.735937677934608,9.280255863486577,-
5.859549602010665,6.4431700137539725,4.1606560681784455,10.0,10.0,+
4.538838624510202,7.044147370444261,5.6647567706573945,1.6630479350328053,1.9286445642501693,+
2.857941101592119,2.0208421773874137,4.696284979528389,0.9833887427149671,0.7838370600919389,-
3.7803921081569314,9.895863990006733,3.6274634073471113,9.1117755873725,0.8037299169393408,+
1.0100173155681806,10.0,0.7846916717266698,10.0,0.2099665349413107,-
2.884837397391383,3.614670274967172,6.257697272377278,4.358229606834526,8.638350570783853,+
1.0147781800721998,1.7826624712307477,10.0,4.736003798305621,0.26073796785568737,-
5.773675770962669,3.996713433808999,4.7089965254566755,6.069778932895142,5.769113298386392,+
4.676017526719937,0.0767268114302844,8.085304501109688,2.9788210455720243,9.784345754363692,-
0.20776886365888259,0.8854609251086276,5.343698625425478,1.671919450366297,4.68764562137855,-
0.30625063574540384,1.1523315889683394,9.422157233798158,3.3273528279024145,5.563122009292451,+
6.300199524324192,0.9576934014274507,0.3008978980927035,5.72601709710567,2.977328801528362,+
5.9614204459182885,1.0817862195648738,0.014032709336187265,4.083767531604251,3.858777706333592,-
9.781311991942438,3.8932772026626927,0.08489975976656461,1.633417951350008,5.301604724867817,-
10.0,6.087160858432077,0.16930576288936147,2.298368307149766,6.826204881775857,+
6.40709737114477,1.9828409162180716,2.278237900874883,8.084968192727642,8.674707116877736,+
8.307898087302824,2.108009181922484,3.677780172448427,10.0,9.89534107236383,-
8.124344792194949,1.6321284989339857,6.504907198524007,9.178878185832186,9.721112980886733,+
4.93864296153351,0.17683883669909378,1.8238641408644944,4.452808110601981,0.5331969023274875,-
9.664268016199332,0.010769642705721338,4.639879268855872,2.445629701921902,3.7189883037492533,+
3.0916544233335794,0.008563772395710956,0.4043852740623575,2.155517377368391,3.2401991905731604,-
8.24735086660902,7.7581018564235915,2.7538470148460448,9.402117560516022,6.108934319299434,+
10.0,6.322433991124451,0.2804366784537328,3.6087067897690988,0.4375363615509328,-
8.75777307268861,1.3930437371409354,8.10537446747775,9.987270954387391,9.961381733202636,-
7.755789936389299,0.9811365718492984,6.9047162052358955,3.981133429370218,10.0,+
4.2270568899959295,7.358240407440516,1.498115354963615,5.4038109450308855,1.0823846242533552,+
6.132994021146643,10.0,1.2027172601089633,7.48870930370254,1.3952377062545354,-
5.495451074158746,9.553682295903892,5.712598399408079,8.846870753996757,8.058270881923976,+
8.133822892260046,5.285790575201509,10.0,6.1890881752869875,10.0,-
4.01223781324362,5.999248476853137,6.8771030013331345,3.6493833965497338,5.350887908632966,+
3.117303932765202,5.1679839542728345,4.961761547270654,3.1509760710231833,3.9189043640524335,-
3.991527948155075,7.557416317955054,1.6034855160107164,2.2627059139634875,6.540202224844835,-
5.665450076595337,10.0,2.666822190389417,2.9330259206381535,10.0,+
