7.249700098259422,9.864336427626348,0.8730435783372614,7.95680528797722,1.3894550092843605,-
10.0,10.0,1.536977615372403,10.0,2.171422861791135,+
9.425436217054058,0.6869745237905234,3.199793472790927,2.9646269756975663,0.7543113684762626,+
5.82410820109419,1.2143002243804144,2.9204227819268134,4.382865731026281,0.45807158343039966,-
5.438454183601895,2.2140715091971144,8.320175542392938,3.224486945176037,5.652522690905808,-
6.156819944670386,2.3198887770533916,10.0,5.675637029064452,6.732838612675318,+
8.636877039274474,1.9289287652440035,9.201080119837023,1.658258523276559,8.573664965624038,-
10.0,0.5947502903454386,3.8665707360927137,2.7574053704459947,10.0,+
3.4846140240910497,2.1572023429018996,4.4416938069481215,9.250597222464652,8.889992049613824,+
0.9904268293570309,0.8403713114888502,8.044439614868566,8.226420687215567,10.0,-
9.898037657107942,9.932362851073398,3.616237212290949,0.59984367747831,7.644801968488631,-
0.4233832847352487,2.957656790344562,0.06932825547762764,0.8940523153698235,4.519332530583756,+
7.505911167601548,8.84216872106611,8.890164306109142,4.722068153008357,7.179648885310025,+
6.275519911998827,5.981869188430788,3.8780086921647148,4.092406426722824,0.07528906787356934,-
8.190069766968156,8.815328084931096,2.371695059931339,8.98482526659189,8.413114877035499,+
3.575630155676594,3.08772033313376,2.180226149576406,1.756108035815111,4.953387386845634,-
1.9746640932479231,9.336045544844502,4.596748225569481,1.943103591266968,0.18042067843411447,+
3.049017912803184,3.911767681927272,4.814370753706907,1.197923996683235,0.04123272402858566,-
9.942109675436802,7.321621224134881,5.13788333022232,4.461493430778505,4.525025241705267,-
2.6859683410390685,5.07616889255986,3.554580313605373,5.685262618405035,2.372320628207699,+
6.304337321887205,8.756496959185826,3.4446372154576643,0.9901049115019722,1.4303583999423863,-
10.0,9.717499182646943,4.169082718451346,1.856457950182558,2.5018796659299465,+
0.9627357380420642,8.386297634663094,6.3377224059371144,9.544244485463501,0.6959032556731082,+
1.1054289271432562,10.0,3.381960937726616,0.28413329100953255,0.4690660183025274,-
6.693761677577888,0.7510419805280977,5.866814200534297,2.451001058969905,3.1315560267240694,+
10.0,1.370382318566253,7.469083967683852,3.6357415523325822,1.1414313455856473,-
7.383953754599033,0.4998199109861545,6.501370470811185,1.9460532569792144,8.236179717671995,+
0.8676522691156096,0.2448724613109613,1.690466484779431,0.4635869968598061,3.7684776440576577,-
5.895653564147518,2.547601915873999,9.880183999378499,9.330870044084355,1.9414948581862024,-
6.212276964436657,3.86036165544544,4.175926812885185,10.0,0.5571332393512688,+
8.521018322377959,5.4198396109747735,1.4729896463034808,0.6733206675602144,8.107468936572896,+
5.279923856229322,3.8344303770631614,0.8509854243096039,1.0021412828103835,10.0,-
2.8043959300474066,4.552743333686563,4.6449567325303125,1.906694541806092,6.280939816985599,+
3.8493153606283013,3.6035123398898783,0.9403930664053332,3.161832554115355,5.218078911196911,-
1.622991043499482,5.149900792074476,7.480028396772194,5.640029018233639,5.489807986078695,-
2.420705336538348,1.388053516172684,10.0,9.15121570944949,0.07700487075534596,+
3.8983182427765795,2.765503018906317,5.294690702788586,9.487720428881774,4.826925441470439,+
7.778630546549985,0.6033616321661656,5.788829675012343,10.0,9.138978802612362,-
5.0556600498084014,9.110248719596253,6.927732177854543,5.206178786304024,0.8270167043887,+
1.4607687125620927,10.0,9.819558720730754,6.821469340746868,0.9865665638901436,-
9.455162615934295,4.909664984770419,8.023480465309408,6.560096996002526,0.7625527543937194,+
5.360492270582207,2.5042293667177526,0.6487773608455887,2.396237351537543,0.4588200406018988,-
4.17253702743912,6.686822332365637,2.502234748513288,5.362942548482511,2.853450187935568,+
1.1890917814854047,8.794348998132847,0.4146960396766751,9.731638497622217,2.5460461509931367,-
1.0364753704098462,6.585521920498275,2.6979739062672725,0.2209029331687673,7.9512543980622326,+
0.3839632016339559,10.0,5.283072546750844,0.35095245265131236,10.0,-
3.5576682705274134,6.992181420907975,5.130145796771677,9.255357977802161,8.60682747101016,+
0.30328426380923096,2.715356969133468,7.438394357692661,4.559474487598448,10.0,-
7.334382681968343,0.8217855885764058,6.627019314578212,0.3644153100760472,5.36459795240582,-
7.560924578321349,1.6434354671005311,8.180203829593447,0.5217269926689312,7.7700879266248215,+
6.193803642298111,9.586888363276104,3.8394247868413567,8.703788529298171,0.47414331577950164,+
4.665236156523027,4.0259185751096345,2.2946285905876276,4.105250967275435,0.22223910517199938,-
3.380184126143091,2.0794355369470585,5.461256888690752,6.173705258837029,0.22361035853593836,+
4.87312226918201,3.0927660161636132,3.481517641786293,1.430001693188368,0.031073312058689483,-
9.181553258631002,0.29890543341852815,9.747919068115285,7.1334046006816525,6.87305660587132,-
5.026616965479109,0.09400569956132941,1.6013853665825084,5.619768877183298,9.103175785460436,+
9.122173693531993,1.2458259566799368,3.009639742228125,8.250138020430304,6.30407361856005,-
10.0,0.3206612796638297,2.490925269637821,6.869548183273201,1.0707551700690676,+
5.820905824782598,6.059297779718644,3.990104543219073,9.944798591293951,9.107663165036405,-
9.285265039191787,10.0,5.549151768561106,10.0,10.0,+
6.051917614541795,3.0090887942715874,3.7914498651578055,0.5411259519889999,7.292496222770764,-
7.7271658588707615,4.122771049269239,6.277815555348067,0.7357523006296133,10.0,+
0.8633776290451822,2.9482543970544803,6.99005622796427,3.7406430537981796,4.714749543860531,+
0.2521687894432036,4.243042437312368,2.4844612151463155,3.576581212663795,2.3982700463602526,-
9.210629555121134,2.183287710222721,8.142077420380327,6.415944306254758,5.144725924507554,+
4.075658560361055,1.4674743692077996,1.8760904271328709,6.234610980912652,1.6270794787666678,-
9.037628089692648,7.772351497315072,4.497406235062275,1.4531225384096447,2.818115088555546,+
10.0,10.0,6.483326830385406,1.2308957857596536,2.978900707849135,-
1.7018240461024314,0.10467474213125993,3.7727001611438125,7.00320116671508,3.7976603925838406,+
0.14273817204428804,0.06620820245765177,1.0466512082924726,0.946243054997583,1.2846811117837291,-
7.116629738388818,3.0556028463737572,1.6590326943838751,3.5773710655269753,1.5172413234255422,-
10.0,1.393147626926979,2.3035169442104495,4.892882047829605,0.4562366577068022,+
0.19506688952809048,4.920227080644203,8.78593902923683,5.911210525097143,7.517312937746386,-
0.16653813076579674,4.4065926768737285,5.449883253612574,1.6304537910863548,10.0,+
0.9503095921185212,8.629733473569923,4.160795411400377,8.10332389082567,9.399809447057617,-
1.0939100821661059,10.0,6.903012671523664,9.38913157069712,10.0,+
5.95908169021528,0.5056472289986136,4.31200159818669,8.953413111046448,7.577174258872202,-
9.737645826033686,0.8220029623596135,5.757254624007218,10.0,9.858930442174895,+
3.866830888509698,1.7367047895870313,8.422772446473383,3.02024410459355,5.87267194873391,+
3.62374670536203,1.6491683988026133,0.816540725789805,0.6380606460697922,0.2806236074814419,-
1.5683767921430636,7.480778254372318,7.538375235083464,1.6479727331904714,2.0283869174336813,-
2.9727718277644155,9.052853594072285,6.198325165622885,1.6122942902971849,2.980668279920549,+
5.312116805474146,9.60698319571468,0.7053370062598763,6.680800187412455,0.3995254828510586,+
3.088838588301971,4.572881275896921,0.8428796953688812,1.543950895856567,0.6259513063664649,-
1.697825681857259,3.96263602503511,1.3900623695642111,5.990009396975258,0.389526343293064,+
0.098246714375789,2.9014181110568655,0.08093861789515853,5.052383222457696,0.1974849017129432,-
8.067308275692602,9.815245590929026,5.76562983679603,9.554501927712796,1.2586226382625232,-
1.6849702436042324,10.0,8.788607531525253,10.0,0.18805218516677147,+
8.479107649706746,3.18924680481119,4.045615451035548,0.6131759930642211,5.690313213518645,+
10.0,0.31879145769636263,3.2760176287742677,0.524751732881248,6.111681055177629,-
5.724541815692067,0.09422182668647805,8.641698767860387,5.7259072931630985,1.3723717926115764,+
1.258551319044351,0.013089375971301363,6.702772592237487,0.7030418846895361,0.2569352982951865,-
9.000669669405921,1.4546186074325607,2.36044240358001,2.0377803556755083,8.881706818153901,-
9.85133459858969,1.6330340858069226,3.5968663272322616,3.715881499565524,10.0,+
2.9452038532457436,4.075933310125112,1.0298139026468234,7.53249820922621,5.214155692237248,-
4.350029874045975,7.009974425173214,1.8487108092253068,10.0,6.233225603713958,+
7.903494453278651,8.426597188575562,7.757000405594513,9.209411574196789,2.7512794869710433,+
10.0,10.0,1.1059096638114332,6.1585989782581585,0.24026460676534514,-
6.37316971440584,3.273478776705395,6.920225829323402,3.0683975602730564,5.099330965460682,-
4.801853554858442,1.153455353767798,3.685495893115682,0.7571371096942306,5.517770954476798,+
9.579892281161227,1.6974984349186473,2.198550738853833,1.8097349394946105,7.6686012910104795,-
10.0,2.9933211441351015,2.784767911861312,3.516297733298564,10.0,+
0.5519097459594879,1.7427953773078542,4.15752930100163,6.153145264782717,0.4021395763769753,+
0.46129963226701437,0.27356839995360877,3.506589292359418,8.483383027793609,0.7717094718174201,-
7.685077027576601,7.453032357613148,1.1563497776108156,5.254952666818991,6.718863754558142,+
10.0,10.0,1.7352983889236702,7.79433945441228,4.13539680567059,-
7.352210368130594,1.567380941612051,3.4334747693636025,5.207488807388545,2.8992229167679637,+
10.0,1.890423959257914,4.668713860940465,9.448368242667405,2.5357376607187616,-
9.158437258204216,8.34245244406693,2.698248312010133,9.834113868616903,7.3614648827392335,+
10.0,5.054673697478352,4.160604604677272,1.6460642552663542,10.0,-
4.5019436694371535,8.594801203790217,8.88715010818274,3.7975227394136892,7.117819939866299,-
3.4490220620453536,10.0,7.350510946633537,5.148840784824081,7.217532674565717,+
5.208276514333685,6.8678892584889795,6.752288935730242,4.672090195224539,9.946967525778005,-
0.4575712055868388,6.399497058601357,0.14010070812578823,4.886306705214987,1.8911794405742572,+
0.6216154629131909,4.429244872177174,3.3978104326943646,5.992143869017045,3.8454169183784215,+
0.572403300995256,3.1851225868968247,2.2494435913643254,4.296069141865573,1.9235300632900063,-
8.66939925075023,4.342876219583319,1.3651181089292141,3.377615966755616,0.43273546771386284,-
10.0,4.607363963508394,1.6862902366874566,6.133103138011816,0.49452125894385446,+
2.6418397487092826,4.524162164362667,8.883592379467196,5.918137638925404,8.562495570322973,+
0.5867779725782051,8.49829884295332,9.30080672642372,4.833755423403766,8.360301346481732,-
5.977645228572339,3.9709765892592666,4.675380404828845,0.14828615182635563,7.034316646982441,+
6.359115344623295,0.5384653298193012,5.604575821186667,0.23136561221037372,10.0,-
0.5356447834664768,0.34029434026954464,0.9406148636929146,3.865507822814971,8.512287752910662,+
0.6602085568437711,0.3371107144576627,0.49777051948682993,0.5286663695329565,9.38331504246337,-
9.33622156995244,9.857178003856488,6.98277233861341,0.6211943066388659,5.609694661916121,-
10.0,10.0,10.0,0.8295277596343129,5.636503735174402,+
2.8881358784047895,2.4410232458170644,9.605248702255714,9.878898248031051,8.454123075780327,-
1.2664317266301162,3.67784443235178,10.0,1.999059762457345,10.0,+
0.9455639984951791,5.636782701771067,5.0460681912181276,3.5003235381996403,3.236148247565519,+
0.8814875081283707,2.2299233552472315,2.589781740097232,2.6901870280595412,1.309470724871747,-
8.65681307199589,1.4397531809558173,2.821221734249222,9.22893961445877,0.5550904933380285,+
10.0,1.7744648894363082,1.4906180624799636,9.482750323360492,0.609267336550232,-
6.28535394764252,5.825658847818841,9.03937672164114,0.5819768719621465,0.9432524505185202,-
10.0,9.96917969717458,9.600493128816481,0.7184123376258214,1.6885696836899395,+
0.6591177035900442,0.38389929979572135,3.252470474757888,6.347239542707932,1.8035050318798818,+
0.4114420840425604,0.32675040114376774,1.4935442903202407,4.851260742636138,0.5500182109693659,-
6.288086813317797,1.9501455547889235,3.4460627966563195,0.26227599575744165,1.2216576831477988,-
10.0,1.2316813961359412,1.007415409994856,0.38899886146277574,2.2568022262545973,+
3.712790022397079,9.90148011511749,8.79741774529239,6.852354803415334,3.7076450629113964,+
4.5354352630437855,3.857795815685022,1.7052396624339734,10.0,3.31027077650932,-
2.6805625436229996,4.408999765177666,0.8798024402242233,2.354198002101162,1.4967648775259157,-
0.4699064476210222,0.13471774957527646,1.155424350766679,0.9437223452560501,1.0227688058039963,+
7.85392801831563,8.429515409966776,4.905998827202697,4.023730192522553,9.900051947878337,+
10.0,10.0,3.23276872684427,5.5179054582168385,10.0,-
9.972196858830886,1.1241157465329399,4.6851759812698806,0.7248667921819074,4.234944159718877,+
7.272193719968037,0.5641459394532602,8.332715513577957,0.152615865337477,6.2627213965494475,-
0.3131668966255785,0.040121413623650515,9.389451046279765,5.315831271019713,1.2019953762712243,-
0.11729327995860099,0.030754326978759537,2.2091082752350735,1.3373781328081977,1.4010791755847134,+
4.437167286341591,7.016806668290433,3.3755556839264744,3.0317157225939786,5.755518335882353,-
2.6520282110141644,3.9558906003141163,0.33542058155791615,4.8098118878335505,0.249932583110086,+
2.385624836172431,3.6832909898084454,1.96327215829725,2.9488440967311447,8.87393683649121,+
0.6229252353351887,4.807863638486845,2.5753173383714354,1.0949901774698267,8.53317751243045,-
4.408261836768421,4.286973159311417,4.060725467564694,9.414197484157965,6.589868825859697,-
1.2275101203308476,1.742251734345294,6.82653005045755,6.372848493526851,5.787566004901682,+
0.3352546728111305,6.82368639594075,2.078517909627542,0.005048583439554166,7.984238019124548,+
0.0014293047340123227,4.828403466712072,0.6701637868015228,3.687199682362342E-4,1.8440765104413082,-
5.887221692948197,2.9744026723003127,1.504404799455219,7.927223658559038,5.897585002202504,-
6.56443848769976,2.3785819635354124,0.7369128832236653,6.347447367354493,4.229711874709485,+
3.3927189096313413,6.601240825347116,7.778875069725311,0.1956627361112817,7.215954335057888,-
4.258853339623136,1.635828087174401,5.451175332728895,0.3003618914328804,10.0,+
3.440699495879622,4.644151555245911,0.25867246179996917,1.3719279260114214,1.3953231088866591,+
6.817568040342156,2.6540238901827067,0.07759574550655761,2.6274392609419723,0.9723249311935809,-
1.9544078043203372,9.57862318674737,5.882376806102908,7.831776202805571,5.641491475945095,+
1.0996872021951865,2.837949252858742,3.4270582288810263,0.041600251875919474,5.502676655855344,-
5.804301832139532,8.856495427351286,6.6283314349814955,4.182822685799748,5.665372325553846,-
4.682245361925399,10.0,4.041568077509126,2.067123638206697,3.761168591435674,+
1.4841160370425088,9.253179719789458,6.203945268335975,5.835208107808228,8.933463079671748,+
0.8091709037078426,8.383748994980426,2.562797165113878,9.332607980637208,10.0,-
9.488296642790695,9.70835036359886,0.6481061454246462,7.2438819100977545,0.37553612621461174,+
7.441718463007764,0.6441180804196212,0.5854670299014185,5.418778019739796,0.21593833001365484,-
6.910557354515149,9.235377609508681,6.9573994370072505,1.7703495577908424,6.772726340106195,+
0.7250831438901638,5.31390116195292,10.0,1.8400854065741734,2.4493585833659797,-
9.900946054029923,0.8781734392951357,4.9928425560820155,5.4117914400037295,8.552799050920573,-
10.0,0.47789104870890403,0.15625647965591893,7.315512424336471,10.0,+
3.899403680735775,9.496564218426329,5.396288688858898,4.498267938433812,7.039584703044952,-
7.638948222055264,10.0,1.2009881534614977,4.179156745165978,8.943662866372497,+
9.523860086466682,9.68290267600392,4.569575123107023,3.0334672206201,7.3816051556101305,-
9.970850569072665,10.0,8.027129871230681,1.8720810709279105,3.016321767602374,+
9.30175612790582,8.519423234822563,6.941691830290706,5.0470080511412405,9.415409977347592,+
7.6609991089066005,0.42007925863948553,10.0,6.186710576027848,2.066966324679315,-
1.6915095387536039,1.6758534933312297,2.1345873750351094,0.25502228567484964,8.459759347903391,+
2.7033060162995453,2.922376415100702,0.23728268402163505,0.22999561555409886,1.1856168088252337,-
6.977637574242172,3.6696072814708836,4.651947408349841,5.356148642194645,8.100433358627944,+
1.878267598300616,2.5737324531071426,0.32728332487458883,5.0665760927165255,5.035037481181797,-
0.7392005845618521,9.184027501479141,8.75615685915827,8.771330830536463,8.540494102966806,+
0.4603742358644323,7.7572273033057115,10.0,10.0,6.731430203665103,-
9.60710624863769,8.571748115012323,7.798977212221643,3.874974992987413,5.255050071785382,-
10.0,10.0,10.0,5.367285164652276,5.282550558182781,+
2.94846217540224,0.31531942370516375,8.42276823004817,1.7745998151050113,2.1457296005046658,-
0.051535123126100604,0.5850091992178627,9.93923028315529,3.1016262249980806,0.2425474651540114,+
8.681955206589949,6.7356461953432785,4.116491673947811,4.345516275458258,7.650238165485178,+
0.6293378605933706,10.0,6.622295044252221,6.571102175386514,10.0,-
8.829620250650951,4.27975943736816,7.758262986007205,8.205245365006391,3.8297725856577824,-
10.0,6.697257291580567,8.623079592634998,10.0,7.52725869645909,+
6.776364438334969,8.419698591397488,7.734196004349342,3.9772841097185294,5.409223460428407,-
1.6017839069023627,8.351997822574718,1.7839855764389363,7.323378061968198,3.946371146425251,+
6.23111774380468,8.492474986278495,1.4835363103988908,9.400160756236808,6.8008295594379256,+
0.9702579824616336,0.9862955818251791,1.1179269282467594,3.845716331760791,4.55347471185916,-
5.7540841344533975,4.3881093728320835,1.8453349296632426,4.518647531497476,3.6619337447113907,+
2.699993922346355,2.4169762938490376,2.8880585577719136,0.6283982339621018,4.447658629879421,-
1.6231040118532902,8.122509753307183,5.6685442008795945,4.202479082693249,3.37666639765281,+
1.3054462696866893,1.2314539267329052,3.838510618639799,2.7525810828354804,1.1504371356720065,-
0.16830213674418615,9.220445446769785,5.133427757061497,1.2924149450003797,8.794580897383938,+
0.12760513063036988,8.671794103034095,1.078323479820697,0.6869562161329519,4.023133653369044,-
6.959288084736683,4.468764291382131,8.016355888234672,4.441823802795531,7.179505397888432,+
4.213490892185244,2.3616890403742725,2.6669220098949693,2.2601659097481406,0.358854735335505,-
6.405071383594702,3.8419929512257687,4.335617633597697,4.7209925953566145,2.104379320936549,+
6.496345851827283,3.8899964381930663,4.343357672552154,6.677591218086882,0.7604008109916178,-
1.7055383804306812,3.9669961730393934,0.22379653143303035,1.6354986609845168,9.447652156342478,+
1.7153397475173542,3.593103377337074,0.13735071867468934,0.17644591590428502,4.981714363142978,-
2.2464755674365766,1.9536295677702387,7.168538913505779,9.393777684726892,0.26033075642172165,-
3.1735287703274766,2.740299326348293,9.719565716313967,10.0,0.48566871574903625,+
0.8791701401883678,3.2838568255946052,6.0487718925185865,8.807938728705814,9.954110333393103,-
1.1591575525404894,4.7396504809698525,6.3919002042427655,3.057103758934266,4.5571635315634555,+
8.75800310326542,2.005726411211427,3.755710031850618,0.1231357247139131,0.055597600794387025,+
3.0290326062659605,2.3056463178041797,4.561341682898768,0.1835701538368492,0.08017345017369402,-
4.656145770558574,0.0019435407490209222,8.80363648195625,1.5961610992516484,2.470131047398257,+
2.4608207597962535,8.516418911231249E-4,3.546121581511103,0.9165902565992252,0.8543337112344178,-
3.222962436918113,1.336931031886841,4.171513262449431,6.445820216481177,7.9944134854866,+
2.081376233616365,1.5360786640584012,1.0623985710411599,10.0,7.335549012525607,-
5.944722303698747,4.836424964106024,3.549959388316699,9.995500550569083,5.0888027728053755,+
6.9670388834584545,0.2226587307936181,5.592293217947886,2.9735988894799052,2.791261349843709,-
6.306408020260065,4.890834607711891,4.787235284717404,6.692641513282499,0.7525161884445475,-
10.0,9.546181465366143,5.466300223174707,10.0,0.8987697648016574,+
6.54292087801489,1.2897267707154358,2.3198442976311826,7.572612303118792,0.628968300841497,-
4.488367166914904,1.4470881041659232,4.388596558481529,9.076788163249972,0.28710428166073937,+
4.3454230784607315,7.6068108234591705,5.513958016836034,8.351799415474686,5.144905245052039,+
0.8766334713522844,10.0,5.701897254046861,10.0,5.064979138047911,-
7.726063308887553,4.345999161583212,0.7018270311412544,6.974946872681537,1.6296397490119863,+
0.4558025147446259,1.3297948774403308,1.267337588001203,2.9412538062709417,2.0225784022239828,-
9.926138723819372,8.929833234069676,1.3885320391049072,5.950377588107618,7.024885245772969,-
10.0,10.0,1.879340395931722,6.120717862201926,10.0,+
3.5509124927053293,9.62303946886831,8.96735342930722,4.878281477610647,0.9594258606128969,-
4.634333359537923,10.0,6.379329691064127,2.068820493430943,1.0755041528758393,+
2.4472595409474804,7.357697333564694,8.151522882595849,6.054977043647033,2.036552794966574,-
2.600505742990517,10.0,1.853396298461184,8.064913534705365,1.3707298205656178,+
2.0134048938157214,5.970662963290123,2.751909559228556,1.6946675990970295,2.55760631989028,-
2.901795444568137,6.3856988917344495,5.498876499729113,2.120729844303464,3.7225278620328366,+
5.212213986913018,3.701723750715388,2.1837334089927776,5.980279714157652,8.498318524555081,+
2.762401007928526,3.018591528133837,3.3983003631411752,9.464240193334739,1.310887922171353,-
5.617022900442202,8.974575685453205,8.807750005715842,2.5754179404727795,0.07433901074062388,+
3.2745312950543575,5.844899719632092,3.0647209440621,0.5776034375304603,0.05933884588192409,-
6.079880987654165,3.925754627340047,0.9097498689061478,7.757979459165279,2.634765709747123,-
2.239527097966697,7.148570514636781,0.4094526818611676,2.4399659284441877,1.106018793512065,+
8.875656449168867,8.191455187589234,1.962424232854194,7.0067197499394105,5.2355349236445665,-
6.302049627245392,6.491691574217729,2.9020149127985424,7.401370609705931,9.229960995570044,+
8.342989922451485,2.3006016078946647,9.036398891660353,0.7126253597443555,9.155320954646683,+
7.903136053263197,4.494284937855846,5.8948246032535545,1.4229157894100035,2.8918276233297653,-
9.939068840299388,4.227739005825553,0.11642873637747408,3.977191301311711,4.000734755974919,+
10.0,6.269385731139794,0.17744364923097353,4.532001664351824,2.7202165572951804,-
2.799426643426517,4.5033806348745555,7.446467374012814,1.3637865775867863,6.245351001429907,+
2.6169909578879444,5.899797559187289,10.0,2.6161763784678627,6.8562558772228135,-
2.175162080815488,5.6095288376779475,2.177773063076136,2.714793948966263,8.637271065246354,-
1.1475647885313291,2.041420223530894,1.8995620019832515,1.1869167722077012,10.0,+
6.183955874854381,5.29881010158044,3.2056891805152743,1.583444612170738,5.5497304356337915,+
10.0,6.466277663891637,0.4375507279989062,2.0439888477370447,7.73645410957404,-
4.502180563559872,1.54158507768683,9.24014090978231,6.413544113023985,9.033344268724656,-
6.968231448194853,0.6677276764539962,0.8873616514450698,1.240219423118607,8.727675832857361,+
7.657249287559623,4.98455858871197,6.636012087363884,8.044174480555888,6.15967649882724,+
10.0,3.0917336779536275,6.878327506969956,2.6804983108591403,5.812022679064646,-
0.7069738057657904,0.4119575161980227,8.777163718976555,7.917595579551865,1.4258085110512575,-
0.5092901672400761,0.18564860632653568,0.6371217980773378,10.0,1.2132894152650373,+
7.550874478632146,3.025925983575042,4.0564923662849175,2.0207151764654796,2.0957451995552234,+
3.008198636560557,0.23185340222316814,2.5728375650071045,0.6561555705009466,0.5774280433599195,-
5.351177886786445,4.335014518268611,4.107418962982424,6.18496572329049,5.9260801236955825,+
2.4487360475037656,0.9195409058123618,0.7602015642753488,2.3663042185049608,3.7418074205204133,-
4.13301962186868,4.848675908309628,8.522802380374255,5.205782679011533,5.274877410324273,+
4.372139225056087,6.018375780929435,10.0,0.4269459711846494,5.301203947773921,-
0.05914632309436341,2.6482719356959237,9.76711520339637,5.546953912698525,0.21807857986955614,+
0.019154773042318315,2.2957821706414845,7.89422325777559,4.187302500232095,0.1703176506535344,-
8.717394189699194,7.988952803096999,8.04241158420756,8.830483947705032,9.47508238387073,-
4.769414282127869,10.0,0.18756442154118144,8.892338495117777,10.0,+
6.8628625030479125,5.450181903748882,8.622689947519763,5.582735365759074,1.9844762140022099,+
3.6900208781548076,2.6441579526680323,10.0,2.34084065678086,2.0094593038544124,-
6.301998725904444,2.4386680172755537,6.077754710906414,3.5971010856025263,4.22384463870179,-
1.826975395782075,4.025546844029756,9.71116555484469,3.0740921959776286,6.644618608178159,+
6.278133708388447,9.451514151029345,2.8810185421702847,2.606611817647905,3.7233454519411993,-
9.04308765098056,10.0,3.44144543893527,2.8553502500323424,4.770281843260327,+
7.410529155971916,1.0730621537015672,6.023598743531599,9.94613073795761,6.90277754737032,-
10.0,1.9261124408247992,0.9019089184393767,7.53197400547423,9.873443586578887,+
5.496692653010919,6.930896830955805,7.614748646798998,3.4979186621201075,4.076923062344489,+
2.336785473817393,2.88218193011753,4.455032009933363,0.9956425008288429,3.087315609536736,-
5.202625492450919,0.8468006953544405,3.177266258622921,0.39855135194274527,8.914263718197864,-
9.786532604891558,0.16260470654225215,3.6641004787896376,0.21553483877666027,9.686749182885555,+
2.6507340482184762,9.313761272825936,1.7195271714555505,1.1643007933637173,2.719964906446084,+
2.9994238530267086,2.351350091440393,2.885042892551463,2.2375134929240805,2.925310947214691,-
5.650156763352329,4.058284825644335,2.016316085687826,7.249233142296212,3.985611204641436,+
8.659768468228945,6.464249320709962,2.766403353891766,1.3791044678528435,5.067990432964057,-
5.102632998460149,9.543326172484015,2.0359047888723216,3.151902234077424,2.079727739259548,-
6.032345689450304,0.3317818771178516,0.6288685001563314,1.5445892375068766,1.2673257601646561,+
9.059283467677234,1.553141967614089,2.2544618781778683,3.1665163530458837,6.279636289238347,-
1.7642842191859431,1.3545532608752542,3.7306897306991793,1.2732337919898484,5.266234829066719,+
4.347345762880687,8.724603991224951,6.476508035570284,1.86006369470759,1.9451619786982044,+
0.757423015253405,10.0,7.831450685040852,1.893517061261851,2.9761215316767324,-
5.645601157831896,9.5374298737374,7.106100779224205,1.9473123279813864,2.093604775697504,-
8.984692011760714,10.0,10.0,3.412678601256661,2.549923844202179,+
1.7037013075706586,1.9052277551918384,2.6841122893531244,7.799458579937819,0.43124333946027216,-
1.948695844811143,2.7677324643118575,3.446596331239859,7.903430162916831,0.5314783282947126,+
2.5695191690113415,3.7156284415796303,2.7354525776330494,4.930952198841414,9.206844582125894,-
2.872543191520028,3.9273421037862493,4.767438517217183,7.485426736034489,10.0,+
4.918070505720835,9.098333131330532,7.018301806825699,4.675179507338587,9.518233813095692,+
7.3303267356330135,10.0,10.0,0.24769828434230293,10.0,-
3.501859498548111,0.5446602234315401,4.603548502591247,6.865361940414956,4.0924222084621675,-
0.022609223544351666,0.5289982943630521,4.3210493161148635,1.1742193690946596,6.33189160441744,+
3.5227622744096587,0.7482537755883778,5.763312875597757,9.080007586986568,7.843689178564278,-
2.7411837387195686,0.453693860675982,1.039424136760931,10.0,4.909242679866659,+
7.17345835839843,2.6906375604112265,8.707413862538164,9.398568794264666,9.33613305042181,-
3.562988286863816,1.5427263044130908,9.965775829850337,6.178813827154435,8.070286488121885,+
7.418690926859673,1.1382682189111637,7.722668509958657,0.2610057772950791,2.0005884221660217,+
1.4336426751808409,2.239169907610354,10.0,0.3421036356848073,2.7833821687382767,-
2.791241025915369,4.712049745047878,1.97212927087428,9.581257582056347,8.971324848143269,+
0.7480258114939909,4.925135042414778,3.8268291353337895,10.0,10.0,-
9.741324012864348,4.096098525258843,5.157470263474535,2.2949463188726438,4.433841544887551,-
7.380341450936916,4.7538974899332,1.4892856739776341,3.7857488289018417,4.771965307613834,+
9.842370179948363,4.615594174522907,6.374461838805524,1.0557471415989195,2.2253496998243882,-
6.717337813455899,0.2803739012767274,10.0,0.5420022219755366,1.9411472689406102,+
9.875386842564586,5.594014130344319,2.874742851369146,6.9908055617694265,9.546110799093578,-
10.0,1.6306367636480836,0.09839046946859036,4.459705384214935,7.905955515599588,+
3.350821584325101,1.5792900501145701,5.262956871395,9.49958111766093,7.098239077487428,+
4.493778957762803,1.2789197079884673,4.265494635193334,10.0,3.9787381002512427,-
5.913404542334644,6.130295365017691,1.685826346992858,1.0794040435086694,7.79857281109288,-
1.1494750127707476,2.7874349330670123,2.4730054140297755,0.6545783795132405,1.8427748807217414,+
3.7038489007067907,2.449327386953113,6.01016743119951,3.413761502179492,2.761378286928183,-
6.43785052400903,2.475049613649457,9.0295961890159,4.594432689296408,2.843027840503863,+
0.013336917984503316,3.993205310857275,2.0835092717707826,5.677952331608653,2.7702572595092456,-
0.021163739376230263,3.0644859406290665,1.6407152980885524,3.0507783431760664,2.2598038153769338,+
4.388971290624802,9.492652147245792,0.1609132805843616,1.357243645072781,4.104230235070855,-
5.652022783030569,10.0,0.2755454162642324,1.7074766847968001,7.446435284693271,+
2.990543096564312,8.621551338276689,1.0340709967053119,9.933482505731092,6.28786177470734,+
1.4687080476938708,2.1655504970182946,0.6610413709681988,7.928434166529716,5.773447412031567,-
6.477477755686029,8.362067989217405,5.320635458511637,6.777385421749436,8.289380461924145,+
10.0,10.0,10.0,6.424769574277707,8.313030855213317,-
5.1957205468174985,3.4168186695023617,1.310964404385292,8.561184023259656,9.56745643085979,+
3.9824155768069254,3.424288048348974,2.107027845582423,10.0,10.0,-
3.6602839109781717,7.069516309770862,1.875581593479616,3.648739023760774,6.200500751292324,-
0.7573955324186881,1.6315220453368098,1.6646233040101264,2.8512160473984034,7.8584549157685855,+
9.193655080823161,4.552478851381298,9.26957445761026,3.2901410809874445,6.408528105713149,-
10.0,4.563865870606982,10.0,4.833699052240348,8.617982371537122,+
8.850622346026674,5.153321770896686,1.7078020530943627,7.430135947784978,9.164825792533705,-
10.0,8.98030723247146,2.5997931115430433,10.0,10.0,+
2.302823272281552,1.7978442500930913,0.6185291059150799,1.775086486432762,8.983117149481401,-
2.710469938756347,3.042367586286957,0.22076198856731308,0.15025206888012757,10.0,+
7.519032392025096,6.5049468600703,7.6429579805281325,9.018247394613109,4.9795993142657204,+
3.7161696088206835,10.0,10.0,10.0,5.08264343116682,-
7.799152527779155,0.03187194107268754,5.414845213052555,8.818328513263955,4.1334216386182,+
3.3017658113458954,0.01702141643655041,0.422193251725942,10.0,7.559321704770046,-
9.2061414668741,2.95651450623755,5.968138180170478,8.478281074482716,0.19612361546187285,+
7.066092663296414,3.4992249107111513,10.0,8.335438569521367,0.10690044908933267,-
0.8815326885683095,8.7562914801427,5.2620142715883595,6.129329729103602,3.658994524125123,-
0.4366797624707669,10.0,1.3694280939598704,0.816395255557543,2.387308785527978,+
7.751459021254169,9.650288167255383,1.7321900670968693,4.626870770054133,8.489723878338744,+
7.557025649617846,10.0,1.6128742920140726,0.48629019609383306,10.0,-
0.6384024388624043,5.535175335129884,7.204187724930453,7.0418712066222415,6.486108231908943,+
0.6912546132634524,2.9433466698646815,10.0,9.381931041668045,7.480534438410179,-
2.6590007072803354,3.726237628741198,9.149846512308677,7.908595165578163,0.5999693613201595,+
5.090851100076419,1.1935159759595784,10.0,10.0,0.9502241395509162,-
3.8512724360661608,6.823747439529009,0.005576759501841888,0.782103313116751,6.129485479599967,+
4.741784603354523,8.671419585420649,0.009444758301577766,1.0668612525959003,4.016708204522061,-
2.1302639233857934,7.664756823812696,2.9184876894219336,7.6654107208617095,5.277190578460824,-
2.6714535779676054,8.954365682783699,5.125142550849898,4.718288140599007,3.920060682127234,+
4.301960867996905,3.4418483916664733,6.865987100577731,5.185091959374411,9.997671378679371,+
1.5146490624304856,6.807604729219549,10.0,8.811561328624796,10.0,-
3.5551345747598253,5.204569059558094,6.728094057874221,7.202362087857216,8.73154726641297,+
2.4584281917156896,3.1333884722807297,8.081105014240132,10.0,5.490306511348427,-
6.7475024770833825,3.884300669946419,9.901098912560332,7.99663863569484,0.1615517732701477,-
0.5925248053791542,5.011137291203812,2.609066041586397,10.0,0.28586370227413493,+
1.7550463955392082,4.568431449322242,4.593637017177052,7.466135104387494,9.91891899931931,+
2.9503560134474593,6.038761033394732,1.8606756994781588,10.0,10.0,-
3.1049975780220818,8.263842977159333,8.494977259488186,1.437438043430369,0.39099283120706985,+
4.018126896616471,10.0,4.898020555490055,1.2238704794864719,0.3877404940087634,-
2.7623428892788393,7.831757764916326,5.844182825837356,6.559423041131364,1.8438860069275476,+
0.19743191333443424,5.70603170360444,4.7077916967428415,4.093174420717132,0.19865848674999326,-
7.063643025980529,7.166562812760093,3.5814818517090963,1.1720710040361948,3.149814306708131,-
6.049503438033052,9.58170660655388,1.3614214655581194,0.3388829287802413,2.687969992230184,+
5.441467100960631,1.5732074706246524,6.509292674613932,7.7908570329274625,2.225090280798059,-
2.3060870849754123,2.9041910127366966,5.297698894895292,2.423040309132779,0.509747842651151,+
0.30401628369245426,0.5345062673217149,2.4023296932814486,3.95541674892585,3.4320809552086473,-
0.2606384771997391,0.7279451842972662,0.22102782528437018,2.391389490220845,1.7394500560627297,+
7.445835969507986,9.298505083271042,2.7609513231675398,3.267892930152531,1.7823738398689692,-
5.781066413282339,10.0,2.898594734190556,4.010889793898116,1.5011183198604403,+
5.356232919571918,9.701631368673207,8.40611150825287,2.365312662070258,7.675088969860208,-
10.0,5.494773733692508,5.047727379350897,3.472559592136898,10.0,+
1.1207512553057997,6.803185431351863,1.1118720992070685,9.66014518865041,0.23546328229717473,-
2.0966044772602217,10.0,2.1289640927074993,9.716315127521526,0.33539041152663895,+
0.5186730134934203,7.214206280116464,4.593167037792626,9.311427007769309,4.418489123121638,-
0.5447659738441085,9.274743107275716,2.629688721603979,10.0,4.3354855939748695,+
1.4139194058506965,4.313605351299516,5.5173666324208295,2.6308218809281225,6.148287088286512,-
1.9956603451895185,4.695019484249758,9.400074646746681,4.37177108102759,7.061110998852492,+
1.0376038006827248,3.797246075018883,6.751689269639604,8.757129607136726,9.949315737904481,-
0.8303922681005774,4.449978578921202,6.568103019320362,1.3537928871418652,6.131897617958262,+
9.283471732505408,1.4380019813980593,8.003823254821155,2.6383740178569104,7.951471956601875,-
7.855840801117413,2.861336635690795,6.79027044708072,0.989062381511264,2.515036411338527,+
4.1003673438336605,5.4700239809110816,7.963524454407699,2.4548914227000496,3.886223543323575,+
1.073737670509773,4.948160840659178,2.322308592545524,0.19929873020653693,2.041210935705064,-
2.8407858140292186,5.991806795318151,1.1040749904164215,0.40220258683436483,6.409048520704069,+
2.546264131863134,10.0,1.5967225628825257,0.6334371382149679,8.021432501575228,-
1.8202243031226373,8.370444853380603,2.2013406640178603,2.5668908484585518,0.07852239274970474,-
2.025110691551995,10.0,3.5544504028004416,5.050676587576789,0.11513512694298823,+
2.1774793034057804,7.789225748203328,4.328368635707106,7.353350186522116,6.624463980643761,+
2.216125146430487,3.810924000375186,1.4751727344869916,6.549358697466827,6.854372233505464,-
1.557200667471459,6.389356852254924,2.1815214074566027,3.991035192207729,1.8516105072951305,-
1.9660746600042736,9.43880170937414,3.5611595520445403,5.979174677193559,2.086187958534682,+
5.1726101005900595,3.662932004609616,6.667443453441026,5.30563338140158,2.4886441124191694,+
8.252495883663144,3.1221654511300363,10.0,2.428373579512162,0.1634868781883133,-
9.335289650436776,0.7537544132077423,2.3350430901938357,0.4817498504609885,8.081013374498056,+
10.0,0.19624933281396248,4.114531898821727,0.6561309130665808,10.0,-
2.904871061909117,8.149346363441476,1.2064973241394128,3.2585109421516147,4.807341815426941,-
5.26277975128451,10.0,1.9569334541790417,5.807133263443303,6.722817618469152,+
8.691369817520076,6.337084082864783,6.337273346102465,1.911898307398433,3.3544206619581662,-
10.0,7.760828398666853,6.404953954566849,3.0588988660341765,5.845896926114232,+
1.177553774754183,8.437008207305167,4.1062487610890575,5.6587994349294615,0.18877998091253234,-
1.138300059287406,5.647815701970481,4.6998068293949835,1.3018336583472798,0.10152032077699444,+
6.244352428413778,0.6644952613359312,4.8856854117711555,8.714136898294463,0.23940854401980127,+
7.531948499069733,0.754805692782101,0.06988543607545827,10.0,0.3437631911657987,-
1.9683569570896076,9.02652536781622,4.536632668787074,4.322338503778109,9.791076877106557,+
1.1166721787162868,5.76901864416996,4.421833731070283,2.7756984670207068,7.070262373233911,-
0.7630073423607264,2.1517221780808136,3.5705264123098903,5.7216029696876305,0.9210931718603632,+
1.3985251338202032,2.44204089918776,2.4158703075308354,10.0,1.5515502126695013,-
5.249067528096729,3.936446960419522,2.849014603018367,3.1302804954209096,5.929931292218997,+
9.136084346262376,6.9458176336294555,4.982581350926482,1.7376281119061183,7.505939806073996,-
4.789780499624258,8.057241809008529,5.929708272266749,9.794391829578531,2.6284739861735162,+
3.114625172438281,1.863620196413309,5.785550292631258,8.665521809220914,2.6244226120347496,-
2.05611631609763,0.13910259084341403,7.013264793390695,4.483050372024514,9.995056541528653,+
0.9129059075529163,0.026761375456918743,3.222451010408447,2.3959211566539085,2.1213484309495407,-
4.00608027556388,9.025316360673202,5.179532244969879,9.96044739353032,1.9965721948589121,+
2.802373622517205,8.2752387823133,0.7106748701078328,8.617664557840069,0.2750672861659331,-
2.2780848635067352,2.148859593150927,9.912756877704053,2.434398510357002,4.573641305317146,+
4.370295602729669,3.679854564977158,10.0,0.7312609474020275,1.7880963106831453,-
4.898437530139738,2.7843588605244642,1.8642233813558795,7.921855310081249,0.07200284470439633,+
4.90106323321106,1.972480410953703,3.165722530300598,7.296154036923048,0.03118607541383544,-
0.4893855632790445,5.068063006507627,3.6776519312239775,8.598355885765198,0.873518957624908,-
0.2580225857890348,4.452932039380949,5.129800203622242,10.0,0.9209398262553868,+
7.039675178609819,7.068383252733987,0.4543822493099958,6.057587843524287,4.2213498960801825,+
2.1970596464213954,2.7249189477643596,0.3199496743250413,2.059219114794788,0.8531096687121091,-
4.646048810419358,7.760479529813748,5.294787539677572,7.796148034138101,0.0037469774152831814,+
4.0664669118384875,8.177041476571999,5.856093997798525,10.0,0.007478811065757168,-
1.551724412219534,6.772765429143558,3.353551604160343,5.470629336051044,0.457905327418473,+
0.5309462661282566,10.0,3.2862636912372487,7.714818520266884,0.24809976502904907,-
0.11285727260470946,3.338359682502694,4.993544053354136,6.031188563944687,9.329161089471246,-
0.11752831019023836,6.3068490790001865,7.755515152233789,10.0,10.0,+
2.2938312619867074,2.2601443680869293,7.8460003327956915,2.9649085992572575,5.605617147013813,-
3.288832299667935,2.6486790031792333,10.0,4.219857305297328,5.75899918998852,+
6.677775633496323,6.253527498221469,6.083311439008115,3.5098363113682476,0.056385421277924674,+
4.17648230347094,3.460145813527545,4.928071321725368,2.3350597745920223,0.008594240468682882,-
3.036425237191298,2.763717731672295,1.9376838853227307,1.1958131449050435,4.564830288129182,-
3.066648865252378,1.0152369017275278,3.382367944735928,0.19812885653729725,8.167907752477555,+
8.050491635063747,6.01784353124144,2.151074182935443,1.3611031140351748,0.015910652656281332,+
1.7853633482074907,3.462212303384176,2.1375683823546017,0.9111834828135008,0.006514109765385593,-
6.979777443235418,1.229192661929861,9.365509376434666,6.0153279130696475,9.46754231545376,-
10.0,1.9041561479226696,10.0,9.915413411056235,10.0,+
0.7476919330689258,5.238554101814562,6.567709818589939,5.381731991204298,8.404668582172809,-
0.505594438068041,4.52602278169599,1.349353231207211,9.782645898415643,0.3007017741375937,+
2.632768849729846,7.355084386015925,7.9624182638944045,1.5315480920022695,2.4663269562794907,-
5.200582984675685,10.0,9.007656796564556,2.0076169015204393,4.513518309400929,+
8.563919745959703,2.022843885857334,1.387501904856051,3.3275474085301293,6.594195031566802,+
10.0,0.531144926169602,0.7830749257852133,3.84181887520484,10.0,-
7.208739740534299,4.1229716605595845,4.710635926498715,6.95010971731601,6.822978283589272,+
8.599466794466798,3.500789549146111,2.374802177286176,3.372099330009725,10.0,-
9.083097577908433,4.532205257068216,2.4323703284479024,4.514825689936845,3.019466094669391,+
6.961877254704808,8.917709538943392,4.287581578782732,2.692542781300372,1.4269082534147957,-
2.449210658033935,1.9987750826371198,0.5509257036633552,0.8958408670701357,1.324611668957063,+
1.7679752157611737,1.5898093959292017,0.2275566983905462,0.8382714028001235,0.7115768749477018,-
9.482993474850684,4.485439102970768,7.920999337331772,3.2803885874205854,7.940119800436337,+
10.0,0.4606218875627121,9.048870319464239,1.3675396539532783,6.335227767084904,-
0.8732605369041391,5.8187575188512755,4.171959935146392,0.6839741573456737,5.512952815379776,+
0.4677722922839633,8.755373970901825,3.7144868739656847,0.5468628425778416,6.757297864326832,-
4.801523868710635,5.955511457987526,5.967919844414294,3.2548797432306573,6.12880028384435,+
0.6670588142275325,4.217922273704333,1.1308418377722964,1.0323598915986854,4.712739928213941,-
1.898352139589814,9.413183867094867,6.119367105178279,1.6177312312634917,4.03211004198481,-
2.2741354645680083,10.0,7.280985651856094,0.385454147045363,0.5079655516223841,+
9.962698112950774,3.985566911953067,8.645177472268394,0.892719382087207,2.190218855997913,+
3.1238008792293575,4.203322915360871,9.731122054631339,1.1670237342562317,2.932191564314067,-
1.2081572011364872,3.6564671627914547,6.961944499573804,8.412127952513242,7.694799261532728,+
1.7996768699236412,0.6971810484978486,10.0,10.0,10.0,-
9.47873479702762,5.252599446847102,2.2349158037124237,3.476491639324254,8.088675904250547,+
1.013352547944122,0.9479871552293491,1.752614410716874,1.4750446650881055,2.113905176550776,-
7.57800110347825,8.476250582825909,1.3352625999604628,3.9304928115467783,0.6870447375686717,+
4.30773983240554,7.293246905358679,0.17703752203514206,0.6609081857340819,0.6460696065166448,-
1.6278192639942246,1.8573196986343476,4.951220295118102,1.626899787091699,9.655727266839829,+
1.5350200097903397,0.4241666002900978,4.451300228360457,0.35279317033477126,1.5285212225230254,-
0.001756498414284824,8.344443792697676,1.5752107596880671,2.641715630683281,7.6301291221737895,-
0.002424681571730772,1.7711310140892866,1.4098478250386839,3.5138050689477947,10.0,+
4.511696070198362,0.8959047194007963,9.616469125031596,1.7677157098372343,5.253010850666751,+
3.102835128975833,0.3668706199257773,10.0,2.408205154897201,1.146894977235095,-
8.133693611139854,9.62488364734032,9.468217452250595,5.440373347286522,3.4292795904678997,+
1.0917166469897694,10.0,9.51422412872242,6.649669018429711,5.5330380637104914,-
3.4714608380361223,0.895428951356485,2.673750027034265,2.8143368094435948,5.364559146530336,+
2.788634970651704,0.10694129736967117,0.24944899656988115,0.2596709219597991,4.14870777983322,-
6.472615886756844,7.213808124566831,0.9151535814514467,0.11140642146365343,3.4845268439041135,-
0.5719630996592843,3.457923318533879,0.38455378222133557,0.19687029266267414,1.6729969298165,+
8.43769973253641,3.116839764609943,2.884382907160352,5.338353793361198,7.300525817454729,+
7.926518318527579,0.13257802198013666,1.3573596586712258,2.915502904561992,1.4946648371913422,-
2.4370459242661626,3.03757042282757,7.454295029641829,6.014619861134979,1.1381757353134137,-
2.2662951073030153,5.854290211690557,7.768830722441579,5.274240096892465,2.192300947983937,+
6.788044287800811,5.0545637547180435,9.166962539249383,4.6499408140581355,8.012809983757341,+
4.882461623269257,4.195163213614366,10.0,2.6163915932444337,1.3830610050693304,-
7.558225732506881,9.02774138220699,8.022071776869634,9.370189558910905,8.288645045036724,-
10.0,10.0,7.149054533095645,4.127436992096696,10.0,+
6.72691231226198,5.509458002104896,9.194836555863322,0.18129542729848347,0.10347069032925593,+
10.0,2.4233116261576098,4.043609506388412,0.20697624493467207,0.05665035828426142,-
5.551129968154324,1.4792469007421882,5.957533913760323,1.5259794641007962,6.72232566363518,+
4.219958160845109,1.0796265364120043,1.330553085459012,0.5879293308084577,5.625514429175017,-
0.8976611928442402,4.914329951049759,8.35944788349553,6.145279746670965,1.263440946443356,+
0.3874649143172553,5.136727765550977,8.454667097570416,3.748937166146563,1.0970520924852178,-
0.08230882005555218,2.2947077692470597,7.909359064714472,0.4743821091149736,4.157087876756872,+
0.01697195289248661,1.7978811245904822,3.939094513590056,0.21191153395718365,3.8030552531694264,-
1.4851598727795168,5.526370011945532,8.002285009155718,8.667666894066194,5.339212961332666,-
1.7165116611600448,5.711045438495654,9.663778572963112,9.385318040509773,10.0,+
3.875799448475461,6.131995557085625,4.3812402498212855,8.672431762941098,5.199298612128934,+
4.676583317964637,6.849905866805033,6.556410840980925,3.6300699484018084,9.385353849342234,-
8.868424987813269,9.167336583092997,6.236006217056456,8.136712551653002,3.116268529929095,-
8.944177778441706,8.193135911663685,4.383594899392564,8.803474940855565,5.650937884541378,+
0.544192747925758,1.9917311187204667,1.1029526936835632,0.4834866805685911,4.186687841776107,-
0.5270604009239012,0.27844532359691493,1.1525263794183278,0.9597477369408368,7.525772577807368,+
3.078791626754157,6.138294166617554,9.433368109976671,6.730875515321867,1.7115074627622606,+
5.2279427882192735,9.165719253350153,8.821733138932268,6.499435479339114,1.228193014257593,-
4.991042314719411,8.167059704560968,2.2445405902140605,0.17706456976963825,3.9533394237443775,-
4.832162600200965,0.03438208883218053,3.756734456585845,0.023143170661003222,0.2720000998113597,+
9.918892049853522,9.284926732592227,2.3138349892420838,3.6797214711449424,6.275661375237912,-
2.3298819025866706,10.0,2.134965017228392,4.03095522223651,10.0,+
6.406955178464501,8.363668080847512,1.3839957938476077,5.599295089048596,8.277043176228663,+
6.502816273352714,4.244898050315576,1.4627972285577466,0.33893269342190147,3.0873459220684554,-
5.685905354134613,2.7930968460200187,8.025281881942588,0.9689595163210685,9.452939667379628,+
9.432547016318408,5.037949315010658,10.0,1.2244585340545702,3.8351485327916395,-
1.668677811036866,9.679153661742738,8.881818262611361,3.532985682399027,3.5320190566841037,+
0.6292384644621859,10.0,9.015575451898242,6.4976683610365145,3.7976567017844185,-
5.048248556970033,3.1912778757801483,7.953754979542107,8.68986653236849,9.006150118877157,+
0.9183804838241082,4.87685356012077,0.3162924156454728,4.762274625169732,10.0,-
6.581988005822499,7.931936814862494,0.023524472511383676,9.667782566696584,6.4197403821792145,+
2.8963709085171154,3.9624798555488967,0.005194947624746383,7.8647344813171305,0.6578145574751013,-
2.0651108161027985,2.247477296814242,0.6048774255193967,6.006352180196503,2.1224816786920164,-
1.1297396210406523,2.8870681913511835,0.5914172280249868,3.2349303660843205,0.35322638649877014,+
3.177207998770013,5.416485166985742,7.717981102595507,5.602968085661736,0.39078648246490766,-
0.9879399321284786,0.8498572622125986,4.426304620349077,9.209128326941789,0.2674851325613292,+
2.6391567071406663,4.180753603396365,9.861039767504138,1.9206408299042044,6.971359546340384,+
2.1027753786332135,3.6221525458292585,6.787198454652938,1.5993117192350796,0.8597199441052311,-
6.007815715903742,0.008057014088688197,4.3031483073912815,4.746583644140858,8.65475560253939,+
2.703961929040403,0.014010495130051438,7.123628514393833,1.4190973334434909,8.667485990477513,-
8.160151223377504,4.344507598401411,8.669147285158843,8.938836568845778,6.550401832443731,+
10.0,6.067119693688224,8.840624211123881,9.941324189992695,0.14975341200245654,-
2.637614767788161,2.140534079920836,0.07500466502893599,3.3818270882242385,2.2857506429933796,-
4.784428367760142,2.1631057178857804,0.1080712006546174,6.134849976204963,2.340120926063684,+
8.219324842766865,4.684067822789104,7.845409403689391,1.4361101392657827,7.102528958967257,-
4.967598803743463,5.688486005868335,9.766585597143928,1.5658158805572757,6.090275205562082,+
2.5415095676598365,6.132242352115926,0.949975091661206,4.165331467902131,9.731633873851997,+
0.9679793997721194,10.0,1.5366427540814016,6.05041517625954,10.0,-
7.681181362767101,6.462314840412687,6.672278942812038,6.602064388533961,5.934277912821182,+
5.340456330143441,2.4835356547885885,1.9490237679769413,3.9029979483037964,3.4813255097349174,-
6.253917510098073,7.308326696968807,2.1374339106073217,7.304753053554013,5.635559508566784,-
10.0,7.870658240440718,3.8542894924756963,10.0,7.319388630114538,+
1.4501345757711204,5.032089008866527,3.1457280979403146,7.791112172745943,8.709743555445302,-
0.3907688137936478,1.4078045067398905,1.104430073771469,10.0,7.199784628139364,+
6.440539374155162,3.6879615020576137,4.90535699734788,4.49574792952979,2.080186867589202,+
2.174720016215262,1.346349877637701,2.769863221205767,2.921688565075824,1.1907737367231863,-
3.4560323330157683,4.950320798923645,9.28047983218936,1.8017065985987757,5.071547651348936,-
4.132697174968681,6.458041675388391,10.0,1.429611547296215,1.0315297964306112,+
1.7291321687272032,6.769544317110689,6.5449871752932545,8.90445287887435,6.992359766585624,+
0.11092327630614927,10.0,0.808778031951158,1.4336843696997232,9.704220479779595,-
8.893062035087505,0.11233265886421484,7.039196402673474,9.175800051983122,7.195858259639363,+
10.0,0.024677546631804586,10.0,10.0,10.0,-
2.9461964989283898,4.591508664327656,1.9685980983127571,2.5119062953059004,7.53512679605919,-
2.0914136254567075,2.4216470161478596,3.059628841074491,3.5204106001309516,8.158233260847892,+
7.182144129152496,0.5948351895344439,6.2270373051367764,8.891888944572413,6.090587724806057,+
4.34564484218589,1.09937323722886,2.3912083371978414,7.702995168615212,6.430602365933739,-
2.3983884196484406,7.8522012266008385,1.2891806829142716,3.427948090336007,9.501788669846565,-
1.7487342317838195,10.0,0.9222128940568297,0.6013487276684182,2.677417039093891,+
3.8810418774170143,8.360938891357218,7.858392134400471,6.359272664253385,4.487352102773477,+
3.224340308626342,10.0,10.0,7.786057877447305,5.166957227900424,-
1.6147980477777757,9.551587853595633,2.8139523894673726,0.8875945212771064,8.44082023477195,+
0.40538856910706234,4.286111532685148,2.30314351960588,0.01617280919302028,7.896054709797315,-
6.199980522484646,5.501670571127177,1.4679654206709891,4.322423083204418,5.4493403330331045,+
0.971524994635672,3.379983036034881,0.7109298194807693,4.182800697928395,4.86533975391465,-
9.975990198918339,0.42364554251835496,2.7934940366173775,6.583529745250201,3.2841770776716173,-
8.008387958912422,0.05731870672895464,3.862404815996418,1.8790293049862077,3.0656206611691683,+
2.8982122376490915,4.320608650950671,7.942016342240922,3.196645229247994,7.812832285182,+
2.1108107710618595,0.6601726628267858,4.355868129106841,3.178429766689935,3.649418135977805,-
8.957372809258208,8.058428940637132,2.577158037420263,9.483971487029342,2.702090854981938,-
8.063346935965347,4.992612463947956,1.6401937514397276,4.6411392432784755,3.5752282266014865,+
5.587575992940035,7.204796741094946,9.317539947929411,2.5518052575878194,3.4458952871415613,-
2.083522280853227,10.0,3.1450351968785712,1.634957766360981,1.995798592101253,+
1.598553450372654,7.84570370930272,3.8279366414849916,1.616240853638844,8.15389031752068,+
2.311583798443361,10.0,5.026032655323392,0.8803837921434646,8.31658506597578,-
5.185756099142848,2.7486094092854474,9.957580471784995,1.4142621819251666,2.033730831274878,-
2.30431158898155,0.15558253857424978,1.184518966052345,2.4621639052903004,1.7148960478398028,+
1.3538151914256813,2.7050878655760924,5.029776841089654,1.0623175415577624,7.114185952474232,+
1.196228547416141,3.6108609885642933,5.387024908678089,1.1179245875319335,10.0,-
3.8891128159631516,9.653069437393446,8.991941862362074,8.507810065268316,3.8836361710797798,+
0.6237404424521209,8.288750547878735,7.065266729765815,0.7195298195767965,1.797218411240317,-
2.8442895607988863,4.567786653568295,8.306297304523824,6.678585552938241,2.309799457722802,-
5.057081862287039,8.272885326328991,10.0,9.732657329310499,4.235042892432178,+
2.730244496921949,4.053593430655617,4.67990870824469,3.7139952832849845,7.021972438054035,+
1.2944885687185987,4.928635667393474,8.78047013074108,6.124714071609243,7.439040787659168,-
7.051344302064917,7.040437664510845,8.20917420530808,1.3355290160074773,3.104001613716499,+
8.324860006244974,8.633324255705958,9.270501352769804,0.02479897675776583,3.3760705650160094,-
6.348198877956848,7.781999051525423,1.3922792336578915,5.849146186695135,1.7198839779765274,-
7.478724921646424,0.4331439744631887,2.2533214951235547,3.591003288610901,3.05190445263432,+
4.504678173988491,5.087065312104534,0.3989212352735927,8.738043936552891,2.8701940368559176,+
3.363497483607508,5.807123647540294,0.09062302480817581,7.80446259165624,4.574054489382997,-
2.0736683835956846,7.78247742456521,0.9632439336435661,6.890666566480348,7.43535922009761,+
2.517613063945304,4.202902010180871,0.5217183621321315,5.627226227530225,9.493932658484935,-
8.250409521098389,0.6602918071958663,1.0863378513286404,1.2872797185491458,9.423243823109033,+
2.232342943311809,0.14774629793254218,0.5703008745697148,1.261231359587553,3.0969333012744014,-
5.432682832260473,1.0490873751465002,7.004965376118272,1.2159912426041974,3.277118143211444,-
8.185513038134511,1.1076649029989918,9.833172136783084,2.278081363433893,6.0936828612831935,+
2.7095723542485297,9.902242079516064,1.8420600673717569,1.4060819422554194,3.759054088981383,+
0.9912935261002982,9.70828392659804,0.09842510987066556,0.3275859633489483,1.3653195831917029,-
0.5423889172618401,9.201533014990332,1.8615022450594843,8.566631605085345,2.3277901648410504,+
0.5974998068511507,10.0,1.3693809973699518,10.0,2.95545082616407,-
5.602677037536063,1.5773789932038595,5.220319861281918,0.573970892868999,9.217378438398537,-
3.3557235434538657,1.2815661908255043,9.772454331883596,1.0755108834865985,10.0,+
1.8350958038292564,3.4546093969734812,4.029729000602468,6.943550621791036,7.555320772701037,-
3.2102372151259058,4.209677139139449,7.974948078142559,10.0,10.0,+
9.706912372284442,2.168967804118145,4.112940400384014,6.208619009032498,3.5879951267924257,-
10.0,4.101682019276111,0.8716076337471091,1.7020679732882067,4.853032619934252,+
0.0681988294294078,9.717355904118198,0.28372460826251333,2.5122935763906318,5.287352197563058,-
0.11957011950065707,4.612584937275752,0.33240314856287817,0.5446145155247752,5.61046621554214,+
9.484354289442585,4.607590170557003,2.785466620733396,0.07660205963618161,6.633740216525416,+
10.0,5.272768093997618,3.5756602037935314,0.006254385214694633,7.705766515991257,-
2.6219408072799832,6.684528556753039,4.8229036397677465,1.0715772091046383,6.863780724548317,+
3.2291547519626054,3.653203752119381,0.8956566608795411,2.058595422719783,0.29260622575289463,-
4.277513893105099,1.6276285514013678,1.8045047994721464,1.4938485744702001,5.484962704674916,+
7.384635996507517,1.3105859927646457,1.3385280532656725,1.8945170224165864,1.9400864227358814,-
0.9668216904655536,2.382143669016814,0.17820292462769616,8.083076008873336,2.8964596822113107,-
0.43291495582009715,0.7680495280673054,0.031596988776581444,9.38510036140227,1.5863265148534484,+
6.249893179377775,3.597775640437889,8.398382570959974,0.7426872773367255,5.44267529405413,+
7.784245225804186,3.7889871515492826,10.0,0.4960228115968847,8.18986354855828,-
0.18563445685597535,9.24789211380282,4.965874511952539,7.0353649522769555,6.730871142025682,-
0.19741048949789378,6.769901347950408,1.56442850332455,7.301073250880382,10.0,+
2.3422679067342376,9.279601127879149,8.085972254206855,4.2026051184366064,3.4076082215064654,-
4.49082979930825,10.0,10.0,4.5497181539895974,5.500146009806629,+
3.3370108327401784,3.249583430851356,2.1832198797820723,2.351403731682705,1.7069747351351217,-
1.929662901744612,2.0333652857471907,3.4928985416198457,0.7556987180349846,0.3573129478828812,+
8.12269896347876,4.13065513165026,3.345597986655102,0.9715393375854231,5.586065843308421,+
5.558903061826994,0.9763664362456446,0.736497015723709,0.9399364649974514,4.746581791923036,-
5.688089274862202,1.0895797124839812,1.2888167729900413,8.118932658416547,8.006628915829907,-
7.374418041469349,0.6715524829439194,1.9546720572494096,0.9932039714926566,9.700484486706587,+
7.956581698701907,5.341600243934103,0.8346626458884432,4.0480932647710315,1.3388009838011639,-
10.0,0.6510976359022465,0.1280528578111414,4.14189804624104,2.495445490464305,+
5.2518473954848774,1.1225115058890534,6.1422518248481905,9.254540697967602,4.033510233018166,-
7.1065315446748025,1.7903764089708671,8.687986608750279,10.0,5.555733024198452,+
6.029208947483966,5.222002750102024,8.98659815215767,6.054691248953104,2.6945478124825453,+
10.0,3.209449867774841,10.0,10.0,4.228470393489569,-
1.5233325469219394,9.92670828167442,2.645399840964555,5.223874168137267,4.023368259611279,-
1.5283367078806869,10.0,3.114838221449327,9.486017185273443,5.473829270449629,+
3.395469919456816,5.243043722648112,2.8097292425604503,7.967990038886664,6.1111262003463835,+
3.7634683137029916,7.856614171338631,2.24476266398855,9.88960897499441,8.365183554334326,-
7.578470323844818,6.618631693196855,0.15373004235210708,2.6715693206669022,4.583712580524908,+
10.0,6.6025029224803635,0.20000877225443878,4.3153325286795985,6.4362473454146585,-
5.949687799931098,2.0513585758061446,7.49725637663791,0.6773239030797185,8.431738269275591,+
2.6319692564206894,2.434185506493623,10.0,0.8299049300120408,10.0,-
2.485622539309127,0.3300560380076867,8.901257756191004,0.8073331776970227,0.8626861617950266,+
0.23569309320634144,0.6093729225294645,3.99887731133336,1.395258612110735,0.3027458537053438,-
8.291550467140754,7.358731530606539,9.504242477498954,8.154241496799116,4.495758591087149,-
10.0,2.4483899757387313,1.9857242458439899,9.290906136896533,6.288781769577239,+
6.117763506580838,1.3202881410336031,5.641574554668017,3.2536663652478923,7.593251546233686,+
8.338522589124182,1.1442765790195577,9.32568712112144,2.4911282958058028,0.18983669117021376,-
6.448566483721141,0.46867960979019574,8.617550824310172,9.090495148991911,3.373751090927338,-
4.924973045438063,0.6779762333947487,5.639822341134224,8.162586904390857,1.4073756336221057,+
2.5554461375820594,5.452430639562462,4.8355242143876,6.40370689654291,6.445414248710847,-
0.38510993571074803,9.898487577491142,2.6615810762313696,2.8174905424359316,1.0415839296418248,+
7.191445564634906,9.642212421544421,9.273207078444019,0.1652740766272709,3.277319484919252,-
2.8752923654576312,2.5661339200488693,2.080266593656205,0.00300715115545498,5.969989140959711,+
2.4276323954334655,2.3237377838707407,4.373735530894449,4.357512577677138,1.4520209332045209,-
0.611897259336877,2.8312386741598163,3.535204984275994,0.029348191299458367,1.1033290667896567,+
5.925047717726253,3.553165467149626,0.5062905115134719,9.961710932084358,3.744375507179114,-
0.7396009033157382,4.4003166048465845,0.45320915257725886,2.437638525571327,3.2901795809215053,+
6.254286337505931,0.7575306730323306,2.3012925545196197,9.539918953514716,9.183039801954164,-
10.0,1.404379344962853,2.328474224832502,10.0,10.0,+
3.1016028170779455,6.395896921478606,9.767970595388888,9.382211003897725,8.400051083261173,+
3.9920949032177058,5.181676408455974,6.788060533689661,7.535170862643997,10.0,-
4.61453195377918,6.479384672946767,6.338636715120604,7.895911355824871,1.152551880356234,+
5.626116222676115,2.2338791719959348,10.0,9.54134487877393,2.2464383384046336,-
6.039793120385708,7.143857223154791,2.748610987567651,0.6994670913858225,4.41201401452618,-
6.137265662498965,4.015956935933311,2.159177046843717,0.06415424802740381,0.8841752533603036,+
7.142145922321714,3.691465474707937,2.2813501652843673,5.956984052027375,0.7589775508919305,+
3.653459701885825,0.456297856504371,2.0531096381474856,1.599149129075915,0.5570816727469032,-
1.1531016874315303,5.331775839168003,5.799318749748647,7.979393486493315,9.038140614711716,-
0.21769127778205616,1.151653393825994,2.0198136071763755,10.0,7.122768054773062,+
8.050525823551629,3.1938357634378214,0.31883817527461833,7.29253788406147,8.319947475221156,+
8.046341258409514,4.325951913022018,0.2829067908005167,1.346515209063849,10.0,-
3.1008026899738184,3.7703436271108446,3.575594927077803,1.6453506385292693,2.271073803196082,+
3.5977035037396603,3.068860009911618,0.973385102172696,1.925984551490328,1.7313580849941532,-
2.5382537763076742,1.052351993016556,4.48343952862211,1.0659825407822987,1.351494271972139,-
4.449453225268104,1.5053893445249724,6.749800570068988,1.633185517136971,2.6855875897370853,+
6.295963228936476,1.7799753073358193,6.473173011702356,1.5180102856972555,9.403283869508465,-
9.964703335399225,2.581191359168755,10.0,1.756617542211408,10.0,+
5.585305652793008,8.549977461116292,5.824702617976821,9.316997971185199,5.778032555800942,+
9.873219954232223,2.915041607423709,10.0,10.0,10.0,-
7.694718953433983,3.5157742585371174,8.100989216261917,6.031650976145063,0.7648664094220226,-
5.560235012085675,2.648565607500544,10.0,3.6983983654579937,0.406321874975184,+
6.916888452966593,4.781376333729059,1.9161786847059303,3.0474932758539843,0.07064338780146118,+
10.0,8.666591330383705,0.22090307531071993,2.661445262642467,0.040214045730462514,-
8.674062589940224,8.43997025827928,9.102885056341567,0.9483047068095951,7.39013935440347,-
2.081929401006061,0.6563211780130229,1.2925532031821338,1.7146701327679021,0.23788316051517377,+
5.833434005955487,9.109240018271374,3.0490589062069198,9.657248207831126,1.7260257533495826,-
10.0,10.0,4.768370243336302,10.0,2.877194016752058,+
1.899638707054645,3.880200788609476,8.469689891906036,2.364242674389444,7.798808186377117,-
3.6416870299287303,6.146941191360381,10.0,3.6744298832002613,8.334618261227167,+
8.120341170547897,1.1078041441785214,0.9160048780617347,4.218362177331248,0.7384357166923328,-
2.5789977884501907,0.7117406690699604,0.8283748949300029,3.7015977505180886,0.9056934453860601,+
6.059232168880443,1.751834078160851,4.359966670567644,3.7882359532360144,1.6206984755059184,+
2.3216693204778074,0.17518331388846262,1.4169887742084228,1.3677184765820511,1.2848786909522272,-
4.593903798458019,0.5483938378345266,6.187977544341644,2.0715807338214995,1.625438009227964,+
7.614693876217782,0.2893607982195091,7.269254972101672,4.057661046779017,2.0843604139176453,-
8.863200054074248,2.17322262158939,6.086329397292519,4.395927442677664,6.582705384512226,-
5.695430956823504,1.7388378940842653,2.0310985502971315,3.572995356618025,10.0,+
6.311088703023103,3.447332599326618,5.849453210927385,2.1580079951907027,4.676615364413429,+
1.6028875500397952,6.267419600957232,10.0,1.707005062569073,2.3501258049748794,-
6.373175412933775,8.122498106742981,2.412486372942743,1.1505187002444683,9.956987140291309,+
6.81790521989471,0.8751414618601651,2.4522162173684396,0.5049287743922375,2.738549797814402,-
8.657192163512718,3.0835088348250084,7.481569967624674,3.624776022304107,9.936282224638148,-
3.1508849199238034,0.5866402095407344,0.322154978095392,2.8889250196582794,10.0,+
6.563539391754423,9.750768216276008,0.5836811128117791,8.86548314491575,6.806432438044943,+
2.99099218450459,1.0873166309555653,0.23818723157284283,9.861318995106531,10.0,-
8.17310738010028,0.5525358479532549,1.2794044442765373,1.0030718458297483,7.813293117115779,+
10.0,9.256487426838658E-4,2.3744556685116707,1.03457779109011,10.0,-
0.8801851564995378,7.654250420771172,3.826632792938814,7.9710379363749055,0.5791545304872947,+
0.49746064111528654,2.418161064103066,5.428570272923999,9.730483229954244,0.1120526118820088,-
8.226543302324007,8.237583590317218,7.338317261597506,7.864290076010465,2.1938153340707967,-
6.279917644854026,10.0,8.872869514723918,7.2288864704128795,4.071624620172465,+
8.251160435723058,6.8382828270252975,1.562361343894202,4.958399126584242,8.67442722362875,+
2.0824357949658014,10.0,2.545578865241575,5.68255701331933,10.0,-
8.31506086880765,4.1012790648710595,2.53146693600785,7.421494641505091,6.535158402692051,-
0.0013155428920905519,7.226675643138956,3.621522581487326,6.262246195493749,7.328216599882938,+
3.259940786541533,0.10255211827633448,2.1055920238813997,2.083565769604485,1.0512242369201763,+
6.505577535728537,0.14888457592630294,3.9259695258793257,2.106738815445745,0.9866551479655178,-
6.47016692532854,4.456043095685505,3.2820946987501074,5.0269107881825,2.0027005656633934,-
10.0,6.739073895341149,0.024103452416135165,9.476185779645123,1.8416754130842854,+
2.181269479734108,1.6661542635036475,2.8737841061820593,0.2372738688358378,7.776563447386138,+
2.0819774950592125,1.0619773473674448,0.37951319321770505,0.18474370065738013,5.274684235255939,-
6.597537585323234,2.5568685574614713,2.949292628235436,6.11045446340261,5.6082246767841415,+
9.6645433365682,0.7240637731500156,4.293922142471258,6.811982164793191,9.078402359544341,-
0.688669095241673,9.935475797115904,8.199840220703017,7.359362321302008,0.7215606127339014,-
0.8650065621777098,10.0,10.0,1.7464859285116654,0.26001884309754536,+
2.8158613332523452,7.453682525530832,6.704484739284551,9.686683476402077,9.073161989269536,+
1.1105847025880589,3.0814548916955506,0.5863605378324244,2.2439771773917294,4.625673549678274,-
5.161236171689768,3.0254415766134124,3.4911228244617867,0.6571145580460935,0.9312483339548905,+
5.579292621458411,3.835747405257858,6.785961105806587,0.28927831207583,0.9672636038239677,-
3.044061507747511,1.0235336435166087,8.900411941329656,0.7853752474857945,6.9630127765832235,+
0.7837236381551775,1.8519610314690038,10.0,0.5592944968367425,1.3144270054625702,-
6.043622960373178,1.436606529968698,9.40940746731194,0.027067491565764268,9.86743555007226,+
8.5465029690352,2.254592202175513,10.0,0.021483933545301787,10.0,-
0.9831473468132279,1.1091990739211532,0.5595939358058466,5.497142108947793,7.955586870421786,-
1.6575873362827565,1.968637365994937,0.8548139267788576,10.0,10.0,+
8.414221168373459,1.800261893736671,2.0005680772123915,7.575943373098322,2.2062842505558997,+
1.6932348904654624,0.8352297142969525,0.8463358011918058,5.168100333826776,0.15367289509176169,-
6.72300361281902,7.416548851688285,3.1732201326166654,8.898807804760214,5.474363625500373,+
1.4084175712809477,3.767654108809182,0.12985222006729663,1.5526121413286742,1.9579882472333894,-
5.6791705729696105,4.701172210236315,7.241556168727069,8.36389765817127,6.100678309151702,-
10.0,7.663214888246682,10.0,10.0,6.986043759285629,+
4.533952082667482,1.3168346674711928,0.4231636249860826,8.455039275953302,7.387181959724483,-
3.407744433155695,0.006638827416246982,0.3767209493463877,10.0,7.369558380355387,+
6.102148634717153,0.2784200978116824,8.98462177619051,5.901004845818177,7.5461659757993305,-
7.248478698613661,0.28154841581037227,10.0,8.860975655865813,10.0,+
6.841918268532805,8.383119944905147,2.2035195371819483,9.076219370248534,2.699152817543533,-
10.0,8.455855071821361,2.6842512499123794,10.0,4.423883637996907,+
3.8668021131800643,5.569253915363755,7.302444966455091,2.030269174177932,1.0297031538487134,+
2.9659198319638773,4.312786945654451,2.7948650500380494,1.05792533141224,0.5687872422418536,-
7.675382308855053,3.8259881561344544,5.366066182695578,5.6289004967212986,6.9232573750295,+
6.186257002481867,4.252903643515716,9.968398206378541,8.08943188400254,10.0,-
1.489516297481449,0.9247381760746454,4.08184740724071,0.10084079354207742,2.048338121074579,+
1.7034559439102597,0.7516570335077435,7.6480155408704755,0.17914992369188812,4.0939877664660225,-
6.5358790728943505,3.976298065205768,5.119734716894202,4.341071598219765,5.125985963025532,+
9.065454411940838,2.5287175501324284,6.167408815040077,6.373850822836905,6.355282039909941,-
1.753702541209523,9.174849494673934,5.066935360092051,3.3169065988167823,8.918762755754157,-
3.450669659214625,0.16109119531649752,6.1665978219759605,6.326166286762566,1.716011089323608,+
1.768983968871839,7.866438071570917,5.1590248271477455,2.907271038911683,8.013822526094946,+
2.1579230292619807,10.0,3.120133321062173,2.27723861124512,8.70526793663134,-
2.8937405479456335,9.350102049417824,5.470037943187469,9.830239319867024,2.8553027349847215,-
4.40038533133519,10.0,7.941151516037009,10.0,5.378810328217944,+
9.220637840384882,9.991571540186982,6.068087079585576,1.8978930484560175,4.408074653057392,-
5.617331177338195,10.0,1.2934554558562312,1.5287330695858905,0.631349380965932,+
9.075450996376297,4.942546729021508,5.791039347959145,8.325755213301436,7.985593268699183,+
2.8876506898062715,5.094405256686645,10.0,9.766335343820511,4.323192668276551,-
6.479733673383121,2.6041948501313774,9.069460533720607,1.1215635278420155,2.63345150662063,+
8.991919437142347,3.991321090595943,3.650684281907026,0.9456332819313874,0.8854992253746169,-
7.058818214885968,2.014479329592472,4.359310232880515,2.7550860825033108,0.38660043693717006,+
10.0,3.079757818466346,2.6728356865132143,4.191272288028827,0.6203593616439167,-
9.529422277784823,2.220367568068229,8.707724582076315,4.663824197734775,4.1090786056183815,-
10.0,3.353631806960487,9.711086995541887,7.691958250955075,4.54857905700925,+
8.177280310293426,3.0992545445641273,2.390449713538297,3.3412797809512487,5.328914294028139,-
4.547524840569049,3.9569895307665153,1.3375780373454023,3.9161214773580877,6.5011610195922085,+
3.499151952914933,7.184314624998026,7.499720726029846,0.30251274656975524,2.0223819924674427,-
1.3213746033875817,1.2847765764106664,10.0,0.04075979738719168,1.45310838674856,+
2.1394605581553297,0.5450527938236305,1.2903918737332931,1.0427511980687654,6.77491632742743,-
4.073231789819394,0.945141074201072,2.2215052676976867,1.2958669418430528,7.098360991518905,+
0.03828822873936821,3.2064192463702645,4.55579140354505,8.450223359245436,9.10815391772304,+
0.03090314509666172,0.8116398076118628,3.617950287808364,6.673043702546702,3.182069083707229,-
9.276852121845709,8.208656060076805,2.843343827772534,8.976116738337284,2.982053728708529,-
6.362130867361705,10.0,2.1110436965780353,7.653039926983169,0.5554727091503401,+
3.0698995209064686,1.8632172831420757,6.867592780722065,4.161427871509156,9.749356048658772,-
1.121142307474781,1.5663387252303949,5.83430479585131,1.2243049791102294,10.0,+
8.59103969283148,9.23591962800089,2.8760933312199732,6.016483429459047,5.953398475588755,-
2.4637736942281805,0.3282136393126414,0.032484490719035884,4.919984320296634,9.93061699572815,+
5.333048658904586,6.06292914178188,8.260835078703561,5.422527977940548,1.4997311737659957,-
7.145099916843021,7.466203863215932,10.0,6.586530778653005,1.8574544338446968,+
1.1844177819536783,5.386111102853182,8.162550524939306,8.431355427005872,1.8547049836917051,-
0.6322571781493758,4.233315285358142,0.07919451740672177,8.428318101408449,2.3204240855065548,+
5.361568545893359,0.8990498124227131,4.768549482566882,5.896807959232654,3.8178330469852586,+
10.0,0.8195861969270719,5.576408944412108,5.857946076173148,2.7356888811043008,-
4.349400973297028,7.434556022379461,2.370775638474054,9.94045229717665,9.041149120978403,+
2.891120010445385,10.0,0.5063874757185228,4.51613138207525,10.0,-
9.425239009152582,3.472120610326587,9.975291463787407,5.197490302229295,5.4905678189335525,-
4.372601229051235,1.203433396497044,3.9364498556019325,4.454599327781911,7.871136080204039,+
3.159415809818371,8.124009054282451,9.464047983021604,6.718551137846411,1.30709383540202,+
6.272769775019137,10.0,10.0,9.986692745788,1.3556936718163108,-
6.709195024986912,1.6162034562006622,5.299786395942924,9.950783742706543,7.036772629844061,+
9.588268585472935,0.36322181673272486,1.6238425401863696,10.0,0.574130406535729,-
8.061435425611423,3.7652570751109184,3.397840729024014,5.679876061165369,0.5633770054012222,+
10.0,6.565862316814329,1.2944296577935683,3.474598734217119,0.32259314419846863,-
3.9412649660627377,4.406477151235938,9.997469301530492,7.814361622874677,3.2822993136779646,-
6.4380059843186395,4.834193419588332,10.0,10.0,3.4301871040894434,+
1.0643925208984806,0.5602395098906732,6.345592159082109,2.972267223639007,3.1714767706519886,+
0.9465241701242781,0.5478037468013925,9.215705579553635,1.525591200349996,6.137028012694028,-
4.687891095397311,8.444150868201925,5.573841733794448,0.4798019372183737,3.1090634330208156,-
8.29511108264278,10.0,7.895993037830209,0.5493066893413028,5.923950118520523,+
3.590054762709982,3.466656548200505,2.514853873563646,0.39054080446008443,6.2278829451051525,+
0.20248043746539046,0.23117157203889374,0.6572995642053846,0.006649652591678203,1.6987702746512348,-
4.979255248855753,9.398056603929025,7.486664678173295,0.1197756282825968,8.745757513759266,-
2.7347525443325877,0.17878297139993954,10.0,0.13251835727681385,10.0,+
4.261903200985233,5.916868439828703,9.535274688684964,8.465077848028038,7.588318830045781,+
6.59736817821006,10.0,10.0,10.0,5.505092700801986,-
2.6781320879014503,6.44481462507018,9.72497089210481,5.233778595935003,0.5860360832499223,-
0.8063414775743172,1.1014772270432658,3.5532920778474244,9.987550106482269,0.2910211809884971,+
5.2026023986620915,4.100039266765786,8.425039720001562,0.15954703812440796,6.873250335692964,+
7.341255295602649,2.0214144457849463,9.319835578185627,0.1043945676398111,4.904121565491226,-
2.9885642524738323,3.0056427896561733,3.4070961129890263,1.6577568292792466,7.615956611611988,-
1.4920306424102494,5.944677489368922,4.617940802334765,0.3363448972708789,7.943936047318312,+
6.845119963231593,7.511322414238432,1.5501986430060666,5.280492142469507,6.974883701190935,-
2.0959448805382435,3.135593426244191,1.9135348581322713,7.5656059844815475,8.829998503261352,+
3.007198379023431,0.34487066510555775,6.873094447354072,3.0828343564608485,7.04945129326401,+
0.6488058272408346,0.48348635724886735,9.30866076264372,5.945337799785779,9.741136002799085,-
4.304352162090041,6.151579443023109,3.0528047627944654,0.16031043551511415,0.774680588811758,-
5.088681842769343,10.0,5.882242668963092,0.17497254896707987,1.0429803068047843,+
7.506121590319834,1.021571413259118,3.1490643909296914,2.5642278844217916,2.337154660908353,-
10.0,1.2814288140936605,5.1929057679715775,4.604380503703902,2.6401761848375576,+
7.436691662200248,5.187272880102745,9.168281056166471,3.350058456894126,8.292980497421478,-
8.148486976303213,1.2655709794831285,8.723530804017345,5.554451954684642,10.0,+
1.7607233598069483,6.976904548523165,1.9910396456565616,6.462381715222794,0.131997550457299,+
1.1422569734757806,8.472736616847268,2.084698791700446,9.056119734153757,0.1697328597248243,-
3.1351824707897267,2.3698238772380065,0.27407119228848975,5.790811177852227,4.563081732839606,+
2.8590112813876347,1.175167630428158,0.2254238238906692,1.2103652111011316,2.7242176706338173,-
0.7932316839811937,3.2306553549633223,3.495791742722014,8.602261990703038,0.6195189280329372,+
0.4996291221604924,0.9195877638519372,0.4178696949199439,5.944537498647713,0.4915275254631125,-
5.810471345079867,8.650870500597213,6.124308620517809,5.689268622956587,6.471719149780716,-
5.9061860807716124,1.304185851832925,2.59675864415118,5.847409690219676,6.756988373122935,+
0.5301489083675259,0.893239667138862,1.9698535044979726,0.2760965993860143,7.224171494679062,+
0.47196143116963785,1.287459510119017,0.5043633887926537,0.042506939137233635,6.887998439771513,-
9.736023333926706,2.9167607037084964,5.2431225262075465,0.5525063340742498,3.8186403698140117,-
4.009191121657264,0.5862146662683961,8.413115130893443,0.059708749850643096,0.5662027554278471,+
9.692804380695213,9.535369647254448,9.87420394751015,7.894005891616297,6.005503894221999,-
10.0,10.0,10.0,7.991926728058761,7.264168136438771,+
0.7402032536913639,6.238720472324512,8.111890267678373,3.4901990534721206,1.8808051325903008,-
0.19704083329094735,5.803779880418769,6.255971772941351,3.484935859915489,2.9345761509076524,+
8.307700340256238,7.490836990905661,4.595600339092403,7.366292373767296,5.924560533483016,-
10.0,7.191750680754267,0.9030532511581807,6.124017559165497,2.7551473492374186,+
0.5409729929984819,3.8434163618124884,0.7952697823817234,6.126127826305502,6.369986948051078,+
0.024749439936427697,3.5839896092174044,0.08352428629895388,2.525938701569669,4.554602070018942,-
7.281529220932011,0.6549845956083378,2.8070058190946847,2.882801630078453,6.185538110227556,-
10.0,1.039705972734424,3.1776203960331544,0.7779277178097181,4.106139295674998,+
9.89391406501721,0.6534673058483664,2.259464707467631,9.953322472060941,5.1839804105956855,+
6.211739127854302,0.31812395989820486,1.9145797669611455,8.846132519620902,2.0051540908765877,-
7.217887596493968,6.6469832096865735,4.777052609057756,4.431753204726378,1.6524506549286333,+
1.2695650153651394,2.90053424392869,0.0884562381516215,0.4344214268315753,0.9052263122512223,-
5.19296823323971,2.1442321228412755,8.769418113401029,3.811471215707,4.871246934907468,-
3.7108380403555916,0.7403821588318574,3.722331305235856,3.5578732952844603,8.02326561262057,+
8.568857516621634,6.295781878826733,7.966037909544141,0.9663887463139065,5.540582235544969,+
10.0,8.467856190404293,10.0,1.363848812201807,5.677673030794415,-
9.166484319175867,3.857312811606227,7.654128027301029,4.892358129159879,4.242825197053045,+
3.0601578840507844,1.2475101033980103,5.108500814775482,4.75512766543585,3.3305985028621907,-
8.66453062629006,6.525009396043547,8.876794652485426,0.5338871953039859,1.9269880288446883,-
10.0,10.0,10.0,0.7871052236795303,3.789651608581121,+
1.2495978552996645,9.912758406883032,6.567190998087766,8.797484581593398,1.0816933348085356,+
0.056459094340940257,10.0,7.721156970280351,10.0,2.111083065408634,-
5.77410164894674,8.21196895187505,0.017850419442152488,8.321792889881156,0.05634961944630201,-
10.0,10.0,0.032192200684741885,10.0,0.10185531251578743,+
3.8978783339678347,2.0192837646320894,0.506238329605202,1.0079047495913507,8.685904083033897,+
5.450478895600962,1.5993997531523483,0.9753461513421867,1.6886726212045524,10.0,-
9.803707650262666,3.595114168585789,2.372121409467768,9.057911900050087,2.78057261298461,+
10.0,6.7596260517052436,1.331898790611441,9.606205553294224,2.9701700933367694,-
3.708657082533322,6.266204643832513,8.39827887658919,1.2906864437818133,8.052528705764797,-
4.235664008137775,7.125066344514028,10.0,2.054299445468101,10.0,+
0.9154733408301918,2.3647081627626756,6.062198150653457,3.8792528787608904,7.917873725703962,+
1.817828498423895,2.992297598182872,7.611800523089826,2.0224998326775343,8.714405027290352,-
4.983056581657389,1.7572697678445526,9.838540871119267,3.3466534502678256,9.723997818825932,+
7.338786546890819,1.145080490051073,10.0,6.663870212743815,10.0,-
6.700564932165683,1.9548932526048635,9.754154644822368,7.870944793432986,2.9763938538824073,+
9.526736388917309,0.08985153497198733,10.0,0.8871807024374324,1.7653326042068886,-
6.072986789096733,9.463988663757721,6.427994506660308,6.300783464765539,9.168189711539053,+
6.794870144678593,10.0,4.433246506428657,5.886545165912033,1.6626329902814427,-
1.331192579194166,4.601393090329329,4.064814299820647,0.5727116709574442,0.8579788221794238,+
0.8429644453727704,2.8950879410802175,1.943057286160379,0.5156697363384064,0.20291248577071633,-
1.642200811207638,5.647508755977735,9.508206520861052,5.464879554728922,1.5187594804341265,-
0.8876066553147869,7.347659324185761,8.690847612735624,10.0,2.109065252882608,+
2.4029482467404373,2.982959929115766,9.857323641791666,6.7965083541883855,7.049172882295536,-
0.3211538192893716,3.473717569528769,4.051525674996504,5.0202853863053285,2.1623269751597913,+
5.311120365487235,3.5162979653285467,0.06887298579677514,7.4713345951759225,7.94732326492006,-
6.5524965221963205,1.1436663512953726,0.04650776611714468,0.822391204074843,5.671379512985145,+
2.3052350803591795,0.6538941091263217,0.1903910226987482,4.944545382619481,3.5700299214390743,-
3.4370774320411703,0.8971206024191712,0.2514743506347873,9.755959446467935,5.2861918979695295,+
3.105517705020505,6.010836933001876,8.50427528249166,9.494435181245619,6.936954727238377,+
4.683166669631097,9.464065029390584,5.181067312615521,10.0,8.431730346569841,-
1.2391693841384344,2.784906337051558,5.3328037181377175,7.935327566743212,0.0837449132469048,+
0.9195542678864344,0.682463139646836,3.4689412054940223,4.299818216144345,0.06459438052382717,-
6.073815809787115,1.7010021289074684,5.709593236835317,4.793653155675393,6.405094344400658,+
2.6547374956282113,0.9445439770190772,3.3222051968679507,4.3965117917669065,0.6161151409157578,-
3.4831072867156254,7.795495799792428,5.769697148622361,6.224571031064782,7.31428738712126,+
2.590809045707877,1.9542964045185327,0.7836091731214012,0.9108049465045556,1.674597701387203,-
2.281313648692489,3.3182778348560205,6.56857781509398,6.035105799509792,5.9984633466961235,+
0.13043955240286298,3.3117379378404164,0.38487706361236584,0.6250261485606041,2.515369174441564,-
4.873041951359892,6.309722398614225,2.168348719737695,2.2054487868149044,9.894508926743738,+
5.953031404833753,9.61766223364263,2.989209866842872,2.7796496649139195,1.1953162924031897,-
7.629519797242127,1.0917161391441,4.325579478900594,7.19932177844081,6.641510937788702,+
4.258210869998152,0.39252661747901385,3.9323851060983985,9.002022789429512,9.934570840289831,-
5.991439002996043,5.672746864202579,8.780664910975576,7.063403081257054,8.509772756719396,+
8.959642401141563,3.1433651401483296,10.0,2.112187299114687,4.774647997393784,-
9.298362365618333,1.0670581242396582,8.148753469940916,4.315817322207466,0.3063929725063641,+
7.961579558530293,1.9518851039378664,10.0,7.298156034253139,0.5216798843669097,-
0.34469241002256235,7.527863220300855,6.4122410782234045,9.623684886069062,5.757406143675593,-
0.47586631909893595,5.656480556960286,6.433921716929567,10.0,2.9716769114571857,+
7.066689503712905,2.166316803397794,1.3947660768138659,5.032643644123038,2.2207945645376825,-
5.162482547066306,2.169528544403718,0.3808076928120194,1.3253531292793814,1.9306034545386526,+
1.74205852062417,8.095818322191665,2.6790643904999323,7.330368286427142,5.713766739465049,-
1.153310021526074,5.922537083448556,4.093714778832147,1.6075302769029949,4.1677017455416685,+
8.917203430576095,4.0938593624470805,4.108499167113471,6.449909333153306,9.52732240708645,-
6.644427770887615,4.284668138339794,5.381270318919108,10.0,5.934467279470484,+
5.074798133426768,3.8776532355550053,0.25157983226743785,8.37923895699358,7.940608173244352,+
4.043301047838152,4.727294544271911,0.25711476061747734,8.622567710834145,10.0,-
4.428680679015132,3.7051767819868586,5.21746995246808,6.3510952250073185,2.7227637943767427,-
8.252411981336074,0.7971961516090245,1.6732274982819144,4.028678570997868,1.1176199596466077,+
8.25448184884263,9.838274498545777,9.618383631994492,7.285336183626841,8.586860579240598,-
2.328617365170742,10.0,5.4054168052833,10.0,10.0,+
0.34633704702359713,5.781395211083168,3.0939842637528727,1.24401469844043,5.660898262832656,-
0.6091947028728828,5.546802685339218,5.237260443085183,0.4994471534841556,7.1301882246832795,+
4.255261512155401,7.539383664967464,8.856725471178551,6.65693233806059,8.815674354605692,+
3.421959514722185,6.232196350181663,4.698797752809278,5.313571672468627,4.287289526261911,-
4.831349723586276,7.129026949864107,9.735209866344418,8.95045899417189,6.143711131103902,+
4.212224834967118,9.17234749187247,10.0,10.0,9.486014404613211,-
3.1040177004880922,9.811122711924384,7.086988086736001,7.037540732304338,5.771776416492674,+
1.003492358239561,10.0,10.0,10.0,7.935686063859862,-
6.957874288472452,9.899518925045031,5.5004686599497195,6.005013023599827,6.730272917332558,+
1.3139512993458449,3.670845909826958,5.056377987747045,4.092040513838393,1.615467408860437,-
9.703708723097886,4.296090339609423,7.448851350776005,3.73933970302069,2.500060360118783,+
1.1279206480406034,0.014283024709708577,0.30513957203941183,2.975387638372295,1.9556769277006254,-
3.7042841156638717,5.235184612783296,7.204005748558552,1.6544556400849986,9.042546374634558,+
1.0260746481099423,9.724676287823621,10.0,0.770700261782106,1.2426538623826757,-
2.1641934372586293,5.879629311906359,4.789414057127655,5.14617533977932,4.74383836681556,+
3.4756299700811035,10.0,3.643221170576667,4.276232846392857,2.422629584471947,-
4.083777926554866,3.768303739787485,4.97217488355796,8.773161140655418,7.272959584875297,-
1.593747144730911,5.576231831016087,2.1181097632575745,1.9257577313769865,4.276658956586454,+
6.530259198274274,5.640165376495846,8.921534887512967,8.381066439981948,1.1940560472414619,+
10.0,2.090205786273328,9.960407308664752,6.4080575270656785,1.0438850617145408,-
9.628195065792472,0.42444744753955765,2.6041579436022486,2.010158350868425,4.7088653503347,+
1.0008722626721236,0.6426853672341801,1.3922942909936087,0.10993773620293264,1.2218311769902492,-
1.0391476428270374,7.148748098258901,2.4550383160530718,7.557176463415178,6.0464374451761635,+
0.4973760698847165,9.380066379349586,0.8257381669244644,10.0,4.584673469356713,-
8.771004415501155,5.378860297769319,3.721679292034109,5.403120689540751,8.06512595898358,+
5.162344605995901,6.99060030308201,0.17369687399234526,8.832642465022426,4.082570647290022,-
9.767461600422,3.2189261659198785,2.1589749376585754,6.494262176975317,7.884307404231318,+
1.4630998794342647,2.7446534671376113,0.4934755681198959,9.261839056506233,10.0,-
8.768604138281113,7.9594264196228615,6.01414636548543,0.08907496624213973,8.099636588781955,-
10.0,10.0,10.0,0.13657452343524734,10.0,+
1.685570302220033,5.972912088589304,6.0267489953430955,6.855474992736243,3.0472211274652294,-
1.5528830125434108,4.015861391140558,1.124036531530374,2.5378726445998576,5.414725035390823,+
2.7470331450318275,4.788912805624492,4.6057545782845075,6.125990377939253,3.369829246312305,-
4.41804834319521,8.403013952410545,6.07521732608181,10.0,4.470095131746815,+
1.4686741550246007,1.6958190146225927,6.530267443179394,6.681337006565769,1.3277371090702128,+
1.6427042113088965,1.430982476867142,5.181713525907835,7.666408201507494,0.3153460242693524,-
0.648338941605362,9.37340115327948,4.524408041114651,4.983050351519029,4.5849758695418075,+
0.17525007429330158,4.0193205174544495,5.174329795209041,3.1846933069991876,6.225220460216084,-
5.636150050925481,4.266828371397584,3.138377555491616,3.59483707931839,1.4309646600554704,+
5.955847499688084,2.987310963309396,6.144554286464105,3.074557682909682,1.3062838132436632,-
1.7781373149943347,7.209090528266902,0.7080038806297284,1.3267373524748316,5.772702239473004,+
0.1069093149971334,8.144210642258743,1.2530786343672633,2.6255457735828047,5.84427389579695,-
3.523592457158885,1.076941575272189,0.8965517163903647,2.2602090192015414,6.6729242253294885,+
3.4647153439580123,0.5970394688646293,0.653523103225486,2.07650167739782,0.6612888414832366,-
1.6275233839270986,3.4987251848835523,1.8649498055727676,4.681538898106659,3.9412302942792254,+
2.1701422170881837,4.4183885606641455,1.2957651969585278,7.718204079426959,5.311593929503861,-
8.829670141511425,0.2262617230607955,0.7935807207864731,2.5543156205039796,5.951769601368236,+
10.0,0.13824956738368469,0.35905374458319533,3.6145485434247204,10.0,-
9.070230516998235,8.202852786143097,9.285388454648624,8.003515513106265,1.5641652645059423,-
10.0,1.020736561088161,5.078211168986285,4.251872633454222,0.02509698106076807,+
6.366284118040129,6.331571826556258,2.7475489702509783,7.28868999325193,9.526983591472815,-
10.0,8.677071607198695,3.885493346153449,10.0,10.0,+
5.017116809330954,7.237826349425491,5.692427479835921,9.161747712499446,3.506582377860185,+
2.0600232144483566,10.0,10.0,5.681710104996987,3.0331474495195807,-
4.1589471235737365,8.150416085717872,2.2769758199970616,3.4803163957361027,5.121700442355744,+
1.010368563270845,4.49141369080685,0.5232264370578337,0.03219746875774593,2.944161114903489,-
2.7182051612277225,1.0889625277760262,8.561377648998349,2.358585363882546,6.451581859619124,+
0.4207915667089695,0.19981068913797922,6.333756577468321,0.2839460614043882,2.8691360953299623,-
3.1847019442186184,1.9956492402757808,5.682468696140253,4.416957641950764,1.1837489848973193,-
3.291500682790176,1.500683856836248,1.469002713444301,7.983322549858672,2.1804747236683863,+
3.470676715058776,6.384646629393853,0.9696131435987876,4.895824120544297,1.2750382160355012,+
0.927229070738069,5.200008059344361,1.3485333424503825,1.3139127895445875,0.7882200737658756,-
2.9749240900492833,9.54476192512924,8.39958726761354,3.630976553799398,3.1521469394167454,+
1.221228136011347,10.0,10.0,1.2421036532628351,2.048055001775519,-
8.08646349183575,0.6589761748602674,9.20810790435819,9.028398324529793,2.8114263891728806,+
4.592296764129377,1.0998679826830124,0.7703203057310225,10.0,2.20552373765403,-
0.6408936907723617,1.2813219649216734,0.4781069708796737,0.3778412324546787,4.60187570972975,-
1.2149804075678707,1.3423661897271186,0.7831044423270266,0.49935299762576957,8.568299831833269,+
