7.72956739231287,9.710255418242317,3.4532500822964076,4.168573132742502,6.866828984807086,-
10.0,10.0,5.504375303514002,6.307523627386555,10.0,+
8.230068173130817,8.559036626374926,3.500597187394412,5.785983248849704,1.6790047140078679,+
2.2396591661310588,7.891188441442033,3.08452349347258,5.946622583579856,0.8629031512148527,-
5.588740367382482,6.051192685182796,7.098596939403751,7.825873692339277,5.5903412027882915,+
10.0,3.555949802621922,10.0,10.0,10.0,-
8.036751152815723,5.390868662034352,0.9439050474388755,0.7731388353224689,0.8368219847198832,+
3.8640085071264356,10.0,0.5785796724775986,0.8023703086671197,0.8933889583003716,-
6.593227464699789,7.682343714125587,2.5136227149515253,2.0924914678266515,0.644865301659252,+
3.3292484821819044,10.0,3.417194419914644,2.8419147200967525,0.7530494584747186,-
6.099702020926374,4.802522982232712,8.483544984902256,8.21389201130147,0.15669034100761814,+
8.132408486540509,8.166357386311523,10.0,10.0,0.012506878374886444,-
9.721809200808117,5.257324505546064,0.615093790957606,9.339734533897015,1.2907523934547815,-
0.8726405690541688,8.385078238785887,0.2580354907176647,10.0,1.8098261089434162,+
4.35843442296902,6.5143457611650035,5.85523335020638,1.7407642762646702,2.540805464633756,+
2.4107075031183633,10.0,8.097116457571959,3.107716377131017,4.721213788256732,-
2.6045406291915976,1.787729567381523,2.2565335079653392,9.541691890365701,8.14898965518668,+
4.346371218709513,2.974606166917622,0.9641911408178453,1.9048978359258106,10.0,-
8.697898437571517,0.22780206915688384,9.25669774707176,0.3372203427644094,4.144427697499495,+
7.0876955470140315,0.05920439455758515,1.3139825001366865,0.5307440430545783,4.675802310163217,-
6.143874263576573,0.39805743889802514,5.991295168750729,9.571617986280003,4.231268663976859,+
1.6069234494320943,0.0653104519662959,0.1353803952268397,6.125620142029098,4.125346013875493,-
9.129569957389203,0.8800733023122975,3.2339529054637284,8.434119588821206,6.759204164134288,+
9.451291181915472,0.27619345547131213,5.115469879179016,10.0,8.924404095114928,-
6.196932076098214,9.066079963165318,0.8911649692284374,2.3426440277379346,6.162311596465263,-
9.344746472856418,10.0,0.8990701695092026,4.18646155079961,9.340687465879993,+
2.0137046572474517,6.945787983703263,9.562961345800389,2.3318205366239653,6.176518621904396,+
3.1351640880757543,10.0,3.9087522089744207,4.120980163464738,8.8210539319435,-
9.935121539643326,5.6268439875208145,3.253616209826753,5.778168274421533,4.895473513130812,+
10.0,9.410612931596784,1.304072823188168,8.205694826783056,6.141885032057674,-
2.1251859675896023,3.5873014267977554,8.235746385287909,0.13543785515133466,8.053470517111961,-
0.5625048441721112,3.4196656352348342,6.395055656034395,0.12943631506905404,10.0,+
5.375388924335864,3.6121614980885197,1.3090762130440614,9.705095796739343,4.948839934346405,+
10.0,6.155467447192137,0.0019421156109868446,10.0,5.593813074272215,-
8.377970638877546,3.1270566901978594,7.3413412254727906,9.891828773966946,2.5992747415689177,+
10.0,4.642484570266719,10.0,10.0,3.6913213338820947,-
7.269150795209557,8.292954466309734,9.737111562022742,9.767546976738476,2.637387918720031,+
10.0,1.9153376268779878,3.1879791778597037,10.0,1.008845726677195,-
2.319727843164671,0.042893535195154264,5.58837145738554,5.944721267182544,2.054392994334039,+
2.527285519267835,0.050505292637944676,8.004819633472179,9.580797609109558,3.484812776192463,-
4.693368685074983,7.655944746511975,5.9960380945860265,1.9341402847299305,6.528695465426679,-
6.807445056051267,3.2164301989732182,4.98563197947443,0.7670016350865894,4.310975411298186,+
3.4151419364608557,6.763131743603173,2.4573326777150575,5.102544300496701,8.40469057406302,-
2.0800114995711207,0.6457603088257489,0.16095142261878867,6.598667476576852,0.9113516008365131,+
3.2464347451383246,0.15852851389360767,0.07283087660926446,0.7422675878611229,4.367929782891341,+
4.380934735829401,0.13573276322663397,0.1347055304959991,0.30538700790312834,2.049820661131622,-
0.4371538304337108,0.4214248919002639,5.938184813565634,7.009351350821764,8.864978969381461,+
0.04692911760469716,0.4696959988862101,8.833581573460794,2.943374645935331,7.709380572242422,-
5.008039464725052,1.5827208427240291,3.86792467759013,2.712464472041569,9.839634644376332,+
0.2999717112721917,0.7716872354313448,3.5574744242174203,1.6375671367026825,7.935214384263718,-
4.755993574770146,6.527673541045599,7.123388087048794,0.8934084812945597,4.354275723375764,+
4.028355329777577,1.3141473784132582,3.787567585501008,0.17849292018534696,0.37618955134056925,-
6.708552922880212,4.8405703519423575,2.8783635321150602,1.5671772803593964,0.13647135339474592,+
0.15562728411553842,2.1671239696720863,4.06577385738628,0.15443738756683695,0.06212283646103125,-
6.558025308793985,0.640326300174543,3.031684117664785,5.041850074278499,8.170933520289891,-
9.081235360703177,0.835279484744576,5.780953022603266,6.190637889669898,10.0,+
3.883145978382837,6.475249807654646,5.22185682946784,8.832860479568636,1.232111946260348,-
4.900188472232826,8.455797595685507,6.265072767195541,10.0,1.6308653183226856,+
0.987193855658588,3.4864637485684757,3.468129519262253,1.7428685271925959,5.393362367886208,+
0.7256912646789809,2.019764242468975,2.587472221270322,0.9945870907666614,4.676862012239262,-
7.413161157849339,9.876727493585669,8.549684791033444,3.790926666346791,7.880746268055247,-
8.436466967753008,10.0,9.908996380778756,7.545557893353541,10.0,+
3.7017435039858313,5.3898350436630516,8.652071219045283,2.3998128143670847,0.11056265953506617,+
5.606075761601461,1.392467547399309,5.398664938031323,4.531119543863085,0.056555763656853796,-
0.8046867450201844,9.454855324703953,8.306760118009388,8.098298698712492,0.6999285310455428,+
0.7883327635187776,10.0,10.0,10.0,0.626252518725065,-
7.339634702353162,9.700576428430379,8.750915980874888,6.934958858765138,1.4021491400429764,+
7.59823207418268,2.8035653514798486,6.062280022370934,3.8853576780970247,0.6500002485090225,-
2.004279591435736,6.670937078664792,4.713755173110581,4.809721972689216,0.9371072102162081,+
3.3921716318123707,10.0,8.49252904003032,5.777244488041044,1.3793247109902511,-
9.45404859401264,6.677833464126097,4.270688857632596,9.70520479952475,4.018019587669897,+
10.0,9.417600446132697,3.2648019230021412,10.0,4.253831728661576,-
4.418581395142858,2.991473523130926,6.713159564649196,6.272296606542466,9.895532007236064,-
7.8021264916146515,0.6613521304221361,8.859533884109318,7.660543636705427,9.4062872352672,+
0.6626621899284091,5.315678791536518,5.130822017591946,7.281331658147188,2.2521678167883663,+
1.155200370255209,4.280423548231788,2.7946618239620475,10.0,1.1815658548669978,-
3.249821809072638,7.4304439714761825,8.09529996135148,8.138044491536135,3.479795662724622,+
6.055708390846352,10.0,9.399624934686464,10.0,4.878066793902083,-
3.764562023687005,4.934144904551239,7.103128878115812,3.9153128607842946,8.69553318295497,-
6.466758155930036,0.8846362387202584,8.698564794182063,5.473420667302495,7.628325767987945,+
4.977213804208212,2.0153881991464107,5.324711109181436,5.391124232295329,9.434958800503372,+
8.809205957454969,4.011610093389111,6.47144063798743,4.905387742882926,9.790116470399939,-
5.817799318527515,0.8270643107689968,5.700574880453121,3.518952511702679,3.4862471325611724,+
2.9886425571702886,0.37100381780137687,0.22711044896772112,5.070587357415978,1.3856064791570604,-
4.425982586040921,2.73424507096406,8.323727246600786,2.1310566982568737,2.490288137968164,+
8.09087464643976,5.332321911887199,10.0,2.2722860881797216,3.14216940489599,-
9.030529243194339,5.500461226702753,4.5988052603848475,4.1322855222587815,7.068071152985745,+
10.0,8.23022066820962,8.43993645560565,5.102783633508786,10.0,-
6.267358260130786,9.786666514796135,7.64119376582066,4.920596969357711,0.48276879376549675,-
10.0,10.0,8.032251793711694,7.982434587394595,0.5220736230740814,+
5.55176846598039,9.159467440324384,2.845655542532526,3.131475410421648,5.364656156225425,+
5.840443356309973,10.0,0.3572014505429142,6.230013982831204,7.056540904245159,-
4.122193176606254,2.0634183856194643,5.491073023907299,8.51197234316847,5.147775182152078,+
2.8034845842834573,0.7744265866509515,6.955276462477646,4.178555803539207,4.824150535989341,-
5.949244032823304,7.735752516925494,3.3812427089684336,2.9715406185191737,7.628539458558807,+
7.601820299058987,1.1248619153221333,5.833489170002953,2.536744823962601,2.0161811842697652,-
5.338986894351936,7.414973983958316,7.256324047499621,9.991267038368399,7.137567767453941,+
6.549966427558517,10.0,10.0,10.0,10.0,-
6.140603869171695,3.2439500612447203,1.5656084028487482,1.691604173866642,6.811096950404554,+
4.344717790104065,1.9951114819941689,1.4902406336176843,1.5917327493964473,0.43873308303470887,-
8.805154994287587,5.411403225713252,3.894620907449325,9.727690261886561,5.73837262089889,+
2.0748390931843335,3.200935283178078,5.023990016707058,4.220003548327972,7.735270735492526,-
4.061720970027009,4.968406619208883,1.7188299008460184,3.289570600006484,2.4643338498193854,+
5.068880207278177,6.713833894261891,1.3744295301131517,4.953407337468254,4.197231620466549,-
7.323313857329509,9.514792238505759,9.106142924282157,3.112900025023068,6.815479582781288,+
0.13929203616118827,10.0,10.0,4.4260814577309695,10.0,-
4.4530627666707625,2.3130455435500155,8.791557232267841,1.1240550103619273,7.260794107291889,+
8.192714741859238,2.7059602007257224,4.641602375141737,1.5803847320531847,10.0,-
4.762566650759574,4.424840835277149,5.346410145514737,1.3803810558356755,2.455020325646463,+
2.720145343446077,2.0448120932629457,1.2212481658746175,0.8621159292351517,2.127485163112799,-
9.361808156595279,9.386640277209947,0.5741934341502763,5.424500955154459,1.8834970487903724,+
10.0,10.0,0.8102740813411151,0.7847277328075472,3.6186880570122373,-
9.860631889646797,5.424353357087272,6.1329267393222615,7.052686697903798,0.6085571073977025,-
10.0,5.084877072646555,4.671733696184074,10.0,0.986277475902882,+
7.687959806451524,1.990077984882772,4.876461117674209,4.177944500324592,5.1639705862001435,+
7.528772458401197,3.658578693303654,4.146311429491664,5.480414429251731,10.0,-
8.672213949486082,6.362584782611314,0.6490516617410402,2.5525530415616835,7.509944196209877,+
1.177644877268193,0.3245296098776986,0.42931191345579034,1.7711024949476204,9.707147974443451,-
0.19541212025030674,6.606596644974701,2.9386538076348536,1.359613172156977,2.03588811178144,-
0.283651605732494,7.9353036189694395,5.203685276166174,2.1163540745559786,3.4393143570982767,+
5.539328471738099,3.1502029942378917,8.076742791564774,1.5995722390098943,2.3975536184965818,+
7.550409963807404,3.7863282612896296,3.8399349212289295,0.8876945970026506,2.8666386927805654,-
6.336114182694121,0.24553929209401137,3.001604989930838,4.278295472039947,7.850188624264226,+
4.929959382038947,0.2773301398220457,0.5934630335394622,2.1080496319243096,10.0,-
1.78432617715379,7.635303996782289,1.3001678229129687,6.743936874455184,9.12068872815665,+
0.3552686038848216,10.0,1.5475610320527537,9.215338187993543,6.529175180085822,-
1.9166419346919061,4.538456886692738,1.073175821689455,1.4172717097177212,2.4367744265100413,+
1.629047808787359,1.455868567371487,0.3003019993869864,1.4592730941464236,2.8235050682811043,-
1.176577229272452,3.442998389485372,0.4033702694753427,3.453495989698203,2.209822241811399,+
1.405341862915755,0.7663595681229256,0.6110029176199268,5.864682496816398,3.4160599041743205,-
3.9838366401485326,7.25451932191866,3.9851548411954663,4.3981455154821925,3.0782325766391114,+
3.702785430805865,4.374670275809676,0.01746816677208163,1.5178104373920804,0.6327251258695307,-
9.61613125036466,0.6599713166537935,1.0464978549528392,9.22716669009911,6.411435870936914,+
10.0,1.3053729976845352,1.7014714584532418,10.0,7.546992915897943,-
4.520313003831067,4.886910358336527,9.618612251000618,3.2970971346956093,4.2008297423264125,+
2.5403403413196037,0.33921263636369664,10.0,2.9962163260357446,0.7152334095373162,-
8.40045334637235,0.9976741143244094,8.490595816508879,1.4728742024798802,2.9811169713889782,+
10.0,1.9634674519232918,10.0,2.781243850793078,0.2025922797207628,-
9.788536644561574,8.386437785189123,4.518363446457766,4.005885219048647,9.721409411853761,+
10.0,4.78018249786664,4.66835758634044,1.8528151370122246,9.15571845016098,-
1.9018443831109655,6.121870553287806,1.075348756652581,1.9630130933664336,2.1027730977283907,-
2.338725649488862,10.0,0.33335757815703576,2.859172017992642,0.8233007193284899,+
4.882370840849848,2.7530970195714777,5.70849189998742,9.050857104595524,3.4620746161295015,+
3.8557668665118827,2.7929310126735545,8.917830190114625,5.86886387930095,6.629887613555233,-
5.604838475137491,5.917457433165685,5.232849221029033,7.161440623062063,6.3073416845332355,+
9.637784665052818,7.621010123179821,10.0,9.199682837975455,8.586745107280516,-
8.898449740466368,6.071117633090209,2.0441796200707687,0.9875860618937893,4.1118947864997155,+
2.375974230369756,0.949302569527808,0.2897497573915161,0.027481890796078132,3.807340084546959,-
4.622890273327109,9.325846573676461,4.832550314738986,2.114876147185428,2.8970336594625645,+
0.10232496760835602,6.766553852060551,1.3976594312843593,1.6085703671877867,0.13370305091615728,-
0.5753396687455048,8.992331639062932,1.8944659736572345,9.012473088369955,9.3121704234658,+
1.1383173629301018,5.862853769026208,2.839250064355125,10.0,10.0,-
0.2576547731664447,2.7974537975283775,8.54075839651911,3.164715848471591,1.1739100536673774,+
0.15261533423622428,1.2842367564061703,6.669539995705869,5.755824525592607,1.9757034077018591,-
0.17458538298439685,4.815999541975071,4.0697656509407345,9.18344410386491,7.12607766301918,+
0.04041028666986204,2.805515186702507,0.20967827851594578,10.0,10.0,-
3.552342994903137,7.56569402634443,0.22710817349168244,3.7145544450065926,7.418830619887582,+
2.5897409402877103,5.23226914148887,0.13531193932512686,2.4112484882203242,3.168398912251193,-
9.096229363027023,8.828795587355934,6.579530703114469,5.9461164630611325,3.476836563255188,+
6.601746016331006,8.60784123832558,4.871622252923154,2.709250366367341,1.137468999020507,-
9.787327768410218,8.200250832005464,7.802803862950745,4.71805460837916,1.2565112805334566,-
10.0,7.315060963041867,2.2386954559074033,5.283049696667629,2.270649372246933,+
5.287519172515136,2.255587852029887,9.831387502728216,3.4855776220129475,5.730239454825852,+
0.8658758225572414,0.4773521928341296,10.0,4.667997072371784,5.690456353967852,-
6.822884879918995,6.178270457995358,9.760983004033024,5.888708019912099,0.8075720242470852,+
2.670247941286537,10.0,5.494415072903208,8.910875963297023,1.4875725198961622,-
0.7440699962526987,1.1773652003313884,5.84886296567454,3.3178541912513437,5.681485868458342,+
0.8667691417900265,0.20158987951635365,9.207811334370405,3.6109717273655133,10.0,-
5.508321731715115,3.4748578109997776,0.5612602282305235,9.880339425174448,5.358870446369056,+
8.53537816212648,0.4745471653613454,0.5073816148999782,10.0,5.723260933824393,-
7.040109815432277,8.494643851511032,3.858335317635192,0.3920546240049949,2.971273438437083,+
1.6428730668370524,2.655067843638712,1.2384337055001866,0.038581062782793114,2.6080880558363777,-
4.227677815096543,3.85919664945227,7.428212516357975,5.220210423722746,0.7214833602125903,+
2.1496974993454243,7.7121489626003665,7.413943924353999,0.7572661969015384,0.39145489268375505,-
8.40776091160333,0.15370901552426486,5.866690280357792,5.943203718121358,3.365102171351475,+
10.0,0.2030666200484682,10.0,10.0,3.9099965509427066,-
1.4006955406857757,4.29488842669512,2.3976584471320397,0.5972877951852884,1.4616782871031042,+
0.3007759557163498,0.9990820633225098,0.8574517472778436,1.1748556847870306,2.8081269886407294,-
7.3881134109691455,8.359403704474243,2.090491226713307,5.381692269047342,5.5003324993170875,+
1.3463448230421315,4.506711034940659,0.2650995340408309,0.37534572579243525,2.370320048220573,-
6.594866852292704,4.570479701023138,8.066666468723103,4.689335758263585,0.8793024689726137,+
9.723201084329679,8.655206719092178,8.855940488603396,8.92448770847214,1.7165451712512352,-
7.525590003832727,8.280424558606086,4.878522778289169,8.574284264149242,0.9547692800362895,+
0.39931595670639225,9.547801475826954,5.471061542416113,8.844935724418189,1.4925197100547267,-
0.20718676669396197,8.664259959799526,0.7309459903694304,0.916956020346702,9.611373178862959,-
0.23184683150869387,10.0,1.4195810081350453,1.4780091776074784,10.0,+
6.091423034574921,3.1017250050791634,5.373691428915283,5.588085580370164,3.849395365646602,-
10.0,3.6491567383769254,3.7037377802811196,10.0,2.3972293917997543,+
0.3315575057737996,6.847464495864937,7.010235029976579,6.758762115254919,6.458925473510514,+
0.6136566335141999,3.539030073919803,7.602721260173732,10.0,10.0,-
2.9710200270709795,7.258960286860477,8.761875890815869,5.135138603282328,5.016512132422465,+
1.5368945088880461,0.5366631886615371,0.03503663984405766,4.544687845407904,2.9299623974565216,-
2.9637674490820154,1.5514522438846923,4.008863355204153,3.67602961248466,1.3715941207563742,+
0.1891296762590711,0.8834975331442382,6.954337629337444,0.1742989618518596,2.5201243027728113,-
7.67483246798604,6.871990505365856,1.8840258008297583,3.76951397567621,2.410594930069733,-
10.0,9.42203701442199,3.149728813851404,6.432446681117224,4.613770343848301,+
9.124502626955529,2.541385100366341,1.421733491499908,5.149985723001604,6.854086678557394,+
0.6273780703541025,1.3934555557953117,0.48993739874173076,4.287233499201069,2.6676712213704734,-
2.0020731745308282,8.342641353122515,8.81542812821393,3.655467866753981,6.583747957961444,+
2.9031123408440123,10.0,1.645759093854149,1.4689229596247886,5.955621108944218,-
0.8512570043383749,8.957164742054847,2.8165042186501954,3.842310654095945,5.019149534202766,+
0.8157003075339558,3.676982360023805,3.912932070573429,0.6424879335986697,8.956025078883954,-
0.904221197924705,1.459928611451401,6.202280906311115,2.7324806482797506,9.717227608730498,+
1.577248803384991,1.1916931366953971,10.0,3.304057442600143,10.0,-
3.653262805769902,9.949719651968246,6.67029593077106,4.298019813716639,9.843177636274223,+
3.881552981789091,10.0,10.0,4.949834770603315,1.388581268802801,-
5.796427611465705,6.054814756334594,1.4235711488265268,0.48918300293692263,7.098494086105033,-
10.0,2.1104456811099563,2.1128251135524567,0.6597151374401982,4.40915683544151,+
0.01953977636114268,1.5024178777557606,6.698663345723613,8.73736053515027,7.7188659748676365,+
0.02584666842138653,2.2885491212920543,10.0,10.0,2.0123963440859076,-
9.967862845730266,2.0458968685685686,6.909604105543737,8.908931776495251,9.32121307130328,-
10.0,0.6193046730705903,10.0,3.9966560144650054,10.0,+
3.473242691904411,7.731498334834662,0.13749476470858002,6.48632452532619,7.341968732654877,+
4.224637669749342,10.0,0.2730511363330543,8.517826047434019,10.0,-
9.32504476339584,8.847801372174676,3.109557460275676,1.715260534378058,1.6512040541738482,+
1.8256897682466198,10.0,1.6765661906173674,1.6431302466060724,1.862185910683056,-
4.282177105959245,4.7801480542599615,6.5615933166419325,8.169948566385877,4.766739366600903,+
3.7017468232542674,8.127843281936231,7.658858842664561,10.0,8.044224354804898,-
0.48331091274546156,2.6528282641825065,5.130810695441691,1.4923456814563407,2.1502874414473583,+
0.38621367590306693,0.05578305247158653,10.0,0.16461169656898744,0.4173261540515343,-
1.247680798513997,5.999629379618627,7.612801992390135,0.9790774394396695,6.002946646736015,+
2.0743883354092847,6.710013339825838,2.5469402310584144,0.5338197007560019,8.463030886612382,-
5.494929404133164,3.3539668747675533,6.359050196200746,3.48687468176869,2.842864774213206,+
3.994062004246327,5.853770043228804,6.274444879745259,0.9256310444011642,5.348177200605805,-
0.09180217992887263,6.014776362407308,9.478784852018023,4.686172488968996,4.338431977698052,-
0.11039075162468305,8.904255411079422,10.0,6.809768391960986,8.40590878517877,+
0.6295956211001252,2.251895377582309,2.055118550779358,8.634229960983683,4.031185474089689,+
0.2206974444826488,2.57791926426602,0.008679194550192048,5.355155622391343,8.027058157405271,-
1.4571814717061637,3.15564951202288,5.123480801382151,5.89303682216179,1.7019705912412308,+
1.419445838806002,0.30499169633504974,10.0,10.0,2.661518900987812,-
2.2816005049443255,2.6434738247822143,9.186286273692177,7.483385343407651,2.2324970018755885,+
3.439727988222434,0.9887396528072834,10.0,2.0316637668134945,2.695796783899861,-
0.5463262939694702,4.108598487762734,1.8186752753625146,3.909472478616971,0.8722965413994188,+
0.8723784955242809,6.220300547859091,1.379367114092703,3.66226117858714,0.23378997507332977,-
2.970229982632061,3.0045292642093746,1.2626559629234901,5.674495423387171,9.911178546274403,+
5.935934897962182,2.6976987336430542,0.5424954216425762,3.971266452757247,9.091666335737075,-
2.1780701140461325,7.350724941035615,5.159408826092714,2.083266672708748,0.06547835549970515,+
3.5423184159073355,10.0,2.0687946534544244,0.9064869504783608,0.0037213552597068623,-
8.520372375514073,7.405666854717506,7.031421815371214,1.6774701321404295,7.808198041553885,+
3.13168655055626,10.0,10.0,0.054308242774867725,3.91915636768977,-
1.9569617445235132,4.15980558469983,8.261820891054278,2.873136243271601,4.662921039597024,+
1.825485947125625,3.9714246388348364,8.386416852796044,0.11959586370814561,2.1363780009131017,-
7.691892781375753,0.6400450312931094,4.843028761454381,0.9439925765501722,9.595933728023422,+
0.4276420858805088,0.8261122946547514,2.485099167907754,0.6455486346667899,10.0,-
9.115790994994263,3.21504423908463,4.567263732381269,4.783770480442286,1.4784124210446703,+
7.242335428610346,0.9803518203041803,8.474246673502126,1.0862228498485302,0.5211608780704371,-
8.534189794542883,0.08932927029797977,1.7524392708758085,3.3728044581304815,9.699176391586851,+
10.0,0.15868819618597166,0.37227875311773817,0.9660232989238494,8.289921504370128,-
2.1015158318716765,2.0815330803193066,3.445315275214238,0.7994057127425036,5.5950499216428,+
1.1682138260945776,1.9852104668458088,1.8965442160365003,0.03783332563844483,0.7318093637965382,-
7.424301121296477,0.6821002952218536,6.130589970005158,0.08377811883593544,6.176495972159303,+
6.892785943243946,0.7964716827591647,3.764401216770336,0.13494497572721043,0.09308015274800936,-
6.924201686930581,8.504751286461804,2.1331391384757117,7.558486584376056,0.19680709369299443,-
3.1019313193261384,7.832681933831914,2.4680661110370137,10.0,0.2628508822154816,+
2.9197654260345085,9.394097381110239,7.090548892564337,6.500009085497858,3.074099113687241,-
1.2594638606057738,7.33262184084912,4.9022639985819225,9.47345372686414,2.4714167294570357,+
7.0908361340984625,7.60705247880224,6.53994055224072,0.8337233915773945,6.943944176532484,-
10.0,9.922771807712788,10.0,0.540863771028569,0.36823854725761374,+
7.942853447778218,6.726611185020802,3.860698366612273,2.4405346158746632,8.172356155662193,+
4.134611169811247,4.735570043701804,0.9656006453937661,1.1625239172864619,0.2549643812070468,-
6.803861590902963,1.61431575547886,1.6521047938036482,2.5358110302206716,3.619721364454631,+
10.0,1.5405150751906995,1.5562884677847575,2.312646091628509,4.2574477658486,-
7.704412142390882,1.8881995710585775,5.379336228131883,2.897403123665682,9.698686048843975,+
10.0,2.9871682139376223,10.0,5.619035346793001,10.0,-
3.037990987150272,8.001120596166768,1.1633847442483625,1.3652998418222184,5.487024076779212,+
0.3934380655803517,3.116370624636217,0.7796315724265974,0.24375026106616768,3.581103873263964,-
2.081115124747935,6.869603126538379,6.098499597112157,7.005660062333753,6.533777558692453,+
1.431987084653749,10.0,7.173509208574645,8.29517606709737,10.0,-
6.46198437147965,0.7387796223244336,0.6615278568376481,0.7612841048656815,2.8686481277284184,+
1.6772647458793088,0.8299700798858757,0.2945448955347323,0.35377692539686967,5.062996025915494,-
0.7413495085619537,7.181570860966254,5.43291578455184,2.8859480631481995,6.325013287499894,+
1.448492467509989,7.668503905655751,1.538572282307941,3.345667792971002,9.853035335692233,-
1.2012696249523624,0.6524032442376992,0.3079165198493461,6.0323217183880775,8.72622079650917,-
0.498176262795809,0.4234224393185173,0.3220627256173249,10.0,10.0,+
2.6774051884094474,6.760608984535468,9.319826884282325,7.996641386203783,5.813910982017748,+
3.993155305194627,6.333238051540398,8.920886759380151,0.9772036287890437,10.0,-
6.535034785556939,6.0429841731116705,2.4793772416440873,7.534417019640189,2.260830358138329,+
4.775560235030101,4.380427605150056,1.6975234605725074,7.3461825900579365,1.56112039732634,-
8.052184236666768,0.21567596961817537,6.585198689539794,7.358680086115454,2.4611103418765934,+
1.9693440605798764,0.3013942526322696,10.0,10.0,4.440490140288837,-
3.8855237265822593,7.671196565681583,6.168398800970541,5.37894369538286,5.610423299857451,+
2.71338361362714,6.173477426003835,5.826555222439923,2.1713552768575095,3.024425429876087,-
3.9953111330378244,9.521673019529139,5.809697648235103,5.549034788943707,3.853033998531421,+
5.544996637836903,10.0,3.152347948519955,8.180915189089191,1.4764057128107264,-
8.006699199402325,6.636770485856389,2.10799368126004,5.981478268137451,3.03902606657437,+
9.341434072087944,4.1232968241587376,0.9575073490212934,10.0,1.2901696300689822,-
0.6802035218169522,3.1849388925982436,6.4766030036562245,5.1654966346505855,8.344261528563928,+
0.6358411399157197,6.1153035893859204,10.0,0.39621266326962706,2.3556691580869162,-
0.9555301582281173,6.292587075199622,1.0794797715708238,4.011338773366845,2.6623091550312363,+
1.7499064867259544,1.5274618934009672,1.4263240924108325,6.849135222951602,5.2041924999615095,-
1.6304701749783956,4.836365752895722,5.879869583380854,8.78080988872669,5.206986517699688,+
1.5956104628329286,0.03609247059338762,7.070326604788499,6.009224884738861,1.0757336973702984,-
2.501289892404559,5.617888352168579,2.0037680046960227,8.298909869812313,1.4369623162752798,+
0.6428314892934807,2.846879813450121,1.7355259715171767,3.0961936012661706,1.0260386531642638,-
7.451763722477377,2.4017451916995958,5.139433605242397,1.5561903613165717,4.8083916462363145,+
4.939133354379397,1.71113444572602,4.197019456288322,1.311099763869111,2.6005637178694703,-
6.880892843889539,1.4072238514699198,8.00208781849589,4.039469997764421,8.800249849640386,+
10.0,1.2015581462990976,7.117043361435925,0.5824933675069881,3.0682397440849503,-
2.5612567709476686,2.4646971848825663,8.764785645804906,0.8506815316651917,0.6962706434178667,-
3.5029509431004513,3.308273100837223,10.0,1.2101995444081106,1.0985337809663565,+
4.28291081984135,2.6060179617325305,5.331891392813015,6.86034982915758,0.3633076826344539,+
1.700709316330399,0.8286496150919582,1.7610849842341771,6.281316280315515,0.16414403165949756,-
3.1467570619069116,3.5689819140970758,3.2628561016891924,4.832026908695411,2.1709564473367116,+
2.645027102787534,2.6224199292609196,2.2206716162420874,6.814387217928867,2.1106816504745116,-
5.886110054899735,4.62437988414151,6.373089826284032,5.879679160864462,9.485489286446128,+
2.7549554924042794,8.706305924386458,8.749441185407248,10.0,1.6804842401022972,-
4.89507204289689,8.673960290528926,9.370709285347152,7.641240491215165,8.569594683543631,+
2.795004797249126,0.5479332136163363,0.532061705599649,0.2589205746642446,3.277661153083974,-
9.270206011775448,2.3375999072321605,8.970448235807645,1.4789374546816503,7.580504608250917,+
10.0,3.56520584005871,9.414047649720754,1.4872281409821388,10.0,-
4.2929004364007515,7.186294827205694,3.79926129355887,2.7547572552852273,6.537579151398045,-
1.0697093149112142,10.0,3.6467472218433494,4.905130171088499,7.731997920292891,+
9.119020504053912,1.318305023532731,9.411467372636313,5.967412651670472,6.212674649354416,+
10.0,1.6486532051393397,5.6064387486000165,8.731523862519971,9.111479776102179,-
8.83587680506526,3.892812131808989,8.072608769965882,8.188665718946273,5.246530152440182,+
10.0,5.457178860026248,2.499950687176463,6.061555768731501,0.9068853210042024,-
4.455370376487069,0.7737896946744727,5.652038601575065,1.720040494290479,4.9099615215189445,-
7.641717457123779,1.0767721264331114,4.486379858072711,0.7294134048397255,7.497729018350297,+
3.3480816332429395,6.957915096489239,4.160906464547763,1.2192302279637057,7.5559339934075105,+
4.9944722666309085,8.681330860147737,6.119364506587693,1.4742452143327571,3.702925973261452,-
2.46254495727411,9.8540565494058,1.1587508085379827,7.163331493792347,6.422100104477604,+
2.57793094575167,10.0,2.1087811036814186,5.698572071030956,1.984237419399996,-
2.8645371220684246,7.513357048126837,5.707698316997613,6.990832013568892,6.36806255709468,+
0.8468613943851737,8.106225228042979,9.294911890445755,10.0,5.490733562214067,-
6.584875549786472,0.6194509273497362,8.07303753961977,3.280298024744248,7.010235942011693,-
4.976882503682466,0.6188476578497012,2.6490640795295413,3.4877500378756086,3.1274109737617133,+
1.396814664901217,5.884827051572799,8.154789139598682,6.458128339607931,2.6841370214052085,-
1.7269287302768124,6.550716286532539,10.0,0.1643356276787097,0.6745266879301928,+
2.7585409648171244,4.655590542437908,4.954292736588883,7.8123410190048235,8.96940594448887,+
2.7402419599471157,0.502342423334379,9.800884536127754,7.2520897173486745,10.0,-
3.6524409806485583,4.52549929545521,7.96394454907194,7.330432958235443,9.856416458262885,+
7.287641659354363,7.090758420515991,10.0,7.633726256233762,10.0,-
9.985716924339037,7.512296223359506,4.627668403351983,2.1480529988124655,7.997898783257369,+
1.2148220775134613,3.5543009088194704,1.796314770455538,3.4055475457590796,10.0,-
9.371416418994047,7.376943708402798,3.7153455348365982,0.9418839403863233,0.632363031849491,+
4.3354385088275595,6.528872290618949,4.893328643717519,1.303794593208877,0.35904450482319794,-
8.0713569700621,4.943328594685914,4.079548091903975,2.238634904091036,7.610409193736287,+
3.9046585963073874,3.56808270162557,5.633667520225223,2.305572712249437,4.799379121469186,-
4.8433915443414115,3.2578671976921667,0.8887762101619712,5.733017682818633,0.6526767645172904,+
9.584278582188114,5.993583923853707,0.9489159956251815,10.0,0.4980673639418283,-
4.75154686179299,9.802860864313917,8.206624935456357,9.230060708015916,2.075758653247488,+
7.658498955963219,0.7510895272975072,10.0,4.349953479200363,3.492272987365161,-
5.234712558164335,4.440229034186311,9.494254072529989,0.8457321657238293,1.9740964334090738,-
3.637090196072094,3.894784135186638,3.68977602607745,0.7918392994601623,2.2815020322551143,+
0.41721995885439567,4.789483880328803,3.015624672485088,1.2041137266466984,0.5284230600732409,-
0.6142312812993264,9.46597428952603,4.097924979159983,1.7940537293753607,0.532127613227372,+
4.99539961461585,4.2044922372621985,6.555511331442503,9.566726393346851,2.297718135588781,+
8.80527758331812,7.141334298646718,8.643181004860681,10.0,3.813336653079585,-
0.9305525075927834,6.821287551661628,8.872673966108215,9.440544867456062,0.289828268326342,+
0.9063921408754401,5.088717320912636,1.3912458313556941,3.8910337352477575,0.08792574658282189,-
6.299725387458549,1.0071664324938556,4.0631128989126335,9.08652870709364,9.803219656212068,-
10.0,1.2059757933518747,4.553176818797218,10.0,10.0,+
4.343877912895397,2.477835036402717,3.0303381892394343,1.7709086535032004,2.758666866487366,+
0.24405950423718464,4.06192041304101,1.1974090824088752,0.6455158635742846,4.565263279574622,-
9.25665029348513,3.206440015922849,8.041002070315228,9.410003729695497,0.516772256584459,-
6.862385460924345,2.995627179133687,4.919615468510722,10.0,0.22158804906267435,+
4.329579794337555,1.5084908718117007,6.434416661990826,1.4679243126817476,0.9633425317160893,+
7.706418256691073,2.783316730541035,3.629954816738749,1.736566105676922,1.6690694744647752,-
2.3483303186762727,2.3359609776819257,2.5920430220189417,7.71523162478565,7.387896246901958,-
0.8295307650942636,3.6387093485478705,0.048163562651650206,4.825030530569333,6.790612848571319,+
0.7487427310440387,6.593097288684579,9.176977741793067,2.5358235713182795,2.50901664381277,+
0.3965045230619975,0.9037330798108222,5.6999342102444635,1.8114378048574624,0.25798780006774175,-
8.923350063086243,7.935781393399354,6.339304957869258,9.192176804492703,1.0123033281329896,+
10.0,10.0,10.0,7.083963949356155,0.26626884206677953,-
3.9524925838166713,5.577336573834641,7.704457510665933,9.637066143899236,4.265555228679712,-
7.03561918384029,3.50159315326324,10.0,10.0,0.48847357533243846,+
5.92569297155607,6.908928314656739,0.644373305109549,8.960974083895959,0.5126101469546163,+
9.94648378554037,10.0,0.9214183349383449,10.0,0.9821343516597413,-
0.8192798606850515,8.74554944632673,6.28461020438277,1.8816571317434427,7.407782865861141,+
0.6731286035462505,10.0,0.33917944186828586,2.3238741202161792,2.2736378902655883,-
2.649374600299984,0.3797195949761156,9.735734192711087,8.151993510883392,1.0688806468704393,+
4.0120343049070435,0.5177040992399333,10.0,10.0,0.5771476337259158,-
1.7602377682125836,6.621601130651599,3.2499824802241095,4.709605076192124,5.223068583295651,+
0.3826978582796621,3.030894171569008,3.7869574940103776,4.366132785564394,5.126890538068712,-
8.617052213220239,0.7097528556559829,5.523325414451465,3.2161493714157317,2.7713220817407134,+
0.8001548169324029,0.9655555615636755,2.294097457936144,4.719376861642684,0.7164516897202369,-
3.1261623786175106,4.722947340703518,1.6688780993897578,3.7377140036990486,8.898421035513541,+
3.4214185610570635,0.27437116614180335,1.5187606264068192,2.529074428984948,10.0,-
2.0457410776609497,4.378128904653788,2.77774775296187,4.116877556861649,9.456866196338815,+
2.512932052694425,5.602278653936995,4.422918814489538,4.1739274347964965,10.0,-
8.86474650861311,6.122848801081158,0.8133697666201101,1.475760005847424,0.997522085336281,-
5.783239463777834,8.341550667250493,0.24533619347796343,2.0353855415401916,1.1494235021182526,+
7.971278981126551,4.694374946738389,5.8674241031843435,6.512824330800017,5.399527365230707,+
10.0,8.193725839813279,5.044730983651418,6.768166022539878,10.0,-
1.5055192132254325,3.215633501805378,5.835039216445671,9.247271243625026,1.4781804555040923,+
2.61087027635092,4.040353052925681,10.0,2.972258221015307,0.6492597072951122,-
8.932882612443004,5.041134019263529,7.351873987850828,2.0314599714794026,6.1356082466731285,-
10.0,5.726069728384983,10.0,2.0788355652818664,10.0,+
8.915795655181546,4.8676648539503775,5.007860496924601,6.181593835683424,4.34724107227815,+
8.767968674934563,7.935864792434838,2.414682533188417,3.1344133014750284,4.765553530665727,-
0.22440817391232937,9.16724322378711,4.601512206955061,7.777859929405327,8.117935135911864,+
0.11823550796074711,6.067587214526253,0.8909415580330411,5.708403317200966,5.2647961197844895,-
8.948772968007225,9.93988960933422,2.705850767228115,1.755720366001834,6.791817221803015,-
8.791322691700575,1.2214515928086913,4.785111256263274,1.446941236386068,5.0318316040893745,+
4.200920073622142,2.5496646895718342,9.338267308729332,5.980090088769368,3.8121650835408936,+
6.653664599857497,3.940010660636476,10.0,9.257774304084185,6.712170382232592,-
6.334187372378137,9.24361764285624,1.9313355722142167,1.5662185581425225,5.210293866277546,-
8.378274998538297,1.7539001351076415,3.191833611074361,2.8816744702802786,4.646098287144771,+
0.40622981143183523,4.167390157781644,8.638861498299903,0.6382219576604808,3.0416732565448292,+
0.773479920392264,2.314771545599412,0.21292600117347418,0.9716471283908367,5.191810263475125,-
5.622321772524375,2.1349277710856818,7.692445049259704,1.8750079955327503,7.609870092790375,+
10.0,4.199557475589877,10.0,3.7241780974061554,6.96032344201019,-
1.45301985202258,8.108593622489646,9.559308798547502,0.1300764359609885,2.233958577347448,+
2.048171891171502,10.0,10.0,0.08409624624238922,4.145495030390741,-
6.89694361694256,5.414912765474623,5.964749536193836,6.088647209320975,7.063697453426531,-
8.54463900980305,0.8597405247924981,4.168607163287463,6.327889864663275,10.0,+
8.14026164556273,1.0554520341367435,7.1032931126947565,7.8661926205336306,4.784122088107482,+
0.14321533692698749,0.5355472211530176,3.2141138374004865,4.565984058035463,2.072500915157192,-
6.459016903312839,7.563064615470867,0.10246324062559986,8.027288925169392,6.742041884784092,+
5.836897387283297,2.1084114373243716,0.03595560286032631,3.061526919727059,0.3664233035250637,-
8.232077259835771,0.6621127810657523,9.578754080369936,4.651031805127287,6.235232090181393,+
4.644824422776303,1.0051739512092466,10.0,2.206825844964529,6.317084298585275,-
5.154197882976974,4.90643697099705,4.469573496793279,9.366443931542205,9.328667432408768,+
6.285251814518148,2.727209501075014,7.412318660039652,3.69537134898347,10.0,-
6.714457753312509,3.826498082324653,3.331405020568793,5.429595499202748,5.924357503673034,-
6.5348306175443245,2.161171663078235,6.650058375879258,7.413357531335764,9.96283158362026,+
8.122698408951383,6.3517919889564,6.712671653475731,9.56359983866998,6.440581599499743,+
2.2524987085369736,7.167296677048942,0.7375721791092349,7.866638847590377,1.5793857725804081,-
8.128523374757636,2.054746887186474,0.5861082985196187,7.494248327614011,3.4025318251830017,+
10.0,3.4564347270252913,0.5885057029984129,10.0,5.941694157402895,-
5.458247137596835,1.9434542527186727,2.238661873272604,8.356744752682609,3.6783581699444277,-
3.4863736101790015,1.2229696087475672,2.961189456850286,10.0,6.758165580070416,+
4.436383722167939,2.6440109322967764,8.28365097295736,5.965993806768067,1.972541362668211,-
4.804222775683702,1.7762500111469464,1.0291661379517694,3.5368219119903666,1.211278413119363,+
4.396033660391242,2.680691751111798,3.9069375602029344,6.198637042601465,5.016830004387073,-
0.7592953270572275,2.3207850362812197,4.33323590222153,7.555946049872957,7.747698337455853,+
4.481384806108868,0.10055852911586172,2.6028370356770045,6.963558206209366,8.269541372060626,+
2.95573351843355,0.08928711658331134,0.7031759490820954,5.059005600015958,4.4842376198477565,-
2.25087988953131,5.445211246530361,3.8377702476062083,9.149882561239057,6.560707174257856,+
0.6217008876427311,8.180025988376673,6.322111354579642,10.0,0.11625054073755565,-
2.451373121761047,1.9156601303589693,4.72590900610731,0.3791246266968318,8.439200385728702,+
0.12484160852221286,0.9276461078789315,3.3677659871307575,0.3055324889207515,6.470063627001471,-
1.0139887068963094,4.395637554460691,6.211753656809287,0.8163189153344208,7.989879537603732,+
1.064311118108582,5.351158377479408,8.511322420125934,1.6093376102889494,8.470739089345093,-
2.446771552748891,0.24994984647492835,4.504447883822317,8.416411617294344,1.1575572152880687,+
2.3244684161488927,0.15922874587863428,4.177359974546992,10.0,0.5995396484347181,-
7.424039492133381,2.0681415946838833,1.3767953665499055,9.51319606117603,1.247916394471641,+
4.09705688966512,0.8710268306722139,2.593823099726997,10.0,0.7289225815430571,-
0.0328302571126704,2.691924207560393,9.797680371325702,6.368385147568413,4.025891202477487,+
0.027230645281699398,1.1013128873759712,2.9749446252981184,5.318560406310152,3.2509178154610283,-
6.8865757739463485,3.371266872383485,2.646566426885417,2.2987831089186983,2.5011734298768995,+
9.18380293445442,4.339142382849364,2.235116011435749,4.571974582863104,3.8355192146999513,-
8.147918742451083,2.8436525641796395,8.457310171475562,7.896870451281361,2.7981982499375215,+
9.973191356512428,5.239188437407924,1.984078803719546,4.128929161217892,4.768669819296526,-
8.59365368634888,0.37290582370287595,9.032954031630899,1.7809026820964802,0.7115208767395242,-
10.0,0.40579850739651646,0.43903022420681087,3.4943295656393656,0.08545704034307139,+
6.5256561595692455,8.436806245009613,2.7716974764490154,1.2406250227851179,4.48912739487771,-
5.4536290295174705,0.5994720843819394,2.5526040196528306,2.171436232004868,0.8702261842847422,+
8.716870910168629,1.6593136651310014,2.5553457109345814,0.45517704870924103,3.9522155181595577,-
10.0,2.7340236500813506,3.3329192148267492,0.692333811510897,5.8931127068846205,+
9.919838408849426,7.7125189840488115,2.6418731559459676,8.689963692017722,0.8668335671750604,+
0.0022378028517304324,0.7940573414523642,2.525501206058146,1.1207346578744581,0.2516491269820114,-
5.476630430480896,5.23436047057438,8.234434690023392,7.573342197844239,6.094625095297569,-
7.977380105095169,5.167893612587952,4.970208608737847,6.427573517801244,1.840166426406463,+
7.3521968236276685,8.285834929493669,5.255752831479122,6.4971025945390455,8.354076184993136,+
3.0034323067752853,10.0,7.526159126519674,10.0,10.0,-
4.199357883273667,5.9084630849258835,1.1450224132213527,3.065558972444248,4.7124647890919436,+
5.583788193199559,9.161424516740112,0.29819325933561264,2.4334406605955965,1.1995440397239425,-
9.753295918800642,6.999521453072339,6.19051163925047,7.319661226968856,0.2864093803183332,+
10.0,1.4817953621104325,4.9403108506005,2.101206173548747,0.5012599821666526,-
3.0549458357112536,8.552807009197606,8.926374064785817,0.9133481045289227,6.950370376456583,+
2.4555416428609838,5.672505881755996,10.0,0.9202255394288337,4.860553338050805,-
5.730484672398698,3.200775218311722,2.268689115693827,7.859303193851286,8.84201378431388,+
2.0884532551211605,1.6498818420778762,1.0742465731108748,6.80967552601357,3.5486405632927256,-
7.621518830841609,2.9282248102591533,5.644673515055985,2.7494733101833333,2.9435700770956696,+
0.3133500269083411,2.913441300659862,0.448336463922239,1.1622792173086904,0.43896878544085927,-
9.641835561095778,2.200044252124096,1.2234559111390986,0.2646532613716579,0.6397570089281623,+
0.9784454565747175,1.862433005362971,0.9424857202382727,0.06917206307227018,0.1376350973908253,-
8.860714750774987,5.503021035539226,9.248412397087913,0.9731281296187144,5.25226450388282,+
0.015777327197981545,4.581846112454328,4.135390843710529,1.0642419838364552,3.5463749548962586,-
6.9944616211162955,6.897323248323918,1.3186390818844318,4.380145119384857,5.350395826464429,+
10.0,10.0,2.42871998166484,4.621404450368699,8.487570708372116,-
9.590929290865661,1.8671262338051686,2.1197998277171735,4.829795812040007,0.7804172549670274,+
10.0,2.3133730587091437,2.9636556535726633,8.151417000286035,0.9230190779055005,-
6.7669873676898185,8.370621257077058,4.118852176610179,8.427124982884258,6.07312236687412,-
7.723237706233621,10.0,8.19965593714125,10.0,10.0,+
6.947390265347498,6.6692087044171515,9.223605537967442,6.405627438709955,9.31844478436065,-
10.0,10.0,10.0,0.6604867185411433,7.225645628977385,+
2.2720813438176437,7.222612635476922,4.129376793964523,0.06015302076044504,7.0914568007386745,+
2.1973773921068096,6.14861371695365,3.2092752438161796,0.02115947524251033,4.37736601048812,-
5.23981411382763,1.531156794097901,8.79757938512998,1.1008880643459384,8.650307271617992,+
9.774519167838765,1.1641202675865865,10.0,1.9001426984319911,10.0,-
7.4354137660507105,9.160860761106061,8.374014130196272,1.9499154626331316,9.817052825245966,+
5.907919853323425,10.0,6.81833322058345,3.539395458606802,10.0,-
6.708964367323987,7.224211109360987,2.036733997614457,8.429211442688885,9.095611764846366,-
1.5935400020706523,8.559999427838557,1.414198156218438,6.236113038531858,8.327651681268348,+
3.3118406237734477,4.393656972370408,0.511975315322093,4.127679475020184,4.081807789482764,-
2.307010061762049,6.317430517809097,0.21325632803182515,2.1728141863749113,3.0970955136670377,+
3.365863208701587,9.760565793369278,4.910406376409254,0.1699195829278355,4.9032405444481855,-
0.502364180111633,2.6260989252184244,2.7803709099821883,0.018706666692494815,9.422505996911116,+
1.5762468067339652,7.750002272640754,2.2993618899117454,8.495287734550791,1.0521330769277781,+
0.8370708795189817,4.999016179521539,0.46140601746951665,0.8638754257573171,1.4617847181756236,-
4.1215867708372365,5.585127447760439,2.7425662264651796,7.991752188630144,9.945986342768471,+
8.121534776691899,6.024840634316968,3.6162332363081733,10.0,0.4570645001713552,-
1.4958420624160884,1.1314956127563713,7.56437585945759,0.29999636367133986,2.498865394005877,+
0.9637914428012894,1.9130023737128872,4.7434116795391095,0.34202571688077676,4.846627709323815,-
5.135891473435068,6.5707556162285465,9.4111615354875,6.349396197926977,3.987381775047659,+
7.259052638522571,9.341790413488255,10.0,2.0138243242344194,7.042267271552277,-
1.7937358071340392,1.5369098567962902,3.180513557556033,7.482818221485797,5.014314049391072,+
0.03647406464062713,2.530345151460594,4.955687804447353,10.0,6.07522618520661,-
3.946319768165494,0.08380346231810831,4.457768777090672,6.135913367078793,2.522743639273064,+
1.5384695720813877,0.030983262950328903,3.5951035682170147,4.236002890688632,1.3609262194175227,-
2.457577641506882,5.781089313150678,9.76311659076721,4.316164303490993,1.4967374941443234,-
4.024162195564441,8.168797761298286,10.0,4.744637941975038,2.660133940201638,+
9.652151547337098,6.667568517589907,1.417791546306837,7.098406435213311,2.9484278621221294,-
10.0,10.0,2.4727641220863417,10.0,4.901287613896423,+
2.0199413461353597,3.874707087520277,9.193187567615677,8.054267995257018,3.210360711744894,+
3.0007136537791634,5.375528120172837,6.961904331088018,10.0,4.513390140337794,-
9.407491081662254,1.1951191931754734,0.7849146369689386,0.5841914919012081,3.2924516002705015,-
10.0,1.309427593086955,1.5251855302468122,0.622653180659216,4.570490129951336,+
0.3978239939515327,7.470363631919911,3.6424496331455924,0.8972597500751012,3.236569580983063,+
0.26975786420523323,5.1024774975760065,3.2367465480534743,0.7443963423800322,2.2544020678893197,-
7.3736237615677265,8.912121918974078,7.761015296060833,5.834064627809386,7.160260763805444,+
5.3970458527069,10.0,7.052565287568511,0.17829783824837428,2.159414777374718,-
1.0828679621804804,7.683972861369915,0.49414367635429945,3.64948690735158,0.16385007275808827,+
1.5852173491706067,5.705226349678606,0.9265081384589617,0.8362356157309233,0.20835538710225276,-
1.216858427449723,2.9313291295001944,3.86448832265934,6.309607600405547,9.965326794940172,+
1.0567535614487464,0.9013420088739812,4.59046716291867,2.2509102227672857,3.9948824740992084,-
3.8840428045055475,0.10715149406551938,5.551400986513824,2.9917218235949585,4.0252608838879755,-
7.2030036948535,0.0778025774069833,8.156872638697864,0.4781662014203772,6.099949237129619,+
3.6823995418289135,8.180769508556017,5.557315632473154,1.8359187500255658,8.040607919338262,+
2.767656450248199,1.6944411383202054,0.3018259406153836,0.7980930806149574,7.968290910907209,-
5.686200437017501,5.431276793758242,8.276049492634318,0.4912129761370687,7.562916520791427,-
3.4525697728394618,1.0078014818897232,10.0,0.5444237837178475,8.711545829832737,+
3.5428107461504887,3.196649844511583,1.7752515552041437,9.441141727780117,6.636084794102651,+
6.3832921371734015,3.6095668786023087,0.2088618951599079,10.0,9.881114567394478,-
2.9569623961829548,9.627584642512021,4.423502665900817,9.006536260090986,3.5987395972725125,+
4.54116197671622,10.0,5.859271231661141,10.0,5.03094850918574,-
7.6886509102464204,7.916291763324443,1.264752679365465,5.489407152693179,4.11053331143179,+
10.0,10.0,0.45395301305959834,7.016896197790027,5.980608258472122,-
8.67104695172924,7.078104398037162,1.7376220092990124,5.2190450797158805,3.9171703094061963,-
2.8997689316640067,4.2115504402629975,0.1882626181547628,7.494340673079476,2.6680993974223357,+
4.2064697987162365,5.983332041461647,3.459849500301977,5.416443706047361,9.782798702551474,+
2.0545670691071427,5.858169530898803,1.9486533769760956,4.348627943599063,8.925699012022415,-
2.563824823683669,3.0110908281326356,5.4572982896648305,9.177994489869093,9.114723706862073,+
3.6364231471147996,0.16968506820802856,2.6772189186551025,10.0,1.7144831127011586,-
5.046917813240288,9.476981797461457,8.917188148834219,5.944760668967652,9.328884099689752,+
5.7263652784858134,2.42568100456612,4.2154766584238,9.764645270927137,0.6921775992871384,-
7.337072736741329,4.741260225249762,9.489189512079738,2.421988226822258,8.54612387396739,+
5.01781285741521,6.425027363483321,0.6628532366655693,1.8875633092765907,7.179396506331816,-
6.9506986627372305,2.4994045161238256,0.6753866317279378,5.143347159633804,3.3665637370736476,+
3.8706939036203503,4.811748296165031,0.1195626092989874,0.4739806840873715,3.3682578694422336,-
5.519265733606681,7.070742024621385,4.515965216909272,6.425501663647397,3.331299922876796,+
1.0364388843496442,2.7791870398774368,0.6682410548129168,4.991568406705174,3.2477976675035496,-
4.535916078014482,7.5635806736102005,9.90631157254227,7.2593333763373415,0.07009423177397389,+
7.595333810460674,3.8823738880806054,6.738950832939026,10.0,0.062034657299554104,-
5.667308457378012,3.3722902317680536,6.862089250462759,4.679553483000934,1.2826036804243024,+
2.9924156066992293,5.3329061224732275,10.0,7.922854762948405,2.3857347972969647,-
8.72545569766803,7.405990746707188,7.0701255726205705,0.10182625629389985,1.4481006375824135,+
7.139284529212379,10.0,6.640595913949722,0.07813415334843095,0.5954294004173736,-
6.712990784303599,3.7271193763294863,9.458359566863207,2.8452242140149298,8.081766335300117,+
7.402966750520654,6.499545399039718,2.27284310626299,3.4230485508753947,1.075499382067419,-
8.467201710712695,7.4353717843395515,0.9390457321812651,3.3961021229099755,4.002514527747233,+
0.23522059277965923,10.0,1.387163341247479,5.009203203043839,7.216127691504899,-
7.229250768135444,7.294143404662954,9.53123890494015,3.308528855586469,6.435619352041638,+
10.0,10.0,10.0,6.198612436519833,7.647328046990445,-
9.682220172502841,8.802053635758233,5.408783769384902,9.857188766367232,2.892436788449121,+
0.6406569837523286,10.0,2.2048078321021687,3.817222801926318,3.0592961261999294,-
9.430324655104943,2.259729117312123,1.7933199846176873,3.327601029559312,9.537521393153016,-
5.365085947391718,0.5659823074514049,1.4209644636076906,1.9871471116701223,10.0,+
3.879436983471919,6.865326034102677,3.7197898833476337,9.906628997653716,3.995027952367074,+
4.403393996231788,5.825075595524806,1.4472176668352226,5.831101072238337,7.278287186414025,-
8.930312065548026,9.080769859049157,1.600130308156421,3.3010505708003954,5.391268014216176,+
5.759854368774952,4.065643180229742,2.4925921980877206,0.5824785597124291,10.0,-
2.9384051672524416,4.946222595256243,2.778050827055764,4.819165971240293,5.7425575579566726,+
4.040287545547694,3.000921786196518,0.7298170448083147,0.7099313449290258,2.6799899918849976,-
5.241698938120821,2.8298775617320215,7.197814105611956,6.329610559158018,3.706428474769168,-
8.8881231326482,3.729533974504693,10.0,10.0,4.686181250380023,+
3.9462048399129666,4.955313637983814,7.802288968225225,6.210814971998293,9.950235346492915,+
3.2538830140022665,3.5924388239718454,1.8544411774091647,2.15853263811081,5.892486078205325,-
2.9507192751863465,6.744979394147473,0.46959716601564616,0.10126994537814182,1.5685570508481905,+
4.632333420645263,7.3806600893244685,0.9099684224407011,0.1621038391582741,1.22425938690379,-
5.579270513664634,4.285660308110404,8.824787978349434,2.3522832019007724,5.14828467851872,-
2.2529589087921815,3.919486024371151,0.8304837733038402,3.593355235259938,2.1142150189094373,+
6.043506536127689,0.2076411799806821,3.957185745079493,5.2576066147304665,1.5357628384816335,-
9.439462213241905,0.059369376832820626,3.7902547398655146,1.257545566572691,0.8962298837708909,+
1.6030417912756478,7.110695521343916,5.3378509058602175,7.21672269875807,7.580165592516349,+
2.36236838380294,10.0,8.246249788266937,10.0,10.0,-
0.15251593052050372,6.609855524255636,4.061693990987864,6.566973970519905,7.078421251565805,-
0.10666616660848942,0.36885811143338815,3.271893540518303,4.679493702395644,10.0,+
3.6137780169608504,8.155912585705376,0.6913485086047544,1.1965707542083392,2.9011042317604794,+
5.567104703739662,9.381533934681388,0.4278910837968075,1.279329883998621,0.19517268043938152,-
6.537631241874305,2.3924578602192073,8.351464647084509,2.1808939451945397,6.803956011494996,+
10.0,1.5591621549170993,8.533937364750882,3.2063843451518816,9.328302656369576,-
9.038687624990464,7.944043934998405,2.9201066575724335,1.0927346942456195,2.2790361393903256,-
1.8935420891673163,7.63649193485785,5.784547677049686,1.1691210298103125,2.3330180599717645,+
3.6053901122861043,0.5349247902993182,2.9248175506248453,5.538219893533267,3.3293885822522027,-
4.054051125798688,0.6780243494579814,3.621790157625761,7.656827377313458,5.134527073828881,+
1.0969982757445373,4.039965224529047,8.256345402241857,4.427106299498624,6.95483635782407,+
1.3859861851725872,0.965140266024676,10.0,0.261925095416707,4.079870351895638,-
4.779692760386524,8.349651491438511,2.757557211309055,9.043612253619536,9.297104640876643,+
1.7882523414951323,2.518140569697213,0.6996470948400204,0.06370276187258565,3.5622042438738486,-
9.00591095485654,8.456934403991127,9.426188585850015,5.718995388997067,7.466647715571474,+
10.0,1.2630170891770678,6.254968778056166,8.203002961369668,4.6654879302032874,-
7.530401952464415,2.6444955999768194,2.150114940797602,7.3747289533958895,7.635046625321269,+
3.5237686974344613,0.6306181484893206,0.8817255916131925,4.649296377535351,10.0,-
6.301824331922995,8.527963352352735,9.059448774282888,5.60365258475469,9.827936388882407,+
8.039965587954129,10.0,8.765064718464023,9.206442409485916,10.0,-
3.7741903442817613,8.707666402647105,9.06226753742834,8.264783571984427,6.784228775861859,+
7.300755676650369,2.5622814933699574,10.0,1.3984710471928625,3.4736419470688986,-
4.089480162907508,9.5068310700683,9.4395788339916,3.127864202103475,6.223856942069359,+
1.6822242498677176,8.988481509172534,3.69061821717462,2.7837458729246536,5.631053445074308,-
4.4526512562661145,7.998879289819976,0.07367705977472161,1.5712245955274917,0.32090509031998393,+
1.2692417123823165,7.282197798227987,0.03641625155446506,2.311369458728603,0.004868298998256431,-
1.9510078509848727,5.638188451413649,6.469499178008493,7.442433574259816,7.118730288645402,+
0.6470984482183861,1.7628071506517276,3.412331676271487,0.4361840748267869,6.954257261849247,-
6.882611337046429,9.69610111429146,2.9633948164724266,9.628852986753737,8.45797777850667,+
10.0,9.575579712845638,5.378346329672957,10.0,10.0,-
4.20618343439441,0.31819070033876073,4.000408055988461,7.280446977703985,1.9274968365817113,+
6.044746802231458,0.419680959620881,5.618032356011742,4.1019253875389206,3.428557065697836,-
6.81028264247338,4.661145504392991,2.9256866804095925,7.340567856225483,5.236270499698454,+
3.916585502248477,1.6016725843536517,1.1685022796672224,6.298734679214979,1.5179140326438425,-
1.3712728356653325,8.235174866944654,0.5325762060632844,3.155214497587191,1.494475869205223,+
1.365990889882066,10.0,0.6030365726377657,4.033073907217665,0.47789887557966887,-
8.401056736061342,8.625105957472565,1.9989124543052783,4.847583874469807,5.759142448258903,+
10.0,10.0,2.268433729430347,2.806097746499346,9.155232771770429,-
9.86957489659166,4.712415166170141,7.775859633887366,5.434993333345623,3.189098663134481,+
10.0,4.802326485407161,8.008136444699597,4.846869741467376,4.2676288293368145,-
4.54145454043799,4.4068561480589725,4.2138498473776345,9.389071414949827,1.7494972298289913,+
5.301690542354648,5.39702222861715,6.4127903626441345,10.0,2.8507468677547103,-
4.608857592873767,9.054941834578813,2.661487133447099,7.740153570556268,1.5556749647382462,+
3.4560106228052176,10.0,1.5872129709743936,6.245445346525344,2.447377769321143,-
7.112600540090836,3.2791157377346436,3.583485017059038,8.533355750375218,1.2250223921489711,-
6.254211629556533,2.5297531293829945,0.05694148361399873,1.3164204987035233,2.3739537007495395,+
3.298547274016891,8.330312991310215,1.9027259036943134,0.8669409732735212,3.576993629334715,+
5.02210357814259,2.1928267946894127,1.7160842087007393,0.6026015645553823,3.8873909881440007,-
6.95972405506577,4.405463229748312,6.917266287270935,2.951572158313631,5.340870135324724,+
6.588959010798684,6.433438933353547,2.6300035599565694,3.724282890038275,0.840701274583917,-
4.892373565114597,7.0206142450252145,6.314384281734115,2.7568165693316535,3.762660577792718,+
2.8033574060177333,0.47920788065604136,3.0518864243111046,0.2934451790447227,2.302040744572127,-
5.346080226990205,1.7241540024643842,2.6401394165761296,1.5949675962871102,3.9164493716182713,+
3.473650279107916,2.4343131463790475,2.41524752336463,1.1574894121655954,3.5000690121040585,-
3.196910553787821,5.745128101248804,9.976189309368138,6.550180250553294,8.001398686390662,+
1.7804364061687015,2.4895916995133502,10.0,9.41570394499965,10.0,-
9.575339258539152,5.968833729863549,2.410675551944337,5.312106249324141,1.6471889346952728,+
10.0,0.6328887245354429,1.0080809629773044,4.087598124076411,0.2747237952541206,-
2.172304155516107,5.987147119912217,4.864456648019047,3.8967451085553586,5.67697373474513,-
1.5225732012447433,3.397323942008298,4.4046216117835595,4.575646870528293,3.0109932260743504,+
9.744930116480873,1.492504523609498,0.7760027525830671,6.52836418455562,5.022072939153503,+
6.839369461303958,0.4818158503919586,0.6882751379114644,2.2152112422404158,1.6649274220904253,-
6.940824989092357,9.016451462226549,8.33112966993617,0.19171422814370231,1.04186302425622,+
10.0,10.0,10.0,0.041332464560126694,1.1839697260050692,-
8.142678140802726,3.015946293029926,3.0290517589448163,4.157237727226649,5.862201504956022,+
1.6763026213488814,2.449741031173601,4.3294051773558095,3.3821313931964987,9.684109202513236,-
6.433936826039265,1.1312876655620496,3.769763602010218,0.7784864234264999,1.136775421463867,+
1.8682266992401486,1.8806153730819273,6.280727288274319,1.1948318042422694,0.016426541156814693,-
2.147583495031858,3.3801190898940483,1.3446183004329226,7.813012561566504,9.550752236950778,+
3.236803243846184,4.957317400409238,1.350680373047017,10.0,5.545541463185629,-
0.386063649483428,7.215476851091869,8.317646997523385,7.769450412301145,7.998357760272871,+
0.46688151011301227,9.255478802966278,10.0,10.0,10.0,-
7.612692907197815,4.672901410571772,3.632626376828777,9.271052607645366,6.876087711857092,+
10.0,3.3402495946805275,1.2325374579094628,3.317679795791654,7.041833694194507,-
8.058780733400134,5.143577806639561,5.096166735656777,2.4036030816354415,2.058891833510156,-
10.0,5.935110813482556,5.836022096886634,3.8208532638862103,3.1454256419251454,+
7.01630512129484,0.23421962380278938,5.578488800380641,9.088630298423503,7.94907146415726,-
10.0,0.44019010374675643,4.647100737033465,4.602975748848369,10.0,+
0.5988187700831638,7.996274024544546,5.118511951717105,5.306426481568281,4.18017878735614,+
0.5638561072922474,6.239356537287435,4.753191554645082,4.735406435618982,3.16751974617897,-
1.282017083763094,5.740233849472231,4.297409201471051,9.196136542281245,1.6002418082842818,-
1.3745410333425028,0.9439284564600524,0.9396845964613686,3.870282047394143,1.1560821757917266,+
5.3952347537991905,3.4606244770689063,8.652705783812324,7.629462841731058,3.0485244637840125,+
9.300324900523428,0.3911152625131286,2.085904635936289,7.846472443987916,0.6468980696435125,-
5.012696637029755,4.357610781927913,3.8859776097848773,5.883171707770806,1.1715689657148542,+
2.5898321403619406,7.8803398010571515,7.768839576773198,10.0,2.3186473956188025,-
3.3197185393662165,7.735245077480962,4.808401891895178,5.740342149534021,4.704274761817802,+
4.797266401991308,10.0,8.37710348993968,7.137228636977761,0.16441012226450494,-
6.419973010521885,3.0674119833902935,2.28376239492596,2.8407741792218633,8.69215713703533,+
10.0,4.621577446878123,3.355074155761832,3.2724892313476253,6.497429625273602,-
8.024137190123195,2.5408780129178243,6.45227340467231,0.023042480627893935,2.8527849309815254,+
10.0,0.2176275945775657,9.019285358811777,0.0423457109452978,1.6808458105660675,-
3.8420239658734023,1.306541100217894,5.123473499910433,7.732420405280349,8.67147264453866,+
4.433309222272892,2.151828078152995,8.851299584719657,10.0,0.43878621797238737,-
4.483605212862319,4.660776769766004,7.056859392865769,4.123254745829121,8.864716435609756,+
7.892025648210134,4.236520799056815,2.0876394515146734,7.11254827403305,10.0,-
1.4376030416616992,5.815675616678612,7.3472344670503675,4.68500457940539,2.945538716767371,+
1.143765885211986,2.36117653360285,8.893669017009145,8.606830242490023,0.835731969459994,-
4.079645520768283,6.677416936565093,1.0408226300308376,5.0531507967593425,0.8691632907608915,+
6.819032026592579,10.0,1.266163774051958,6.377049498602057,1.0249361965448467,-
1.4441270332262157,4.854398476014491,3.8436516436624357,3.2341826762146066,3.0800076293999687,+
0.07791682625162007,3.201641251017785,1.0313805445932525,2.6817594266386267,0.2837351114019958,-
2.602376748524656,2.401718481466083,2.441386529383224,0.6042922797278183,3.1025373839363657,+
1.3157625816693057,4.327645678817564,0.8850286300184989,1.14931671201453,1.72015859768934,-
7.847951619418377,9.117897334534756,2.7776247045972657,7.940974281416137,9.598402809356365,+
5.040305156080485,2.8001730029588567,1.4522666142532366,4.325413725265343,2.6492661749838597,-
0.5152507982700771,5.742533957908517,3.0655634751932794,0.3472535713642777,4.381719185896557,+
0.5712449388873448,8.343546762576791,1.9534847925537386,0.5156043282457581,7.850334655685593,-
6.1611371168885505,3.8495801627753834,0.9367185535751876,0.18640283171115435,6.125524974336708,+
8.12073609008875,6.828523562409856,0.042061682443305916,0.2980479639443021,8.859658706595956,-
9.337703776488704,1.562977851730084,1.5564631260878636,3.3981671368319635,4.273220129357155,+
5.26604524489999,2.7289344864308522,1.9490215689577364,2.8776617317162425,2.127090255054143,-
3.84160277687743,4.936358384658384,6.091130885529696,3.354048844539511,0.17656628250723783,-
1.6017584378214462,8.063798050271128,0.14792707252762077,6.233648332660763,0.23680080583739732,+
4.479518227936775,6.735355909598891,0.2921257606715455,3.614420167737845,4.184140803240231,+
8.957605751172412,10.0,0.08028622174198184,3.7807740935807694,4.265840566235981,-
1.181480160025099,3.710563621842937,0.7032701671583175,8.713186777331734,9.146268598653144,+
1.2349635907397303,1.9150526214544035,0.70665372772125,10.0,2.9153242561517816,-
5.528446509164157,9.25126116521888,6.195961519311986,9.677057348010308,4.65355762361158,+
10.0,10.0,6.650817983913749,10.0,4.940575969376755,-
6.685927546436849,0.4282565169260133,7.337551694747973,5.933644129959842,6.142074246529566,-
10.0,0.73807609210128,10.0,10.0,9.791627683811955,+
4.246402354794256,2.6166675684830007,8.026680886099308,0.912915844877602,5.168581340686822,+
8.09370740578557,2.2268009448981636,1.6926263992750752,1.336847331914772,4.607112213933655,-
1.7259847453666732,2.150288128211489,1.8316735969211972,4.03977194171868,0.3438857157148911,+
2.2575392357911457,1.1826093493288108,1.819661446679872,2.1165181401308617,0.6003130141387532,-
0.46011700033160463,2.3240520326087886,4.118349298730733,0.8896625455855256,7.208914062449489,+
0.564568717520764,3.0192881532363733,1.6217260085157315,1.0288120035925064,10.0,-
4.122880353936443,6.08107793286722,8.106173744657884,1.0053743636934753,2.613947591580578,+
5.280800666637505,8.067792410838017,8.637344036297398,1.9533712298567971,4.297249535912541,-
1.7846969114559774,2.7297307269695814,8.882089670950357,2.2082596405236354,9.090643520556092,+
2.4089922834642863,3.7519368958623254,8.73667846064844,3.6122822427756134,10.0,-
8.010662073977898,3.1255279145498847,5.931376149469129,7.408840204247996,9.408132935627448,+
7.40762450909217,2.1673952708924404,2.350350160121574,0.23664974675560974,4.128840097031321,-
4.496189188605628,6.945802167003726,5.440180502110101,4.781691163187687,4.213101961876317,-
4.043891699197822,5.4625362135494315,1.2805066277148747,1.324868004420071,8.177668144103603,+
6.965927694395835,3.7667406539429225,9.636463086575315,1.8865195329954298,9.651076674665969,+
0.0110586751285701,7.034613014081021,10.0,3.4225916990058467,10.0,-
4.562146067662628,7.99112209565739,6.80791030865147,5.5510701807349685,4.266299633344367,-
2.577331491113982,1.9834187751819041,0.5016954985120072,0.4806818196645624,4.979246638874179,+
8.212896149473638,4.906656913220648,1.8482715473051492,1.5088859938357146,8.266388627413718,+
10.0,8.60465620014795,2.682529125335966,1.7297148118170669,10.0,-
3.274808338160505,8.076951025506125,1.6154081359837158,5.883522457966009,7.1943281751723,+
2.486147685522664,2.8229572214851983,0.9405769213558614,0.316868582460861,4.560162526829505,-
6.328675640844308,5.89328034979654,6.558258238595197,4.639908193779485,2.477873184584072,+
5.693182077675444,1.050155657373535,1.5223695840549543,1.492855052352977,2.4323640998209544,-
7.654827267761156,8.103544345516823,0.7677616677755672,1.7447461183127377,9.37627470117018,+
6.36638832763935,4.256635017666946,0.527625988237393,0.5273013516315916,5.27243213161865,-
3.4946553425687945,8.689695076446277,9.621483303617492,8.12460975371138,2.1199568398850497,-
6.2859605768722355,2.2162869094267927,3.686554651517291,2.3473312374665265,1.5363204680138256,+
5.464836180739363,2.409173701631422,5.5675737633766005,6.7180647111249385,6.073982134767348,+
4.366671467905499,2.213430194256101,7.724183151887175,8.824443239070897,3.750985184281608,-
2.0919084283489333,0.9796966901708426,8.738765627847577,5.656656349333393,3.1046620243615064,+
1.6390987705006175,0.3038533226166685,5.650487001450909,3.279363357891514,2.654736435385367,-
0.789619461072476,1.3764608127330447,4.740296983761673,2.721620993496916,3.2709196295241307,-
0.3527759299452158,0.5915292360466068,7.782251796900342,2.084911801108887,2.9981939043508112,+
1.392588945523976,5.899092405076622,0.6839714104331385,8.959901622867294,4.628662716318627,+
1.1959813561676778,10.0,0.6950745888843115,10.0,8.46135122449434,-
1.6161307741230024,1.3725766683850316,4.1720112150740105,9.248466304808202,4.720624855780358,+
1.3718162143015256,0.6295612758166279,1.1469766971328985,4.370422744941015,4.6472858266520936,-
1.3347965907200832,8.701639083966947,5.288677726078081,5.988351222001334,7.713486930804649,-
2.574994874685264,9.948736761833425,5.675327610277689,8.664852697331751,8.841532971611288,+
5.909400130734339,0.8167531976666609,4.511916044274843,5.796078783520344,2.15575669869547,+
10.0,1.6271557567867678,1.7377768750005074,10.0,3.431446291240711,-
6.571827766856623,2.1888399413554938,7.4097921235523545,5.298825977249445,1.1114707486271658,+
3.1885988710666773,3.0814586834718214,5.264692148999654,3.5201748333143814,1.3099542187829771,-
6.970735467249015,5.525053565260705,2.3880190385974718,9.024905613076124,8.120162915144192,+
5.611163803018538,4.71201895324373,1.0591885760951696,10.0,10.0,-
6.092981699539851,6.256502506100218,4.383127507701587,2.4416811552790585,9.826860680151926,+
3.0957080298738275,0.2515252651771242,4.25063491649223,3.3494752014598297,9.775024139546275,-
7.242052854454757,4.980486583920038,1.0724943710067292,0.4622424158033622,6.601384793301618,+
6.560252667758691,1.4604905583469656,0.6989234474802309,0.4491759399235176,0.2274736162978857,-
1.2142510498022319,8.143470860510275,3.2039299133115398,1.3752105880046661,7.5345159994643485,+
1.6186028510804713,5.275800652568186,1.2901149504086076,1.3900226505541549,5.487738753101908,-
9.387389377847029,5.878843856313765,7.244031706644094,5.39248147302118,0.6239969710645155,-
10.0,7.021195020209588,10.0,6.777274889530115,0.8010621596351915,+
9.502444283982019,3.56126584505718,2.6007909965527953,3.4962398320612955,8.551450395271827,+
5.80140580791042,0.6822057679710766,0.4792560684170642,3.3630713080083794,6.104522546861098,-
4.995998837203651,2.9949408933522905,6.436801368908163,0.6993999363802228,6.04916797892958,+
6.7757799710510245,2.4843963546785743,4.761389465230787,1.114501939501119,6.8904598782612405,-
5.7989386557410425,8.795137896532294,1.7701160083621725,9.320350002479822,7.189551256999822,+
2.6355703436083977,7.427762343091359,0.3163657911677966,3.0117092627922935,10.0,-
7.486978931919863,4.537474375962093,8.22286200412692,8.279872816189213,3.994985769331798,+
6.360840648045248,4.45862555401834,1.8233510466347755,3.872916267369429,3.769245064217323,-
2.004186114370107,9.844387611147217,8.9801782140753,8.688015691871518,3.016748706735336,-
0.6895234841768635,6.005479185043228,10.0,9.138188854755478,5.829807653459955,+
5.167529667797755,9.623557649558505,7.322226738211134,9.451494876396607,3.117726043022363,+
9.590045390858657,2.1485940506236694,10.0,9.74043439492921,6.138913711926302,-
9.283918277061925,1.085810904721567,0.6030113517588775,3.340753538902086,0.00770801139866939,+
10.0,1.3880693385045852,1.1393360732274156,6.085280940545978,0.010676070489236886,-
2.985239939604475,9.452797663448525,9.698482713561681,6.996171588461314,3.4577664244613127,+
4.061354655146729,5.767327762705385,10.0,1.4661788319741573,3.2254679178610894,-
9.676157129924315,7.642191604366541,0.9270059797554386,3.983055904122701,5.89892180905046,-
10.0,10.0,1.228005966914684,5.667240608166372,10.0,+
7.650545340552793,9.706312876898375,0.729247271732244,5.594229678447577,6.696448173059167,+
10.0,10.0,0.5593670562705518,10.0,9.581289497493914,-
3.612054882833874,0.21198876831502345,0.7919198397669658,1.8354471812530793,6.145030910834999,-
6.738439511536018,0.14440865678880224,0.6021423342455434,0.8222919253262032,5.115211406450273,+
3.1545450520246066,5.559582590866344,6.754689474246868,5.836110559423876,8.904287513756167,+
0.9645416561067144,0.17117611176668107,5.039317109769178,3.540539231487958,0.4125184412276053,-
8.782766572822284,6.608358166867917,4.784776672572658,2.446919012898132,0.6764759922901287,+
7.9338367767743705,1.3200013994895272,2.4498705612451563,0.3612089756027125,0.07326271502080682,-
2.725180146296766,6.914330279599234,5.80464971091134,9.946345138370825,5.320647611309587,+
2.6844572761344154,8.211082019378235,2.9446419868492315,9.529446723220712,5.475357433316889,-
4.719611966119946,7.767560191974838,0.9281180450412352,5.231211436053518,1.782746479398537,-
5.894382433394663,10.0,1.619267903231679,6.122642700844267,2.1906491608020717,+
2.3751466426081835,3.098329426447455,3.03828271633811,9.195926102657326,1.8782415823767284,+
0.8746557249812166,0.09544109185270007,2.987171064368447,3.0301760944667158,0.7598585574543244,-
1.1293606188283978,6.147144230831309,9.760401791611853,5.880950297098616,6.552814025431804,+
1.8370734107600222,10.0,10.0,2.426872496555572,10.0,-
0.6582827681508274,1.4826142931926312,6.909651544285174,7.983030959129698,6.608235517555857,+
1.245163255259971,2.3066316121333643,10.0,10.0,7.670966352061227,-
3.242564855557788,2.4989382405358453,6.334137762269697,1.6438358604367431,0.29884225663646347,+
5.827028819498696,0.07017784492343325,10.0,2.924268176602385,0.3237862746550708,-
2.0701593476360447,4.338268186784085,1.5303142918577017,3.701574264854343,6.39140264395323,+
1.942912907594956,1.5212391760147697,0.1163094685087654,0.6438164705463592,4.9010091519089425,-
4.17881906422506,4.0082672009575155,7.726897231561627,4.486994372695669,2.473413500524504,+
1.3246570263257509,2.874986875523769,5.456777399752019,3.773223665862694,0.3515618304697327,-
0.23763337606810375,5.726564311955789,0.6698402561091032,3.8460539957813964,0.47785138051204656,+
0.008831228599579046,1.4735432018221046,0.19348121235683033,0.6877999146825252,0.14489139854357921,-
4.157003839706843,7.29601464940826,7.0876129192065696,2.193389438894051,6.2329204860099345,+
3.0268340237486133,3.99021363314091,0.35924999810439967,2.115224723756319,0.044235850864600135,-
3.027914479260848,8.654810237245542,7.965431515350976,5.717698954868689,6.149369831827599,+
2.2642382203171665,1.7864969365605798,7.06035180460041,2.5890640813834174,3.5915166785527814,-
8.35026472478569,1.4031517441859565,4.9835531104475095,9.438688339378142,8.946872899213439,+
6.596705870430569,1.1758788144368928,2.4103342407085373,6.504032624805817,4.008221426487994,-
3.5502635915993572,4.3064829047704425,5.119629835506913,3.115578888930257,7.419468958955081,+
2.8413580257690727,3.4580683363190183,2.916640523727986,3.025223569612198,10.0,-
5.94351250433043,6.128975737045753,3.6037771462032953,3.6045502680032406,8.98807296832478,-
10.0,10.0,1.7993016940716828,1.7157413894086395,10.0,+
5.793479341686297,4.83759434400398,3.607702377221732,0.2566409497961364,9.830530842567075,+
6.2983058650079595,3.6868712527529346,4.170894404364146,0.1583245469819963,4.392338497574474,-
2.5773642061617785,4.638865349903485,8.138332841851128,1.4091011377257323,0.1046985773236031,+
0.49070638574374054,7.232700921022447,1.0277598028956303,0.35145890008318975,0.1918827073693399,-
5.531627203376334,1.3395033630007547,3.1098039607358006,8.907359792278232,2.0806607919730546,+
10.0,1.7316286723507581,6.208914033211167,10.0,2.1574195312449014,-
7.991305372572554,1.9549009477711876,7.477571662986371,8.554655498428891,4.0694049055066746,+
5.729589405771714,0.009552737700248656,4.25971228258039,2.9191972502115138,1.70903065188544,-
6.6538895803388,1.2242056040139948,4.312197633693133,0.2065678531380888,2.0853583080183444,-
2.39216150751248,0.06254236871976523,1.3684849113331583,0.3404011309447222,0.3747924345985254,+
8.72688724670663,5.865232797675274,0.06661291384722712,4.435121250632662,3.381147029516444,+
7.127114929247173,1.6032388171200407,0.11773395391509846,6.706962591485778,0.2609762966001055,-
0.4218873401254619,6.522041445600678,0.07511942857735265,2.306860216678225,9.634533853566488,+
0.7809506532871376,0.7110714297822476,0.10960194976556559,3.9544599149118946,10.0,-
1.8421294414015787,1.1719997435529828,1.0954427922304755,2.429510097573381,6.481307247455915,+
0.904865298520367,0.8148499044631549,1.238742942696213,0.6252420432843776,6.249705306030201,-
3.8903049897589224,3.5397737956872897,2.171677137999618,8.036182437487193,3.076375633142697,+
0.8885942567150691,2.304995721371169,1.7224405677117245,1.3203180138615436,2.3610695143238254,-
6.735939349628779,4.298076020459872,1.342805711571069,0.23390139327278403,2.4695598441921973,+
7.83609893436741,3.149237765940358,2.1897968310966243,0.2895513030199686,4.070398371285946,-
7.520910857215454,2.681844739616255,0.9414351941799182,5.567906841318866,3.8730409367033203,+
1.519233196526824,4.89984196412088,1.1456582620556846,7.028058678226972,7.0094115582050724,-
5.307063318257149,1.179993302879232,0.29554728645736383,4.067832109993512,1.7539524189844014,+
2.328744975579656,0.27597022818654904,0.24120870614935747,3.790089453674799,1.58457545652269,-
0.9055682120492314,0.2558712074364744,1.373984717024903,8.043891913567256,9.249150179248623,+
0.12353072102028549,0.026694937346272346,2.7462264742580746,10.0,3.9028958324218688,-
3.1272289620099594,7.7201278057944,1.3014028381389031,7.607206141841579,7.64793874046462,+
3.1003472094968725,1.2472536555457665,1.275354866861689,8.866135264500523,6.679731163096886,-
7.425326294073353,2.5363959411699177,8.071438142404057,2.4072536857726314,1.454555198097468,+
2.3073172063886593,3.3860347222168414,2.5391224774667576,2.702470094802529,0.30530749748829605,-
5.246845850677147,9.383300320934588,2.0181826252278947,5.767034701688043,3.616482817627001,+
0.7589590197682551,8.06350811180767,3.171572755161334,4.363884147672119,6.316767357191659,-
6.238671747656519,4.610314934452033,5.0421540309581605,5.463821163603332,0.2211684784743173,+
7.288673497112047,5.956103994087431,3.798741967482535,4.1379409852529525,0.14261305739515703,-
5.679740952036596,8.22216288768091,9.737432132143084,5.652170387359043,1.0730119493038948,-
1.1410306885644084,3.8511513338718877,10.0,4.541641183358501,0.3524441030912305,+
5.758057258602048,1.1549794312203243,2.604903997118777,1.3311860601678482,3.412172661748387,+
6.887428144336402,1.8808177348949446,4.982009325686551,1.7707752528517016,4.060801920133736,-
4.326338062998683,5.247950026541047,9.37499134618013,8.494832447953419,0.6763966139804811,+
1.0389674294663498,3.735698488318327,0.8435491620048554,10.0,0.0742374184308941,-
3.0805316734070476,9.140432617513529,0.16996033885893325,6.668695737518179,5.032190246700342,-
1.8455210663806374,6.8538651478443695,0.3045617066469448,6.511642368627614,0.8520840887153527,+
6.185665070329879,5.358708565792254,6.58180154478465,5.305009473036161,7.48454084478042,+
1.7264128703392332,2.4770534418364223,3.4004922761574012,0.8489311123129633,4.134073274847993,-
0.0011808391555945263,5.705550528915384,7.9781733891385365,9.603564148246782,9.670898831528612,+
0.0018911440420645337,1.2408642464869042,4.862662606684177,8.00685725938447,5.689379014953845,-
6.233060983348273,2.956255749967056,7.971383110770014,3.4626917654027647,9.149794772137312,+
9.67819294002479,3.8366252628676145,4.071368171663386,6.1451690078211465,7.450130297045557,-
0.24602126346661035,2.6853810936918854,3.7972308654894347,5.29451382744787,7.832152952537662,+
0.4280045612776572,2.4286031896069322,6.8151678147815655,6.826261102417206,7.925209945784229,-
4.9102899989079205,9.318416053586942,2.9400077373456677,1.2572234119743575,3.466765359682824,+
8.874221659425077,10.0,4.695727995717163,1.5511196687908393,3.1644485524261037,-
4.471043248351808,8.127213528185054,0.4205569006368537,9.045385819777636,5.077815056798328,+
7.155493349118682,10.0,0.48770142397157185,10.0,4.80029625837081,-
3.432099150064002,2.9548077884753687,6.827451677193145,6.563410661339086,1.9916048276226517,-
2.7374152587167937,3.411850759923716,10.0,4.228605797923983,2.97650154141746,+
1.1337527631479027,4.622163782821901,7.551697594429491,5.606880834199056,2.8136280092599786,-
1.6128313209737184,7.269532965182746,1.8632124961451992,2.1530101583481875,4.300033088439015,+
9.273227365591573,3.2701799914588623,6.205471532841659,9.01246085833296,1.5409178883223729,+
10.0,5.2370392237627845,9.273994621515454,4.546503298431163,2.7240159248044753,-
8.879908627361422,6.77473250897682,3.873767829322281,5.109905578401278,2.4454861128905248,+
9.442359025970852,10.0,4.270406808140735,7.895546107969831,1.6648635177350426,-
2.6131124369347702,2.8695644028390968,4.158265011848363,6.34886257150346,8.580909144163204,-
2.5908361771746695,1.7181212353904127,6.545598811392825,10.0,10.0,+
3.179594682646968,2.616211956075829,3.495230001456661,4.477288254849647,9.643170893279231,+
2.531981681239637,3.2371433499336355,3.3528611136606044,5.429213692329627,6.883345721838667,-
8.39179211629028,5.3942284031435985,4.206129505309201,3.366950658181045,5.803463690816412,+
10.0,8.40219775117087,4.393407275149815,4.417982354166791,10.0,-
4.348791856726542,0.7876286203949334,0.9981445955802315,2.974789314046289,3.679906185474308,+
1.8351331397459427,0.026137305388443877,0.6325155151559473,2.7493689549123728,2.1932722614662428,-
6.476299123568071,0.44508806614053986,5.638042038551953,0.5792646305429072,8.445652244791265,+
9.046635624105987,0.3844838232425697,3.428832104468014,0.6044861304800141,10.0,-
2.937815084228169,0.9865841517141383,6.741128462865181,9.430150371449116,5.530622269287072,+
2.313777444080575,1.196085597341019,2.925180416755726,10.0,9.32639910633345,-
8.503209605623645,8.032120672648762,2.6906817190330665,4.524211019078747,0.9902623392063348,+
4.078978342948426,2.534871239184385,1.9155260619663843,1.048701165107892,0.7020563056737048,-
3.33694300040571,0.10736507043444643,3.5737248875323435,4.403895516059401,1.7152214271381772,+
0.9951541442610757,0.031824275352124856,0.45649141380053715,1.5032988406034382,0.7310041787462255,-
8.501973446480136,9.993919061895632,3.714127832687587,4.231660876041189,9.669329360684364,-
10.0,10.0,6.704398273282041,7.467218070377108,10.0,+
2.7245572277067556,3.2776705007872,5.490562314170654,9.341073443956526,6.853020799216844,-
1.2369642674705086,3.07334645694187,9.009937785681327,3.984297886747878,4.057695824296849,+
1.2343831287874751,9.45766289905286,7.050962131152544,3.59961541433532,4.064930827096347,+
0.11734424973703138,2.2093938232753545,8.752072257111271,6.27905120293797,0.058141930309172564,-
8.155273094357018,5.883461237595668,0.008334564868887062,0.27344937356099996,4.477479507784529,+
10.0,10.0,0.009402601805073199,0.47198153609059185,3.3898225626929785,-
2.8868682770713985,4.061504489420851,2.0531193236158596,5.70983978291888,0.25685222982563816,+
3.8175521771893535,3.4323108457609806,2.005850889650428,10.0,0.3646444554375321,-
7.769641140137223,5.730479715503599,7.853969037854588,4.196703843481584,0.05301813768887498,+
1.5911567117582972,4.319428459668652,3.59008996969316,2.7808683616304055,0.02987456173843984,-
9.52550243243213,4.381319942680446,3.036975315338215,4.984126390657364,9.425858845076306,+
3.917034061858541,5.976996825837029,5.132859031404499,7.565325682858382,10.0,-
4.627363191052196,9.506278234397744,3.3555209287284637,4.802005761961072,9.862341755846824,-
2.33498169881606,10.0,3.2123740673539163,3.1818422466078458,4.294214652835509,+
8.77266167558238,4.938980598496926,8.140719957163732,9.484066913462359,1.636961071172277,+
2.6394258847796603,0.6424911273906361,0.5182771124831641,1.1891513594731533,1.0741052609377943,-
8.995360392516037,1.063783120810371,8.905567155301672,4.708215424488228,2.5670080931392905,+
8.088291857966606,1.0592998100786415,10.0,8.066232041618356,4.910768177830879,-
5.402132416307877,5.2546276546793536,2.07046452369935,1.0508373420485717,8.245191010422403,-
10.0,1.2644092414245336,2.2584319322669937,1.2819519634541607,3.6854648295189842,+
7.954744270362272,0.4105184997834499,6.819484849917282,0.2820470616723203,7.105823155041211,+
10.0,0.5688779304408393,10.0,0.34453399422535425,6.87179195612396,-
5.716992981317092,4.52105128458096,3.79313883938274,9.684541347329205,6.771817100004246,-
3.617242649650363,0.21625028982392802,2.5429613112377907,6.063157606839002,10.0,+
5.629962594880111,1.0669286171268388,1.4252153933299316,5.598086115564513,1.6281997398792425,-
3.1079454920906664,0.7658098667444884,0.7687933431122905,10.0,0.9368373507724566,+
1.892421499527408,8.020293209446592,1.724383095441332,8.532968906694961,1.5663031930118676,-
1.118043924574435,7.511276607972731,2.3745736495401477,10.0,2.6370634560002966,+
4.644315082948017,3.9226540118901365,0.09446939283340394,0.8197102874974393,7.646584907752435,-
7.8421077765666505,4.548682458912653,0.1535862139406779,0.8556677303905,7.833262432308233,+
9.204909929115914,4.9818448085561275,6.096407652507275,8.09534316755447,2.4112193255498235,+
5.279853486952273,2.7267335948124214,8.663753831941879,10.0,4.439326660455893,-
1.1807174934104547,3.650087965368102,5.084866629702911,4.440707871609906,1.6404576179458408,+
2.1239784734381595,4.413891606127626,10.0,3.404438914561137,2.9164841648686934,-
8.405473734192205,0.30018853372434595,2.116632888769975,2.8068454881434945,9.471282909030144,-
10.0,0.34304890721241627,4.0418249356212,4.722105644870645,10.0,+
4.181687591144688,2.449500877173282,2.8251011330534115,7.565545566838407,6.642107709541003,+
5.41844580708404,1.1919093906837162,3.433557228513168,5.622032159221003,5.09483905901668,-
9.012548621044024,1.821726277740433,7.4869051989787385,9.857777252573026,4.2986581086823525,+
10.0,2.7479761701110603,1.6511302235972787,10.0,4.549942395399343,-
6.212550704017436,8.183297077051211,9.133421076711928,1.6718935722731176,4.147588822476517,+
9.313919873915024,10.0,10.0,2.2243473588021074,6.3295633654901255,-
3.9335598431722465,5.2442099157531015,3.82793470100388,0.43578576537641855,9.106164361466957,+
1.9969797895059231,1.1746938975823928,2.7889299441644257,0.4094342169317728,3.2596190051721594,-
7.297263268766605,7.751028360321319,9.769976343648258,0.8710879567879259,4.351092392940259,+
2.9469914586396357,2.6480493093510242,8.235035572743923,0.356055169592986,2.1768053357397013,-
3.1273142729368986,4.314131243156326,2.4583692852849737,3.6518895180929123,3.5712378616829756,+
4.116033700370013,2.898756575257829,3.7285116982633464,6.229110585982975,3.5792468842330316,-
8.75190740811893,1.8193322797795741,0.863326632607877,4.618484068668095,3.6651903644812056,+
10.0,3.4139616381936184,1.3336771664102283,5.58808293778117,4.649318323246186,-
5.7226771122621125,5.3186273446122225,9.074502965073597,7.634305768490954,3.535338600099359,+
8.718558042946714,6.803314033687708,10.0,3.6719779633498186,4.987425068226412,-
3.475079135568283,7.095858607562853,2.0310269492544295,9.644208498673436,6.1611839609257295,-
0.8897789305431169,4.099882165290924,2.7297631955162682,3.77293632311163,1.255473684496841,+
3.4930818644754993,1.0391593589489545,3.9521910111365113,3.875315150373911,5.6851627454332645,+
2.3976494988137165,0.5847634410872545,6.423286171168835,6.460480162570667,1.5261292885569326,-
0.6380434255364498,4.929288678411478,9.568203437563831,5.370204017097721,0.4106194669575147,+
0.9756177451765924,8.216499580466865,4.104032961665752,6.971350132922519,0.157687740574188,-
4.170230504671536,8.817059821468916,4.718189847866303,0.7898452535494416,6.011124631562704,+
6.530770411387737,10.0,8.37343100003406,0.9168891548516904,6.0362558879107135,-
1.1033624135500408,4.154150985328727,3.762921981067432,1.6280042419871588,0.7027114777497856,+
0.22507294839731512,1.22520590284984,3.2437529893005084,1.506119628794388,0.6021666858608196,-
3.500102946575873,5.6287826575979025,0.06290567874334019,0.7586938340298854,5.079584071369817,+
0.7104946828440193,8.77604394600257,0.027778159735632902,1.2038661453252435,4.974080553593639,-
2.956711106550387,1.606311711516728,7.028095457599786,8.709540272674507,8.20398972858113,+
5.798357046013907,2.8725096650939146,0.9957135389056057,7.094556519035216,1.8327752546559335,-
6.762622124673835,3.7372736999364617,1.3217926645095346,2.6462188588748345,3.957834977345569,+
8.126245858625474,7.463579546606498,2.1633056692783112,2.955844338400265,7.1687374561347275,-
7.036454188943368,7.892745869422987,0.2302275318091518,9.052634366487386,2.9700111476626088,+
8.042616099523014,8.582985795109114,0.2731603932846277,5.1569100778724515,5.391703654189409,-
0.9308624330051907,9.741419028825188,5.068134868367622,9.655900145664429,6.8798292625464015,+
1.0624443189343042,3.832284806385546,6.407711451960792,10.0,10.0,-
2.750880163770751,0.9887051473565878,8.97023492412641,6.081000887080618,8.620565456374576,+
4.254451834244459,1.3603164574698716,6.1613983684032165,7.138815076335365,9.137656036591949,-
4.483491358352137,5.290297528734663,3.472718284396122,7.145412728366729,3.302355429547518,-
3.898810658350606,0.4325438926661375,4.612130774677366,4.088938523559493,1.2232289516773827,+
6.388168634879923,1.0929787402773494,9.210961010669061,4.763419225290243,4.795999805472322,-
4.023143926922802,0.18635400097141616,5.078327337606705,7.420124428905169,4.1635995587300645,+
6.4044814679279805,2.2543702907921883,6.231580229029286,1.0795849887254405,7.535432849867486,-
7.129255225505882,4.214518467421787,10.0,0.4211484250074622,4.880157040760685,+
1.8088683936108885,3.357507676443455,4.745398195691091,5.305915905522028,2.9479553336518594,+
3.4529605226174653,5.995490306628838,6.200265481775357,6.748555723320261,5.501734288908455,-
4.657481933277903,7.486910098900791,2.453215998130396,4.2676109936592965,7.110732141951584,+
2.8414217761934757,1.0953642317641596,1.617463165919178,2.4585127809688894,0.032737154934968045,-
2.560228360137373,6.363976116922484,0.6742974475497088,8.60301500911734,4.892813285300049,+
4.484913379420895,5.392880939159282,0.10534152410380627,0.9205766964413857,5.316330097811132,-
2.459272890446891,3.7872853777515356,7.5579140143449655,6.247237540101736,4.6856835036772,+
2.150248719484846,1.3383198008442516,7.163548880561476,4.024803140149637,3.17137462954228,-
6.0685224426899484,6.0284149373898535,3.8986483370162137,0.721946657699325,4.579556720187286,-
10.0,7.505083933166711,5.244278917978706,0.9201061008603526,6.441997895018394,+
6.128106608018992,2.2782649686930356,5.819862324916347,4.947050399019178,9.833649501476538,+
10.0,3.31930785209156,6.407085859930662,8.104161039710263,10.0,-
6.881523617046275,9.349831748117875,7.854896902961833,5.060615914740084,3.459927073914785,+
10.0,10.0,10.0,6.9632823631501415,5.26455363927627,-
8.243690322491926,6.39909506358121,7.699549518900945,2.1193489078693126,5.585758844893183,+
8.34307651789996,8.642139533421751,5.164401791649497,2.34520075826414,9.619613080301436,-
1.6547406160565614,3.941117633562129,8.774746324045609,0.5308743041972208,6.368670020551443,+
1.9910976499567035,4.676581311524876,10.0,0.01103808266923653,10.0,-
9.382537586084391,7.549926598069511,8.46332428379943,1.8497390942747294,5.272673610624784,+
10.0,10.0,10.0,2.8377592624910104,3.440857930830215,-
3.4269363987593913,5.646767154363466,2.8280497378028766,4.884326195001996,7.607969004472185,+
1.8725456363450488,3.0516523418742443,2.3535487448270587,2.900265635608265,6.926846968360295,-
6.202395854101504,7.6422664619073055,3.764802835955102,8.299702624201235,4.868629937085974,-
9.975441482213128,10.0,3.8606088201109956,9.379644350424584,7.915919546480961,+
9.744118529649953,2.0419081786814663,6.535926117548414,8.56805638143452,8.910031987017204,+
6.581351474464448,1.6413131293477075,4.557113719929267,3.4376817422765282,2.373897074782529,-
0.5118095303437131,3.1746686951528256,8.120465883946881,5.82022049961061,2.621043341427306,-
0.8925471193224318,3.107754036862574,6.321445974908798,2.433196945038559,1.2089326858136626,+
1.3718454673483726,1.703360863148743,1.0667994707045103,6.570748550156443,5.322147639915159,-
0.07384788601655949,0.9297199579049189,0.03379718097029735,3.398531709756531,8.134240778767378,+
7.371213316284614,0.8726138541381134,0.10663840229164334,2.116296061426186,3.886851794203512,-
8.156387416727522,0.9119160979025845,0.11564869280689527,3.595986860071753,4.99630845893796,+
