4.809902807721068,2.923025239692967,2.184294979301018,5.365251334830397,8.626954080295974,+
6.630834467353141,2.024913144570353,1.8657253846777755,3.934419074227873,10.0,-
4.88461393744201,9.502069462994776,6.626191713369027,6.1076235738934646,6.0931253972360135,-
4.032932201589252,10.0,9.817332940342853,4.887853800650727,9.581873538485182,+
3.773340749921499,7.836194210612753,9.200712675132456,1.584825218906506,5.819742034123135,+
6.696145427424779,8.628933596389704,6.442038886044646,2.8462339356083173,10.0,-
7.470999029230442,2.4966091829080863,7.753675659260396,6.690567509665799,6.12136348894635,-
9.372786972995483,0.052241869828980166,4.045334720142712,0.7939014830520845,5.465749650449116,+
6.940038451049837,1.830911947926448,2.942235260754816,9.817761404478913,7.546267872219396,+
0.2196287890373725,1.476498590651298,4.854798084705842,10.0,5.307491647265139,-
3.0456898788645113,4.45228335270606,3.380288229711723,8.58747696670701,7.016290877440207,+
4.7370042725180745,4.08408575907915,5.431434436061527,10.0,10.0,-
3.2212578586118914,1.8081495927182767,3.9255334456158852,9.403964998926316,0.06503827637917792,-
3.9115334703049505,1.9105332610675319,5.27745567547229,10.0,0.1278505568887686,+
4.140812879202156,3.4884720403812866,4.777481999889294,1.1936520058214273,2.4772675394173005,-
4.188461608084105,6.607609082458052,8.849198435058875,1.3896493867405983,3.9362102354187924,+
1.1881788158680051,8.141798089884475,7.622922681994657,8.679888735847163,7.4636185328216955,+
1.9886295101213811,10.0,10.0,10.0,2.8953625158890692,-
6.798164533812205,8.961654184337721,5.746153435712081,4.178193793474131,0.8631340806459564,+
10.0,6.312008402832097,10.0,7.598550982427916,1.0810814643813171,-
5.419170895826984,0.9721853310240536,9.93884949076108,0.6583877212484812,9.279993031560723,+
7.875569339485739,1.8009638029583153,10.0,1.1014580735871005,10.0,-
3.221177178231539,6.799469413986563,5.792544818901729,9.558865473426778,7.6795056135673825,-
4.556355668761377,7.0257509069711945,5.288733239805928,4.449666641314122,10.0,+
8.681311541536509,1.0126944653050896,3.441963228456971,6.849157640508976,0.544787424832599,-
10.0,1.0177992969032972,0.2842696924338619,10.0,0.13308324581067704,+
3.834473082961609,9.368878744952603,7.283946672218091,0.9826608454210639,4.088166900032291,-
4.85982824367329,3.013505831549698,5.1680040153595606,1.5767810044371349,6.36891609442191,+
8.515003517621244,5.216286660050287,2.2509223023947387,7.10573818212406,8.003413781769675,+
10.0,8.801928146761584,0.7614288856622008,8.516075365279503,10.0,-
3.1809666952360205,5.603128554440851,1.5388237555247608,7.161273722670563,2.080828518539062,-
5.37919747920845,10.0,0.5262642892513485,7.520818775730695,0.5064186783261244,+
9.332499822788673,6.584634918026634,4.248231493838918,1.8810539437329965,3.1534519283816307,+
5.256211674151661,10.0,7.803249458384402,0.3972204563700213,2.09672913638335,-
2.39175224176712,7.7718236659453535,1.5403402602756278,3.627188678920165,6.2939529511379995,-
3.5260125452918607,7.495436026577397,1.181889108428418,0.718747248227726,2.71117520666096,+
4.06327796493736,0.2614640921128619,0.8021035130473853,2.124996808096371,2.527039959246676,+
4.9553801194793206,0.20258213921898333,0.8404798033001203,0.9183499213162858,1.4808977295165604,-
9.378345025150008,9.507303138868053,2.027794733585455,7.352901777816659,9.02481828379281,+
3.682540778058422,10.0,0.0957174723963283,10.0,1.726298166172661,-
5.090943322071714,6.629811844791435,5.449946835041778,8.481570141427069,3.27910264903277,+
2.0601881913853335,6.36673913526863,0.27683808735198767,0.5297726267677152,2.0595752724633445,-
6.604560883624785,2.095472545654402,7.345001999751551,1.7363140809565236,1.9179773648949439,-
9.278151423265776,3.9107987559626056,10.0,2.6622447316080384,2.1855919633844065,+
1.2003448146950568,9.883764908970893,3.359834267749168,3.1232118273502065,0.9595595525223355,-
1.4291752022781614,10.0,4.444948677772506,3.7821962587926694,1.2394301622107122,+
7.467049729787254,2.8889192402405106,3.6406905059196006,7.28723998083352,8.61516271499111,-
9.881676167699728,4.344323842248379,6.691550253847175,8.81844346199979,10.0,+
7.043106854519343,7.9050852835933085,1.1679201376562354,2.8330349528027687,2.2840390781410114,-
10.0,10.0,2.265129790493939,4.738850810166655,3.912723215201337,+
6.087267874128973,8.434250040270976,9.032998908135253,3.572432893196696,4.453496911601514,+
10.0,10.0,10.0,3.8145005650706927,1.8303561805934794,-
0.2659091434653027,4.4364264426709275,5.535281946892062,7.416863427805444,7.233987191525149,-
0.2710456958474644,0.4213430152880565,4.655009137280631,2.1143756366995103,6.1373162071642104,+
2.862196127245623,4.615996175757959,0.2651291685038515,3.6333517362918077,8.792792688772742,+
5.30188285094129,0.8973594206866636,0.27595089958256297,5.900980578454863,10.0,-
2.0908635469146364,6.860480623982051,0.7237631564624603,4.694362203299889,6.783002793551889,-
3.5976358653255374,10.0,1.183500284876353,6.442202815965907,7.41210026495487,+
7.878802126692026,0.8954036196202397,9.001838909008159,9.402106860974115,4.7068915642192755,+
4.076810572093845,1.6529785891870816,10.0,5.851891068232307,0.8837924319502712,-
6.05038957842995,4.623051915418991,7.132688662747659,2.1030243168036877,4.296244004530277,+
8.851935946077406,3.7446380762347435,10.0,2.4434747627896614,7.850685511854279,-
4.357902220752926,8.735601170252314,5.817752391352249,6.212764125908238,7.059911590949922,-
1.4770737985892803,8.486437107584816,6.936131624027364,9.518199012384162,10.0,+
4.4047576059697855,7.858338945729021,2.397946810294843,1.8285462388311613,2.5950179743363555,+
0.38618749512577216,5.36987418593993,2.330803671837227,1.6414941616547543,0.4621265585659273,-
1.6641180088923535,9.059078041402609,4.442425549744495,4.270908011278954,5.993612078870026,-
1.9102212838470167,6.525990592330155,2.034002509260572,0.6802313130457884,4.619628357124698,+
9.747657823806108,7.7302939375048965,1.6472365022923807,7.053793697225869,0.6206684629684156,-
1.4238464733583678,10.0,1.4458622048185448,6.76177389658613,0.3208002740748628,+
3.4316862787470193,2.781848920576194,1.811459927933935,3.015768130247687,5.568282411089002,+
3.3221642036754484,0.28314760055714955,1.6786744902616686,0.5869665962704632,5.3240374890463915,-
5.2374528233214015,3.366682597202275,3.0434133293385903,9.423210660053332,5.928249038447735,-
5.568993973959006,5.038629031869816,3.3124969028196656,10.0,9.0855132449081,+
2.379206445078811,8.849263753169357,7.595799786565083,0.381869038292203,7.481999797903963,+
3.3703240394628367,10.0,10.0,0.10459577718109225,10.0,-
0.5428093029809267,9.170096115854305,1.1804201702063877,6.156817189870452,0.9128646004247176,-
0.3137682742351228,8.256604344085414,0.2874467790614852,9.443655582128587,0.35798320031683656,+
5.726810698001671,9.844608494664842,6.9489048046675626,2.045413178899129,4.129125634440936,-
3.14127113287825,7.002216064387104,8.646052548766246,2.601478694408492,7.532034113552237,+
9.306948282081247,3.80152735391912,2.9950963154579515,0.9100540378667454,9.786091592471362,+
5.007844803827712,5.721474525555071,4.370037455676695,1.5420021551135898,10.0,-
2.638657016344801,6.397656142994893,9.103810137818373,6.081389555830733,7.705656557785588,-
1.1826211025012927,6.951689764080385,5.1419894834301285,0.05374318987069977,3.119529133776712,+
8.130415263761481,2.5826713209279117,0.13493305229605124,7.109847700142133,0.4562049410880731,+
10.0,4.094290985828362,0.016425365786506736,7.88959235295875,0.8927445170119604,-
1.7878413941775217,4.203428282204381,3.8982984890788286,8.270186967542614,6.378551111488008,+
0.7745572578572908,4.411142372585977,6.709026986523326,10.0,10.0,-
2.0277034908027023,3.4829518338790333,4.3064319666315365,2.526186206224911,9.804187059189086,-
3.122685681294773,6.338153571075554,7.8788636759913455,4.795688288558775,10.0,+
6.557173172710755,4.039538495699071,9.444396820852605,7.123101772709415,7.8852000128671325,+
5.460215901619074,1.161812420160923,10.0,10.0,4.185437105004985,-
2.8397826611271713,5.112162370751639,3.2164636053141327,7.691536745575043,6.79620881354306,+
2.655451568744875,5.101528438258119,1.5326132974571036,10.0,10.0,-
7.639115967086829,8.973067864132291,3.900324832519394,8.248559437080754,9.782440747128799,+
1.6418640240814728,3.4789536022063188,3.405751926559271,3.6422251020495064,6.687480870604514,-
3.7185357040822797,2.071450819793035,2.130611715767036,9.601881946435372,4.517128209435982,+
2.7856798918769856,0.30279425592907183,3.2532702506611595,10.0,0.18688832133694558,-
7.262426924525258,9.668135170746883,7.549030229929954,4.690356391938948,7.490873753373023,-
1.3341135759170335,8.836191613504683,8.337081597426247,6.730294304661124,10.0,+
6.036839617967833,0.8945507328992996,2.6344435761838056,6.599070793204666,5.178498664225354,-
6.009756206644268,1.114997931921202,2.3475096438306458,0.26374279289862484,4.688143839835901,+
7.2943608231337285,6.883331063692987,8.174100901293505,9.7973540976912,7.3024660228207425,+
8.334392125571515,2.655819804012217,7.284179164535433,8.99349785567642,8.935075318282275,-
0.10052436493060868,8.399940893286487,8.134387486708242,0.849371294653235,1.1339585736479785,+
0.04262496530569157,2.4781243174604843,3.1025132365696964,0.1959125421601851,0.06512902872882541,-
1.6195387242265957,8.297911862927647,3.431042147328174,5.519836607187979,5.975158439031016,-
2.9808607128335063,8.320772624395534,4.942334154259821,5.543188193809499,10.0,+
5.970679566033057,4.855908071148729,0.8845936785244524,5.287892895023088,2.715397970056822,+
10.0,1.0085788396953292,0.7071848319230553,10.0,0.88237366963405,-
9.153054887449644,1.3536222222849714,5.644293729450087,8.117421600675351,8.389760088060056,+
10.0,0.4624248476114813,4.926359876977843,3.8553088941697844,10.0,-
8.262305961424802,2.0891235831963026,5.365704940051099,7.127920904858068,7.581138844721739,+
10.0,2.559699125870719,9.616805297166477,8.23700701108011,4.122545178880712,-
0.11796126725099221,3.8010004864188387,7.254818703822545,1.3228295889355657,0.6009193990528405,-
0.14036319969779743,4.009461494393875,10.0,2.213129455815536,1.0803559968456322,+
2.0702670529241174,7.888424329767567,2.250904279780096,7.524740036930604,8.916286650130127,+
3.4326939387623354,10.0,0.5115487649632617,10.0,10.0,-
0.5799322587400502,4.232215185337078,7.692729791805335,9.599074827208732,5.551061268351586,+
0.8922363543362191,7.649636815391143,6.382072621125675,10.0,8.079211213880061,-
8.872105140360356,2.606532498283637,6.54167280425944,2.4864016143413092,4.04622239101779,-
10.0,4.689566608888993,7.641061694275861,3.165752053921536,5.534478438665718,+
6.398120950239504,0.7150645951310886,6.116042538102128,1.5974491474883246,5.452443825763113,-
6.961106212086297,0.9417399731912437,10.0,2.025955098564522,9.068070729413774,+
3.3121511572107467,4.633164806825003,7.955799878318414,8.048580326264483,3.961533361262063,+
1.172608522476486,2.025456168641659,4.12209769295324,10.0,4.911134298875481,-
8.160273683605219,4.3479547818316515,0.803635390484787,0.7502639823555812,2.017160352953109,+
7.476633113695713,0.6610134657007344,0.4271960099516179,0.12235503064150816,1.4391670476114506,-
7.421584578091758,0.36409152102300224,3.1078823782775986,1.0956253696519191,4.351056747970058,-
5.693817303927812,0.2961380891027263,1.144244901894131,1.9799186900942358,1.6667313837542939,+
3.276090760239202,8.276352500952855,8.198606931957107,4.755770005235242,9.152818658282708,+
1.8061948392737852,4.915658751182898,7.0540502989924665,3.7944641406529205,4.187712370958395,-
9.518256898555679,3.959584619099542,0.19745203263215716,6.096378366812052,9.120008871304394,-
3.7569593515577484,1.191305535670342,0.05967159532426155,5.402565486716733,10.0,+
2.8524495974671114,3.114719440721845,9.193584669424627,0.8605075778261628,0.8696452102007135,-
5.547563349002135,1.8877335392424104,8.459774600418577,0.41241525411309593,0.7266943827157615,+
0.88996193342047,0.9731503452236423,1.8531825401378,1.7571786473468542,0.25662728362367604,+
1.2601732227288294,1.5724411366229891,2.8607380462428464,2.8737594480411874,0.11685906556345153,-
4.8376227696213805,7.090864431001977,5.959395599313483,5.270801879037493,2.811409829088387,+
0.5087455032161835,7.935351048425386,10.0,9.27190039191301,4.491504862081229,-
9.428592843495364,8.645688275218271,7.942100456420544,9.717831775674735,9.241638867548343,-
8.311720284222698,4.97955720760753,6.579537104958266,10.0,3.9991605222327666,+
8.116033529785764,3.1089766236021132,5.814343162984608,1.6308275140679396,5.311918570426771,-
10.0,5.035233823214685,10.0,3.1467319357624066,9.639736730145387,+
3.648475236993124,1.497078848295551,0.4542193074923129,9.594613098101188,2.5834796465377687,-
5.179562339899206,0.6749179420331994,0.43872129016475025,10.0,3.854093512540691,+
0.7645358725483153,3.0498875070402587,3.576427108324547,1.8419513185495273,1.8638958797315919,-
1.2190456448030726,5.01502953683441,0.03091244439177144,2.5772018285658502,0.52682994671818,+
9.999317691236737,6.9383170485693455,3.5823238421791173,9.693912498601838,8.888841165947545,-
10.0,10.0,6.138805786360268,10.0,10.0,+
3.296254457836567,3.429914865480087,1.6595177967210017,5.759989814182339,8.175850900438778,+
0.6476275536890433,0.25306132770749173,1.0267749835576427,5.131313761385293,1.5675449697085282,-
2.0929561891259505,3.3237620086569217,9.927331739134171,3.333013441784173,0.15488144169846785,-
2.812856617030644,6.165789153474338,10.0,6.522228001555187,0.17307485884732918,+
5.20411680257822,7.866081936341873,0.23270850624811157,5.435888905792879,5.784306587853133,-
8.721880694618907,10.0,0.26174884325077835,7.062498994317859,10.0,+
0.525423020217558,2.7042862825487015,9.74609234824388,3.557511676721381,3.221193381630404,-
0.7333525221537969,4.30084657617034,10.0,5.493613366362908,4.856664091918548,+
8.335871704168728,9.658732691012759,4.675046189077751,9.714712795402777,3.5694065023974275,-
0.20739548716840453,2.7309441800739824,2.53354504685844,10.0,1.8012814867561577,+
4.102878270854471,6.40700764877355,7.4777038115464,8.084578915938149,6.266125407906669,-
4.232634847688065,6.474759588159091,10.0,10.0,6.902119330764981,+
8.55864367094439,8.795707669275917,8.437708574696405,8.404946898437883,5.715330241163313,-
5.681370528829025,8.841461167200677,7.504923839613899,2.7897834938908206,2.2592746038777207,+
4.903405034126402,3.313778209329765,6.082380539303406,5.3973047683019395,6.080307142053838,+
6.665110933885554,5.810542480006305,9.536068984467153,0.6335936134791826,10.0,-
7.721148364889724,4.158461986271858,5.287586405567401,5.388644417254687,5.684874022949832,+
10.0,2.2973044265563805,3.0997124554580036,0.6364509469514635,10.0,-
5.463988235738812,9.390232264344455,3.624331713237848,5.657736896682048,8.599633756660271,+
9.058514050668556,10.0,4.359636357647873,10.0,1.9175694801756131,-
9.588663615582384,3.7416140397987507,2.285200102436513,5.8178082120154055,4.380949661371196,+
9.701042590516732,5.098825746211493,2.961795444576142,8.924660700681656,0.2630037149262604,-
4.881459380865774,2.1783466414938744,6.0500043748656385,3.8333940743498585,9.892621152603056,-
1.4996941946847444,0.8977810686478498,10.0,6.859506418145463,10.0,+
3.5424036857328645,4.547754785835599,1.5318292522840815,2.867930987636973,5.763534234888612,+
6.938572616123918,8.457073224246747,0.46371649483650446,1.2149390499584445,0.2229429087039524,-
2.00348525638082,9.384661525763242,8.34174961906859,8.216540665417819,2.5929885898050884,+
1.5897089507323072,10.0,9.373691585143629,10.0,2.716024007276042,-
5.531508862481837,8.872492061949654,8.038482769637547,7.545158688367196,2.4639570781291686,-
8.19276888465548,2.115489039403489,10.0,1.2660264080746297,4.060920113684154,+
6.568285479166539,2.033089873926397,8.38147260839259,3.0699799117793933,7.539382104498636,-
9.13421303844042,2.4299284821192684,10.0,5.2646331187174145,9.127347780266886,+
0.9628079443037685,7.219646761921411,7.1348326597291445,4.627012373917834,9.499982488241471,-
1.1864000480220758,8.998578722706343,9.626339605574112,7.492021179261253,10.0,+
3.8137754386790155,4.51957303130227,1.6718891215302911,2.2748914368134834,7.042830488607958,-
0.23009098991709387,6.90052855061027,0.1279265491881637,2.167869580958478,3.50821527079626,+
3.51530315264133,7.763809578228694,2.607768294589403,8.9302296947615,7.334352591933015,+
0.14475361629462782,5.024176631557172,2.237414891413966,0.11744657563031509,5.735799113774312,-
3.138048877695537,4.490635405678665,5.845775205709895,7.082578671738485,3.676819932408022,+
2.1930168380367983,8.688661607200485,10.0,10.0,4.862241563360721,-
9.287934020705743,0.32989765208325417,2.9792819687830754,1.342483206154269,9.806505334076828,-
5.7570061924593094,0.4478527458042133,3.9367346893558177,1.5615581928069395,4.973252241946323,+
5.745219472345475,1.3557939381156314,7.776620502459862,1.349572839358103,3.968382318777995,+
4.604255721358718,2.3068737331298754,10.0,0.47423187737159883,3.754124451778223,-
3.445791659314281,8.400024005682834,1.9954602987087522,7.254699583501038,4.528593434710663,+
0.08149983834551645,1.903306451583969,0.03820349828370656,7.43071251004025,5.029947826221722,-
4.235910392232239,2.0084957112572024,3.6650509865418233,8.286058462368581,6.892612749506037,-
2.352880156191007,1.6722684927181042,0.029325131692446296,1.097297056537153,10.0,+
0.9954140292860536,1.9989470054969838,7.874150202554038,6.056125744044129,1.6383236658849076,-
1.5782084926217361,0.19456470009345866,0.7769435966592758,1.4588262696954633,0.5164854596048213,+
7.209411848340449,7.737242760814178,0.1923871107656694,4.015313915541077,0.7189657985150144,-
10.0,2.067072916770122,0.008673119351481798,5.099763166908929,1.1461963646945255,+
8.843779147691258,7.279094456889758,2.461619416122728,2.413842097493355,9.119399880346421,-
5.340383541088287,3.202360328588921,1.741325039592712,2.807222275188118,6.894264705844897,+
3.39292635941177,7.398979654902469,4.757011054840384,6.71888394686545,2.9981017682482216,-
0.9945798713816206,5.306941259784046,6.720944887612958,2.418090815954103,1.2473187896267217,+
0.27529318544208925,8.160281205925243,5.918677431916293,1.4849712181631813,5.199152928364695,+
0.03893121534450875,10.0,9.118568427136202,2.4625383975745296,8.96055336769818,-
0.30051276528291426,9.784397572373912,6.9484553236357804,9.153638017289563,8.881735521805147,-
0.11498996150911159,4.65586477125305,5.578600023473604,10.0,0.8853803423713288,+
5.593860496743672,1.521286214181441,1.3605500333654974,4.573034072233023,3.8936946572900863,+
3.01821673084886,0.4833629080148929,0.6496556107007511,1.8148021982688995,3.285656833704836,-
4.639552697759376,4.46799532020766,2.555880758552691,3.5250025890317405,0.2194723420172795,+
2.529876447406947,0.003197044721138253,2.4175323213587583,4.824939325321205,0.2678852896036766,-
7.6542087971553565,5.556823894761828,0.8932810686363113,0.49741680328884486,1.7347308015527263,-
10.0,10.0,1.2841263114401287,0.9547642598663645,2.271498226171016,+
0.8461135091029226,6.509512467282153,6.5548958114227185,0.031442945052903015,5.665041101105253,+
0.13383449489750177,0.7818002609633299,0.4372645802082146,0.013096024150961831,1.6539018960726395,-
7.837384032130297,2.3475578125261123,4.239338717175195,4.9304021831260805,3.4293003549793433,+
6.8381191796340355,2.5803970340021345,1.3749722962243163,8.491992673204223,0.6960969533521632,-
7.574812472284934,4.166729848496233,0.19913864949255067,1.1390263417918345,1.9366745641785177,-
10.0,3.9312660487354147,0.04125684046135337,0.8915180647219659,0.40364109078546595,+
2.650148250697831,7.780501886334679,0.1968663704251239,8.927395318302956,6.80405532654523,+
3.791064303953356,7.427636422231987,0.36716729267957826,4.872330172669407,2.884648830386143,-
9.377859650276534,0.22955850486532037,0.6977942413092764,3.965420835571003,5.125897565524262,+
10.0,5.941152080893594E-4,0.391718320460033,0.41946489588688235,7.410752426727961,-
0.8036741210725618,7.70591769047472,0.058282833684599744,8.73980392418596,8.514023214547285,-
1.0591332807441094,8.179773992754187,0.0011040283559215812,10.0,0.6031168017293403,+
1.0514836649187598,1.4983187289438804,6.442799203077998,7.2864753353911516,0.24441225674036282,+
0.6603198031042611,0.47344475314950984,1.0811591492459043,10.0,0.25466942626238126,-
4.798444725831796,3.1297231344031475,8.149287634296291,3.428062299122886,1.8319014839802406,-
8.399117072032181,5.480549455628452,10.0,3.628535335017964,2.678687144238353,+
6.397870220268153,2.408014737399827,3.0126227657116145,7.585632370327231,1.8125610202985964,+
1.8746065223252641,3.16643267901426,5.562677245209672,10.0,2.4282925621604674,-
6.389766122060023,0.9546347937965494,1.408882007886224,0.3958945830640004,8.120753574998677,-
0.8904764669423818,0.17812395673474837,0.03879828790998661,0.556493364178255,7.384618264368119,+
6.049193375657843,4.6539314671484435,1.3741934953781376,9.803967510481549,3.423127422612465,-
4.363666924542803,7.782249879999293,2.143364539790039,3.027708265940433,4.157217559817628,+
1.7283600601890314,0.44574494305422707,2.013256632117668,1.0764439910195411,4.111787148870112,-
3.0108423904371144,0.6033190074544648,1.2583023997025415,0.7171910595269507,7.4006360722082425,+
1.0038576193481341,5.344712693850661,4.2971955656843,1.436266627707108,6.955550166408635,+
0.9254165244607838,5.803243687417836,5.527965594508286,2.243866802443856,9.437100632676508,-
8.571666401074232,0.060763434967526786,6.594566098824801,0.23806622920629517,4.347720758258573,-
0.016774647425685626,0.01352175613443252,4.04227955704087,0.3107941970372906,3.0582898693763485,+
6.746939027477468,8.958694702870924,4.106811848484996,4.81043512265563,7.179599816851036,+
3.9468465236630528,2.130864448695791,2.988393102577891,3.6859049721087174,3.445168979431335,-
6.377406059125889,8.867457104385274,0.3693138300318921,7.727227621252279,6.760577598239424,+
5.147083780894681,8.189122582012306,0.2750011736076491,10.0,5.360792206946685,-
2.6633867760763232,7.55987215201494,4.927892480013272,1.4562231491246735,9.743254331096376,+
5.087638003851492,0.9154276085203958,4.927931791880121,0.40711569507140594,5.711273354940164,-
4.486588050541361,9.188504295263488,2.050325159453755,2.713888460141942,8.54395792238716,-
4.191032627716779,1.9950116865735814,3.0858075641023714,2.990958139563806,10.0,+
8.659417581184659,3.920392272025518,6.02790420584391,8.02039252198895,5.689497689756433,-
10.0,6.434290859919113,10.0,10.0,10.0,+
1.477790641985941,7.081875663540944,2.6405433555064315,4.497797420420643,1.98740468619661,+
2.354554123773532,2.9444782180624576,3.688028951673997,3.390439607994487,0.8903874174610145,-
7.440263930829465,4.394300599751256,8.89760418225403,4.421653470037813,5.9980370426590826,+
4.195513546908008,7.421963957111736,0.07731783425818993,6.027638579501153,5.321875212813724,-
4.746479791486365,6.422803319014482,2.329772879405698,5.751142589723265,4.384899504526536,-
7.1092267179601425,10.0,4.508004436688262,6.974020634454236,4.963123688156886,+
8.37303794480962,1.0495672923696353,1.9272803335303235,9.77950989282509,0.8873011889128601,+
7.118752227396157,0.6167977120032004,0.23971309819894807,0.29836979372094224,0.1931660921341226,-
6.636366651729903,0.5882325378943765,9.603012811367584,0.4136712930531228,9.164517399864922,+
6.033816598129359,0.2055462298956517,5.5541712888007595,0.15206232194061195,4.5345566096208945,-
4.544789560365386,0.6104881546427621,0.5215427756424607,9.843973198238672,6.410060851737582,+
2.7342072632002155,0.2887415062262648,0.05883439496312409,9.372625457070084,0.24275232943131825,-
2.7045621052923985,3.831050198878522,0.7984572329211748,2.6342351506796655,6.644790961013431,-
3.5767719242584444,3.0542001060101884,0.575571527422425,0.8591073355503753,4.714220708215663,+
5.1711739632343345,8.27018418856149,6.090024238826107,9.859580983816624,2.0372648825659767,+
1.3407351272377221,7.9741296793710355,4.666632640389789,8.45868208468173,1.880844261479823,-
1.1677195106231952,8.705127366777397,5.871068619435582,8.364149707051453,3.8348402727875452,+
1.60904582238105,8.859137911757502,10.0,7.5063371693455885,6.843151802142843,-
1.6396215398630953,8.688107378987347,9.943586355171606,4.389001159291971,8.133283758721001,+
1.7399714119761394,3.6336221211546427,10.0,2.6994492776657784,6.574914540630047,-
8.253703462040576,5.28019123437074,9.731433757644552,8.335984352384813,5.240877314238278,-
4.260803320590304,4.091906607176975,4.004917972974481,10.0,4.708041637581892,+
5.0703386538226685,5.522620139901832,6.723564809901903,9.26280869559014,0.4995843520101617,-
5.16805272736462,7.93344238893986,9.982595604932014,10.0,0.7957532236035969,+
2.50762456083239,2.366740627018645,4.730330504846706,2.41084511389826,7.558878369139271,-
1.3595170442757898,3.421277080137253,2.96649522866114,2.371469462213681,0.4742782819862339,+
0.6586871841799613,2.898703767663522,6.39304859632912,2.8074769592125226,3.3092222353311618,+
0.3639509837173588,2.4559459588955868,0.5451277077782283,0.46414359819478246,3.1998862191129054,-
1.0847095359504944,9.329250855679842,9.89184974124247,2.809143611967373,9.02473130492902,+
0.7711540481866914,1.9610307215254785,7.9460726233177095,0.949782894819855,6.949358788608826,-
1.2029168666000634,0.5320251315213542,5.085863535492193,7.524472267289281,5.93319667612508,-
2.0536213502974467,0.08722552444993348,4.173061717786469,3.7818149021204537,2.9337773327904593,+
1.3538320621463074,2.2611838231453927,8.993576248147308,5.621299447814501,1.851551574418896,+
0.7447320510804164,1.7172763252675547,4.477518710462406,5.578832587364751,0.4030379381493534,-
8.453164709300223,5.544112605126601,9.246887968259962,0.11081380601760116,1.9954318322574804,+
7.167404123714618,7.2790409948337516,10.0,0.21099149489368013,3.115930896852738,-
2.8389565844355324,2.376188785008009,9.661013372020756,6.49307825385721,7.644369047581065,+
0.6105155947147133,0.743031379982728,5.993691421572372,3.1622695981587525,5.613271983909041,-
2.198059732195646,7.288871055422551,4.592898949845312,0.557498619853366,2.4594195627352944,+
4.332605121570605,2.4667795874704335,8.600199536203208,1.0002745613022195,4.4964178894387885,-
2.8415393199558627,2.24198015880357,1.8159939352077792,6.272689968557966,8.184088820750812,-
3.6010006166617106,3.646924615764266,2.1491667779042802,7.129112762739976,10.0,+
7.363028741775674,7.651616645650373,1.6078593012918274,6.080096086721822,2.90069571700844,+
5.374521540606369,1.4488392466985007,0.030906631821614326,8.889236090768966,4.567841903847716,-
8.137084372016734,4.001023550367845,5.711291173451242,1.7180056457426296,8.736764706563655,+
3.558811737769354,4.573625916725239,9.904956520499786,2.2472308157705676,10.0,-
0.556143302105534,7.404261725865443,7.873515774054304,3.2218665559525683,3.531199275043587,+
0.31242894708794017,3.897160831449436,6.560257674556361,0.542157094567584,3.0303977414243284,-
9.491710930704851,5.948181200894417,3.7530084549318232,2.0704920870588808,0.6434366430841942,-
10.0,2.176809961963366,2.787580121239241,1.2571099644648511,0.6212731941238024,+
6.551144642276256,1.6109361756055651,5.315850847261569,2.3400740956053703,0.8692789983860849,+
3.5153302232201917,0.4330804221972547,2.822535607375757,0.6317332220027508,0.8647468549251394,-
4.741524852465223,8.070742213502125,1.4670846080506206,5.024262193570996,9.292800153569306,-
2.1939828751975363,4.865339783299742,2.7113502996490326,2.2400761533175926,6.166023401362375,+
4.481603707484405,7.732760811179232,1.8862869151669626,2.528521731806962,9.959050092040416,-
1.5199355473904896,4.222766778616921,1.8514539138110329,2.0556777867745164,10.0,+
2.0111011345174123,6.677741414010842,5.157047343283271,9.941303802906138,6.210728446913283,+
3.3166989406795477,4.835224325284993,8.460764290287209,10.0,6.2958105872868275,-
9.912393488721062,3.5807603342402103,1.8614543772880032,3.2949455930809513,9.268541292397982,-
8.433782722434323,2.517219379189977,2.5842509925364423,6.18040946491228,9.627128438849718,+
8.271523575543359,7.965918745688936,8.182720535947418,0.21384428163644165,6.628017774057236,-
10.0,10.0,10.0,0.2682115326004239,10.0,+
6.922358965114817,5.72856825639798,3.161107032558834,6.585057099511648,9.827772276432757,-
4.802813599940692,0.4294276573428884,0.8823904475598617,4.627470063229967,10.0,+
4.093251432929802,8.744984819261003,5.07213072174798,2.086921374261931,4.348218738719871,-
4.366709659830012,8.732049591246373,6.842558922061122,1.1746822616967874,8.509583133109661,+
3.6650661631668804,5.71393694988933,5.521312903875833,6.311901379106412,6.909928614567096,-
4.5835685609458965,7.021989097142442,9.51496949567032,4.4639909019628865,5.350207852871852,+
3.2242844911958013,8.773541167240598,5.190735010405856,5.696558976369169,8.1191510258829,+
1.290177594751554,1.7503453393624986,2.545833983539164,4.664532163257452,7.426704895806297,-
1.6665163528143623,6.843089232067316,8.388479763051489,6.683650553710304,9.124969098864309,+
2.2680694240580266,8.962366020258473,10.0,10.0,4.759813793490465,-
3.542902372505612,1.539867699828864,4.003732439962631,1.0353100241704694,7.211154354204217,+
5.053077701021812,2.837516262505821,1.2144907607656987,1.9508891260924175,9.367171925048357,-
9.002709060626325,5.195363003240016,4.659760911713437,9.736083596272216,6.382069492761994,-
10.0,0.34356342061814804,5.479181502971374,10.0,5.497138549610938,+
8.626607498559311,1.3145047701030632,1.1391175273140997,6.738271255421595,9.197035121487152,+
0.2556811208270197,0.665984564698237,0.24455231001235722,1.5146421506417638,1.714972159565571,-
6.1280698739869885,7.323652399797297,3.9468090370407793,6.557423681951527,3.2379066507154852,+
3.6307434610447813,6.149823754410228,3.5785432260954675,1.3813041987829118,2.5038288904304316,-
1.7070096959835046,1.032475599062731,9.628093308811719,9.853988913933065,7.09620760112871,+
0.7736250585276204,0.04577700316812907,7.942960012415342,5.200679925802776,4.102574731152458,-
9.509345458143057,6.647276953518033,6.847870342149896,4.288676341975968,3.3950263924844304,+
10.0,10.0,5.199838077836751,6.829391307005969,6.4815300458992375,-
8.877969427757685,3.6215153915990985,6.159107964724987,3.978573043663155,1.852847400285259,+
0.7076597894431722,1.9748191773811825,1.981082176779791,5.935911421524147,2.691539043441563,-
8.855006747012975,8.264998147943595,6.863498470503789,4.5975461337180255,1.7057319062176346,-
10.0,10.0,10.0,8.904049172728449,3.292903270054895,+
6.458059402326755,6.421252102419205,2.6070927891516127,3.8166666773973446,5.893677573764084,-
6.711303038940945,10.0,4.012500608987491,6.004021526015295,7.816359665380484,+
8.500962509725857,1.7602475949229468,9.060802018931005,5.236418321829701,4.888103239374941,+
7.505944443899435,0.7909459473990149,4.2379349717788735,3.539819369990128,3.5499788853032443,-
4.52006311477509,6.46668069725421,8.203722286543702,5.246110502727383,7.5113145041802865,+
8.293639736738836,8.494429713098027,4.900478486489514,1.382436502061053,2.3881128845699426,-
2.4313864262695137,9.779155695096629,7.571490282859809,2.6634760984051487,5.898443544067402,+
0.8346150130481057,10.0,0.5609425192762238,0.3690992864135523,10.0,-
8.858189303444007,3.9611637356000617,2.888764417997386,2.760337824946393,1.4388556771222138,-
9.401345689342756,4.66336113997598,0.9568512336614339,1.4663313552418171,1.7190276696970823,+
7.992392599516514,6.137473735199345,1.3112739423158604,6.864748500703355,9.4282112214666,+
9.965819412902347,0.8203041864375833,0.08008448050086504,10.0,5.112475289188756,-
4.905643871025908,6.343962657060479,3.4530862571044905,3.1489482574727212,1.758642983580777,-
1.2244518003917169,4.154866192643312,3.88842381975595,2.7792189627960133,0.8689286414983785,+
7.120503779799474,2.8522645013627734,2.783148093686083,2.2902143607370884,1.746325595341267,-
7.373749280894012,2.382219668612406,0.9666683279630666,3.7530431500887813,2.3767284169470457,+
4.638576230781261,8.564198355738151,0.2990513108796522,3.554857239241148,5.24528140568791,+
2.3036850199642296,10.0,0.10509752919748755,4.229694302644969,3.113027938731159,-
2.1237606962953692,8.534544145612804,1.2177127231741736,6.096513976216248,2.7506420336906556,-
2.793828586667867,10.0,1.626875491456603,10.0,5.099416077770748,+
7.181742139053507,8.110681944701565,9.88902399995743,0.5749495999705145,1.564256417728307,+
10.0,8.28120398215381,10.0,1.1131154244766726,1.4846122821391095,-
5.093115349056882,1.7831342984366794,3.194308468163084,8.933173472601574,1.9686565805998957,-
6.315177057453521,3.263356527538705,3.955343009808459,10.0,2.7972734181879164,+
5.270417792378504,7.237942649726269,4.097869122300675,4.123373560445866,7.5459770240130375,+
8.47956886530787,7.960768834510811,1.7960931525555905,6.2532645005334055,10.0,-
5.684034398605875,7.583540080764286,1.1685818484406274,8.638922298774979,5.067960288411686,-
2.322307702199721,10.0,0.1832984974659691,10.0,6.552776035451014,+
0.7507663484274418,1.871303090601426,8.32464076879002,2.227721574165283,8.91586750415771,-
1.4192833565510172,3.0919468780671635,10.0,4.05141055319885,10.0,+
6.144867210974572,6.502753584572062,8.99320448261119,6.6125484188266705,0.24707862822460513,-
10.0,2.411818288142429,8.651177793416311,9.920031457305722,0.4725118911290401,+
3.565036812006961,7.093830352260015,9.559694801891327,1.4164061098790837,8.655983013065597,-
4.056718501967285,2.2381827746668796,10.0,1.6395075318855055,6.914008022473387,+
4.937610772238968,9.049406328015273,2.0081082998918354,5.70268940244503,6.456549624389409,-
7.490336167933089,10.0,3.059402857343793,7.847439155742631,10.0,+
6.854634612238199,3.6055987689259226,6.771391066927119,0.13753612389034497,4.2549696310216,-
10.0,1.103202691734876,10.0,0.1690685165611389,1.3612369126756994,+
1.42799351370269,6.783033987433733,7.326685088974162,3.894015334950357,1.9914229153250351,+
2.3451854426793823,10.0,10.0,4.051742580574038,1.9593346039697537,-
4.613716172020503,8.39829950791899,0.13294522492708016,6.583209970470293,6.58899479784711,+
3.924801104376745,1.1197854032753756,0.001837913830220333,3.3921890212904744,5.513109737204317,-
5.149110232998889,1.632513140776809,3.2119439195412824,0.8723038300418229,8.44685406337481,-
4.786772540691228,2.9908574317912064,0.09564224790900282,1.192269541109957,10.0,+
8.84118460091046,8.867158989860501,6.348017938058787,9.02273373837544,3.8743118436904886,+
6.145178333060884,7.319022569033759,4.2583154279087125,2.4497212122623173,3.8701284476571387,-
1.3775557103439628,5.413803119214923,0.4487192413050234,9.921750774736676,1.2730244389185474,+
1.821965731494736,8.498900343342413,0.1449117430436378,10.0,1.6633094110536002,-
8.710857302625536,0.008800696541232389,1.7941872144508908,6.475511930697186,0.6061079721738416,-
8.365722913082656,0.0022530812659369887,2.7605449060837013,3.021828868818669,0.17600827003560263,+
7.963274927904211,7.636729960623773,8.51883713494917,6.7017331206000375,2.9010245923961007,+
3.6896716167806782,3.336070283189104,3.371352542372775,3.384902189005204,0.535459233983604,-
0.0015578049604181299,5.3132369816560505,0.23384783550969512,8.157776946055087,1.8338607979566124,+
0.002847731461294945,1.3228597641413622,0.2782079419353577,0.21104494465151719,0.14632108625623486,-
0.17029625314876284,0.5473391676526174,4.034995716194033,2.3422040155660806,0.8033173981125763,-
0.2749941416032801,0.2340517460013674,0.2976986336301122,0.3095288964551754,0.4405662012937975,+
5.188995809833401,4.1817276431336605,6.0987365478770705,8.398672106956834,4.453657213422796,+
1.7596946683748647,2.1639196369765457,4.666921341700131,6.221931979556236,4.262909055335275,-
3.1022828157706615,3.2945898743105695,9.92528193921003,8.069979021384535,6.003689920666993,-
5.74197538854782,5.504871538219294,10.0,2.2514498895679442,4.660468254781563,+
3.167648832716037,8.589175722864674,4.675245927730335,2.2939730660701163,6.377026014519528,+
5.340449366376967,10.0,3.1150310660515244,2.7348550275700196,10.0,-
2.528804690968811,5.105615566479225,2.6367867838504946,0.8885372464272756,8.345235455685078,+
2.747805721749249,8.085606118635178,1.288610189819066,1.4744443552468738,10.0,-
0.30571626827076703,3.154444322729588,8.848664696755577,0.6106876551934137,4.475207767825675,-
0.11874913115521876,3.6643546400383435,10.0,0.8676198895317155,3.279447387193239,+
4.7920921340790965,0.4627802768977507,4.35020462193539,4.499914035935736,5.5488884182122185,+
0.7394696255104273,0.884298175688847,5.724031277380446,6.525059541099182,9.745905130721738,-
6.413130932099818,9.317379849095529,5.309194644307923,1.376842409745015,0.42679801048390087,-
7.3199358979790965,10.0,1.5469525017527854,0.17514996641095204,0.6219716678900504,+
7.276930884918079,4.235473898675307,2.2161717144768955,7.8103892526038745,4.277530540271592,+
2.785777229063568,0.3567526541784075,0.6891114247241066,6.642222645884099,0.2038885578261668,-
1.724270758509785,2.0079494483125346,2.979039200419181,0.4099996387359883,5.305801722274513,+
2.243745890891565,3.8095695362037127,5.047441819053021,0.3661674695630154,7.979567981211708,-
4.126408649691604,6.6861106177469845,1.5502873768137215,1.65218435323772,4.607861035506229,-
2.9516533069676747,2.708145386038129,0.9628748623642073,0.8794548606389627,7.725861267129157,+
0.6807013014444685,4.644778247955916,2.6463826194665154,4.5774800938251134,0.548571970313525,-
0.9663680497374859,3.8817249054215255,3.5994288410294466,4.659121700246229,0.4191246677727965,+
1.079122673940237,8.318222666300715,6.5740601111173005,5.393194785207733,2.6460776627174445,+
0.7937148510379413,3.3500139777188784,3.735044064353712,1.3845303451257645,2.6387785614457306,-
9.101027942562329,0.24720653361040124,2.0732422126958907,9.728827573816636,7.3285309767856806,-
10.0,0.19911565952862587,0.8830778767821217,6.340541428891807,6.90101152169934,+
4.06323417962896,3.2540154848144787,0.6466722605954278,7.305031905695615,1.2573011919422605,-
0.8522495449413645,2.826603774176195,0.3873918370882823,3.4016233358589054,1.7935003247314059,+
2.454565687362683,5.789211682568357,0.4913878450182585,0.7988761249080278,9.457180945897665,-
1.4647162772358313,9.517063724509491,0.8138069175397225,0.021807362267224125,10.0,+
2.2103523781476886,4.008800647132739,4.247125415281415,9.314012997375404,2.1766935433131263,+
0.7094661660577747,4.519026401105988,0.7351637032553346,10.0,0.9949618116606751,-
5.212235596877621,8.848574850991195,1.1042174457191212,4.974312589794149,0.011671455182312718,+
5.583230173547238,2.8399101208907167,0.385094543547862,0.312672143402594,0.021677408075641398,-
4.940639202685855,8.339096775101229,8.974596954045714,4.749077666331612,3.5330965573021067,+
7.910011540308922,1.1118902913500506,4.114525105407702,1.9791517685409437,5.275679914242148,-
1.8039521961754312,9.570566808027323,4.287538290487397,1.2867784774488444,0.0810792578951347,-
3.053897295784983,5.6557363050266725,2.8565318733683895,0.027415903861044946,0.020559645462009418,+
3.1991301886061443,3.4400051643167284,1.2378206557111093,9.35496901393027,8.347335826582054,+
5.088304488910568,0.5165672601880417,2.4185744789582344,1.4250847585299646,2.1752859338845845,-
1.5544208651051805,4.801011830882364,2.7999751030276485,9.57213887374396,4.639150181516229,+
2.710047032996316,6.248735035228338,4.310804390173935,10.0,1.732626573769823,-
5.713181161010521,6.6378906039664045,1.1478994224706862,2.9948658992386044,9.132117246595808,-
10.0,7.536647806920222,1.5767468549767287,4.090217889431583,10.0,+
5.391431657735179,6.863462447788847,5.3538496895296035,0.8118943016548674,2.9913714343354556,+
4.840846496914635,9.004519333989213,5.012763832291635,0.3936181072791439,3.0782998324261803,-
5.071681123473346,0.36227876414191784,5.67564006232102,3.4360014699983434,2.255518871995158,+
10.0,0.3683999818643895,6.901959861150836,6.444221562827354,2.2014667455758654,-
9.535067408164718,7.303539221194438,9.240648640726162,7.547185373697417,9.02960010470047,-
1.657723094927614,4.275581320389719,10.0,1.3918580858815575,1.081331762608971,+
7.9818829192897445,4.594796544753525,5.646826457298445,3.926003324460261,8.847502744976005,-
10.0,5.359725970850913,9.595953678894361,5.875080126746003,10.0,+
4.1965360600061805,3.455485447781962,1.788709414660844,4.203092959309918,3.3779837658836422,-
8.31065242929449,2.137346694842678,1.3928098438157723,1.3143298296338628,3.0466928626106426,+
1.29612421357305,5.250683930368734,6.9118883459247265,0.9917482561595237,4.207460682694842,-
0.06179582486628421,10.0,8.433951673796832,1.2009391725538636,1.2537042450354232,+
6.726420062814066,6.492224693057732,3.111743569982941,7.313695148832342,9.151635846341962,+
0.08663488864915687,2.355771731517523,5.3482814315903875,1.7623984516466351,9.899750066799653,-
9.122386245785641,1.2275250901392176,8.056442382002363,3.6651619667617616,8.022157990581977,+
10.0,2.087761184543147,10.0,0.5437643531786035,9.282696550832908,-
9.27534563663329,9.972831064100385,2.5990836108689033,4.5903404961412235,0.7652710165681431,+
10.0,10.0,1.2404081671462397,5.426234709756075,1.2572996747336218,-
5.0608505150317065,6.312236524271569,0.11341970202047857,1.064218114768667,1.6204027725519887,+
9.024788816455576,10.0,0.14921943089350806,0.1825114511793821,2.06368165667656,-
7.104184340561317,2.6920663217309517,5.1651271998832,3.125543272100902,9.530065816742121,-
8.53945707731998,2.146992107089005,1.2784322014031333,3.0250148067130596,1.24046308866198,+
3.849677124190687,2.628387883324823,3.1962528709281224,4.972993944592401,4.339324766599438,-
4.403740912940534,1.4434568932461378,1.269860598053929,6.5710188888885295,5.2904386936894205,+
4.352785969160992,6.522826036498105,6.292931625058879,1.4424453340795496,7.88753718096485,+
3.5716250687551714,5.556614213164139,2.6916153407549466,1.069655075162977,3.7972226085511642,-
6.026173646475516,8.069301394788283,7.782355823073236,1.4876463367222637,9.163274127001923,+
4.410411721725341,10.0,2.5354234000796665,2.50125387827059,3.8496126099713357,-
8.702015918964198,2.0150972454062197,2.245218870463254,8.798564840990874,4.046458680360158,-
10.0,2.4172172996394514,3.0515271428168864,10.0,4.250801444930392,+
0.27116646060443284,6.795065497842896,6.270766309039711,8.398501451981533,2.3405346444183817,-
0.5246299445267174,2.698704864573485,7.046099639771692,3.4145705626262903,3.3479749512306594,+
0.4001195740479624,7.802309236908435,3.8538578918751343,7.087893315055714,4.3035463616169,+
0.3184527004915848,1.8810209550259602,3.0388631093954226,4.2102874318068455,1.9624135423478868,-
3.8137676615654637,4.077802073100097,6.755596180576051,9.930905459006631,5.443299004971422,-
3.564954236204753,0.9824082027858061,2.4358204761608886,10.0,0.8099809575019992,+
1.0286719183349868,9.553239051792195,3.529326966463906,2.7106395413827524,7.098926664559074,+
1.7490327365394231,10.0,2.32055357650874,2.958374197466885,10.0,-
1.6935993197516896,3.8963900165757845,1.7535043441326292,2.600974997205614,6.967751729459904,+
2.9152294658896296,4.661750274614377,1.8136378573851402,3.693778748498948,1.665481168859291,-
1.5346699320437474,6.3306871602500445,3.9999378880312664,7.458307048536039,2.2448188354066767,+
0.6544666605817829,7.57133994359132,3.4097408193189986,10.0,1.8334026975077187,-
0.832738493575953,4.22963184033839,8.355848485111961,7.213110780419991,6.457768828118146,+
0.9185438267818905,6.535188004946996,2.4855633316249843,10.0,10.0,-
8.742525605397613,8.967829695430845,2.0735753292825834,7.430075240703387,5.164465083455919,-
7.255315319101883,10.0,0.9246908063988324,7.175592029000068,4.25187413725959,+
0.07579570953712977,2.9781704516936305,3.825465033424126,5.611048206740223,3.9228046719769374,+
0.09095787226440528,2.340922917723334,2.5060488315717877,5.662379146944081,3.525520263306515,-
9.422117164236942,7.25129762327027,1.201732900966439,9.710941487461804,7.254880237267537,-
4.0807787760872785,9.251497173944802,0.4653756832943313,10.0,8.277989264433046,+
9.590000571280193,9.997394126812146,8.23710360881729,7.925343100390889,4.369989057255205,+
4.35931507358979,1.6281423622827678,6.762430234707323,9.258916398069987,7.707376587887704,-
2.6002422299622587,5.695736182858812,5.8611251029214015,3.794288021226456,2.861647488380372,-
4.065963643369481,7.74129546631286,10.0,5.266015636366631,5.481479251601836,+
6.472663458274832,8.974067149606705,0.8949293345768672,2.4757580417906677,0.5384373622223326,+
1.6613125123527135,10.0,1.752596665683998,4.4428601179617075,0.9461499626914514,-
6.727100210721759,7.29353582657854,9.813444924459612,7.423975601650161,4.731401794119763,-
6.296554304701459,4.818191449233408,2.751542198268521,8.1455617817536,3.4180559649898576,+
2.179780270207706,7.63656136118701,8.224232503459948,2.9556015142472214,0.8085274556916,-
1.8865554965505398,10.0,10.0,0.9004555059608477,1.1338065833124922,+
9.15569977026399,2.4840696514418092,5.126022369252462,5.062667428150438,8.970267192494237,-
5.557898880162267,0.5522104967359833,3.362250657279085,0.3074227592606192,10.0,+
7.215009604860947,4.948482837649504,6.0171434836992646,1.9740646420972419,8.13382725532795,+
10.0,4.299948060950657,0.031163029145537435,3.5287691583336693,1.126021329863859,-
5.098159084715767,7.348255709384313,2.5356214727417448,6.10422476157514,6.126584792836905,+
0.47267439977795417,0.3382900861315376,0.6946075430045443,3.184554787865506,2.041771523238066,-
8.349021979797984,7.7031719488086825,1.4664966484900421,5.292218182651043,0.9182431561557614,+
10.0,10.0,7.429938367208823E-4,8.138203052387926,1.1375924038316299,-
1.0171464644726247,5.227928042093635,4.204300724829023,6.69759859729166,6.521149408685901,+
0.33953540337830074,3.9940884233017004,8.276822467538778,5.414666915837919,8.342284479361489,-
3.013059379024172,3.5254030313334637,3.521015961622166,3.174672922998889,9.725972526006428,+
5.81953760053472,6.3182320313884155,0.7812962055821178,3.7329554508746137,10.0,-
0.5602333644745638,5.547900426556076,1.9623780646621303,2.623393901973486,7.770466982959043,-
0.9276012808465196,7.638858464530191,3.2218636492886934,2.620256180343183,3.9343723984640007,+
9.622059182680445,7.7674462677022476,5.425816763335685,2.321464333710278,1.5627712041722641,+
4.657120951656916,4.634649817670424,4.98262910485648,1.9332465810598256,0.9166690838356704,-
8.124374111032118,2.992366346282144,8.171791973878662,1.831949024582713,5.304209219645558,+
7.8784537572234985,0.8462433832539961,5.961244033161506,1.7905610900374545,2.446941331049988,-
1.990713257523301,2.76556241716802,4.434613759620859,5.281711355877104,5.535727241389679,-
1.4413198674436458,0.9640568177743332,7.625807597375486,0.17770187723025332,3.3290841769151527,+
6.4808063754233824,1.6158048222491939,8.170202018716129,2.446645563897171,9.65871143015146,-
10.0,3.0405540829374833,10.0,4.409210905990438,9.84555241430668,+
0.7707900292925407,7.939402453493311,2.4256075478211203,0.9225188614887936,1.2679782891174862,-
0.040767823601866954,10.0,2.0065996493148877,0.5232486878434682,1.2205161598436518,+
7.741290388653973,1.3032775753572345,4.882517768477117,1.6032715889467075,4.717582201514757,+
4.105245464524327,0.981970791237421,0.662838109607182,0.7191613892533387,1.2463499145302948,-
6.206502286064591,2.1670557311823346,5.453966876872749,9.57738211920816,3.359289598306223,+
4.309300049549153,3.8156437313342515,1.0832604643983341,7.955463998157757,4.0857201838843515,-
2.6124632894943534,1.732289421134321,7.7895947415589815,3.9627384744939755,9.681245232978693,+
2.4272265041218817,3.4536104242849346,10.0,6.944728328120298,10.0,-
9.393443354658148,3.334343343759818,7.243214579562247,7.076234179448948,3.9882133042949466,+
10.0,5.73059912222047,5.527100309161163,9.232029580567223,7.352336367505314,-
6.341654967456581,0.6242688701464016,4.209802874169904,5.189785671097654,4.197646876669988,-
9.626307516149492,0.7401574926668585,3.004220416280009,7.043573089308645,0.995283439814186,+
1.2212077648442865,6.261357242765343,1.129467606065323,2.4363046476368666,3.272192816606223,+
1.8414441075688703,9.19167432289178,0.8161756102537494,4.692420893828767,6.09234536753469,-
7.6365701753378366,1.7810110674364332,2.172348301255468,9.273124694067816,8.98436138331524,+
2.7779030583153506,1.6325294183118142,0.7674434049239323,5.104373305721199,7.506722847007288,-
4.112204997823028,9.144701195166164,7.307307062329574,4.679495899033532,6.9459788315322015,-
4.3340722975216375,10.0,10.0,6.475981335691827,7.940883341071524,+
9.725614541979631,4.066274184140423,9.06172565070684,1.9353443863093511,4.038512076203271,-
5.4408525970480595,2.5187057492445923,5.369478807093598,0.3507153654535178,7.360036042080728,+
8.07709453331243,1.5916507294708693,8.835469255047379,5.572229698586989,8.255266286373308,+
2.9737300205519688,1.5310646520575422,5.8956751505443075,3.1294136364268628,1.8503845204294362,-
9.410643909909403,9.025106279425177,0.36490903895571747,5.955532848426671,7.314341604529644,-
10.0,10.0,0.2759647840959402,3.4049645196757514,9.077608923456078,+
3.0969887534220275,5.161885587730253,2.2465608385331883,8.600241744857799,5.7315912387711,-
6.004804622202676,6.987522910241099,4.342762500565096,10.0,10.0,+
4.90584431113374,1.299415533739673,3.9916357045353767,5.076307039906075,3.8465805830852338,+
6.4215454207114755,2.4676346461476983,5.075657329402509,2.3047953176250613,7.546661195202188,-
2.1350552268563217,3.1285191302444817,6.666924881254104,1.305824203119399,6.019296114363344,+
2.731217378459738,3.378928287230285,6.078145279822959,0.9418863852500973,3.787051471088192,-
0.25371579502331487,8.607446811561857,5.121256524174415,0.8201984422047526,4.051072493732666,+
0.014741359878524221,2.77903081345772,1.702099649882902,0.031122470800567004,1.5272203107216193,-
5.168362505052292,1.901493251245412,3.5733081414992087,6.786631230748444,2.5890118921532146,+
3.2558594387346,2.7256087351694465,4.811583387776538,8.313818127387561,2.836431210680526,-
8.12109513879468,4.343619086054757,4.451885028387602,6.214909235355198,0.18778501624933108,-
0.14606384334832484,7.506080314560132,7.285148020949619,6.733574844366579,0.14975163055725552,+
7.79708091788299,2.0606504618162083,7.402844313710468,5.138779236547092,9.178377390903483,-
10.0,3.28169322686302,7.680591211273279,7.456436391176933,10.0,+
7.513221515020405,3.476850979350398,8.197682961641389,4.90060078288061,6.934264480307323,-
8.238105778805911,3.405167002497123,10.0,7.699928782851145,5.168402452634268,+
8.837699937846978,9.669305943955393,4.554391002636669,1.3057906803728192,8.845927100661497,+
10.0,2.6188271852659755,0.13495893585273988,2.138557354265597,8.50459107324903,-
6.477371002790737,9.663463675691691,7.722426335179746,2.621306269025961,5.7747385836252825,+
10.0,6.235832920140415,7.894339535182999,3.090922602618164,7.270395790477664,-
8.664090864698855,3.2208407489931448,5.529700757167034,9.331741452970759,1.5078456129565232,+
6.340187015252134,1.865508514817401,0.5658348712192763,0.09704946824504464,1.0783564064127136,-
9.765197498630675,2.457337047277357,0.6821974046986623,5.577375282742219,5.566291002000527,-
0.1657999420451328,2.3437392150647627,1.071726611340858,7.2699440015254995,6.804855336357068,+
2.803472411822765,4.1917921797853355,7.97802234380273,2.8652150255858935,8.213526152764079,-
4.98709877290122,4.59977783412135,10.0,5.50816935470193,10.0,+
7.016041829195705,7.902211277022988,1.1776364375157788,9.901321687209437,1.6918034552364114,+
6.749901814066666,6.868162485845086,1.2076942237008281,2.41202428745743,2.0406104204147235,-
5.207328588991086,0.12386155188355841,1.0456170313861701,0.9036127551963336,7.0577626223927385,-
0.32431777819666624,0.05917095849209961,1.8354926672632983,1.3852458646703827,10.0,+
6.280169981537592,1.7120898029295362,8.229572392666526,2.7520084666496105,4.528126692487094,+
7.8266890010476375,1.6697871624422926,10.0,5.471779073537007,8.993126202694427,-
8.207850074898118,7.252464972647616,5.949484644849914,7.006433185415911,5.99578969801205,+
6.466189560428998,1.8608634059088418,4.514640071824623,1.579921249636758,5.464092959841234,-
9.786857181074005,3.7692973339551914,1.9478605540219784,9.718715784166564,4.239416905371507,+
10.0,5.935192750237026,2.364472944729557,1.122709317955363,5.262352714944005,-
8.340188335376515,5.463223489655186,4.292054994905063,2.1928292920930668,5.156106702114446,+
1.3713211569444401,0.8591095957457097,3.4243533229301772,1.4174033856185884,3.5089758323994213,-
1.807584479870158,7.281151186270337,0.3811862770825014,8.520759048005276,8.354412595730896,-
2.780754337353355,10.0,0.009136221589566462,7.756440893391287,10.0,+
7.101109105084103,0.15136298994792963,3.9407995177189994,4.890146433080407,2.05229171936246,+
10.0,0.025451532089033523,0.3543276236728591,4.5719242960868085,2.1630872438950877,-
2.662300509698605,7.867405608148342,4.106145889102503,6.125982223941863,0.005632817799272605,-
1.8276619529005231,7.465884900447878,7.625260554081988,0.816399897189587,0.001285015868532666,+
8.032639695992238,1.8024006804822734,1.411666659451093,9.6961437458016,5.470740753952264,+
10.0,3.1441906411999008,2.056624139784398,10.0,4.198726219343286,-
7.916927356733346,0.6069876014448661,9.757638902406281,5.128950642333763,7.56813990950169,-
10.0,1.0477238868941323,10.0,7.892586197789566,9.335961527740578,+
8.440095533072148,9.143977811548735,0.44403965780820176,9.74890469938115,3.7805216032504543,+
10.0,10.0,0.5401658743422548,4.287913155027679,5.198621202286426,-
8.147425686035065,9.129109066396474,1.441921093645795,3.601139381801218,5.6406998304886615,-
10.0,10.0,1.7856817089779666,3.8514859903400813,10.0,+
9.43131489290236,9.506064080878293,6.658927754005283,6.427201593853735,9.160930903852595,+
7.763125724452379,10.0,5.720029135187894,9.908782778943818,7.722012219996902,-
8.143920714793449,9.749811259662328,9.219222023038965,0.7208525244048636,2.8245729974019564,+
10.0,5.744782047128882,6.566626443382888,0.5034843005418382,4.894847887808778,-
5.42533615101236,5.48169892922628,5.66042646675715,3.9070380089657974,3.068972229649758,+
4.985305718804008,9.216283837324514,5.966099292985819,2.3334843294313488,3.0209901066994105,-
7.1200703738365165,9.329170973639384,1.0204956227745,9.287772345916462,8.759283507417997,+
7.919851691374657,3.1393967425876887,1.5492305889149183,10.0,10.0,-
9.999206271736904,2.6533849024635527,2.6633027850072044,9.650240639355573,1.9982557200276163,-
8.04071721967918,4.415312607367842,4.08585392038202,10.0,0.8024015926017373,+
0.17489210691275403,5.345384233685552,1.3959811531302369,1.9112733312704322,2.286784120312552,-
0.34295599614919264,10.0,1.7414339605910725,3.7836441318926477,3.2045539708839454,+
8.933102738144473,7.637073248558426,0.9531384839345247,3.2114195800318046,9.667656489774188,+
10.0,1.3865512384157759,1.2213647454372314,0.7115898640924171,8.935530583856433,-
4.368308523533216,6.806714695273288,5.305091377012562,3.9532473922996814,8.745231025800287,+
5.924443179188951,4.7898288092712855,7.890095809321694,0.8596332085763652,1.2485381145571413,-
6.78083721865198,3.7328178051712557,0.7115647047942408,5.3784752893415,4.240575354980562,-
8.650584230911845,3.4926146102985496,1.2687446911145306,5.600256180978536,3.5181379414351803,+
0.3131321465630821,0.20867973314464439,9.669195558701881,1.630606266436072,5.964858352521757,-
0.5378544192584014,0.22406241804671262,10.0,0.008317178900101883,4.025089013813141,+
0.6797394692444814,7.381666451493324,5.4530814014401265,6.463998323046071,4.855592020035821,-
1.019386672978641,10.0,5.25133791192539,10.0,1.6468126171487993,+
1.7836031676292485,1.9406017176910462,4.529285487035394,4.97598443333334,9.13003998835999,+
2.859100826608933,0.6161624867665437,7.363330970254608,8.237886392594824,10.0,-
8.677202017360319,2.0547433042098415,1.9743344009061858,8.17677624150426,2.5301356853609516,-
9.84556049783748,3.4232619138592857,3.6417710618428267,10.0,3.674602463814934,+
9.379635837537215,4.137254691762049,3.2643254239779718,5.346869868090257,5.011083127252243,+
1.4903081322760765,7.548028912890072,1.424882638328227,7.731690100667511,1.8865963298912896,-
7.1552243927096635,2.592936113796902,1.5848488714246889,5.2620560988018905,0.7691062848417085,-
1.6934623799108537,2.712632622885529,0.5899995231064146,0.7949296269533114,0.01866756483493109,+
2.690757573468343,8.249865780544525,8.082682598410253,8.024250494832337,7.191678920042013,-
3.216321089251934,5.51294003388498,5.729653620107853,1.2055975120382096,3.710636841050092,+
5.365390750928998,5.767899201880948,3.6988936039614284,2.617387913749125,7.132002050256393,-
7.222958969850398,2.3088642519477247,1.298169914673451,2.1186114043391693,4.133942052096703,+
3.3370982591718623,6.505649737826359,6.390366735899306,8.14692994681002,4.997894729617821,-
0.014818728859826233,1.717310628911297,10.0,1.41076747697024,3.3932966962014564,+
9.98289503525389,7.616381660163302,3.3571525438592174,9.230051585438835,2.203205848293707,+
0.12401644487985321,8.077149731700546,3.4476721432790822,10.0,4.151223719282832,-
1.1271390999398456,0.5123019861904543,0.039351097326199014,3.198590489112909,5.985160557106839,-
0.7529169934217056,0.8065779677512609,0.06322053940278119,0.29236419157102633,10.0,+
6.694902994146009,6.093221837789221,0.6368240490482269,3.990623160527994,9.178253796083911,-
0.03999643952325115,0.8106838461335921,0.1948378583948642,2.420291042004778,10.0,+
0.34584046633214127,9.293724358035695,8.722532783345812,9.439057112555183,8.683140642654516,-
0.4806789914059969,10.0,10.0,10.0,9.790251825461615,+
4.539012528632186,4.798496064899348,5.5216774537925986,2.0595466606020785,2.258347578609625,-
3.857185844421667,6.8789031821017845,5.302558028452043,3.7493907356609384,3.6313786247699884,+
9.680997250270398,6.506624031951441,3.8223079441148187,2.5948981859426565,3.6762176703709315,+
10.0,2.0638860898402083,1.6193058888618945,2.5808019642137574,7.114763585543534,-
5.339048129567184,4.128452046978741,7.743661840377404,9.409479503495607,7.86154771198076,-
0.6831492932553421,1.3475521802789077,3.3413085044192994,10.0,6.861647494936467,+
8.035224662010144,8.17946670989631,8.716731611587177,1.793439404944992,9.766577885453813,+
2.509056567002411,4.183873340917538,4.4103590585328005,1.1982049571947486,0.18295922457980202,-
6.5975513776466945,3.3111452435351474,4.664117662559074,2.8998184836546317,1.4468180861909075,-
6.088653301785946,3.573280809284694,0.9304943776586236,1.284371186525013,1.10313476010995,+
0.7436055334421909,5.098153192002323,0.15232002862950456,8.217872064655724,8.808862028036655,+
0.8808233458901841,6.952545497071822,0.06825895576686088,3.4846535538887453,10.0,-
6.843827908482362,1.6150913403581946,6.419986171315916,4.737171661139965,1.9515172488396815,+
0.7937956433179868,0.042848177996684424,1.69682721247272,3.0417348679472904,0.35409170669930673,-
8.065589910461474,8.926172747880594,7.787986559594487,1.4833762361569425,6.611167974471969,-
7.429359588563253,3.2909002270105834,7.201557193022149,1.2059133950319416,8.647854421661902,+
3.9720383246594,8.833209374422472,5.9312966990267455,8.12579579477675,8.90372493557117,+
3.193427465890407,0.18107990578255168,7.976427391259476,7.298893456882406,10.0,-
9.474214138299223,0.46648541343846994,6.793662488972694,3.2738930477727965,9.642310634428549,-
10.0,0.5994822881617651,7.6236060308290785,3.8931336952953504,10.0,+
9.053725213325016,4.84677511159278,1.0166196914619585,9.683142716835976,4.720318113670954,-
10.0,6.893599275234042,1.738513138438089,10.0,8.156875420188127,+
8.98600923199441,9.722654386853252,0.9666416525764332,5.550348861661431,4.261822296073751,-
5.7791613181294155,6.374073408697646,0.024113895435152164,8.047476912225116,2.2001301514145855,+
4.804202468596122,8.249208507529847,4.71442743548678,2.5790901741922987,3.9437027382236134,-
9.55306324311537,10.0,6.744568270386178,0.8499625443551709,1.7971836545575768,+
1.0550100532026763,7.54310275747629,7.425046403706123,1.0474342133556491,6.746713541175105,-
0.7538153857417627,9.277641268255978,3.0176966890836847,1.3495964077773772,10.0,+
6.135635130734021,0.7325919631663969,0.7031380310033486,5.640132010558907,6.0816133296618915,+
0.29377226185185323,0.7643474686597349,1.3944993420907794,7.149571972694632,10.0,-
7.670102019387015,2.109328630651761,7.500563710706421,8.303141773372031,9.936898881861932,+
3.5344176911335543,0.40875794530434817,10.0,9.5348466246884,8.61204341525101,-
3.1568489951090575,9.504878997834929,1.1146885867602507,3.667729278866172,6.801067731432431,+
5.448512427597686,10.0,0.9980975106527995,6.537634252818129,7.4275720058789325,-
2.481919135569013,3.622832174001563,2.357276991592099,0.3464767382697931,5.14966133553216,-
1.8481441689623492,4.818944796650052,1.8493878931104257,0.23820161141221538,0.9490283781394808,+
8.410756624873624,3.1742865069735737,9.859343183229722,0.9348102390806223,9.58487531119419,-
5.388830337198094,2.3077480175976604,5.507848779732248,0.4490177543980452,10.0,+
5.123117244028059,5.197948513024758,4.996798589221978,1.8539615140126675,6.845157835998684,+
5.7275660574161416,5.446419772344548,2.1076522934267112,0.16391308178004557,0.8877022532288942,-
4.237028193153382,7.204278806824115,5.337829846902115,2.332838384336573,7.987773044699166,+
5.11125027178476,10.0,4.632839291446697,3.1227852075199167,10.0,-
2.0034317778900457,0.2927796191119625,9.90166830797287,3.4987105075520617,9.016411703821907,-
1.8308726402492903,0.3367033665761398,0.1207052405618879,0.9848986843345614,8.275050667550563,+
1.0455269277807966,3.9095288764525824,2.691360544124093,4.095289737693348,6.1422522589707,+
0.699404202668056,6.850764979279764,1.652576826242768,0.8257413283572589,6.159197738968988,-
8.32133613538958,2.063089737371543,6.459428648144188,2.0105866436545874,0.7987818420138881,+
3.1729495291612975,1.3876562124002623,5.442136194241097,1.5590691515306943,0.3069992218322201,-
3.233123985866176,7.44812072256447,3.506206934748146,5.156128400484274,9.505367521756657,+
2.790199565974606,6.304582493848574,3.8782603638357487,2.4028308253867423,10.0,-
3.1795971412651136,8.893373146045938,2.145682799944051,3.3554369798328487,5.550462382802067,+
2.9846960546697527,7.459013451080736,1.7538256282744673,0.5782770472406603,2.4860618171714552,-
6.214620112307006,5.314345939673755,7.374641958261623,8.622169485432742,4.103492171651354,-
4.90072001324238,5.785907604854172,4.034617640297359,8.833690919907372,6.852464807128307,+
3.4288290825684884,9.838755454156017,1.2508833516889195,7.230137203232089,0.9097504672064938,-
2.3997723555332477,1.985117224096583,2.316305181717456,2.2853137827453818,0.7492465788721381,+
2.2023133709228326,8.615842980151298,1.0825989512639622,9.064686865857283,7.96834649525813,-
3.7569343927879006,10.0,1.5245458130621556,10.0,10.0,+
1.3322063009564389,8.322481670270637,6.840945253366107,6.165871029440119,4.049621792451806,+
0.5160387195127257,1.9006763109373008,4.557063722900934,2.047711169209552,2.938666149547616,-
3.817937934021117,1.0048284374636807,1.390299271605493,8.923658284250791,0.9006357433968859,+
3.8084139452420507,0.5467294362020807,0.16669486812600512,4.570338329385912,0.12606096928505933,-
9.226902109803463,5.39606395398028,6.0479223895200205,1.7822833437749863,9.819513049530697,-
0.7194243360217903,6.395449843611753,2.651131904608625,3.1904606197663496,10.0,+
0.7405706038416093,3.597781128691783,3.09713117961134,1.0523108165871453,6.967143616365257,+
1.255099719906864,6.8672577375173995,0.003842150069615365,0.5753095331729724,6.315081268574919,-
9.661823524086566,3.047119110813812,8.743480290300367,3.719753202046101,7.832183299338837,-
3.676540416675515,1.814938079882012,3.45846151500355,0.24348658741086063,10.0,+
0.403614130625769,4.96620035787056,6.506505841240791,9.763216499155428,8.517276355890356,+
0.2267856343762426,9.491400501629554,10.0,10.0,10.0,-
5.1730140876605635,9.878547428328257,3.1162289627018422,0.1761554033518875,2.6269492222526356,-
0.7554935183893873,6.346073128238524,3.020329849117588,0.35230818469643765,0.017086611982432606,+
2.651784882401418,3.695154195885426,2.7621733377248314,9.208757655340284,7.1429165061517965,+
4.450097388672644,6.222695122790331,0.954025497685213,10.0,9.764679642250968,-
9.551381116513614,7.28249499001901,2.073747308305535,7.079558801430734,1.3956797437138813,+
10.0,7.898178277275726,3.2512328180022134,5.692278479434064,2.6632341904811043,-
5.3478484933508765,2.818106867269845,0.9368875010420263,2.5948056109668602,9.02780114422254,-
7.685208998897344,5.423587895968322,1.087314541611331,4.24235294675474,10.0,+
2.711114090807408,1.9777972592137971,7.816799001754966,0.9548246871369681,2.207616535569563,-
2.571525918337513,1.927103499444182,10.0,0.48403348140706504,0.5720231463463835,+
6.0269299775133796,8.361315152128174,9.251726156962373,2.595549314376513,1.1880483902123995,-
10.0,10.0,2.9271840700724794,3.3180278872888,0.15673364443950194,+
9.628343695492699,2.122915633750586,1.5926504746278158,2.4622527353965684,5.028829510382195,-
10.0,3.0201097383033173,1.1123599526436558,3.2324023796362424,1.7845836704732096,+
8.849902280718652,6.031389836520949,9.41994082775092,1.3941522263393002,6.57325329291387,-
10.0,7.157970483062446,10.0,2.072928616690755,9.464654701784436,+
7.332783399246264,4.417397437747978,3.0678678332313005,9.692306518388666,4.98409015357433,-
10.0,6.041966587909729,4.042880179088857,10.0,6.640108886025385,+
6.507348923928822,2.7928541380694227,4.509433794433331,9.472091613534243,4.321707092816405,+
1.9824946101072176,1.2881047138613237,2.506403313982814,1.3946033806807339,3.5900123480496986,-
0.35596418212532455,9.41342999994099,6.0645810805393605,1.9224925051818242,4.541691230565169,-
0.358522313721221,10.0,6.851232226631728,1.1367585901685835,2.5265604220795,+
2.8093053644841848,6.289214768435261,7.432337409580658,4.108344544054195,3.4184233747031865,+
4.091689182111802,10.0,10.0,7.348940335403542,1.9132584466229043,-
8.328065443446825,7.38726458914618,0.6311050404058061,2.9474994066323035,8.416952484739044,+
10.0,9.457072413349998,0.3075271895775719,2.932741232199428,8.01430461608898,-
6.710079650063068,9.412353382917273,2.871829595631273,9.784727082309868,4.56393238903455,-
9.60187973210181,10.0,3.00050479010852,10.0,8.246480919519934,+
5.227714349149974,4.22677428073316,2.513413268218928,6.329615018109017,6.704872470802677,-
6.107485497459661,5.861088898724361,0.8792450543322489,10.0,5.027965248192632,+
6.091981394630866,1.4462192172431532,7.195243937513681,1.4328305928309648,3.4230859006554617,-
9.83388931820146,2.119036711924266,10.0,2.663918985101716,4.333033750767263,+
0.585375282355004,3.6212112576431297,8.7189689739059,3.1013092503837036,2.2526900458152923,+
0.3146664693488714,1.5099889048897899,1.9489866145416612,2.9578635113484393,2.137017394766059,-
6.0687116134224866,6.7925006210141,7.646909327400503,7.371360804630949,1.377216551255489,-
7.826044553637141,10.0,8.103930479357116,9.527760607896353,1.7811196413193744,+
3.112794627076776,8.283843757041813,0.33643402309596504,6.598708990195118,9.574979828624446,+
5.777886393253159,10.0,0.636972438469514,2.3769431841674735,10.0,-
8.164462328715468,5.705891627913829,2.804515685403135,4.179776504612657,9.585336215421972,-
10.0,6.771936347169786,3.4513967237547325,7.715433228268648,9.72944773544807,+
2.1540966883897026,4.220113597532541,3.5465010609068326,3.5879503687054703,3.63860428578618,-
1.899484597153446,3.297489048201919,4.142026538463209,0.461638760451207,1.4200092167149674,+
4.498883038176648,3.6819882327274955,5.346276147058545,1.7785666586533255,9.893365127917207,-
7.191842894895564,0.4821382176072618,0.40892311996027914,0.3620039313805684,6.005253655870634,+
8.011683764674066,4.242158487736486,4.473334179674956,2.0500951080287866,2.397458314834412,+
0.6111056967250406,4.965768262965588,0.41839589971194746,3.1072817962480914,1.0903925211532652,-
1.017835703062271,5.638113195392759,0.5939560225738716,9.984755048075222,7.743266324930259,+
0.4076122668144904,10.0,0.3730890941244926,2.3193108077132374,10.0,-
8.38180881706192,6.650707817838065,7.718918605242014,4.69956869799323,0.8103085018747547,+
10.0,3.4946072970038933,3.519984754366564,4.802914989612096,0.14602139162288594,-
6.430728397043466,5.2076620007085985,1.7841221983754607,5.961782632936982,4.701134197541858,-
2.9812329309182846,3.9004443439576826,2.8929701452691545,10.0,8.130261234068879,+
5.232871096585585,9.201615853534648,1.1427203259187013,8.478670679974147,5.401372791790459,-
10.0,9.575110732653359,1.6028461831245224,10.0,8.095269538393984,+
6.377315716082826,4.268326185281551,5.6113022737257,8.50395191115403,7.842265435871845,-
10.0,5.978271718784663,10.0,10.0,8.387502222116357,+
1.8255728265205773,1.2236794107645321,5.515483018653353,3.0679125354782713,0.46247366597973016,-
1.4284333818079722,0.15168041587916412,5.7125967803721975,2.6356506173187384,0.21069264576046845,+
0.39234181570508286,7.224568833678249,8.688062882409547,0.340515164861821,8.30825460167379,+
0.2514728584050654,4.144728821894902,6.3814539983732255,0.15941180953184234,0.21981133693156774,-
7.234009289163721,8.833111819896885,6.2696674983337255,1.0747950820458596,4.99235255797121,-
3.9726614226896153,7.8267580110866835,2.8150790219273354,0.017383724985699612,7.821825683402198,+
1.1869344646799507,9.132074268117163,2.717533368880386,6.416256813353054,4.858816123705212,-
1.5273156595573127,5.334002606051826,2.209340106180343,0.4760365826420726,2.7485776366448316,+
8.69000026860379,0.22888133192605853,2.5915673587219015,9.655944649149962,7.751457710754556,+
7.844328541824853,0.05812315541871137,5.181557131617586,6.593679580163569,9.16127542755835,-
8.705220532145209,4.708677721475947,5.671553880360615,0.10251455912491991,6.90663403059613,+
2.9074922409719064,1.9491950640506943,4.02360214896907,0.05079555468199021,3.8425929168906023,-
7.2399267291773555,2.8420585176884816,9.033886228332817,1.609309203452135,5.362841734375031,-
0.26628511557878043,1.6925380508846235,10.0,0.056170154686232314,2.5491346010341966,+
9.762119691761153,8.56794715396171,7.131938154248329,6.695897405755331,6.656512378442229,-
0.14314129503449136,10.0,5.827747448292762,10.0,9.724721195669138,+
6.1226546523983,3.5798529149923386,2.053365360138608,5.240531076622793,8.778138662971024,+
7.477304722007141,5.596564048003695,0.6782642453713482,8.38899250963701,10.0,-
3.1380973006197097,4.065766083556953,6.094154008082118,6.066105592404955,6.919474901589058,-
5.7327478128955915,7.862943810679942,10.0,8.036385888353657,10.0,+
0.22015979124978102,8.891281425418985,2.4886790142132,6.115520674420085,7.156355308344031,-
0.3494655176692065,0.17871718583691756,2.9618282368826767,7.4549182425635925,4.446499221688671,+
2.973445304807255,1.277646923660466,2.4367015764944764,9.852380722292596,9.323625807449528,-
1.927498665691468,0.8057519945887465,1.5702753887743999,0.5492402056645603,10.0,+
2.250691296961783,1.5430442371989472,8.036429006531893,3.054255339494323,0.8087472894813263,+
0.739974413028809,0.8017473231605183,7.840491826380184,0.09063480151947241,0.6628331418492139,-
4.080625762620903,9.434548078575498,7.320049238463903,1.5222260579535907,3.505327264828689,-
7.600700699674228,2.6136745893973674,0.18742384382326363,0.9074274071252055,2.1722993542660998,+
0.19815618215338282,9.918988491214487,8.046559430679338,3.4738062052215946,8.6740126377926,-
0.2553583999996627,10.0,10.0,5.521524581089503,9.716601875755488,+
9.018761775185153,8.0233455787899,6.463248406188249,4.251682717648702,1.185027478465791,-
3.343838775424358,5.425054583808957,6.725064893670818,3.59022246289825,1.0302664010858016,+
8.586260493197747,1.0205999095552054,1.1434816387316094,1.946488097096054,2.1944861221719814,-
10.0,0.42843613072374553,1.978918351563813,0.9967785692210108,3.2180673529237964,+
0.13222386680975973,7.728016653996894,8.081351105856923,7.466856182242214,9.706851155408904,-
0.25133505685764096,6.859239761134238,7.075440087673737,6.740153425902715,6.803927834206654,+
9.43155123029631,7.804892157593998,2.5046272169542707,7.236646621035443,8.80159280856917,+
8.433928649283652,6.798946648193485,1.2874163920181443,3.136892558862721,1.4522254782432042,-
2.426052972994058,3.2800691931910686,7.287804110610335,3.8580071840332373,5.407876000372557,+
3.9410507736641187,4.880396349943312,10.0,6.052663726852061,10.0,-
4.543854222383485,9.567196436190482,0.9804505576010303,7.164308167351879,2.663655730541723,-
5.130160607624478,10.0,0.13986054873914935,1.5628475792106624,3.2704072759246294,+
5.757814595722184,4.523739677880657,9.153145555866063,9.800740323884554,7.224930132486119,+
0.02413495566206486,2.4643017937704994,7.045697579925765,6.182650992338468,6.813422900565826,-
5.14426831229743,2.600635451814579,1.2854505634144142,7.979489725315415,2.9459567081715377,+
1.5720196389736059,1.474352213461956,0.9517427169272508,1.3980748399274168,0.7792304383553715,-
4.516949465100173,5.295489863266992,2.3714917779694,0.26387811029437214,8.53956322577969,+
2.2685365699447715,3.8835389744191384,3.893430647149943,0.46827297028916426,6.090878011375159,-
0.5042065138988105,8.293793754185339,6.228439153630373,7.202581254688346,1.2360734493920622,-
0.49491383909021386,10.0,6.586783641034003,10.0,0.0108401382446019,+
7.972724778894874,0.09305185507968106,2.7932469952625985,7.671017411080376,3.8219879964525925,-
10.0,0.12340041099989323,3.5599514960600396,10.0,5.860899639018351,+
8.569387832788344,7.158533026078188,2.5141722072809367,6.7109953435161405,2.5723931400863242,+
10.0,7.9882219411080575,4.4427274406205814,0.7532423595538749,2.6962574224117155,-
5.535838226555894,0.7826229250415717,7.752276247543785,0.07280573799260948,9.740339743879998,-
7.366642072980948,0.32052125647870416,0.03968856566850635,0.1105700081569325,10.0,+
9.67633349040512,0.23566430750030065,9.491343421155062,7.594180115371982,3.2042447910600713,+
10.0,0.3562301144110756,10.0,6.872059713041691,3.3479695242762206,-
7.167474580837581,8.144139118529589,9.811718013746157,3.9079211313289375,5.571966245301352,-
10.0,10.0,10.0,5.145305297174418,10.0,+
4.915699653278373,4.6019898553527305,9.061171997502806,8.960132847596373,7.361262606098576,+
4.372117874074527,3.843933757338824,8.010393399849804,1.3256064663459206,2.435862857915992,-
2.0795161676606586,5.091470100163892,4.47913490599237,3.6672021842068414,0.7918751489777387,+
2.0078865547708427,2.06638021367581,8.119244716286872,0.27212374224239716,1.1083817807168368,-
5.615305072272518,3.974426698076614,8.033485016211735,4.3325723923413415,0.3368017376947374,-
1.9372932105575118,7.458745365703825,1.6515667207571663,3.171606338132841,0.13343440812805546,+
4.5594640575557985,5.522387274825286,4.221970721186996,1.1754893369895447,6.842570505401584,-
0.5642565952125238,9.312644095625801,7.606910328491868,1.3836449841069978,3.069273769282756,+
2.1900023352141904,3.0272167478367273,7.6244539273630805,4.156442894926302,1.747797151084357,-
2.4114575785850056,3.7195693235593956,10.0,6.2225118100122625,1.9510759409192484,+
5.076009333851128,8.541151079822434,7.990833233353153,7.127568648731607,2.669662927012937,-
5.938656932621814,6.381541437693627,10.0,10.0,0.9564329979167709,+
1.9709172539483477,7.8155826253456535,2.9933915017617774,1.128250700348885,6.954531109195784,+
2.753248278241205,9.692713294066092,5.926873027485383,1.2672841455997166,3.560569993899094,-
8.541921649519097,0.7401130290744351,3.0866153557068046,2.0995193689407,2.9139051467805652,+
9.943981436639575,1.4562690591985505,3.986536453722704,0.8045661132339385,5.6873146757564745,-
4.3248796847876845,7.999908089810884,9.929140098058935,0.6014571644033173,7.836193810222058,-
5.37158215382609,6.661230318698842,10.0,1.1575999557026162,6.494525338355913,+
2.5864689084241466,2.243195993464121,9.14949014561117,6.078063849863772,2.0913901877532037,-
4.433037134646934,4.297404343698698,10.0,10.0,3.7904024194530965,+
9.189778957769605,1.0579147587493376,3.7707761029562317,7.175490791702125,0.6141612626305826,+
10.0,1.2754632633267344,5.598418200748253,0.5422984439761184,1.1624636319555395,-
3.912523944817784,3.3609070903540026,7.449781340873671,7.695695712745302,5.404817470299682,+
2.176678051591509,0.4541206159864061,9.755695906802037,2.899876334400323,8.488304467847422,-
3.2788479871273877,7.957309454323985,4.230419372834727,9.452688929608502,7.893238138138087,-
5.05020395522954,9.825089378051437,7.781736984732136,10.0,9.763005076386275,+
6.336728492732848,2.823937643859077,3.673463318820583,9.128576843383646,7.978471251177654,+
7.04851902007829,4.633551918707052,3.083176903549271,10.0,10.0,-
4.520546957338022,7.7698874820716135,9.28403645940838,4.125957578670597,3.351580192324355,+
6.250754001374165,10.0,3.538333835732333,1.8531572132903098,2.613987277617228,-
4.091508878741306,9.74474209462252,6.0156526196559925,2.7923135389471043,2.2185729732135897,-
8.101185058774622,10.0,10.0,3.104274265930294,2.8546165175490454,+
3.286878393866112,5.17684509187006,4.1411562285971515,9.02589543621478,4.102869333493339,+
0.750761944678847,5.616064152708282,6.1941344243776735,10.0,7.584133619932378,-
4.465530114945215,9.893296927387432,5.32482124887869,7.324941267287988,2.8175417173320296,+
1.39898917484091,10.0,9.291868688496598,10.0,5.491661424554348,-
4.3020781880112855,9.689840024566372,4.373546319880083,0.27580001627174777,1.4589399202725417,+
6.806222906287625,3.024461057623101,6.221240434375894,0.3319249354638998,2.7579407107238914,-
0.745118511900148,3.093976482013583,8.124244582888192,4.39222192124319,3.278963298683112,+
0.38477472590840667,0.9112819261107057,4.597762310794394,2.5124674239783262,1.6760616176959158,-
0.34430391374855485,2.864282011662204,2.7269755782616354,8.481279718653889,3.078795408049142,-
5.396067493263806E-4,2.0270642820292224,1.9654288364887438,2.2679301697292624,3.8242199320635666,+
8.851834891312052,2.7347330221392574,7.041394292260482,7.169768328996922,8.771501355816158,+
10.0,0.7323590630806404,7.765902209805079,4.563564100218283,1.0393124186370317,-
2.9443514427041526,3.7728341098319307,9.798613787248211,8.139169081595611,0.5985320867098121,+
4.85029635848075,5.637915903293329,10.0,3.0708075749700807,0.6362274516797093,-
9.50421381860709,4.285922723235068,3.152184192523567,3.712454350063601,4.4097819647261005,-
10.0,6.707224006782175,6.004911512507675,3.8115770064711403,7.312069421784393,+
2.594917345978829,2.013553351889581,3.616326264308211,6.911651915881319,1.5363314461022426,-
4.5279490837046765,3.653683333934547,4.302035849805873,10.0,2.6197953547253694,+
3.2777887366997724,6.034692754890321,8.657882825499183,2.484567058773722,2.949763705695847,-
1.3361939529612772,3.7280010702860813,5.680882942484991,2.2133513594767904,3.514383741962045,+
9.08113293102126,7.002031810447669,3.237405482247496,0.6444947977756188,3.3235098490317627,-
8.814218790292482,5.104737383005066,4.607411662774665,0.8269268487276946,6.4885947757593225,+
4.2838297462208885,9.780107990807293,6.898978918327169,9.824458033311167,2.8363609693301575,+
7.056840728798909,10.0,2.248012562036056,8.063473031799907,1.301954285926574,-
2.182897013424936,9.412138257244255,3.179251583937951,9.417818056300632,7.0162825012086625,+
1.7892478125249023,5.0957958756324935,4.519923959156351,7.468538498931578,9.167496677113233,-
6.602031117740946,2.9518219778698027,3.653495925466803,6.3797625903748925,5.866983504266594,+
2.2661136532155757,0.9208062729986042,4.715647461704261,10.0,3.0943588896839773,-
3.6058561637927253,2.7605188574520403,9.424219275549161,0.27167930523363637,6.58430980653946,+
0.6799285880206922,1.9751378258979848,7.93709647786242,0.20219000975998255,5.968530363696737,-
9.498103888747746,4.4721249305256086,4.062154551087783,5.745537201806787,4.152882336197673,-
10.0,8.195170282607329,1.9965751960160905,9.46311898580235,2.270894616391138,+
7.209418628504174,9.5091730499595,9.96400912974776,0.7307753716195786,9.974313334903588,-
5.737107646193836,10.0,3.7849077864660483,0.08269643492620905,9.501052930808717,+
7.593210520364694,7.1269173868834095,9.094867694158742,6.674942532179154,2.285728747277277,+
7.221012019520356,10.0,1.1967026734298543,1.8705673527320674,3.0869570830953355,-
4.015824517141602,9.231043586245383,3.5051419216071555,1.8448274983669388,3.350718142183383,-
1.9884442864270335,10.0,6.043439557081693,3.0313109260680084,0.1355683659550248,+
0.15952169695005125,5.922085965022554,1.8356898036128888,0.08047793248742607,8.694743723577032,-
0.27616479752147177,8.608666132093106,2.1148349121371743,0.059034825213108134,0.694745605388751,+
0.44274856842201893,4.5289716009718886,9.4153564055645,2.152561629078779,9.829325066115732,+
0.36716380070193366,2.7699617022426644,6.563762518174872,2.803091811559519,10.0,-
2.436562291736597,0.8370253832194696,0.6800617028101785,1.5118404098267224,4.1498084124174275,-
0.4652044237525861,1.5074210978157834,0.784248887403108,0.5558952138677138,6.423795329098651,+
1.6620160399827366,3.7983711023042876,8.906567696998932,9.258769617218622,1.6124919689105432,+
2.373803321857929,1.265050190302165,6.138035501693623,10.0,0.5754463115794065,-
9.189181667170875,0.662255934230217,3.8730701423908567,5.061507502250225,9.009227103184852,-
8.416209123153322,1.1153996984293568,5.7843694120797835,2.7311451672956806,10.0,+
7.035292449494194,1.6355014201736784,4.184944762588722,0.65544874575309,3.132919372316072,-
7.306464382963671,2.577726797522852,4.714369433701168,1.051058687924781,6.083826809535873,+
2.4945580394624836,0.03260450585754082,7.283638641135583,3.8423259356909245,0.6119138391555401,+
0.7642426736408399,0.01702706855521633,10.0,3.463789803984505,0.7168431116389272,-
4.310303251479395,7.486097999682672,2.782310322666236,1.5955791952165888,1.1144686996600628,+
4.963542047231635,8.263015328635317,0.657406237649622,2.6305795251335633,1.8531743035292592,-
6.899996095515229,4.7100689152566675,7.7120943761991505,5.821207390123959,4.299798999613515,+
9.105452028159633,4.9807882259023994,6.999884734253305,6.69619882310994,8.481975539665221,-
3.6673248297356675,6.825422762005479,6.802712069696209,6.95688622514318,9.237236055879603,-
4.075277237003458,10.0,10.0,9.376108265699521,10.0,+
7.957208474856109,2.8700474426720177,8.68486448532061,1.299766926569632,7.297826414147332,-
10.0,4.856772385504017,9.488802264602779,1.7442493173822928,10.0,+
9.080646517692442,4.414831115174124,2.3166547733849443,4.343744637585171,3.7522046064817136,+
10.0,6.066553895616686,4.006923351496036,1.6690275256159544,6.010054060721613,-
3.510430016543993,8.219752239080227,6.660802612191711,1.8481914095329388,0.18626585286921515,-
5.230859925858549,10.0,6.457638749416577,1.7688020524947274,0.20531455873348003,+
0.9454452390057777,7.435703507991387,4.39781625022881,1.9555176104468242,2.9924099363793335,+
1.2565449539543199,9.793544862702097,4.098901093494274,2.427759635303506,4.927966968445101,-
1.8702466184738276,7.608108457045515,6.5948070985820895,5.1921665278006905,9.46342025848843,-
2.0284220779767708,5.305407089389192,4.3260236986172815,2.8978706132610563,3.1660898431788502,+
1.3164990798563958,6.649000021862762,8.75363527490478,6.665510045029888,5.20888743760282,-
0.8707431170552326,2.8089941750647776,8.829903631815748,1.2471413444249853,2.757635215038426,+
2.2573944556178827,9.880366680342737,3.039343050547363,0.3052062092959884,7.024543500806501,+
0.6959389211546947,7.7258869893068125,0.8924736533663874,0.44647162261444373,8.138627234067277,-
6.106719952107777,0.923158951295614,1.255040074564352,3.121543531729399,9.81067653633766,+
4.671426359338066,1.2256564383874202,0.8260555455436662,1.1974968595602464,10.0,-
0.9474702093956133,0.0030917691866916286,6.188953284139648,9.58701608367246,7.897996453975068,-
1.023517894400392,0.003259754489385917,7.399353183436245,10.0,10.0,+
4.758828198191434,7.554431167372555,4.032595823575101,6.468822438592646,3.917898867719339,+
9.418645644469258,10.0,5.110983193936339,1.8424540129039024,6.330088315734587,-
7.93776245431903,4.732389094315195,9.067086171552802,9.243449354478134,5.308721830989002,-
1.77116931639569,4.354287925017498,10.0,5.20267133818245,5.271501396024675,+
1.9889726283922537,8.468891367705991,5.941692394044145,5.323794295491706,6.738410401992808,-
1.5299443527391188,6.056340435868129,9.299638043573733,7.702610694877702,9.245349862484513,+
7.278508446279001,0.2022652198600594,8.03608350083516,1.8006487477241417,7.521083612649681,+
10.0,0.03577134249013987,3.6398544801122066,0.3533000908935989,8.002439018736569,-
5.972285757915177,7.729466072827681,7.784263443418389,3.4391666846588542,4.598670394217944,-
9.761527663526104,10.0,10.0,6.7599126206215825,8.024709579464826,+
3.924031414094351,7.098843113179672,5.3183037685886445,3.905461172955346,5.857810263523944,+
7.342410248646398,8.32721686697319,9.612955500102276,2.769534452755799,9.840256217814382,-
7.396186467150498,6.408968115301401,0.9591236052248131,8.928262339645428,6.682602645644469,-
4.502810829239049,10.0,0.3012733782156985,5.071946666590958,4.6214818704986245,+
0.8946757522409476,4.050478481280605,0.18045660680128361,8.691407514772198,4.467913703956139,+
1.7409777628708019,3.1032997714734365,0.16054167946191505,2.520840616444048,6.86260130267992,-
9.62507108207917,1.9807987047695308,8.494784642547101,8.153513778190895,3.0376309977686553,-
8.977968561292494,2.6817096620215084,10.0,3.080422342030942,4.26181327885091,+
6.0354109141031484,7.495169081043718,2.543322450944978,2.2133039152271783,8.401175638069406,-
8.666692325941986,8.470382011405388,4.071464477018572,3.409853555152378,10.0,+
7.021303377666285,5.142472876993932,5.773063134996008,5.9662025790408055,0.797761983714681,-
3.0140542111293156,3.2619438268860357,3.1244711718205416,6.862858819631576,0.0018455756358902989,+
4.163068814403407,1.6050116433014494,1.916640447827035,4.530243210621516,7.061133572737073,+
0.2611724457744429,0.46217295523130425,1.3956104583124098,0.4082713661425535,6.671552102819168,-
6.82900786700865,0.4742380792635925,1.586824593753623,7.843048468212245,1.769983117488565,-
9.788475168440517,0.663800766505311,1.9917272576478073,10.0,2.746434588245032,+
2.4611621317380115,5.54337952074508,9.814809092167273,5.558384703222082,5.298550842462824,-
2.6768354316972167,10.0,10.0,4.773803481368876,2.6883245194695684,+
5.123476633327353,1.3074549148381576,9.129604729249548,1.2717574663925024,2.495789617296742,+
8.758991056900793,0.22320952633520316,2.3446534904167775,2.3345167260149418,0.9115945609930296,-
6.0795549892318155,5.6176813901308575,0.5185407389125729,4.677264621167003,9.619567421166703,-
1.600692746368785,1.7351072124864402,0.900389346105178,1.3122515223151052,6.902597800292334,+
7.092058189850551,7.082955497003632,3.998772193624588,8.914037066336313,2.6758544490251435,-
3.9210843656080865,8.290004019346483,0.7029718774288156,9.984166469076593,4.312798717171949,+
1.0154774536970623,0.5861421426873836,1.9833874806824048,2.12825403208331,4.948956621725599,+
0.29844715368788294,1.1365426241267758,0.240082100841526,0.8627505795291912,7.424628083589972,-
6.535835116309212,8.929114714607794,8.29295375935119,5.870286573856753,4.222372732401114,-
9.190377725548588,10.0,3.357250434389549,8.7772955544486,1.4990546670447769,+
1.2321558889394313,5.046376220786939,6.238912551186751,2.8511918683239323,0.14620109113925417,-
1.8316774909357691,2.019088639378547,10.0,5.662550017655507,0.09728310578243747,+
4.904635477874705,7.939625481812623,5.546011021468952,1.4580284815779276,1.956344279682215,+
9.147608628106514,7.821127394223767,9.008839168147759,1.396849134611043,1.5876360381686891,-
3.2424044787481643,7.541834577851683,0.7343390296018459,1.7974164606070286,3.87039670894512,+
3.1484914247790465,3.686852111837609,0.5799225756686064,2.66339194244486,5.2348037804283605,-
1.9636585087338632,1.191347138223181,5.3872632097074336,3.1413790007991538,1.4177163879622623,+
1.7012145527731144,0.7042860862795253,5.145111677432882,1.2346200082553427,0.740978659349359,-
8.263739663198695,9.301902093529959,8.71878604884677,3.1737919468056655,6.866050806112124,+
5.286332299451236,4.747830557618806,10.0,3.2969964616299694,0.19831138416962718,-
6.262469715293797,5.715299677362006,2.6505842376894995,3.696099175223316,2.1611503860436687,+
1.9907708172642982,2.3170726226148526,2.457565001420443,1.8103343977784965,1.5401362749963101,-
6.201230947195324,1.4468231744546234,8.719052568418105,0.40300673418797284,3.6218995320555014,+
10.0,2.6896313821084123,9.86248846678544,0.7965540498625645,1.9511612390564617,-
9.929113139696732,4.407224233464678,3.1464098838511068,5.509743667517082,6.674507410700738,-
10.0,3.9378098331797995,1.9171104564345756,8.673439410628859,10.0,+
8.349668159652802,4.677619463967991,0.7500453331595336,6.219331751803809,8.852384096441359,-
8.434225648024613,7.051917032477166,0.13269199303928497,9.718180124449194,2.9974459128342605,+
0.9138932135487154,7.76886244813435,9.472157493445941,2.9906667981650714,3.3145772170979715,+
0.8681073362377916,4.870162518070534,4.843338631479089,1.59180424046416,0.7435347105976021,-
7.089386745395089,0.8311373142457401,4.358637699513909,0.980923951611099,4.160739774802033,+
5.432765991642688,1.6079296522121496,4.7924280859149375,1.0858442007678668,4.7801659719651965,-
9.173598402993271,0.49411964985487833,7.626032462609645,2.227765181235836,6.831579385041895,-
10.0,0.15438657983299442,10.0,0.3315962000638898,9.98799071102869,+
