1.633845574624907,6.53527849791161,7.758043386753117,7.165634532246164,6.736562007341691,-
1.7321783846619274,9.344347843549548,10.0,10.0,10.0,+
0.70031086520425,4.683254910010978,4.027943848602114,5.570264158274196,6.699279360103164,-
0.8607749926798559,4.711006089451851,4.3671866049227965,7.67076563776945,6.886334964434236,+
0.7320212412633109,5.289576179046346,2.1195152299988553,2.038509181253888,4.907299787684579,+
1.2065041190226131,9.143707561653011,4.147900455650571,0.6379432592276376,8.302761860726124,-
4.404206211503525,1.483921851472122,1.4271915367041699,6.966610005294218,4.905116522591743,-
3.041753476149227,1.585224557498148,2.3035187451826746,10.0,1.954750154970336,+
4.955783224726832,2.948035879888631,4.113698274348384,4.547978679754541,5.942934253543255,+
5.188796596127727,2.209451776942891,1.425315058735845,7.19275827284685,0.9900998542933737,-
5.198568521140963,9.206602439049139,1.0162445075962212,8.155557764058349,5.901145609703773,+
5.09645680999829,1.2398518374360956,0.4266284459417243,7.958414736650224,4.553665897285305,-
3.1943823519374326,7.767200862917418,9.044504643808532,6.685653382982234,3.6597519109255074,-
4.422102871639426,10.0,10.0,7.937697832221396,7.162592712998338,+
7.949064894490897,6.7574192975871314,0.5810832662629362,4.109310164479187,9.721092916489862,-
10.0,10.0,0.9853653202911917,6.928615047968151,10.0,+
5.947752472560647,9.458689243862835,7.119181852860285,5.611779634778368,0.7095088357677071,+
4.4157228791017795,0.08746456787910838,2.5095561739298984,5.328628212728236,0.2953071274776994,-
3.153504762232524,5.50048736879392,6.144011085083754,0.24999056626904048,7.181772438317107,+
1.0404125340625225,1.9655982291581868,2.0514232999759527,0.07867797945038717,3.3790212487698965,-
9.804573188149018,1.6180416721192736,1.7375902332431803,2.3148452756975404,2.353910338013636,+
10.0,0.7761419490073057,2.3474791193964233,1.5952806141358082,0.20580695964203713,-
5.552406726187238,9.567805811942918,7.091689490554865,6.133453287046736,3.7027619968264878,+
1.9971594545401008,10.0,7.2263381867951555,4.4345454579102155,0.44045091644433976,-
9.364996729991313,1.8914150275654118,7.894972621852132,2.602522752507088,4.383022530256229,-
2.2255076749996436,0.32076497496165,1.074552232644036,2.7352425273024035,0.14793514728585078,+
8.752192675385956,1.152694384286751,0.7318407767702051,9.24428164115948,5.491902435953122,+
2.556020487065953,1.6496026134146327,1.3515964203722894,3.335697913466155,2.02969885893856,-
8.2601854123922,7.381053961388984,3.7071658884794867,3.2821900518649025,3.6851623164094005,-
10.0,9.36053483778722,6.495499259041624,3.391681512858266,4.678878099577535,+
4.120787328094141,0.10551193122276814,8.690649273027967,0.052371922398929405,5.964492514114372,+
2.831150165953751,0.0950016027673745,9.685141557877293,0.008929650393296396,8.4901178853073,-
2.678896636162734,0.25977450133094826,4.210015894475697,3.195699025963916,5.588204443081501,+
4.714141255702736,0.28777974827565944,6.976384200483179,6.087369095206836,0.9676781558278755,-
9.088056567667886,2.7937820650810674,2.874208437747101,3.814932333763026,5.92602324076366,+
10.0,0.19044443440856512,3.808165977321335,7.247250146195012,7.775360508736491,-
7.87432470508965,0.0371609504891901,2.2447451228677906,8.225240364275567,3.754321891642811,+
10.0,0.05711090861606487,2.5002249699966073,5.449384359095253,5.446489456209688,-
4.925016826620169,2.43233272764364,9.60236604549351,9.14571657846733,9.952660326140776,+
1.8982790297678862,0.7647835291383273,10.0,10.0,0.7368716619879596,-
4.652098187505903,1.5157773347851966,9.203196891597452,8.031228617920988,1.305846797989828,+
2.264613815229613,0.8547518354506936,3.2119169364216216,5.955687441902768,1.0274075305217374,-
0.63213639160412,8.563356281202356,9.886477064279243,4.943327535962575,9.53256500551623,-
0.09204353531564946,6.26296799024294,10.0,3.538395196415974,4.3269477401608185,+
1.6447583186761705,0.9290774779432653,4.277169307464223,7.668566187939425,1.5374402817562827,+
2.286164871335759,0.1826707148506732,4.68787277492674,9.616811803510307,1.6821249798416609,-
6.636901725574862,8.636911691800256,4.312512498413201,1.9308796469213663,0.5170058396550736,+
5.3946983579601175,7.876683826126607,0.8082444511332615,1.369304108792224,0.09951661321120389,-
6.500333601835275,1.0399455024155924,4.116874050925599,6.247526436510544,8.10636205770789,-
10.0,1.5782339197545328,4.914641531845785,10.0,10.0,+
9.572167791047198,7.231043055658256,7.420219985718911,3.3085702439908204,5.803930854936068,+
7.907536479909964,10.0,4.8145910483277685,0.09349620910065108,6.814410906050051,-
5.3923315693490785,0.5723098657058467,6.1876047097654965,3.400501072223686,7.187121277928035,+
10.0,0.3584379136097181,1.6477069920251235,0.7452346532209012,7.397265465298694,-
6.944902312011477,5.588609936286567,9.757826412659027,6.43744300339003,2.4216830313758644,-
5.487860138901878,6.515350752074886,7.17605699251725,5.854536965364936,2.2822449211392604,+
1.0685980074265777,9.541529325918676,7.100938108961733,8.630261032380645,3.999377447351823,+
1.111240176294336,10.0,1.4955669669775362,10.0,6.842680578788132,-
5.3807995905231305,6.058024943124186,1.581705791180279,8.666692717568225,1.4053992761159306,-
3.2880073229710707,4.356326652883462,1.853415264863435,5.678235546864793,0.1981992592191975,+
5.706192633537462,9.40783395477299,3.454081162809474,2.049085487959487,5.263479509817572,+
7.8452259655258025,2.370767232637917,5.160675507617442,2.6591974846039186,10.0,-
3.9857879101980864,7.957741786323252,0.2667046804719708,9.717077606324022,7.866660680860347,-
7.195309897243793,2.0546318699866193,0.0019154535919149766,4.230427851272537,7.60985997613449,+
6.0682899682334295,5.9467138657426695,9.537090602059479,8.901532345974413,0.5012172522508307,-
10.0,9.163941436677217,10.0,10.0,0.7128848123259378,+
7.438719475644449,4.066197475016306,7.701818938018308,3.377110159045537,0.6722544629617366,+
10.0,1.1209266255590247,0.7880128741408798,0.08257269732038568,0.8635837969826352,-
3.413092948906354,3.7425533632971875,6.664708287746062,6.773946183777721,0.04020340783721377,-
1.418942416582982,2.2765976899606324,3.8406595466972724,0.2610976451611601,0.05612088315967293,+
4.165059812538297,3.146331160725946,8.25948649400985,9.381185795922637,6.967073030330071,-
6.950556079951396,6.2513044790349825,9.883814513511288,6.279802980890182,0.16636398084246265,+
8.390219954655702,2.6465383024850277,2.9301269748019907,4.322201035790566,2.807002145227658,+
10.0,1.7683883562696168,3.288425349537161,7.433101610124962,3.476663974542075,-
8.565876795373272,9.723142904910592,4.570272563673542,0.9010944801917409,5.541027387883735,-
4.828536298870632,8.52519334831819,3.947058509027974,1.0731705782078869,3.7159476848785844,+
9.776251188124224,5.071519381011874,9.717388536912905,4.313600255339813,8.907275954991308,-
3.003760909926534,1.9120835124425624,10.0,8.09777041273081,10.0,+
9.809105277070294,2.8898851955633873,3.4243820928571465,2.8175891452276325,1.5090926166870111,+
8.67701981402064,1.6520603521448995,0.9548539087427529,2.500650761488314,0.479379027015667,-
4.581097592495738,3.220306696285232,3.6327846407480227,5.390290748971309,7.311443126112045,-
0.19332684998442795,4.1394720487221885,2.387422824248514,1.0233649619523517,0.9348792682171084,+
2.472646060287901,4.3186967699327505,7.313486616836377,4.353154616207181,5.875666408678355,-
1.254510379153254,7.573387016359504,0.20791675102995175,1.085178038514269,1.3425583708480353,+
3.5756229695424127,4.442767115810319,3.413577769111443,6.152418893700556,9.84760373484259,-
6.475376703188204,8.562786116120762,6.003858611180371,9.748771983914846,10.0,+
2.827378085429105,4.5176969038578125,2.975479182293854,1.611385639473214,5.779595221812669,+
0.31970774003418834,2.73468368587272,2.63485943499201,0.13150475382783328,5.010933177653435,-
6.940830890896082,9.254617431328002,5.825804546132892,3.311752712348559,4.718487500515696,-
10.0,10.0,9.818133213212567,4.2696609846343065,7.123403475069759,+
4.534626600058241,4.973591193091876,1.2368139244956122,4.227382008139605,5.359073990045089,-
1.0719440089936505,8.997475119027442,1.5375017019761446,4.179424628431621,10.0,+
6.691116649297165,2.6533805072812635,6.027319787293965,3.860114053406204,9.080074819993394,-
2.4494375710175804,4.587237547399594,10.0,3.3528316105576947,10.0,+
8.711508375547826,2.951866330392785,5.933899965118351,1.1333592886895638,8.661449413480625,-
4.35550999779068,5.8911726117280825,2.609494498922863,0.11721681538410995,1.4607518239929445,+
9.468290018256974,9.60172602039757,4.5701137457567675,6.671931749911346,0.14450470401760285,-
10.0,10.0,7.02477723820361,7.081820300210271,0.17219369779088228,+
1.4034643325574037,5.917661150385053,3.9609232226749236,8.122530709067977,3.063111150627653,+
0.7226348531741468,4.024093668416658,3.9486498807747257,2.6561754136453257,2.726355513855853,-
2.1662002679085477,0.3462214799703789,4.788553628697317,6.0649485058810075,0.03824957058574774,-
0.4791022601579042,0.11736222431395099,1.4963009701169034,10.0,0.004216535867016437,+
6.6178586408338225,3.5824913972828307,8.906780797186954,5.711621019050698,6.828866748788402,+
3.5319643097218303,4.913394799937103,10.0,6.335516095268989,7.558444734697184,-
8.087876472804007,8.21017469128724,4.698507810845905,0.7423246253176929,4.506781135949556,+
6.725797741359774,2.544253872221701,1.5447243582558903,0.40044911336278205,0.7636854048334091,-
3.6706877136388583,3.1043121394365247,7.4845933837241905,5.284645545384476,9.126262733086033,-
4.931595569925321,4.599550686245454,4.113990913538112,0.0018663363731356729,10.0,+
7.3488412707227635,5.498545715621555,8.282104613820456,3.66503839899206,0.12178713075786662,+
3.906763715625611,9.376084341936203,5.38550586653019,4.758588885015813,0.05089192574535981,-
9.277467500723096,6.2511425982633995,4.151460561193615,1.9787251677644357,8.553420826023581,+
7.69508685976553,1.9470042264600818,2.81899889045025,0.8320573868987341,7.730708994064045,-
0.9944574523827687,2.9622320867515373,0.810604890538611,6.64971674356466,9.869704355922888,-
0.4446783635242874,1.3493563652214209,0.3967709752461712,4.305014024317406,10.0,+
2.016786596577008,8.889625568481662,4.873576152106182,5.16251824653086,6.251715294131637,+
2.426416938884022,10.0,5.844918500727138,0.7510238248715815,10.0,-
8.999877363129169,4.951972056848717,0.2613012878314258,0.07903477486501775,0.6576722821567638,-
2.9767516046549627,9.707914582379367,0.46245669809616935,0.04033805481864072,1.2612851511258416,+
5.8068379069235645,0.6188894576543469,8.784007668115331,8.693532524362121,1.5031470758420307,+
2.9209950434876544,0.9507987421628998,10.0,10.0,2.164715338569673,-
1.3865310317684276,5.071552204727173,9.511758825939518,7.036503720161781,8.044321661564519,+
1.8083247258749704,3.003382712007047,10.0,10.0,10.0,-
3.43841156772314,7.611218288656255,5.998180104649132,1.947687236916753,2.5363682266744947,-
1.866398059615226,3.989314645010516,3.0036926758620237,2.2063644462835748,2.4613155069721304,+
6.287034793926647,6.957290275295743,9.500587654717389,8.511856010948653,2.9268303942002296,+
2.793808565747626,9.48087661476466,10.0,4.109197802399014,1.8579548328712292,-
0.7298479884782572,0.1376912818324605,6.870486803741934,6.295184961793664,7.538616470122223,-
0.8199060033355905,0.23787353397538624,10.0,10.0,10.0,+
5.973421628441338,7.163600597652083,8.499831545211642,4.274953886785697,1.9600628742304416,+
4.215287725826934,10.0,10.0,2.133058551523237,0.2732023939484719,-
1.3548381834796475,8.239415352361014,2.2798741913259812,3.7065713323973206,9.742901009101434,+
1.1907603899605574,2.702589737318697,0.8551026113525965,1.538063242434374,4.7110993253896964,-
0.35404245773665854,4.083723551614094,0.5749530652515822,2.70278756810846,3.6156595762194943,-
0.6661840597764325,0.19381992813449678,0.8251378716740564,4.243250471849592,0.8647508001274927,+
3.246328941053971,6.051284825554488,2.9550774200854892,5.399822785010111,0.7179268141393857,-
5.392639247848654,3.6142082712143293,0.06923037423494999,3.359255462770708,0.4804598540694513,+
6.837496011529643,1.3713174700435615,6.236709764676673,4.433791875241702,7.74024881999822,+
10.0,2.0462282860328593,10.0,7.928194409131693,3.7606454992679925,-
9.456428488153744,2.7447904550502633,5.798126131237512,3.2641064224929597,6.973068614782542,-
4.062076153698353,5.428513541270281,8.84706442428691,2.5458234022358712,10.0,+
5.945269891497222,0.32183125845612004,1.8996374011561412,8.750628452747746,0.3479985857092083,-
2.5117096976718414,0.025706472517906375,0.882445371386419,9.541431878010782,0.26539337462138946,+
0.3139109702313536,6.901215733764582,6.674173216118888,1.6762947896510605,4.943168877951475,-
0.3533471477754265,10.0,7.082662108974372,3.1244900006764458,5.83636973637959,+
1.9020713485258356,9.16862620890244,7.081281076758818,1.7980498306139214,4.034146433730449,+
0.1904263203630363,1.4377185901847962,8.66750691296325,1.1581195719838808,4.826034364321888,-
9.713286327787742,7.532945269807519,5.641999784576246,9.520105190872899,0.3921178141626436,-
10.0,10.0,9.161820890399365,10.0,0.6749857298985279,+
2.1334662380254175,0.39561818190784637,8.47195435556164,8.907999100204835,3.335041069615553,-
3.9606294733041976,0.592863188510262,6.783947484746148,5.925580250886571,6.142276102505369,+
5.571075667620272,0.6555064652088871,3.9874357821740656,8.21157157419221,7.266810037865913,+
4.808831432033405,0.09737456499925909,1.380121974313336,7.315488170927603,1.7934663149321928,-
2.5974981689637024,4.052315257142607,3.5529682345930826,1.2716281399060858,8.456403510973315,-
3.9982588150124045,7.42902576897632,5.748531068071398,2.4228522717956995,10.0,+
1.6678440347432943,0.2870843422777736,5.076067957372473,8.751952940752755,5.462401885046607,-
0.9753211416557793,0.40079520800411117,10.0,10.0,5.419240427210462,+
8.000082514097663,1.0599732050848631,4.387754088334618,8.435486212838377,8.829752181055458,+
10.0,0.7588185985602677,7.778578310801866,10.0,10.0,-
9.387733773163333,9.483891525856263,8.465546299230398,1.3828216251481584,8.066987847385018,-
1.187238379412387,10.0,6.636720153483651,1.265834492198344,4.652631366612349,+
1.5746792958362676,1.4198551661486014,5.292537095598755,6.671898469602104,2.089099371204388,+
2.3948219073363815,0.516763548900447,9.702527095160853,9.552196724994463,2.910151404597202,-
2.162601900036374,8.514645545350927,1.1283283162485536,7.468081635348508,8.418677134289258,-
4.0567628452908435,8.522305569385567,1.0292488952447973,0.592682414722839,10.0,+
9.599747857646442,5.646451713416666,1.7114113833179667,7.186662224262537,9.696367861264818,+
10.0,5.790613479623925,3.030152444648273,10.0,2.9165820560294358,-
5.258306674309222,7.613637746771163,0.31238164835759696,7.646858957330438,2.946751685331609,+
5.128603269029019,0.8907449652579555,0.14743213683299392,3.2727094162042083,2.117234626597534,-
9.606127692429437,6.382551366245326,2.6669011943641054,5.261609985627174,7.437213722969757,+
5.946027056606038,6.19313121900294,1.1589613296458119,3.6031075451007393,2.6147925001550485,-
6.687479725921324,7.868661628958382,4.117364383005214,1.0825272757712423,6.745992615066269,-
10.0,10.0,5.7788339398809825,1.2899599445989351,8.195010713984903,+
2.5747410661823467,8.703540138274274,0.29876614240350596,0.48055715924136044,1.7511132649764882,+
3.3851764615891162,10.0,0.05609692558526674,0.6647824374630165,3.322237236537432,-
4.871420021784687,7.6816971018071385,0.896226861855991,0.3546063969033375,7.266616652186163,-
0.014940997207137189,1.6030000413165473,0.7358048935728276,0.31476363580367883,10.0,+
4.875657646855521,3.9336216189951436,9.878667405689068,9.557904357320128,7.172063872441502,-
7.496089484687248,2.3485372966615476,1.5646256526903932,4.599222430694544,5.319507516714636,+
4.15593128423784,1.5428842386483765,5.818926284950244,9.704543922870458,1.0348375572211521,-
4.456141025524313,1.6659422838842817,9.398339137638366,10.0,1.926554079978115,+
1.7399941220608217,9.597118211530372,3.7543499369507227,2.9603741399093506,3.3630373234965107,+
1.1566700221019777,10.0,5.887969724036396,2.20751233791638,3.1296016469453916,-
3.771462462652643,3.579170909345757,2.4350691521972703,3.71493172463507,9.17197601446274,-
3.2383085892262895,1.374697359093053,4.212492652402888,3.1286575978486932,6.63794505366738,+
2.1390807817020177,2.0629943435545783,7.390952868752002,0.7422779266288204,1.169083423185423,-
1.631444963978233,2.9086898522573983,6.639061692759858,0.397029630908446,0.9144097870643036,+
5.741337643185764,6.031547493515496,6.866376163318913,5.756803804586718,7.364249633336951,-
9.780707029935883,10.0,8.031948697585523,7.127991414684609,10.0,+
3.6630127271274135,9.036037630569547,6.834288258582023,2.758724469996504,4.891958510146562,-
0.4387404130390324,4.8645240578733535,1.416957776556959,0.26990041677512583,7.406167210900084,+
9.02379120727297,0.3923389846855707,6.191203456059663,2.037303251419824,8.334276664913848,-
3.8790095547603065,0.3933551628922488,10.0,2.538500667504885,1.2299160743116466,+
7.586992636156914,9.49478792039088,0.3236868558385997,0.8526131069656784,3.9986947373899606,-
6.374189899428365,10.0,0.3294352843613437,0.2061036727615159,7.5472797376148835,+
0.808992143552697,4.702091135935033,3.8624005533308035,5.920846036994536,7.515605479566572,-
0.5039494716913561,8.758975597090185,1.7907045770140821,4.2837902378708295,0.05360460716167124,+
8.381341491378144,6.981550677447837,0.983998001241988,1.9256532094810586,3.2522709311038844,+
7.625119374216019,6.116234942122273,0.2610008044660247,0.986205617172976,0.7717811183839415,-
8.19878978508335,1.6891398978226246,0.5175043043583893,7.448627715882533,5.252633484916066,+
4.836136124437755,2.491671516117843,0.8858873832136352,8.063760778847671,10.0,-
6.30334846478047,1.9511783667703286,2.0607544324368643,8.033983421736666,6.584472296364501,+
4.464735603999146,2.7070488059106412,2.5274104621721407,0.8779843361712173,1.552061392884841,-
7.883397400779083,7.606426672018266,4.343631429623085,4.442233632285205,3.2894354025696493,-
10.0,7.372566224417852,4.9464913734573015,3.6708184432217594,3.3791714204156524,+
9.408915025920866,0.16907116395684207,2.814943487660776,3.703173769801462,0.9515726313213813,+
3.1717593162376523,0.12229252773975274,1.2917028399082713,2.644956668230711,0.5390973968277698,-
0.5393212529266589,0.5443659649767074,2.802783970976823,9.39093569007015,6.2593158974945045,+
0.7510040668798853,0.2204752655266394,4.188548283241244,10.0,10.0,-
5.428547576567221,7.571768837926776,5.601601964271557,5.162955778265151,1.1608958785409862,-
2.6228857011052225,10.0,1.9540800717592521,6.219066384253674,1.6547978900064353,+
0.21320970118749893,7.436084607961213,4.323804094974845,7.673868230826118,0.9626071935404701,-
0.06208948830329602,3.0170933919126957,5.185226482421101,1.702567267300356,0.10724803500213953,+
4.31972625031144,8.393651270734615,0.5773330774596563,3.244312058835411,9.175065627648522,-
4.655795775857345,2.702244186895711,0.37313762409774875,2.7385707655808216,4.064548799419983,+
1.6558550899578506,2.773936756099694,6.903356213393419,0.7560994051627679,1.4476579062759953,+
2.494403129699962,2.2282057511022786,10.0,1.3524495421401568,1.5346679017276983,-
0.9762796878375424,7.595290727674065,5.597994956468039,5.463416851906216,0.1814815040344353,-
0.20291953679805166,10.0,5.42633610646654,0.15495075660392152,0.07760495339567866,+
2.019190282431783,7.28590142479296,2.750519574017032,8.989755246524146,5.306002774964865,+
2.5191652721989426,5.945303598902607,4.949737928215959,9.872801448292128,7.778941029260664,-
4.654652066374043,0.8085989702518803,2.781762090820857,2.6762874579354268,2.0128341182229423,-
8.649072042137355,0.8944741324465655,3.555326257844261,3.3744839659813173,2.104342769150408,+
6.294759475040353,3.9812054610102265,9.086192946198663,4.649756363886048,8.789064943859152,-
6.072558214654994,4.992398634550319,10.0,9.069826389275864,2.375188207842642,+
9.471994680605757,7.258675005189051,0.7708649570475923,1.090969440388746,4.161386269496978,+
4.34481063584904,9.092062278751243,0.6112399353110198,0.11670925019921664,5.904025650025849,-
0.5392040019772548,1.3072664303522685,2.2670811598222382,9.148564960027413,1.624446879493311,+
0.1658659318184333,1.2679094150133883,1.0980746021963712,7.421729249855756,0.18210569381373723,-
9.14122145188524,2.5137581826682887,8.639688772923774,4.401349716665063,2.2492048612986126,+
5.614067213467879,1.2857604442790695,10.0,3.408775764226658,3.506165613550885,-
1.632306050945841,2.6091615216084083,1.8739721839005408,1.1889115157858332,9.330610141431967,+
2.2164378223949597,4.578333918221245,2.925064381452049,1.0329358494939498,10.0,-
1.0348480710401642,3.546982258318785,4.10185552946195,0.8956523678408113,0.35089348611912374,+
0.7623328429714976,1.3185750918234254,0.2918680275850462,1.0605495967391,0.3594832814970393,-
0.9239513706410529,8.436143300059392,4.196445489765503,3.9139830515935268,6.362196222536982,-
1.463981980764303,8.145644521789755,4.312900164417973,1.3986640411090943,10.0,+
1.9567431470738539,8.00432972011267,2.6027711726416367,3.0414445149625813,8.298758193450338,-
0.30320336387809244,10.0,3.763368291828336,2.6131293728307003,10.0,+
3.294220653978095,1.1481077429104747,6.399589381672419,1.2175110678315482,4.807144813145705,-
6.415504904450782,2.251794413283186,8.403667015643292,2.2736427473973593,7.317609307902668,+
2.1672709514847743,8.608426226928186,2.9536283208956005,6.54125974816952,5.353776508718999,-
0.8906449209962537,1.3322172070688358,0.3156092075699422,10.0,2.821481122669987,+
1.0102338788794207,0.7593548000461015,7.190251008991578,1.5899074449579031,1.6470233322963967,+
1.1841038810121525,0.6301148118244154,10.0,2.6642563069807026,3.083800681657867,-
5.144750622249595,3.101735566942243,6.994122629864176,9.225674955641558,4.785803918295145,-
5.390219534611277,5.944578162622108,1.1070895886411798,5.385574873361831,8.814236340127803,+
5.083227074191119,0.12810608011805558,5.504549941212501,8.699272235530565,1.247380962169744,+
8.378458555255062,0.006329038559168808,8.337782752654967,3.548503287959942,1.1926503633790364,-
2.709662190212491,3.5699716172302622,2.455317674007418,6.976089591091885,2.6603441023552152,-
4.888259723667313,6.287194042029689,4.575005261135617,10.0,5.004582480671258,+
9.927398862346056,5.142630835585802,6.530484373692442,8.976990560825334,7.3119918409426905,-
9.129489677236327,10.0,0.24475239263347973,4.290768696326453,7.2476933759956905,+
4.110539996691446,6.717736844120658,7.668354575440587,6.981183666764799,0.14351400410451465,-
2.594497055989374,0.9958725249737885,1.353720475276996,10.0,0.11728627042387628,+
5.184543801379508,0.43505442284541784,0.32139585040525276,5.735833568629035,2.426500525889601,+
3.936723946655358,0.7828891138230049,0.507075413892457,6.08460242099254,2.7415994921716456,-
3.385334303146623,7.758102627543898,6.431870106957151,0.6054793667037317,2.276887499902899,-
4.940700733404557,8.525477988296917,9.410616488336878,0.910948650451674,3.1565231278726014,+
3.385228600901012,0.46736166314791383,9.188373962908248,4.948768764469181,9.652913844256696,+
6.7418036881129115,0.6271095966244755,5.454271729484163,4.381504368047541,1.9479444702298938,-
2.2930352972089443,9.520317900997778,8.103705065618339,6.691488302895112,1.4494592993007327,+
3.138886266030454,10.0,9.5228657746327,1.730719581605787,2.052245003324163,-
1.95557587187964,0.3760886968730581,3.138125002849652,2.295870701955086,0.5296280029594014,-
3.2945287960174467,0.3719508347891044,4.915436900872207,2.732727491722635,0.3896913952757373,+
1.9615971868772808,8.069729410478843,1.1806977210322533,5.538033765212474,1.3508550200408442,+
1.9838614686649119,10.0,0.431168460646902,10.0,1.4340355044659987,-
3.537167028703414,8.044282322637656,8.847123863703178,9.943379465303686,6.0417816026904205,-
5.240617668498583,10.0,5.308290501157602,10.0,5.1548400837446,+
3.7844740748624583,4.651413713412065,6.302547158042486,1.5193587170297973,7.501529692794726,-
6.197622736508352,0.3120209867992486,6.24265099724317,0.6455453815912405,3.534123070998587,+
3.7902766001336783,1.3975229485817298,1.6759380360442244,2.2956013395076678,2.646207255130398,-
5.887634854194877,0.5739275430085983,0.07211900575132726,1.2188614098323263,1.6786092630370926,+
8.081927696130624,4.089622339544151,7.110140098912591,5.798527142975506,5.344129288214589,+
10.0,3.582126318986806,5.260836677415282,0.08485000249524294,7.660143051511696,-
2.0475526867074736,4.3662919303597425,7.380731018158629,9.675749421720607,6.171716778180029,+
3.3742240940901054,2.1249894249717936,10.0,10.0,8.045406984882765,-
3.134127250711515,2.6540659741565786,4.069945669883,4.893857531586706,3.744250308377067,+
1.559162059409226,3.3654522807815974,0.22721669193694297,2.181669287124562,4.575331286896063,-
8.975826960817153,2.2289927104002727,0.44161960085627006,2.8109062329139123,6.074148944051743,+
10.0,4.171273403025815,0.2902230698178414,3.8164829618537133,9.553516589357107,-
6.318368042909544,6.86856496529773,6.273891358642301,9.013927249903103,2.767290379215618,+
2.57109074090822,0.9681837810355148,7.269160527849109,6.929160972760382,5.336195101555981,-
4.163843366095083,1.9628649527813735,8.20618896852774,4.015033031131065,8.275269199651168,+
1.3623672500120028,1.9883551811172382,9.795898089253553,1.9547784338827217,7.700536144149371,-
1.0171211870794161,6.914771732071964,1.0627754302154657,7.111586659103897,2.999217881658197,+
0.5576614348122481,1.7535132177428574,0.13515150979556123,0.7645972523526231,1.9351634140518803,-
1.2338071704535203,3.8292312473142367,5.152860312333538,8.410432618936465,7.245190005000635,-
0.2017133950231337,3.139092692757496,2.4694691749766697,10.0,0.45865346914436517,+
6.607735937859307,5.994874709953697,5.942379876723868,6.503237530536687,0.7118058815647366,-
10.0,3.268842651230684,3.5558076612347014,4.532037460328965,0.6610448416686261,+
1.9321028964138498,4.697832209671341,3.0770084662604056,7.114262742071623,8.009287062886745,-
2.055538236096221,8.109952940051997,5.080584823365816,10.0,9.236602802544512,+
6.4968093722357665,0.8364416350836912,5.833981406851699,1.6563962927157239,4.497480494327663,-
9.573746261015204,0.5562312483414208,10.0,1.3720651358798326,6.673062220114072,+
8.985901162597754,1.4381258996023438,0.8371826402079441,0.6581394355951942,5.937414784006667,-
10.0,2.1910773832614283,1.1113878611030201,0.9399962422934338,10.0,+
4.545633423768108,2.443120458308521,0.5352263736287466,4.6700183448443795,0.860124164922248,+
0.6798465880690145,3.7250835162749625,0.3476280005200268,8.817197010303843,0.8506698953171734,-
1.2838425376287954,2.3592267134338094,2.55723855250924,3.5394630787886996,4.705936188579313,-
0.32835984916178335,2.7659451557724717,0.9544799908076604,2.10469837175277,1.4268723005908928,+
1.1281052923550516,4.920934592723837,1.5563973760883698,4.407530082254507,0.15962243280831956,+
1.8083187498621995,1.0996933973771876,1.5361104279432347,1.5167608957800687,0.16800948861081091,-
6.884957789463172,6.755960488321254,5.300997211549233,0.4549266252392803,0.06178658196456133,-
6.370591667133526,10.0,2.891150145513792,0.23324268199701803,0.052698068497602134,+
1.8008630389391533,7.660300932664844,7.937394104835359,1.8374475158780723,8.656557966026133,-
2.591545107308967,10.0,2.6017971489078433,0.023119445278275395,10.0,+
1.4536902109115857,5.174317314828102,8.466955727609838,3.87488897734701,6.499015090197078,+
2.5195711119376005,6.9446928897173255,10.0,2.7547981622400424,8.423809184980401,-
8.958543591294362,1.5051254488345012,8.6442729234072,5.172192878852183,3.0216799939485828,-
10.0,2.3105326725517092,10.0,6.5027103191404265,3.857864070465963,+
7.886726624085725,0.5871404943735348,4.218891602417868,5.672997449754712,9.2186662363729,+
9.685605524384838,1.014475565619628,1.9465103640010748,6.123473824083956,10.0,-
7.171201865384135,7.475720099666177,7.680804977882877,3.7941962553460984,0.8663966960778691,+
8.579809796634473,9.569467995474586,7.389002921454657,1.318097803802711,0.06064025483600258,-
5.187393592593694,9.921181178187224,6.767291686346153,8.209012827641743,3.7755708268062795,+
8.823873334945985,8.027371782390198,8.578322748864272,10.0,4.468437482124299,-
8.654578202602144,0.5118884723904338,7.324828894119996,0.9399933309446107,8.231302324654928,+
9.875681866833311,0.05749483954244209,10.0,0.9342074853200115,7.739287263071048,-
7.801708238498861,2.8397619408345576,9.17599240938735,9.170152339508865,7.443283594396734,+
8.60484337149931,3.789451749788594,8.364707612105907,4.054267620110986,2.7065319082583428,-
2.1807061501090375,8.93222022023989,7.220837704969577,5.658315447739203,7.763375268446445,-
1.8050649484337375,7.519777120901328,3.6530651117901365,5.320525129645389,10.0,+
3.388850365924574,7.447247483296958,1.955898310743538,1.1895863263821305,3.6588373225683513,-
6.620353080168637,9.366656756622433,0.21885958150797513,1.0923662836654753,4.956101205309556,+
4.989616080586758,9.522223229569356,4.682995556677407,4.44642828365052,6.645218147061546,+
6.791993739720222,10.0,6.731944467501667,6.427162052523175,4.820710580893258,-
5.398779907697523,4.974872821154351,1.1149461713440445,5.041599034296046,5.549284124906838,-
6.291080726387485,8.141995389880869,1.5810165481416463,7.78803386094487,5.9285551193171955,+
2.458983288767299,2.0083942443624494,4.811475357641687,0.10426430064844006,1.7252099050075465,-
1.829374260853377,3.976995572864729,8.464215288367166,0.03569589170129047,3.3398104790443437,+
4.363483495244428,4.512743100174461,7.977084927413073,8.816463103129669,4.672619241305679,+
2.5078389126368372,6.203414217136706,10.0,10.0,6.147718853803969,-
5.8935174724046675,2.334862047948205,4.601872180216985,9.622895719598453,8.84649808965659,+
9.027178131750038,3.1265115617184365,6.305167326214527,5.160428303531867,9.899287966853601,-
7.672712982891602,1.179441670080884,3.6540973800275935,9.938972133062776,2.0303817249286817,-
0.18102611051604675,1.6741285754585424,2.352043396041614,4.266195216020904,1.611498365507166,+
1.2571086281641752,7.006560170160656,3.469285961480375,7.234736510833226,7.393068073507884,-
2.1841587286883124,10.0,6.674838034211525,10.0,8.445511387112907,+
4.981226796930416,4.31037089927505,1.908031059892491,5.883527902434746,8.04983078131915,+
0.9047019667463442,2.1942052747975533,3.1727056928217188,7.078211544522748,0.4663861141860247,-
2.2006658916638564,6.3418747829514075,6.468847592354372,5.569040736030831,4.878861188400824,+
2.3444367247376894,9.134904366960193,10.0,9.132507833349807,0.035165251199885464,-
8.724068484688846,0.0595671917872842,7.598761434417531,4.424340219987428,1.3724860168795383,-
9.819239018885968,0.06376302612618956,10.0,7.259590672153917,2.577812902825994,+
8.226669215370174,9.1654615171248,5.648700053669639,9.453828594408606,1.0832715037247154,-
10.0,10.0,0.4254780384687351,10.0,0.17401388763212033,+
9.717924796120634,9.644279340688678,6.9547774038900325,5.012974257089873,0.24772857441115015,+
10.0,9.12186501423371,2.6289581103079263,1.5754649020952136,0.37353131385710003,-
1.1325293110376256,4.464559872993741,0.4497243326961953,6.471049569327517,2.0166563881361954,-
1.6645142013249887,8.609524758660443,0.6891538690321733,10.0,2.250643053491501,+
3.112594305579468,9.041773428912729,8.654164063497287,0.6179099161634494,5.976402415049899,-
2.455030969470944,4.488377651076153,10.0,0.02753882957763841,2.1595560037453763,+
3.495164179457255,1.163372469532381,2.6055198708352476,9.348237665359761,6.694701583354977,+
2.111317968371013,0.289612718317867,1.677738079597597,8.628215684492673,2.8629024654906927,-
0.49901954693543193,6.56126031759835,2.7058135516359982,4.603974425437711,7.888719252760026,+
0.6585176176502121,2.4676778115434663,0.12382842772725372,2.1771166727391913,10.0,-
9.181608276585816,9.267059025372319,2.686272592218346,8.557795023272131,3.67523568255141,-
10.0,10.0,3.249982129290669,9.325295046729904,7.026158201335918,+
9.240115589400325,4.289915749225573,1.9136799683969186,6.457466002328528,4.0413702443365604,-
5.25310458073828,7.295470932026007,0.17950696592288537,1.9696517785538104,4.033736041426582,+
1.5642281739808794,6.452669164926229,4.542529987475167,0.5025553135364036,6.654946225692935,-
1.6348649327592817,10.0,4.674157823797307,0.7459180006546188,10.0,+
9.568876081310044,3.426128102645439,2.3833811370205984,0.6555091842913274,6.666590255269853,+
10.0,1.0843302733535252,4.27179377712775,0.7938721423628242,10.0,-
4.973691312937152,0.8023212265356983,0.5084985707604373,0.9092495224371366,3.6791115513897577,-
5.6028794293413435,0.9840587191489587,0.13602384231997994,1.2181659359566201,0.016994813580376023,+
6.432954782442075,6.056326326786733,5.146780219982875,8.979720399426778,8.114937840614871,+
4.24101509162106,0.18949467539964318,1.3716371893079045,0.9231911662620407,7.692597033708834,-
5.420910554937178,8.343491531169436,6.381721337827999,9.950147203717613,9.797641937657088,-
3.7563640332314345,10.0,3.8444860366590885,0.11809364241346079,6.471180467590802,+
6.372756127826612,7.8648164454988,9.245685601173522,8.65553301111971,1.6523028738970913,+
0.8926575764973508,10.0,9.624857478242278,10.0,1.6624085788185703,-
9.635516873815966,9.226003119713123,9.185068281879236,6.771570861068735,0.7881080815716301,-
10.0,7.699577078422647,10.0,5.7299322081755255,1.1718707118804093,+
9.143119617777963,7.152985314543436,9.96004228126044,3.566954888910261,5.351132356235846,+
10.0,10.0,10.0,2.9011903621682955,7.909024700496145,-
9.05257308213333,3.1251425686357024,8.953741545480504,2.117202633993106,5.3991431374279735,+
10.0,1.211608187534262,10.0,2.8774933011241686,7.394079899153526,-
3.3056275136513924,4.580470183523099,3.4497540516123495,5.487673851020994,0.904992931591363,+
0.6404399186323424,1.7344244097048722,0.43547854829092414,8.523455357721671,1.4169737514750966,-
6.984827650540588,9.416993983605037,5.159160097560676,3.423104519744742,6.677570712445508,-
6.996226179218001,10.0,8.87138313274535,0.9387641942915705,5.936400022701147,+
5.643343493119492,2.1291889009180407,1.7420304329514114,5.111008034113198,0.07406540114578086,+
9.828167598990659,3.564189741777407,1.7141477707972694,9.330567095033778,0.14141997656086258,-
8.965253499628469,7.302512928917339,8.20561753874948,7.577651376242249,7.007165846577227,+
7.375653286116115,4.245671252337886,3.4309059435863274,3.5687570497800447,0.3226082746431107,-
3.503704900757305,4.453758591203059,5.073461619482193,9.776724437025935,7.956408332083241,+
0.5297280468214375,2.5566584166702064,3.793970586889529,7.978358678268946,6.529191462689343,-
1.2709646980588463,3.795952587950535,0.21522141469468292,4.9228045261718165,5.5075301511272965,-
2.3636084348911384,3.053189032707458,0.22036700929263497,9.145671132214176,4.219620630504185,+
3.925445818222264,5.544534093696902,1.1279725054913103,1.7427791308043472,9.986539441358904,+
4.629862901787669,2.23914709701713,1.9639048842848423,0.4997489931956315,1.2951447910996818,-
9.312039540330797,9.659053377258118,1.4731703345232072,2.1064693980483176,9.98306043410852,+
4.075877297593845,3.8270533949619105,0.3823904449239924,1.853616799811086,0.24200198233669018,-
5.9807789413400405,8.176043609965673,3.3309208282956035,0.01731476267366694,5.34653490747563,+
4.764707911098456,6.867839007831371,2.7609770710685675,0.0017916400482648335,3.3633330288343135,-
6.78608501543202,2.7721601753619938,5.939558328474152,5.935645988879175,3.2820857424504357,+
2.9591714796844117,3.1522939559919916,9.473680969143482,10.0,4.3872188622039205,-
6.5219635345446125,3.133876251035633,1.3602951745791847,8.320433836940035,0.6928286480998835,-
7.5755042464376805,2.8579099599945508,0.9513762223562927,1.008525547097365,0.1062943872824123,+
4.397317651158672,5.790438192926505,1.5139778490239342,5.739830263996307,0.4885599277315944,-
6.930831480397357,9.249709464013183,1.7071734970570516,7.907962400248909,0.5122615448745312,+
1.2620628436178882,4.402215587801316,8.188138784703305,6.382069907729538,8.94069100730307,-
0.6372103029448625,6.946016019751234,2.5299264252631364,1.7193843199914833,3.7253533995032306,+
0.04489073860775017,3.5334725546087165,6.886375970991051,3.5976320837798026,0.21934642362432033,+
0.0631682559900303,4.435437041107041,10.0,0.8738819528729108,0.3047158902657959,-
6.678462965605222,3.6086645062784664,9.719959749687913,1.132028572917284,5.811892789292587,-
10.0,2.474076227302206,1.0142056954034329,1.8540491493805824,9.483059568601895,+
3.1484829872362674,0.4978514091548525,0.12424476769856696,2.9223852201950717,6.589867986670494,-
4.652964727032896,0.8083506637363079,0.1603482485758143,3.433868018917873,10.0,+
2.661012850663921,7.687213476453505,6.625813583769506,8.948454612137052,9.259669862468606,-
2.2816930943973457,3.1077890472186507,10.0,9.36933931705488,10.0,+
2.3493118393931542,1.5814738844113951,1.3930795658348638,4.572956082066782,1.9164249661574517,-
3.9046359028472364,1.707517845108321,1.6213005660825763,7.4177794293694195,3.401691493229924,+
4.002147409383827,0.7793210547376717,0.4813424407998135,5.744143091816969,5.519042639362785,-
1.632809178750797,0.2268079817227559,0.8215888912316015,9.154323755793545,7.160862932596677,+
8.234273553617795,3.866259035791344,0.160977327325883,2.581084373024712,7.908256774810251,-
3.562549443304205,1.754209920911934,0.175514184223856,0.6039479590190681,1.5770678576731696,+
2.4399341350739654,2.6320456318079186,4.364741242118859,4.464896152528156,1.0549674853666124,+
3.075611719453785,3.7383934093060147,8.181969864672297,4.804569705731461,0.38257805646559334,-
5.123499032032058,8.77521967707142,7.785697270450268,9.867431158172506,2.34879478301261,-
2.2692258042617905,10.0,4.008769827840855,2.5150470708470274,2.191576195289698,+
2.5959590467533067,8.764782579758442,0.27550409608436244,2.9081991766204807,4.396781610073631,-
3.5710531020276393,10.0,0.08000492587004698,3.7806595826335565,1.709545353179004,+
2.9321885432910944,2.399373088218484,6.0781080440689985,9.44555959616135,7.690153599061417,-
0.05081568798133891,2.502787628924998,4.198191372940412,1.6658080669591842,1.097500547762082,+
2.6121943444216633,1.212176421218668,0.5046226428172829,0.9020058259709895,8.90425234923045,+
0.3109446720067544,0.1950154231866281,0.22966463244073815,0.03212384814990412,5.9102836300580295,-
8.115126724743437,9.737103223203103,8.540698919149662,1.2106958829662418,8.914374612165128,+
2.5061878219464355,8.358520943443244,1.514222511976643,1.1269450947326125,5.002651754064389,-
3.539459039391809,8.128280988705836,8.175300781157732,0.8212899789987038,0.7271470980197825,+
4.441552911398779,10.0,6.082700309603145,0.09869602215115333,0.7203239224656613,-
0.9425756203357394,1.0720391707493948,3.066105170661002,8.349294524451253,8.327427271940541,+
1.1092777399998768,1.037535181329094,4.298477650994249,10.0,10.0,-
8.310932656542088,8.181868113649095,7.366015409471335,4.046170983094701,8.530618172713812,-
5.553896334681389,10.0,1.9311456016743642,3.480281858734509,0.1111032116038956,+
8.83967497139824,4.126293757175411,2.5545147067200014,5.021199229150469,6.798899054324274,+
8.82267510771273,1.3606575156606155,2.281393465256056,2.4007286121257825,4.196920338834376,-
0.2624411916743252,3.3910054640762333,6.243777870986489,6.189658034861751,2.1922630398045273,-
0.29763303681524067,6.297374060194757,6.776206968572306,3.1777655645468625,2.074012975515738,+
0.8113554194125339,8.872904355188634,2.1864835345382847,3.12632143283749,7.951740374079029,+
1.0212021508092735,10.0,3.4399834362612505,5.193032511162634,5.875814234900778,-
7.535065464159397,0.8888128470049494,1.2543036626653548,6.898634819741797,6.9339512971623884,+
0.6623243865619934,1.2360116499748368,2.2379106299752483,10.0,7.1759102620336535,-
9.524700285360698,3.728271038861525,1.0215077210937384,4.959837500727836,6.81247224371917,+
10.0,6.518324564851928,1.913956714061875,9.469316694178033,3.3724465709272597,-
1.2537546231727803,3.3514816606052635,0.1721422324704669,4.386480522051316,8.075442353502053,+
0.15172700703338055,5.897884116108556,0.10154411123394948,0.9185595017133635,10.0,-
5.938248940081211,4.467257217856517,6.525959593725997,5.6733331134983755,5.706318868872687,+
3.733188412361992,3.8659521219169646,5.102110925923443,0.1320973843295273,2.7718907408880122,-
3.3422101919085314,4.019653486680972,5.756986602916526,9.828416644365083,2.6436548004545313,+
1.7560694203812417,6.759631586308711,10.0,10.0,5.186565592852929,-
0.7472148735583672,2.5261652969677106,5.151151749716564,0.19459609045829662,0.1549391469188055,+
0.6096488675826048,2.334075245331419,5.422620132516741,0.2751730396881944,0.031116241895687347,-
2.08599635115264,8.267485573088955,7.402978794648133,3.9977396664481804,0.12450019044423222,+
1.8752543208671484,10.0,10.0,4.955859763685604,0.21040862550063885,-
0.24011148867290277,9.328824577103422,9.451340006029914,8.621435373195641,4.255469707182145,-
0.3044411851646143,4.896117156886266,4.192140830307196,9.06948506938752,4.297356469236089,+
2.5617672314356064,5.950634367791344,6.148211026166434,4.79184862433284,9.435114820610107,-
4.737423457426547,6.7565132475920535,1.4704830229449821,2.3068858517969373,10.0,+
3.9584790035972626,1.1170097899681952,9.946091467942413,5.335789728926553,2.106019151334638,-
7.433496108340392,0.8925012759833415,2.6437712150158315,6.018512821941284,3.26163078088888,+
5.064321010812453,4.074181623008874,7.730392505277064,2.7652392873920517,9.380473707049926,-
1.5546339664734286,4.333356840731963,1.4786335795810432,3.7647241913129084,9.521271077620831,+
0.07420327230223123,6.029496241790147,2.6105069195733877,8.300428943542416,4.472253867723847,-
0.06661013340205367,1.8514908556982541,0.9905469032562388,6.876395807555152,4.987963612438986,+
8.38193568100823,7.969897279094153,5.0223640456609715,0.04350815347521131,3.7344701551940105,+
10.0,10.0,4.66943188675375,0.03474032562125914,0.9735531638737689,-
7.642189964439168,0.2980885478133144,6.063577881270852,3.074904778442664,4.589671426534051,-
1.7699112101338534,0.019274610566706516,2.306082941898366,1.6700517957233356,5.397088540737455,+
0.483689467293813,3.5696698600630494,4.605439314951453,2.8466469079045655,4.873577143962651,+
0.19136676334202293,1.7939842427930233,4.800004569159925,3.440352998810759,3.9595464886317613,-
6.762065442271863,3.5883470843708465,4.18301144870802,0.850414104426126,4.955822756912296,+
8.518605760701007,0.5874863090410929,5.744458034339197,1.2822469509312209,9.756451537288543,-
3.517946179331559,7.954432479742202,0.881591509316928,2.7099373867748233,2.3679481582183524,+
3.7371796504479846,10.0,0.8730071176089212,3.0796882793675295,4.592730747845474,-
9.693935627913158,5.582033361262627,6.79419803557084,6.784839201185793,6.345470783681786,+
8.287974531415168,5.571581775299508,7.25155594487343,10.0,5.635461540997961,-
8.248410426884686,6.518014143241157,1.3823970378459183,2.769946449194877,6.372209305500764,+
4.012236853453779,5.904643536237498,1.1276372887138557,0.38171916586521176,3.343929216628393,-
5.4600237538356655,4.935466944775904,3.647017901245735,4.625281186601304,4.795334592741969,-
3.1744948242807665,2.260073414526172,2.2196032655157643,1.8311587179496813,5.979981711936276,+
8.410808593748516,0.14831519955520345,5.523304770426973,5.648977327761834,3.8912456716430768,-
9.969955270981094,0.24046240779969402,5.582745382968524,7.473305243228516,7.476634729119587,+
2.6458447044261115,1.5165853705926058,6.580481899782956,8.240714547714616,1.1743083079608196,-
1.6116158605245723,0.9611908531620398,0.2600682857264694,10.0,0.22115485070730795,+
3.9075800892445645,8.775425071600845,5.364419463286671,7.874850374035761,6.6360892757036085,+
4.716106863935018,7.676446972384345,10.0,9.63156966694315,9.675119263646497,-
5.965298174131895,5.701827991519581,7.84206189346887,4.336571610202638,3.675410982312445,-
6.343814999380491,2.7655691718267104,5.547756024718729,0.6863558438268351,2.182513934149364,+
0.7303186419915964,8.642400310935441,5.543874734876578,3.159491975868638,3.27105305549241,-
1.3406575900068205,4.643467724705369,5.899784868908315,2.516186048678532,5.0098284564292195,+
5.8057489636918405,2.1939773680406116,1.1794088638430233,3.602620357151405,1.3944964532333515,-
6.269357546888769,3.8626038629483985,1.2960130617210055,6.4058097139293535,1.4938869768920788,+
5.218352874402072,3.8124978847580717,6.5698121240475436,0.5703970019525761,7.495757130590871,+
9.75726809083137,5.3053455868376265,10.0,0.27794173153409946,9.765330360917007,-
9.90935337033519,2.349111847349583,4.168877576311104,4.799740382583046,9.622844728870463,-
8.298492504321928,0.5642625769891971,3.621473869701005,4.020666832697919,10.0,+
5.808099660721454,3.5823344025003614,9.362796659982543,7.1459905506304455,8.294072648811108,-
2.5833145536229187,0.9997873075198173,10.0,2.9359767586125938,0.5137947236472817,+
6.440658480583639,6.080617661491031,0.7737694972640452,0.15636696055885024,9.009493351257543,-
7.087369428415654,10.0,1.5235506835262103,0.2324012442717993,10.0,+
8.577497020819361,4.929219908996715,6.558120317959254,0.2837847118758896,0.26109149914427365,+
3.3574481134214316,2.617509598466415,2.6167884950631346,0.05635178009896394,0.03504189561933784,-
7.353795468112283,9.618533799804354,1.0318852816679591,7.799699261806168,8.897582322093324,+
1.3818122763460985,2.1015497863499397,0.22634995469474095,1.257402908894524,3.9441247258339693,-
9.603898742898217,9.724592651926612,5.2756954747013225,8.618013636551709,0.29346303853035494,-
10.0,10.0,7.810232094390402,10.0,0.5844149815733416,+
5.610463766639255,1.1172452473353522,8.861532338492514,2.553331142470645,9.636809823875844,+
7.931446973204218,1.2721806731834062,9.19034880691792,4.2859815649012445,1.817334508034473,-
9.121239343214569,6.487612052053806,7.714065592973079,8.527719233242433,2.193405625016105,+
1.3485640747112237,2.0352524114763733,5.377613434327678,5.664897308211992,1.7474465098429792,-
3.458338884100778,4.5390326372715615,5.285755299793019,0.10585789327498984,2.0037680591144413,+
0.4975647741745131,4.5177085891549895,3.2182656701564616,0.09874227247143749,1.2668074678746282,-
2.133884131124437,0.45643678312613845,8.221737851039958,0.8974127442761348,7.999036653632034,-
3.624337200463728,0.8694436705302002,10.0,1.6573259829436386,8.851865589896923,+
8.5506738729744,3.026491563062624,6.092917755391091,5.728056585422855,2.0361386996208064,+
10.0,3.236797659868481,3.9231890704446344,3.6859581614419445,0.5719642623116901,-
6.394711224478078,5.207653556579487,1.586287958081104,8.577399043025684,1.1160740417752035,+
1.7760988912727336,2.8686071924254497,0.4236594659217304,2.5779680915582412,0.6299608220374281,-
1.8302416279328526,9.500719205120529,5.501155524349799,6.493298519873631,7.70520877515759,+
2.1524154060826732,10.0,8.394416934902656,8.994824496343377,5.36945218027302,-
1.9531815228437488,6.397429290768885,2.706378958885718,1.0445688459957692,4.46919025146959,-
2.28119162075939,10.0,4.3875162738213245,1.6981773799618582,6.195831247404882,+
4.9335000065771375,2.9443451256089825,7.927316044301035,1.2908504249335384,0.7543802482812467,-
7.640835123456381,3.897263177441464,10.0,0.6792776672126755,0.13158772501888527,+
5.758592450931376,3.196338974248083,6.591828881870385,3.022301181260134,4.374922188578641,-
3.3216389856176085,5.812821848993738,6.554872850589757,0.6138914764158085,0.026469962224321558,+
7.669973717397519,3.988866050397087,0.7794946813466164,3.7676773246311193,2.0069893094146405,+
1.685195004948664,1.3055963327745155,1.1459048065703703,1.5646106177392665,3.5747960071263014,-
8.73843645069092,0.09149678555082974,5.74815181665619,7.936478025376015,6.306681721860986,+
10.0,0.1678108500431227,7.771599276372308,8.413705392311673,1.284449935362545,-
3.075840507032802,1.6707054914355501,3.286152669286607,8.095259301585642,4.90702075099319,-
2.2372538322024718,2.4066483496044073,5.1121650227074715,10.0,1.5274143681199948,+
6.514842599663744,7.919270929654285,5.441634400163259,7.130961229942817,4.370287051534988,+
2.7714290762541647,10.0,4.7160899849195586,1.0131539465511565,7.858923051807098,-
8.162757067691867,6.63404597522896,3.7392566439461596,8.732455322300686,6.713200201026036,-
10.0,9.823900271554995,3.8946760764818484,9.338333481523033,10.0,+
4.084724676464578,8.04680858596066,6.140300081027171,3.716599037859641,0.5460896717333996,+
1.2715796812439195,7.712422074367482,5.473586730030889,3.6195923207292577,0.1269261939061302,-
5.942858473345055,9.5042265454736,2.0373649749898606,2.4091991263829273,2.459276333159517,-
10.0,10.0,1.2203721530002798,0.48532171434620214,3.232029385256965,+
8.557465544171635,9.796372807057597,1.667051714837372,2.9355419754369905,4.347500740184533,+
10.0,10.0,0.5659503171223023,1.9058628804764597,0.4012302122346914,-
2.7024861705484824,6.661836569631009,4.660862742738377,8.289779445034096,2.638075126813658,+
0.3655541900239919,0.09367730016086873,3.743510111343653,2.4979031658609196,1.9430414663214546,-
2.4289854398708535,2.1983889285901514,5.50195236482398,6.003871845851494,9.888307281354834,+
3.5450253816876987,3.783178278418663,4.964327742763291,10.0,10.0,-
3.2592156825746676,1.570036536500855,4.507004483272372,6.186052900028663,6.018544369121473,-
6.215831836713542,3.1371236346391806,5.367767414398361,6.797572576901222,7.252003400564935,+
1.8007049856072521,9.006195395770629,5.60621425558049,5.2082623116657984,5.953333608539264,-
2.3931054770470856,10.0,6.422310008780889,7.26158497477932,10.0,+
4.868080386736474,7.804032431568773,1.7736061951399673,6.878976746457875,6.8093272835716085,-
4.250036882315363,10.0,1.665131713134737,10.0,10.0,+
2.6052666999060667,5.5264262927789325,1.4594143054364583,2.3604918840648415,9.840526184478417,-
5.046019412837317,10.0,2.043171997310302,3.312253915088917,10.0,+
8.613371446243999,2.0011316796754732,2.3260695440521886,7.171008450804007,7.844112156143002,+
2.864920350605671,0.1369983896727245,0.12065787255617923,0.22576160267832796,1.6538837806866753,-
7.692122900115579,7.645152348261944,8.61358763733595,5.952317987621808,1.7586917152998804,-
10.0,7.893285354184957,10.0,3.552231137367141,0.07676961025082632,+
7.64114768635104,6.241933180716255,3.84734487539629,7.819273401015456,4.617160183161443,+
8.414753375999181,2.8868785635928704,3.5516291842053307,2.777226651041799,7.212932041088425,-
7.6258505614263905,6.269243344205289,3.793888639315801,0.37930262646180823,7.911695676115606,-
10.0,10.0,5.453415494012794,0.49677549408924887,10.0,+
8.346884340647843,1.322883062079605,4.577084382071278,7.36107737467698,3.6164592058760583,-
0.08671672983557062,0.3256913451495251,2.1468419190802797,3.836423240039951,5.767071935090028,+
4.720794368758011,2.9617309382103607,3.697494094314896,9.433026412786269,8.19416736292511,+
0.006877344051798741,2.139416558243823,0.3850049910074134,9.178456664005946,4.715003357546017,-
0.14001569131763203,5.362880344757751,4.229425533072164,6.236902221514265,5.3702941133884075,+
0.11085423291553896,6.389872989266088,2.383278800339627,1.859565343021791,6.532299216248025,-
8.10281464328411,5.389843774882152,4.864292406293236,3.687361964033026,4.432467631984681,-
10.0,7.770360910487623,5.389630977429266,3.3965230578143952,3.129766423753957,+
8.395904126868794,3.13980165608526,3.861927949757825,8.054969699886621,6.434696867997506,+
5.146670999795016,2.286533856065601,3.4455998901054214,7.701340105792461,2.206212704840267,-
8.901419538896047,9.75475333370089,4.167101164412409,1.9211178202768953,9.005569222298893,+
9.925315160150632,10.0,5.984151002603496,2.1372477048046656,3.1706684979226267,-
9.289054233403293,9.772031119799147,3.749287458659639,7.51113721508964,0.9063155136887047,+
6.102753244240523,10.0,2.727052466460764,10.0,0.7868631867547979,-
2.0505585314849917,6.178039345962059,6.906178216853771,0.9016596318520642,8.430353536674025,+
0.7541995578198433,8.121830631768647,10.0,1.3020205857464935,10.0,-
7.044380781054091,2.487025040518583,9.577484020365347,9.316780804203294,1.34764629796859,+
7.493115841822384,2.1452313955746,10.0,10.0,2.576844119470172,-
7.706909510996237,2.3873774943603454,9.945826296795847,0.046821151879266054,8.598367663674452,-
3.5462213706431434,0.07549517205634379,10.0,6.153219163164299E-4,2.672510314777099,+
4.409694321671522,2.229651786092821,3.558223769164087,8.698511728059712,3.570117097512119,-
3.0087370387774217,1.6690746728349561,5.348420204653034,10.0,5.156915530954446,+
2.079573910619458,3.335113958191842,0.044789673252967344,0.9039155054632075,8.943271893575645,-
2.467060873779673,2.878707526135425,0.0630597679291033,1.1981216635038276,2.665474376519846,+
1.7987619145236633,2.6654156759567424,5.910806603368571,2.716701685672721,2.8819190692697605,-
2.810521499504519,4.3615074179588085,6.403261157957663,4.302507664021403,3.196592781244556,+
5.605231645093337,5.463129691650251,7.04502099181691,4.579254340096636,5.724291544618774,-
2.1159598197737757,10.0,0.6531854690015183,3.637197700234897,3.557278067622424,+
7.960989301302494,6.4601217577768075,2.7830549917497125,7.242540913780411,6.3727342594378165,+
10.0,2.382339260841743,3.3393607405410255,0.6241508213846997,1.8386086169016955,-
4.761119087072968,5.821049986303254,3.37920246408679,4.552541150263862,6.120109219540159,+
1.5998226498475725,4.708851062669656,1.0543225266121286,4.311069858375748,2.247365664425856,-
5.917605865242738,6.129417646347157,2.9973890599471265,5.145698529195068,1.9597126578191004,+
9.58159969781581,1.6982048554055924,5.344906847636906,9.13517045370888,2.519276941638591,-
5.268916987395097,4.701018499676471,4.959718799625676,7.2417817645679765,3.609826468777201,+
1.7962479197659442,7.199724834962366,2.5249191428146296,10.0,3.1651864753314936,-
8.593143508431263,1.0018223054025688,7.444292778784503,5.717990205466272,9.64081552122243,-
10.0,1.9948995832573404,10.0,6.331046817266379,10.0,+
9.003607774755867,4.884384848991532,6.269521751261639,6.514223443994962,6.578508837631983,+
3.1056837923461895,8.445916054338284,4.019545990648566,6.356874244705559,10.0,-
2.174078161381222,3.0408731573819745,4.01998855006687,8.187476959921916,8.088609550827861,+
3.027023456101265,3.071395924183067,7.823735128287408,10.0,3.019703553231816,-
5.412269572110226,9.036478414118982,6.039085603820697,0.8910197351835647,7.906921418918288,+
0.07666780095400356,7.580246525639239,2.4322350657378378,0.6462417519663815,7.869531828024784,-
7.575673512545784,4.778251783681009,3.564132811961249,0.18499379691824025,3.2659007985388855,-
1.9206672302094006,7.35007205522094,2.0705620785607985,0.1421318239181308,0.14563649450775262,+
1.3512579083071707,4.148229035002422,5.425153510366616,4.0240971487850254,4.093991892127031,+
0.42852405183794073,0.5691257714109799,6.71307496544609,4.825932309994769,2.9095531565598876,-
5.73244671399131,7.710271808995487,7.58141761271607,7.7358233890461765,9.866898101819352,-
8.76233166616135,7.689960403992486,3.1369695561758686,6.848843236801417,2.2132097579286074,+
8.14911666426831,0.3094043634411836,6.27851043821034,3.2526988734689666,6.26461640887676,-
5.29385448505245,0.26651320260711475,2.370627332867283,4.505465460965368,3.753256855740565,+
2.4112386999642244,9.085485715569583,1.757896277798977,7.551870753266217,7.060139902909318,+
1.0172664126887696,0.20747219417833201,0.03008731837938713,3.9335124209459225,6.044097443858167,-
8.165482073511596,6.776649003742412,9.21688524833417,3.999166046012519,5.378520931993358,-
10.0,0.3006866188842336,10.0,3.036358097755529,10.0,+
6.035738700123352,9.337943396763963,5.464705079091596,6.098790103146107,5.397966971172629,+
9.209360259809959,10.0,1.5695973748579475,9.904689829464862,8.640049601211006,-
4.2497089670572885,8.248771526709183,7.188719322250007,6.331624240237068,4.619403427073509,-
0.4462724999333535,1.736833281407162,5.276626822318241,10.0,4.538629645712281,+
2.6787518817012868,1.8437635861776847,7.956432870680422,3.8269064097562913,4.8327115591743315,+
2.258071236242188,0.6044355425116855,8.842027442172204,5.254816361282074,4.608821680231825,-
4.016302002729093,5.07412212796395,4.046700021552676,0.4627070343622841,4.981803444567289,-
7.614538690223513,1.1723840644624162,1.8778031266351507,0.25713831519755165,2.9171646332289405,+
5.631114056983532,2.3885530668986634,5.745474484404073,0.3991026360664851,1.0102017081159476,+
1.1116149021197805,1.9682088547053935,1.9693039137480275,0.7745443032877011,1.0901891758255278,-
6.858539300477435,0.8593121945284499,1.2001226297685585,5.3949852189539875,8.52935840178533,+
10.0,1.4000474015151145,1.9292383567014983,0.04207162210109846,9.646489407124072,-
8.453101855802519,8.749951151655264,2.822493478322107,6.468263374746823,6.999121396513597,-
2.220587180692776,3.8112294616350963,4.260857455976646,6.369091909692894,5.555844436645709,+
3.446483518289458,9.968256658651205,7.827585608280179,6.777424409457944,2.470841351694939,-
0.6264001945686544,10.0,9.703937342653418,10.0,1.7977854534628601,+
2.2655049347888188,3.324407275392005,6.378114182111691,7.957037173297467,2.7275068146614565,+
1.3666758540234463,0.02866109424180175,3.6265014056137503,6.471151933307005,1.2185347263935324,-
9.529991481132203,8.005598278204957,0.6387830172523268,8.91222771718016,8.719234529190894,+
10.0,5.508887319577481,0.6837031268591638,10.0,8.839957581025805,-
6.221757573492192,7.81415296170896,1.4439447906562852,1.4037230190185868,7.972375526907464,+
3.0657553593838793,3.4107789463034774,0.7827714595666437,0.4056990063402541,1.638626986076455,-
7.763497527956962,3.9131074615025097,3.7522079620395377,0.350360857615557,9.354511924477066,-
10.0,5.572385912073993,7.437315224769767,0.6790561938468325,10.0,+
6.873906639048112,7.603529904644152,2.393962543774919,0.39838812458433126,6.231781291919969,+
4.758650932211153,4.705536409963459,0.5631636691176034,0.3629206137949854,0.5840958923038608,-
6.6863808623751355,9.946738666868752,9.390516588046626,3.0766745642796267,9.619380134399924,-
10.0,10.0,0.15848046518803136,1.7724133622066751,10.0,+
2.2261132566639166,3.474055671215023,9.433103612157357,5.926884813477838,3.166874349691402,+
3.7529571189088253,0.7799777426178672,10.0,7.77375227701382,5.67804858941888,-
0.5140784555617162,1.8374194134457222,6.6395835027958,2.218729211545342,4.350667770622321,+
0.9441844967358509,0.5291313476852374,9.474898817026196,1.6129419815535724,1.1845823228178418,-
9.249492461796716,7.930828476324331,4.755731336480373,5.865912181906219,2.1955819251477102,+
5.487176067253444,3.8779061814269458,0.7147604037551117,3.189966774439328,1.5997101683673556,-
7.435829788542584,6.4779554280900165,4.683010885506135,5.366118279483151,5.515440248511715,-
10.0,4.73317811419264,3.9588437631678777,3.534761655962431,0.17537269336909778,+
2.0478104966247024,4.680126900756033,1.487351354294889,7.4935325101004935,4.977253547097228,+
2.3818855341741068,6.333368425547563,1.4477084215423996,10.0,7.037589855242097,-
0.0069071161268352554,4.654280846064609,5.602243158929822,5.427585934219612,8.715130216362946,-
4.197375479219603E-4,1.949409787711719,8.95297086507001,3.5679504773585835,5.474973893568367,+
0.24066106209545635,8.88732165792119,1.7969314378913304,7.568194363533341,4.814322535085159,-
0.40754895719407697,6.881524996540079,3.1060933317111843,6.091338419468424,7.6021689901787495,+
7.0266837874027885,7.127555836478718,9.393059873644665,1.0830263344318403,0.5455079688106634,+
2.806115198896926,6.236606641798924,9.257107535853553,0.39950703760628586,0.04617896370772787,-
2.9702978773395916,1.514760927350447,9.903516534069652,1.8335001526479011,9.595282720455732,+
1.7480137899919124,0.3472598704968949,4.0480958153072395,3.307796850023272,10.0,-
5.024694032250231,6.741867420683995,6.136820204110164,9.190411925060554,6.8151406825065255,-
3.0765623357615857,10.0,3.123833300941743,1.549280862150825,4.4780845950445105,+
6.101539687913469,8.173230369381002,1.177221794523119,9.262678219401128,9.827448085295847,-
3.794836021465778,10.0,0.7028194761730578,0.7996996324389438,9.460920679925145,+
3.7783706878332057,2.1727632841806943,7.040461758987241,0.9199733547063293,6.449880070033116,+
0.09654677052157429,0.7146795518580839,6.538204617437771,0.012824993682882226,1.251460079732234,-
9.420040767194633,3.5080201961512403,2.6052591627678536,1.0136857767331453,0.15304463205647933,+
7.903252454310567,1.3437625416326997,2.049239349122564,0.12484891369823407,0.09162646842611089,-
2.296089562892807,5.5276820767586,2.9765138557905644,4.422394554486178,9.191200810622286,+
2.722034802495005,0.46981324415130277,0.5667249260455828,1.4263619071483775,10.0,-
0.9722528217109461,9.058227458049668,0.6905973720898995,8.342556650938576,6.10987417529827,-
1.2493600994532164,10.0,0.7794798977117361,10.0,6.743841506479726,+
3.537478529039687,6.315153580718008,3.102982990723757,4.240783311979922,2.358800378363509,+
4.3868335570918005,5.7676741524361,0.7637358646425021,4.636092820250125,0.7070443032759827,-
4.542384786650377,7.374595713836242,9.639553846059405,1.2101134364568267,9.130880742415739,-
6.948689123749461,2.5243710060934954,4.929915253931525,1.1511021230018241,8.250632623863785,+
7.677801648466202,3.1228585734246552,1.7854157091443967,2.052706391450773,6.152696826238165,+
2.515614985209394,0.6447748429201531,3.404950936985752,1.7366873674521797,10.0,-
7.036991904233561,0.17259549549578868,2.4986515113971395,7.172486602599696,9.452605460189089,+
8.132335704660587,0.2555682215886452,4.041658466263624,10.0,8.92831031039107,-
9.771306130896791,5.144780360702436,1.8146136046545158,5.617649384409597,7.169069961653714,-
10.0,5.707194823505436,1.9818329798739294,8.180667064677094,10.0,+
4.228100593428566,3.4452990078704726,9.543878359360482,9.061231063953207,5.519936188368795,-
4.716833949625232,2.196253327962309,10.0,3.7685047394238467,9.979650835949348,+
5.750242634735394,3.777727322179233,6.972095889158911,7.683732227957883,5.689094551807711,-
10.0,1.6472018267300128,10.0,9.238326148285045,1.3393556434116518,+
1.7887425175323401,1.8449589079191475,3.467989066978696,6.384256540865088,1.8520478386107575,-
2.8286163955042287,3.0268287502782267,4.142114566406372,10.0,2.8707692404484657,+
0.9629850169685983,2.0954954064299103,6.50816459068301,7.501769010619997,1.907328808831027,+
0.29774803294784646,0.6524487027011775,5.748179048901114,1.9156936878209687,0.24076221237157094,-
8.44789878552214,3.7866535486027155,1.0538680549119284,9.290198995098267,3.8478593927768037,-
10.0,4.896836302898688,1.6170828889532014,10.0,5.382003485637642,+
2.657044068028279,4.5900347814718465,4.307751158353592,1.6498557495753363,8.989319069249753,+
2.0333984745186653,0.6547158384708391,3.574165664802841,2.567779654326951,10.0,-
6.981872753917381,1.2046819736790093,4.231543615591963,8.2327701492958,7.862989923606162,+
5.986469182987612,0.22332863128435493,1.7763026296283873,1.1093718441612215,5.114316076315203,-
7.346495767117659,2.9476329609400986,7.757432465965335,9.911577973469521,7.456496394313481,+
4.99573982090757,0.8539342015079501,0.6186025991850483,1.3903291231929014,2.323386235428888,-
8.470996724046062,5.360034908407095,1.7283768727123894,9.446767653409534,3.2711309204629235,-
9.010492535047435,9.822769593296874,2.2662506266595352,1.32083522847952,2.2433580006598013,+
2.82033349931985,2.4132018609413066,7.049507951513353,6.067500542832064,0.025274252384612783,-
4.81542958763839,3.6877197841405915,10.0,10.0,0.04902443760939552,+
8.720280031980586,2.7841095414801953,2.4673247656303188,8.498037597457005,0.7250325746877484,+
6.386378120439991,1.2406500192510244,1.3145199159115395,1.9576824774963815,0.548537088224535,-
3.271680259889196,9.510866128137566,1.5909989880283637,8.470591930876827,2.111335702757069,+
2.8604005043345344,10.0,1.7691745501942038,9.021325162053968,3.4277633111406853,-
2.6540885764482347,2.2306359852604016,7.622997288813137,1.6096111499445576,2.1247046278762727,-
4.721647962371111,4.3576467501997,10.0,2.4860787972797276,2.732149842187628,+
1.9468075396482298,4.109055169465518,6.134216670148776,3.543590365683762,2.9153170171596754,+
2.2942017959324774,4.176360332262474,8.35908610916814,3.925747557681434,1.6535834406887677,-
3.8743561528976045,9.379207948035727,4.220481085335127,2.6067136246762157,3.092142353602897,-
5.73209853147525,10.0,7.0863322603030054,3.1316482500058256,5.606277651431224,+
1.4883127836425603,8.88160660988929,9.568956029447289,2.0498061318259264,4.082994416345514,-
2.4564521838111877,10.0,10.0,2.6638062173289376,7.041976788356662,+
6.4264234245658205,3.5736652202294215,8.098545810285527,6.524154101715213,3.4444033727507306,+
9.49659807276211,3.672551402266423,10.0,8.650414859699724,1.0617040663518937,-
3.0365956002975256,4.784057196649484,5.735455298467143,7.6999132895599605,3.5902647886923367,-
4.654015745392573,3.7047017379178095,5.247652748812375,9.644414683421054,6.304004144953025,+
3.2500770870418805,9.92586613999358,1.5238748394500068,9.314869618528379,5.695259113789756,+
6.236576950624871,10.0,0.24186558656767396,10.0,10.0,-
4.239166890368882,9.848344546457996,0.1336588500062419,8.742993156155292,1.986409933218819,+
3.0521827080149877,10.0,0.1374650041454208,10.0,3.040399041570397,-
2.2361412593810326,7.229239816883397,2.3949497291115387,7.6477719434001905,0.5092957851309765,+
1.757616205631175,2.4810741930587747,1.2626406294724206,3.1166732554991405,0.3300805982507463,-
9.390100411182239,3.745621648994316,8.975982947107784,8.325623487565805,9.57364524569631,+
1.5451223189122365,1.9836016057817696,8.379327891572435,7.275780550415149,5.135378447411581,-
4.430442913189592,8.122825332288384,9.434671723352212,3.25244925280174,9.382213267371082,-
0.3652400560943862,10.0,2.8543367867669116,4.792364326385396,10.0,+
2.4377195945169694,4.34995976286068,4.321458955513982,9.214626170196983,2.876216064097413,+
0.6178828921397846,4.796920770344893,7.150433818452804,10.0,5.386197567977385,-
0.0677345815967001,1.977593989706653,9.52574483665744,7.866093801068507,5.795046510479316,+
0.04740294612115861,0.6684241297762662,7.887929973925618,4.089575514656587,2.645248207264941,-
4.056320814375556,4.64142908824233,4.953636690319415,6.76032456990303,9.57882927597793,+
1.9294080152755646,1.5322364658264924,4.5977972546334245,2.6100808333769434,7.992667772061123,-
0.4155553882646934,7.798316331481862,2.1955755081831896,8.198567391304682,0.4066127984745793,+
0.2676826574452063,8.17657565255898,4.227543304413338,10.0,0.6297516845629075,-
5.508050084810855,4.16327640571608,4.051415825242167,1.899961845538477,1.3456841131840969,+
2.667217986242205,4.6419935764377165,2.6642067646014906,2.8252185396704785,1.212852788279807,-
5.185440294918573,7.865078521892163,8.56637597276896,4.874890663890871,6.363105785780898,-
9.591180851271323,7.967906045208846,10.0,7.848553902945106,10.0,+
8.313237200449933,5.876127057142126,6.082754037887771,5.386515670795543,7.473142105982804,-
10.0,8.068539952134643,10.0,9.090452718188219,10.0,+
1.742104497551118,9.73466095274464,1.5260856951096946,1.7653944958015688,8.156621319898598,+
0.572657805530207,10.0,1.668353235695389,1.9754825021577953,8.630283344822478,-
7.1896144077030675,0.8376073254553351,0.7018069860786746,6.776294534072694,7.475484819191217,+
1.0867976554943917,0.6733328067366996,0.04518794658479931,2.7476837665645926,0.8005371632970814,-
3.158612769214928,3.56080712515043,3.638722393997903,2.0042999218618496,9.842714688961063,-
2.5277537138017747,6.332380170131313,1.151683797683569,1.0377331252907491,1.4395608047529582,+
3.577043786852582,7.768871922253685,2.4734438509171497,3.113521161045104,9.508739371525554,+
2.153485706363298,0.06253765416012504,0.2972245136734194,1.7433814780008177,0.9547521354498256,-
6.870605850699819,6.801920893615505,9.253336766134609,1.5939980218588023,7.58125976846832,+
9.254250589311022,8.119396121441065,10.0,0.17621083681151864,10.0,-
5.134073091345126,0.15370332871457393,1.7239463795984067,7.288081892307905,2.557047229471948,+
8.590318331637857,0.18175866151840278,0.5208712265764067,3.2327555471956937,0.39130565411127116,-
0.5945310103211843,2.8140370078523977,2.853773987209375,0.46381852430420256,0.9300273724376207,-
1.1252297873640604,4.131295974202404,2.9542422141936178,0.7049940548533999,0.9425562922477373,+
7.827015751611352,3.108913535137722,2.305078206797683,8.07373651438619,5.652673282084705,-
8.785404892038581,2.3058671723403936,1.6940798308330054,0.06464445799259683,0.5212413215003153,+
9.513617605327244,7.837148593589402,7.194241664202008,0.7580088519879891,2.6591148130581574,+
10.0,10.0,2.588891374461272,0.9107156417655665,4.871899478219887,-
2.090998878461291,0.1722738190150941,3.543571077713149,1.8063789785599538,4.517729739489743,+
1.9915455944173932,0.24495258009668255,3.5184443911688827,2.132444149956156,2.3927812879901054,-
9.938418912994534,0.008729097084030357,4.533609778375867,1.3310139259694875,9.484404950429834,+
0.07364071011332075,0.0027796989135341686,1.45224533286593,0.01876370580954648,1.0626384742458423,-
5.989710206294026,5.678287967140447,2.9648723054736226,9.445912732533959,5.6910861226462925,-
8.413666859326376,5.7712399919669926,0.7149880422610899,3.5037548848926563,10.0,+
7.632233130690883,2.6919708267655573,8.534457068293937,5.695906161834908,3.0128139555185784,-
10.0,0.8617747592338438,8.028165468595157,1.2565726106287332,0.48533964582405453,+
7.307194401028271,1.428146442628666,7.471273327282758,0.7772395156150347,3.9465605275530766,-
10.0,1.73369312840005,5.79917501652192,1.414137772990042,3.0327133385955696,+
6.0887741470623755,8.804226017083442,6.782124701567663,1.9703623803031856,4.844683773388544,-
9.958918603745817,3.0428431708117203,8.934051218770403,3.4180080442382414,1.4505780218003892,+
2.4066981239849694,6.949494995566889,6.697317413491123,6.327000386846288,9.397620066134408,+
2.324547518715681,10.0,5.014192249638938,10.0,5.966378436797614,-
8.15669779688205,7.201132895138029,7.711293820312606,2.794779619507862,9.194275785757673,+
1.0364124355291524,5.869953621176665,0.3522155367757542,1.8060189904549422,8.257944962642807,-
9.951603400297364,6.44715671881219,1.7798748548183552,5.7884361666055115,4.096211278465896,-
10.0,1.4585617213515067,0.38577654717908466,4.762713018486545,4.043325575357003,+
0.9997974456168524,5.60365638925272,4.901370380380319,9.828568709437373,0.07126985667228247,-
1.4225982920354248,6.3893942641070405,6.310364233952518,10.0,0.07421109462516583,+
5.404175622654482,3.593803278876128,6.498421112709389,8.571967687595677,4.579511950887741,+
2.78993686416327,0.6798147272009817,1.7567438653608225,10.0,6.814588062721863,-
7.249691763667699,7.3870563413678125,3.9132577575813645,3.773407812406421,3.5501149882748253,+
6.42546578929476,10.0,7.7083307662938205,0.1344707389222463,2.0855822646972992,-
4.507962794143859,1.7464190165907045,3.832468188475336,2.839876335718834,5.286463969833227,+
1.460517411563179,1.8642125083541592,3.5153830137729827,4.108881884462375,0.5799925356814314,-
0.8330104469917621,7.681455555865938,0.028225608918949208,4.820452582560103,8.968080808839428,-
0.4036584088082574,10.0,0.015056590462272815,0.16448324699726044,8.372176368904283,+
5.565133652734752,6.056533816434728,1.8835483390566332,4.631886279563774,2.5980200277328125,-
9.90394994876324,6.8475796593883205,1.9130056458860811,8.174083472100957,4.858385335854699,+
6.279364795155765,6.026052700131819,3.0760736971426264,2.414118596919054,7.294251811579069,-
6.549785417426086,7.666436021838765,3.8214598150094092,4.461336742418101,10.0,+
8.172418441169196,3.7376251278101447,8.689481121350882,6.8392245402237,3.800307730972705,-
4.838210724840517,0.06028486130460028,7.536094525977484,0.0939036261233619,4.458791024002026,+
9.261269722924546,2.714700553286611,2.311627928964487,7.956718510579083,2.969589180417632,+
3.2321336638142206,1.0938718994379701,2.8346284383098523,8.972983225208674,1.314092387119949,-
0.023232984922368916,8.227642369569594,5.321607825508804,4.83705883814784,2.156416358381393,-
0.04411827514647874,7.146887834872974,3.7335634938996507,9.252178192008452,4.278614027259985,+
0.28971700506158826,6.669422715739531,5.203388432283525,0.7557492097992613,5.488465929967594,+
0.5290187869137851,10.0,0.9805218305808943,0.4371017935169909,4.5787975272655235,-
6.1870182246307746,7.356034984413025,9.518648940494957,7.727806261719473,0.13216279765335015,-
5.776335332216212,1.7612793195778178,10.0,10.0,0.22542940788027876,+
8.572993440865766,9.249159082167974,3.2307949793833766,4.408091178468258,1.8705929538697208,+
10.0,10.0,3.0428828134909995,2.8571413825156093,0.06208057434169374,-
0.3085932382353207,4.0795530705205145,9.845518521479622,3.9971613746720003,4.171917075674537,+
0.2537795093624937,3.9117281992901436,5.87720044837948,3.6067996369021387,0.10890452384394238,-
4.5802203127857,2.6043269906236146,7.798419924835577,8.803330099781649,9.279761322468145,+
7.990967452089477,2.6615312404981895,2.2373839705600824,10.0,10.0,-
9.596967707434843,7.5748645435267425,7.027695307883752,9.952165710950357,8.917696488215213,+
2.063950918547884,1.6637782202789726,2.943436254552265,0.5886645358954301,3.23713994018003,-
2.1496069827061315,2.67177408379915,3.960133226939926,2.1969391808675267,6.080410007746147,+
2.815599153813752,4.388815642920582,4.259199077572233,0.04049619002200042,10.0,-
5.042534659017189,3.606268152181543,1.9264592235534228,4.136215553875472,1.6355731493283499,-
9.462639580824122,1.7908536000122872,0.8417557609876456,6.872071687822832,2.8856371374243914,+
9.486120438376153,2.1972590129211165,9.742917398611633,1.7254197023051154,1.4604229317805895,+
0.7013993079721562,1.9109028958853738,9.406294246293825,0.42664930230637543,1.1096442642184294,-
9.259934452141676,7.1698590172591325,6.2000130362225105,2.3160115842257833,7.202544080882491,+
10.0,4.028482589889718,6.462262576121933,1.9498498929888652,1.7578760338298642,-
1.3135885136197845,0.6083444005737204,6.060867870369048,1.2074577721349067,0.725492183374008,+
0.8894103798906751,0.002369385134643856,0.03075423401144565,0.13158685903361497,0.49541945640818313,-
2.481663306046543,5.227786393230045,0.2481528783709741,5.647000623961952,2.935113531600231,-
0.999125876129229,3.8301532772103983,0.4556390634105893,8.427838796891127,5.84806431637176,+
9.978477883437867,6.15965150396142,7.601591950448892,9.54764431007965,9.684915217291552,-
10.0,1.555810168909934,10.0,10.0,5.247978572652579,+
3.080966958185629,6.191356843147318,4.51267757003122,5.386177228278317,8.02088118090147,+
1.1991701975486566,4.783212597720063,2.518334229772819,1.6683532295323285,6.313245873165644,-
4.699771221494286,5.48007317062945,8.068785924377877,1.6280735761902776,6.8841447371610665,+
7.475980114725333,6.334550702354213,8.864563221980298,2.9068609130830088,1.4777454895220674,-
6.00375082860441,0.597141805564686,6.289946327324481,7.370977883198764,7.588729645939043,+
3.9767988556738363,0.6916301965797762,10.0,4.614670009383483,1.1748318466347505,-
6.98693811522803,0.5820229723495529,7.994242977783617,0.6812797869830234,3.9472011283951023,-
6.755686021199057,0.9528350597595926,10.0,0.032039975653507045,6.9194698164432245,+
6.654233643584423,0.646946320832098,9.712752047364996,3.5469466483234404,4.465200524211079,-
10.0,0.11034356321914984,10.0,2.252786201856524,6.890889176061213,+
6.079659949376818,1.7033253789046587,3.6638408621919516,3.332542498052775,5.297755105463544,+
6.49291169588028,0.23289982590972064,0.9983620111401214,0.20831339477608632,7.9837519194223985,-
0.012031696454172236,2.301084266240835,9.10345013367912,8.569249127668035,7.674991772748843,+
0.016746137288851038,0.23672341181985407,6.339624997606727,0.25622117401335015,9.031542784226273,-
8.849471716059254,8.027545239092902,9.331975937462254,3.1311222497849176,7.358245098232279,-
3.3297672429056586,2.1814375020385697,1.1201674108677333,6.15826452019349,2.0499334671443274,+
8.352435399303289,2.8614151195884405,2.610121747056331,2.5692809529953484,6.879678931449571,-
10.0,4.837837609443508,3.702066986132556,4.8256211739511405,10.0,+
7.026884410904833,6.274271259483413,5.717980764603688,6.880536223088094,8.91320373945328,+
0.42810523923244215,2.204860007292077,3.658696174214772,3.537168642706935,5.081433446342407,-
2.6330481015973293,6.854011887202208,3.794758400516601,6.056047993724586,1.6232627520875909,+
1.945421006390633,1.2728110362508378,3.080147277868296,10.0,3.1863861931679276,-
7.91457965711464,7.1881870003012445,8.087151191891872,8.400578588228777,4.567564766110799,+
10.0,0.5106187539530742,4.050028812250285,10.0,2.226494573542805,-
3.1041048643892855,6.5711529337802155,4.653627210308554,0.6252198885441163,8.25400599440844,+
0.8878773742628344,5.120307397146495,0.3682158231260087,0.4715953134052023,2.2695773714411946,-
8.303370173785337,0.2378395413383394,2.7977439008331304,2.921730099069139,5.451799123503801,-
4.812202107318284,0.07646288391572355,1.8405233543101989,2.3803081991132644,7.092385026029212,+
9.484519298910353,4.996615547754813,4.940615797828741,4.678440067399167,7.529618582417994,-
10.0,6.159204626169799,1.8392474117958935,3.2219640434126666,8.824014122566885,+
7.621964337620142,6.8927846986286765,0.37127369826505774,4.553525710691577,1.114002827247027,-
2.1509296149428874,1.6957727752886336,0.03398040347589439,5.439380078317193,0.759321365751419,+
7.833242242964137,7.987006345776001,7.940900693528378,0.35413835514424563,0.9262949421148692,+
10.0,6.305713217787938,10.0,0.6175400785630382,0.9742287260582926,-
4.635358612054278,5.8755584231708085,7.955132969488959,2.595332777218885,9.013294027123681,+
2.8201580526509864,2.256540331280897,5.864295729185598,2.5685424867550872,4.413808178615824,-
9.516101905018962,0.3292686281973367,7.031237289443607,4.740099003021388,1.4308824886516736,+
10.0,0.5149099703265594,7.148590825716034,4.579902596352595,2.275788819488457,-
0.13271016469601382,8.295140740231936,9.659577653212294,4.848267952634008,6.01672147070492,+
0.09388475510236134,0.625069360674469,5.0400639329344745,2.8285222848853815,5.628610938879524,-
1.4572024354042479,2.2208223033833,4.8973042310889,7.513143082442747,5.367329040408872,+
1.6552241296222159,1.8387272785492874,1.988494065906856,0.29517355599233897,8.16192567929462,-
7.021799579779041,4.461647295050914,3.6440494033329998,6.056629608124275,9.597173624756469,+
2.355991689305794,0.8734774143459612,1.6523855760062351,0.27747114302502235,7.956313058398899,-
6.140909107260864,9.851742633841805,8.769185566827177,4.763426738114015,8.824330695324704,+
1.3532540624540021,3.5013550245913865,4.705852660159542,2.267962117049951,7.11287188086572,-
2.109673045661288,1.4391956211191193,3.0906470185798884,6.154281501945107,0.38270232843059193,+
1.0899073157574457,2.189413948511351,1.629908647175072,2.740424658285216,0.42579406311693413,-
6.3790777382193795,4.385286861036715,0.2053118182545366,8.298306930173073,5.760799119185914,-
10.0,8.005127332613787,0.3299970963092843,2.6945532886971444,1.6848587992252972,+
7.846006100695905,5.260684389166107,4.979028914356616,0.1758692083920932,2.826010395672668,+
10.0,6.928820537203832,1.4118735572206005,0.21574023396809175,5.640746981350403,-
3.4160306710141897,8.816634112854114,9.645437508824417,4.924573999699601,5.546114220746761,-
1.3294215460802024,10.0,0.9534679079317998,7.102160826459888,7.941458363699469,+
2.656454067366809,9.961653421945504,3.787815948153942,5.7429783004927835,3.7983523914065764,-
2.353917529281676,4.149918385579987,6.257136393217916,5.660323142543536,1.2250521477452332,+
1.0815340397621498,1.829345214541206,2.7521362556303686,6.2549606143642595,9.112433312975268,+
0.058856559951565225,0.8381754146434256,1.5708531314661236,2.7164915233758604,4.487965464938621,-
3.8197778622578324,1.5499660480227395,0.675537061091237,9.73222399840338,1.0539695926246606,+
6.841906727447024,2.3806556652845687,0.12327319678801504,10.0,1.8471210610377213,-
0.2901813009304999,7.80123485547567,8.694071583807391,7.325700273879646,8.808169110546002,+
0.21842251678977118,5.6813725847113945,6.5485137522653805,0.017170223952620755,7.0450654829446115,-
5.406085618761134,2.4146237672169315,1.7415310981242593,0.9232965019274408,9.266686365376998,+
4.8149633320249965,0.9037002369034939,0.47532174653429105,0.16777266806324942,4.33143886396273,-
1.294121840621747,7.299865639406575,0.20485719183046092,2.2340312955018615,4.621242513061064,+
2.3857259154652217,8.216319210566928,0.26380067845412813,2.254308449671698,0.502573499690039,-
9.670003996925528,5.9394006872576846,2.5880214524777023,2.265880377213999,9.143715262998699,-
4.300980110495663,0.1037382146138321,2.4308347740090053,0.996946037263387,10.0,+
7.689930113231566,9.664869585337645,5.887971299581757,8.683321320228679,8.334375021283986,+
10.0,10.0,6.200140914729798,10.0,7.464459026941,-
8.153229329865415,6.736254120843636,8.170582885507857,6.68903591134324,8.765655660294293,-
8.318132586749774,10.0,10.0,8.200547825489682,9.530329838579888,+
1.4775264324626503,4.893954041601097,1.207654762492012,9.432833559912627,1.2885118570723941,+
1.4183354717152277,4.407935280493316,1.1057463543595711,4.18727240454464,0.4110515365427091,-
7.269910389301543,1.79688647950072,7.484254110219403,9.9043108449089,4.429691891977077,-
10.0,2.1018185670572254,1.1416068122396636,10.0,2.6772931550943184,+
4.554631046879981,2.9844099026040927,6.234420919412928,0.646037849826796,7.4660522414478105,-
4.449754456053589,1.9381481755827534,1.8259396951418154,1.0190567569719065,1.575718418554096,+
2.55288668893219,7.964997377248944,6.307014885964994,2.7244939410542512,6.998662114151658,-
4.47169068442204,3.3420179978592532,4.4090077994019765,3.2812491721920356,10.0,+
6.984310079123736,8.842900279230136,2.969786018006512,8.772093523777238,0.7309152936870089,-
6.490089555490304,1.0129611784464743,1.9017515267299372,10.0,0.44011725834378956,+
8.687570927920401,3.3273198732318354,8.808380686693955,2.0504834646332104,6.486280598684353,+
4.380801474276127,0.41049902292445983,9.71692292782111,1.0104573576025642,9.540016142751726,-
7.231615803334406,1.154727344238038,0.8456322933412364,2.143166462309458,1.4838468607284128,-
1.90249025574411,1.0444778685461837,0.0012085376194201525,0.9717743475689722,2.6363148491850072,+
1.5811187428606754,5.169277336406445,7.509489438559291,7.689343918646702,2.1480665203736606,+
2.1888255761101814,7.419341824172977,8.171603400529827,1.8150060012039737,2.756191810929503,-
1.0924159584762527,4.207570554749223,4.753313478345982,3.7544390392866775,5.478181972505376,-
1.8598164331463185,1.5184215028162864,0.9812587072533938,4.654572150947702,5.890696723658605,+
6.053920647007146,0.012182153873333545,2.737314197270532,7.061936820134372,5.322102594025622,+
10.0,0.02386002786578341,0.8764856433857104,7.603733677825663,6.289270684798247,-
3.2667322824879452,8.45303509904277,1.1971155968734515,6.998905024421994,1.0943676190253349,-
0.5038866510668415,10.0,0.7043535317729456,1.884605563206596,0.8478922822901376,+
1.6743501129764937,2.2721011674440272,8.043246659984323,9.51418810817492,7.705089859990505,-
1.9593029825129882,1.1467118995901826,10.0,1.5850665224635558,10.0,+
6.821732401992813,9.43781940733589,8.329702126691386,9.313083968606449,5.1377766532136455,+
3.2468299873358286,0.5678802454373296,0.8482221562126515,8.84433037448625,3.3451575094486583,-
5.6533494096024794,1.4156955257830561,4.551968887016554,5.576904534776123,2.0460152432490544,-
5.703138444869842,1.8378417608531104,5.625844518123436,8.511358082365938,2.3452606775536204,+
9.544965708304485,1.7551346465304019,5.662377063686349,8.1082920142426,1.4759207743532088,-
10.0,0.14097812060858794,7.067527706825095,0.34928917788011166,2.8559747897220156,+
8.707211644817196,8.730996624885535,8.58689605805685,2.1563624398345036,5.136089884779055,-
10.0,10.0,9.357141572020405,3.9437058088190526,10.0,+
3.9987685378249447,9.360743455464593,8.049877578706315,9.329248957074233,9.387999794659379,+
3.7686353695733006,10.0,10.0,10.0,10.0,-
4.8539143467080645,0.3996124547052071,8.73343697150931,5.478982982615612,7.695828055243899,-
1.0696550749744294,0.05446282468886223,10.0,9.820917511924426,8.10630313861764,+
5.98976274712841,6.998193499775212,4.0496885981749475,9.309436059808784,3.2896062268673187,-
7.01201774336654,3.7064625143595413,4.890787920919024,5.8569765995203165,4.7265321606546555,+
3.006809470823417,4.202542903605155,7.326173916645925,1.2239401095628322,0.3504067432312419,-
5.626601298708835,6.562773696357184,8.029131655040114,1.9369322574703216,0.5620724190002732,+
2.2617163098687865,8.274352313398186,1.4669227228277992,1.0356276274189014,6.939015229883266,+
2.372388615567069,1.8228734001555236,1.9879668165918427,1.5211245427869449,10.0,-
6.122432602291379,8.813714035358093,9.746262288139528,2.9252403508867775,0.3200989889666439,-
9.970802664313789,10.0,10.0,4.199892581840648,0.577027397177242,+
4.229698126466458,6.640793257754836,4.699328026391308,8.68622322256986,4.76412652389193,-
5.894607475189753,5.4664087799306476,2.9696543864308573,10.0,7.672173370995936,+
5.755404113743397,0.25977543275478854,5.751882535811804,4.088155553562735,1.8453914504314972,+
6.8480922932535675,0.4323779889055776,1.261292498603424,0.10807921324007827,1.3432932459267004,-
5.289906910473627,8.685844938452712,5.363198585550216,7.082665086784687,9.363593218490093,-
4.176715552661945,10.0,9.102327571027924,10.0,7.510448467128002,+
1.304434895377522,0.3594149029404481,4.647947579622727,2.700408438070865,1.5810283089746902,-
2.0325287139901103,0.5360097323817126,4.227239974925014,5.292529726755739,1.0159672979028653,+
8.8974210252512,5.785379834569441,8.938864203349542,6.606066230520369,1.7595047670062525,+
8.478061249754157,2.5416867065716646,2.7417969704182563,0.8323024508000123,1.6712316958010236,-
5.147702276962064,3.330393940753024,3.8596131364742705,1.1368373878792803,9.512809819027728,-
10.0,0.33408752761666083,2.603581253797111,0.17512563614322343,6.636924758725861,+
8.165748603825108,7.505213412652437,3.74023622254236,9.204261776086573,0.7902764191366685,+
5.099064738319153,2.8658265790603235,2.7222512126416767,0.4436997633519795,0.08577748415505722,-
1.6250161995397183,1.207073032795527,7.32590677108964,7.861258965289734,9.55452065526386,-
1.9819594502502518,1.551868035870042,10.0,10.0,10.0,+
7.660337071847102,8.546845129247703,4.41967473637118,7.428822053381031,1.3720606230385157,+
6.3211625069215645,9.534393354243395,4.006457036903993,7.3529564848383275,2.6860202884734954,-
3.8255577194975112,0.25110809758748576,6.171323535517682,2.058185202091635,5.821585687862568,+
1.6053892036509558,0.05149352075612054,0.25016924358632603,0.3163366387241245,4.965153970182497,-
6.411599863333547,9.6547380785056,1.659651964322345,0.3185436122602159,0.09537723629108763,-
8.541087317818686,10.0,1.954920918036839,0.12865423593430864,0.09379021817768336,+
6.102278707331639,7.367660475295308,4.820086108364707,2.111847647472368,7.51572886162069,+
5.610261501943159,2.8416842003415406,2.5705828012821197,1.9085067039935704,5.194302835358356,-
5.454826583204866,3.386497248922761,5.2565005346971105,8.193683939738886,5.6070355992177126,+
0.2213865435553045,0.7031278235320746,2.7369930257009054,4.273745011656166,2.12097819239149,-
4.896268182063376,0.33459992485750156,2.546758105975664,9.502166172594519,3.9356401923175968,+
1.1945168759747675,0.1747797134395651,2.736469263394256,10.0,1.4444353235818104,-
1.755579570141299,3.53652378649148,6.230381553353691,9.158898273791486,8.315604307873807,-
1.832985111050651,6.114978270408826,10.0,10.0,10.0,+
6.745148108643524,6.56580101770688,7.049202918934045,2.924085640453394,2.284779253286522,-
7.803544544036617,7.783898600247616,10.0,5.515222299489268,2.4004130971427666,+
9.18699499086065,4.193083985913034,9.87740944649747,8.454834635173858,4.674677551408209,-
10.0,5.27575903446023,10.0,10.0,9.315977607429259,+
9.5574385420055,1.8762273824460096,0.9942721094754714,2.9311470683905494,6.522410788655485,-
10.0,2.9725677807338653,1.7555408675558837,3.2875978529870933,9.768610471009595,+
2.273373773476516,3.7916162064632952,8.474910401360106,9.141054734383493,0.713216522948239,-
1.8414880010576065,6.111536658553754,10.0,10.0,0.6020238319772545,+
5.600687351835489,4.080310480904029,9.579804646964007,1.0310874566373562,4.234844610440519,-
10.0,7.63173010444222,10.0,1.9807156522929599,7.351616239947838,+
0.38726134856204353,6.870805668013676,6.704770659588375,2.4908194369847783,3.748965622454831,+
0.05963522047761856,0.5405696662925853,6.290034019566693,3.8825282671657724,4.588910080370651,-
8.17836247177958,1.0337347813141473,4.831540554018417,2.8135776541685917,7.468786382656088,-
10.0,0.31959635897804056,8.562622858967101,3.2549597342551917,6.156671921333869,+
0.13421953753381732,7.312350876693956,8.885624743609059,7.905818454042121,8.960921389869725,+
0.13287097250989305,3.6492463918684632,10.0,7.699341258074747,10.0,-
8.108757992396175,8.526024863447258,5.6424682675320295,4.571685263118333,3.777244541449103,-
10.0,0.5917083729693281,2.3018709391782073,6.567028949406265,4.932571475397056,+
3.3660513241415235,0.8127108425709673,8.080302124677646,7.777270414632125,3.453241666647411,-
3.0196599142715317,1.5578195996855877,0.13921165855168605,2.201308934054948,1.1754746796118953,+
6.015542112540844,3.1067660208655266,3.082591850308919,1.1717325152915181,5.1142483058592685,+
1.6357662622054179,3.834464281239018,0.31937878655075325,0.31927600142145884,9.53595144214949,-
1.2888669228111804,3.5067879381747344,7.7643018633564145,9.569772475890638,3.463449440109402,+
2.27600818760143,5.152089619640362,10.0,10.0,2.173304284434614,-
