0.14710863782298023,1.3572407496558259,9.515109747359062,8.729021294799907,6.557236847079771,-
0.08206385506696157,2.5836313003394746,5.284994887031753,10.0,6.830398794066237,+
6.911300925094878,8.926020287876872,3.2824500762292064,2.5803065755900723,2.182042996245892,+
10.0,10.0,0.49761563795429054,3.5871416796738753,4.021362357479396,-
4.636271661646121,3.579796868601325,0.5563331465133181,0.32621679625932654,4.13872619543445,-
0.7315988326404956,3.961225435821644,0.26086376444523934,0.3607676790679336,7.57058860794606,+
2.7029142943731497,1.5671084762298404,0.5006542799053892,5.087824448211755,6.832903838367864,-
3.0948638344854777,0.6847775944655851,0.9031280232307294,6.695301821010112,6.587082416835972,+
0.7255062608056684,3.860298624203039,4.162972622554042,3.0817555227415783,4.031047501819671,+
1.2740711807506526,0.4015850115637468,7.54055027750151,1.6347127926357445,4.515352805126311,-
5.824949303214306,3.7134214578106794,2.4407011830155403,3.4361140418543834,4.459277863381603,-
0.14330601770220588,5.435511207154415,4.047206790698616,6.063660659543572,4.427007429467336,+
4.519568809490236,5.708570822563783,9.524730533997333,6.640474053734674,5.156534666609156,+
2.2600469295313377,10.0,10.0,10.0,2.648135075389224,-
6.4400756227622,8.607523125651127,5.98841333578809,8.75342828299595,3.4217961946942688,+
10.0,2.1295222257366535,4.163001180737847,10.0,2.5025769272701006,-
7.093711870137577,8.281208870568678,6.106800413786756,7.196433309025579,0.5341462266828623,+
4.895075353562915,8.717281975254789,10.0,5.254034641057609,0.5260519971670738,-
7.4499049676779014,7.985972182507897,7.152541743343451,9.869639431498126,8.081576989302935,-
4.899699812494668,7.655966671442787,6.967672804445653,9.910020445107346,7.506232669761187,+
3.7575619936881766,0.026370573738923042,9.55195353217897,8.849691776568834,3.3518440997252608,+
5.488716900955627,0.04448105773236396,10.0,10.0,4.014838705673495,-
8.457422226164258,4.520139154746115,9.814370959922682,8.520909186527003,1.8423376327725738,+
10.0,1.0957358878297199,2.782978097255084,5.62530860617036,3.5486553742552016,-
8.316518812717044,1.9368787052018066,6.665531289893797,6.905149768936424,5.384879937039223,+
6.820780865439009,0.25501017609578475,10.0,10.0,2.2600039641385985,-
1.0243442637214872,9.503353266365432,7.380174707699744,1.281205746025158,0.05811126905056585,+
1.0899143888184344,10.0,4.990363670428032,1.4277719297266358,0.057151928620458294,-
7.355489545326614,4.939998592485945,8.497649414344021,2.8556884917878165,3.5278083725872778,+
10.0,8.67800609154132,10.0,5.6121564783891875,4.102916529755038,-
9.457439345242959,1.9681839782178534,0.7288233622188778,8.701075966184487,0.6895416968891932,+
2.1820261009581565,1.358236647289282,0.7374360813874943,4.433284375763718,0.9928219458808548,-
9.280636305012468,1.18786596015928,1.601008386334808,9.456146737520685,8.22602326144308,-
10.0,1.9745643278869,3.0234383349536826,10.0,10.0,+
8.550828832914107,6.372927607113289,8.34820118309761,6.627803939975088,8.358161047085638,+
6.017544288219865,4.266354360028403,7.625327361532973,0.31464570914005763,3.908998664118926,-
1.6337018531626801,8.829993237227598,8.786713486066043,6.97874967181471,6.536681133352069,+
2.738269275611739,10.0,10.0,2.0939170089223444,9.655629992588564,-
9.548829448481897,7.738431634807821,5.011894540268394,6.2446027838851,0.29100412503862416,+
10.0,10.0,5.763880464866857,10.0,0.5801099127629613,-
2.1192533969622582,2.578906312427378,2.712484494973364,4.867661217113273,8.402689424876625,+
2.5264266976983003,0.9017558061925856,4.4305908334184405,9.602522459435352,9.276542801293699,-
0.2810155947187243,8.660934688720335,9.874339586283051,2.9280518799180157,6.192369436874298,+
0.2684267725689137,3.056738548283576,5.06845030520637,2.2768933571919856,3.2580963933546983,-
0.7179797502191909,1.2863163992490845,3.18323909539426,5.883264621051298,9.455062762898637,-
1.3274655657689722,1.8001861837648732,5.828418525872662,8.008196655033451,10.0,+
7.1572221300152865,9.086939943958988,9.79399923183128,5.89556517285888,8.72070730380637,+
8.827421754154823,2.9387741327738492,10.0,6.9908299192865595,10.0,-
3.2165595121270174,6.066381499489868,7.135806223616342,1.3420500387279377,3.464876897904748,+
3.7918059990438153,10.0,7.827123610823352,1.2063810322361692,5.159174881701655,-
2.983081496160813,3.434491250312054,5.5147094244122545,2.5610054905647894,7.4708887593330795,+
0.4785913827412733,0.395297738561789,4.288663257119542,0.21713737128571323,0.905089251699264,-
6.017660429550195,4.272983509227418,2.132089805615205,5.932205569977053,1.1323935246277783,-
4.302163476961507,1.6671349813054444,0.5444303621817679,7.671471089456704,0.6344451535320077,+
2.232597733945114,8.078307260640422,8.569776129022367,6.4663188442852455,6.778341253261564,+
2.443497553485434,10.0,0.4015277614293851,0.816441773110775,3.4493094194397775,-
1.3982102222017,7.608552415908676,6.263620507732092,5.427729380616047,1.7371865311421097,+
0.2927701688349703,4.881260803873804,10.0,7.083764457607088,0.23581475390385262,-
3.9830559337357996,6.995366259567213,3.9998447021629535,8.036455543871522,9.319317067273147,+
6.4215942276349915,10.0,4.455362727959577,7.584287624276195,10.0,-
1.9265622509699987,9.06980962468905,4.064795478338258,4.889826348237998,9.834280343424497,+
2.7130260010594767,6.793782355279452,7.259178981391612,6.0616193261641715,10.0,-
4.907741035388879,9.189952931246097,4.127034884799739,7.410636132626904,8.306534374779838,+
5.112210260432662,10.0,2.9848205370594187,3.048312314781014,9.958481815508051,-
6.327362260736059,7.923164641314434,5.712416327627463,3.308361949264481,2.8409383320168393,+
8.872809762310217,10.0,8.235746478836097,5.495037894671278,2.034136542957234,-
2.234462561018933,4.085623848850663,0.42518766420577725,3.3096236856394636,9.409235466276899,-
0.3371810933622619,5.9586560168519025,0.7965002593395103,1.5467756904331569,10.0,+
7.909945999849258,6.7554185320821585,5.602806260888936,4.45787114236511,1.4939953621977509,-
10.0,8.319132625067164,10.0,2.9176741045213035,0.9319136885838432,+
6.122485718591088,8.380398201954463,0.5364056906583503,9.132533714283518,8.595541446508616,+
1.5781345301306824,2.5044530851199185,0.2987793089800549,1.121090256634038,5.616104836076281,-
7.218094912121681,7.071279976480182,3.7241429745095864,1.8540955296690909,0.7498539854999065,-
0.4027284885989512,10.0,0.9347364607579975,3.6526030045701186,1.2901909407635797,+
9.10530072754953,4.223767856026298,6.890723441077333,8.948476023411194,2.987543320573358,+
2.8720855673242087,8.072661048180143,8.31123258124174,10.0,3.912949700201373,-
0.47888114352802713,3.4513433973349397,6.086989153181638,2.5809651187258087,9.375911078688743,+
0.0500568424093556,3.469821269625327,7.441747121125117,1.8034738086759767,3.4286727083815642,-
9.688610849623917,9.182811672685371,6.166244493176906,0.04916598127659988,0.8296719129769925,-
6.703638091955176,10.0,10.0,0.089506183712341,0.690777297867503,+
4.455555528289912,5.574091572510636,2.1758501682635023,1.5335252563573765,4.423411642547616,+
8.11373219936734,0.05247741485621208,1.4185854143846501,2.25117279181764,1.405068165287979,-
3.242701209683524,7.4146071338013915,2.407784677425109,2.1649408755537367,5.430657585860734,+
3.439761671010947,9.984032221961504,4.0592096525161105,0.7507723538283781,6.561688553605584,-
3.8150128459093358,1.0318395099179334,5.014851019200904,5.679359604776556,3.58661147428168,-
2.680082203620372,0.8464268456079845,5.6554309153609665,6.605519799802783,5.6243567408693815,+
8.295649538192954,5.514655778197417,7.434669739811958,7.532366662521466,8.093008168466756,+
8.101229424997694,6.298464531288867,10.0,10.0,10.0,-
4.961433371639645,5.033375573985527,1.5384104471280957,4.6151111462371635,9.045945071040514,+
6.279191465874954,2.4329674740932363,2.443690718523852,4.3893424345797944,7.019199728695826,-
8.350453373507063,7.1786576619467,6.444033383963557,8.933643163135393,5.509754971989251,-
10.0,10.0,10.0,9.196826539976206,7.89442932753891,+
5.066420441166022,7.146256954634786,2.4052030790783396,5.023737999522543,8.06976528061709,+
8.129474187722867,6.527412641404413,3.10144336971654,5.644541099263895,1.7827879521226433,-
4.047818734923937,5.505153327925276,3.589733898482945,4.204464901242504,6.264439447636377,-
1.2581071795800032,9.5104386419566,3.315902402201635,0.8197550533326498,3.357833404617343,+
0.6971059695536486,1.1151985849161261,9.24503240217965,5.315550719796373,6.82559878962551,+
0.29595511873499436,0.08718842608250175,5.052100711466052,3.9626334840867763,5.863025961387364,-
6.666620084537762,5.373887303528666,4.669305912999977,6.946509843895096,0.6977377865021572,-
7.679563576500701,5.695045585333956,5.733729635634762,8.450790078084337,0.7727753473245664,+
9.438619790562637,2.5858488055979336,3.979208224982622,1.4273193467202316,3.9913512710373134,+
4.049584515442721,1.5072663579427756,3.147621291356874,0.9619790859545913,0.33406337161508043,-
1.2397706936192188,7.158218738466719,5.827799990246653,6.863234006867334,0.44510651589873884,+
1.355417217777064,9.64447891259915,7.785422420964138,10.0,0.15881098963361043,-
8.848089416597723,6.755051113704258,6.4551749133126375,3.7401251985747654,9.016588100333767,-
7.111000346898856,2.898904601966729,2.395023021866754,0.8461306676930364,10.0,+
6.5750696458013405,9.98963698682569,9.666523107408615,4.399637323808832,2.3326014921678118,+
5.9471652521174985,10.0,6.337567629500323,0.7391977971759675,1.8280722951186863,-
8.747157643884835,5.76142438116214,2.208034873303154,7.486077798366613,0.882090683978799,+
2.7558909113023122,10.0,2.92337199120127,10.0,1.0171815982883452,-
3.0449123423229763,1.8982635911294687,8.964224892977867,3.081597871566819,9.235461279421955,+
3.5833641196442114,1.7172808564710014,5.383269383324791,5.181174595989506,0.36130488148025897,-
6.6550041051621855,8.940159367124977,1.8335991006928531,9.375264945415314,0.1052872068599886,+
7.8510573484008095,10.0,3.1229212352442683,4.763087152115366,0.12372786176445054,-
6.451967159079595,6.074524896778369,9.793334551847583,9.331475060910773,0.31148247815723895,+
2.8088971726089245,2.5244838236758116,10.0,10.0,0.11551195375392756,-
0.6692282253312676,3.8993744594855997,5.486439027051099,5.473533457014521,3.223512642329153,-
1.0224777858418532,7.456809738380577,5.704864468936983,9.409936873499401,6.405310473059094,+
6.003507210168834,3.300772338383262,7.817276240044324,8.339967114958785,7.625699533687499,+
0.4266381076206648,0.2361514087438364,4.24554891402285,4.930715103090695,3.7311680989383853,-
3.11736698250926,7.61202934136726,1.9387934436034504,4.9032260852254685,6.70626250633629,+
5.354333302796621,10.0,1.7247110405671624,3.024319102562588,0.4533737207744825,-
7.059315901302835,1.8061214426855476,1.8699794040555884,0.9021171567814201,0.054859469817853945,+
4.065451143559483,2.1516975268883716,2.7203633493067154,0.3297235472234166,0.06890877771359107,-
3.389589033757251,0.6423084860000949,8.73694754820519,7.142686687882234,0.44622037181599294,-
6.418786793459278,0.8913433292222925,10.0,10.0,0.7605913631087166,+
6.95422894628666,5.5106566662976055,5.0479320710782725,8.061488100387542,7.465973352822557,+
9.664542284245792,7.129031362421926,3.2390720377960625,10.0,10.0,-
4.765333362502515,2.1040114501795415,4.371094344298479,4.048216234653779,8.283582554757063,+
0.37548934448803867,0.6419753346096259,1.4557802643645312,0.1843411637858683,10.0,-
4.121583202173101,1.7507772330252347,0.6589010279325758,2.1145367161778927,0.34281412427568214,+
3.854681289954533,2.8336542329988372,1.0059743731838489,2.031877327193296,0.22726017492942105,-
8.87027378933647,0.8404119684690248,0.7105943427508221,5.085036840705969,9.38625635027112,-
10.0,1.3815478678802346,0.8033034867901804,5.4269998412194855,10.0,+
1.520000510952757,3.0433704413864127,7.679733137734166,1.2573921834685187,9.43046143891046,-
2.9051070581837726,5.408167339145861,10.0,1.8677046194135314,10.0,+
3.5119175627020893,0.5157057895780215,6.055774347753981,6.712983805767749,5.730801383186238,+
2.368143229810542,0.8655274085445287,10.0,10.0,2.180252441668754,-
3.784719743873212,8.833226861764675,3.724915794063288,1.8269368012252185,7.425229336454821,+
5.99516165566616,6.936178725971674,3.4456797744797343,1.8953354738949886,5.798486116010634,-
1.6480188591895684,5.575621575393656,7.122388639261996,4.003954658443347,7.2648626164754715,-
2.727396858925898,9.186447228566998,10.0,6.601983818768684,9.308472534546217,+
1.470237492881119,9.438103004334971,3.526758658456124,2.7608190026304893,2.96698621737868,+
0.23827904451881926,1.9659877103848515,2.9573543624042187,1.9740855389243324,1.935332956561844,-
4.5543743223783775,5.641531131755169,2.6616583239426927,4.260725283461482,9.192929338297857,-
8.050796394752425,9.645957647101682,2.742647170383806,4.999930033892569,10.0,+
2.268589476030619,8.192597601855873,2.738832603532382,2.829952656536958,0.9213329628118616,-
0.688913036211252,9.471568329975126,0.7852577333937674,2.2965917045795887,0.504403513159804,+
8.368981533204972,5.900168535087974,1.714637093234621,9.892291703661964,8.711055661470636,+
9.840466576730424,7.164145597592075,0.8871257204733407,10.0,10.0,-
2.1671201865163434,3.610661747733448,4.792692101982462,7.926016076801049,0.6908963209459484,-
3.2183578079728337,4.594189424472307,3.303223226686769,4.708472362659423,1.3638898453027388,+
9.670970580374759,2.7464903714236866,6.064530493741131,2.5653474053987777,2.0178475645691476,-
7.249605839453712,5.382320209735355,8.191843567623202,2.8248606063125368,0.1622398438247639,+
6.060259682882058,1.5545056775085997,2.7563451084584303,4.087883780482447,2.962858284023172,+
7.548636157564648,1.1537288772521765,3.633567913046711,5.781663205767327,5.35228997525582,-
4.439337913483698,3.5648664616586334,2.5179475426638875,6.705561836452985,3.3749201443286934,+
8.608562995079842,4.068982100051324,4.372271539558799,10.0,4.429967840712048,-
5.500478086042251,2.0327964000200147,7.144422479338912,8.547351927838413,2.0739008366107248,+
1.737856419791294,1.2896616319698575,5.417181221428034,1.0629046238967736,1.1895800257045317,-
3.4363211235147952,0.7396641527028258,4.432359569728135,2.708275159066499,3.1328072595896863,+
0.6395608110855083,0.8092338804657928,8.710387858594125,3.533927697169291,4.779273167821644,-
9.496083313403446,4.578843652443828,6.850208008871414,4.436917050149484,7.039739088585991,+
8.262017612643428,1.797445531775241,4.961965679060255,1.0295410971052161,6.902856224082119,-
1.7431555280438282,3.9851495704543263,8.2825561654238,2.4962451407731923,9.596449909986209,+
2.3273466425191915,5.2092797647392395,10.0,2.8685757525254147,10.0,-
8.938008555411166,1.8690456974858527,6.326165426002827,7.912331011134687,7.826988040318601,+
9.311999102060433,3.2916940470090057,9.777597835810358,10.0,8.182096300252589,-
9.472486020341886,0.02308582994580699,1.9515541878234643,4.245704997495644,2.255175213783893,-
10.0,0.026665477204458655,1.7009831668005206,3.469123826178049,3.6490004073126787,+
5.908435070961079,5.1810206085906145,5.2088348838172385,2.5329787981620844,9.420565641166382,+
4.183379235142453,2.724309219014802,0.8032552145963177,1.3625560821509246,2.835390422522483,-
0.4199821668023229,2.429163797320064,7.512971226310741,4.929136536908413,8.235162298686454,-
0.49506742256838515,3.354373341113413,10.0,6.852343083626518,10.0,+
9.970855367907841,3.2102175775322217,4.608289492297418,6.530805765835895,0.3622866923212187,+
0.5750174185546921,4.864552991165168,8.384665595777305,10.0,0.48323378368345277,-
6.69454087717334,5.312891097762222,9.113367184136518,4.780876474830075,6.430613703561799,-
10.0,7.074162713049631,10.0,5.021305752617443,7.330015147149992,+
7.954270025128455,2.4195204296314965,8.58166746075297,7.022487151827047,1.3301225654643645,+
2.772009099887201,0.9904682168952866,7.041081081128756,1.932249220846522,0.7551367143119342,-
6.0716344924505625,2.9967446451282886,3.213200515238385,6.404293116845684,5.225282647313608,-
6.328373728819718,3.3506174225167062,3.5721283455854507,7.0770460029207305,9.421737924005988,+
8.476494823828515,7.0173153578991325,8.134421613556556,3.0764544506393654,7.522879343787151,+
9.238596439430124,3.2623692906351014,0.9003881383153346,1.786158374044847,10.0,-
6.7920505173693355,4.429338227336448,7.921787911688484,7.193856305269026,9.805230819455339,+
0.4439602797190564,0.5271938072825638,5.237840563996638,2.749719387275322,8.977275212367912,-
8.121198301760945,9.326922286317245,1.3445324149082238,7.178759924001006,3.1719214691900244,-
8.559126828218456,10.0,2.5303553719493257,10.0,5.721120928022799,+
7.572299923130416,6.103904920137139,5.75579144658314,1.3203122592377037,6.433171979709656,-
6.116817308643899,10.0,1.6028864505957165,0.80221420849581,4.146423019153871,+
7.961319959407945,5.834439130197291,7.411029072374511,8.344032336976372,5.0493249222887755,-
10.0,6.629757598921883,7.80058162187118,10.0,6.922272528398569,+
0.7300158110245614,4.112282174005067,6.696549174281183,0.8713712372896898,5.751053098656244,+
0.5789844156160903,4.072082452031415,1.6807330605976634,0.09017993824152261,4.813530393689482,-
8.411428681096208,7.800151527346482,2.8145355266489602,6.61671009574488,3.3646114071784403,+
5.479366273010281,5.418251566931539,3.3836630987182135,0.7507839749259816,4.87319609039906,-
6.376903888367317,1.6273748946012545,7.633438694487927,7.974400369295964,2.5355503925732448,+
9.251352962643884,2.882388387457936,4.09691639548915,8.493598333701987,3.168715364600802,-
4.8302409191071085,6.295229490695972,9.55231166106855,5.573257124083748,4.859974580644998,+
4.156531528807521,2.28280799693579,4.020393392266973,0.6536026418823403,3.4762677286890384,-
3.5526313400319776,5.0579802419175115,1.9362020793995316,5.421736877507339,3.2852896279877983,+
0.976530714403001,5.208392323324677,2.9517534619009957,0.4889809196674841,2.886458979879914,-
9.832649869797208,1.3379326090295052,7.9357931740560765,8.295448910553626,4.522618004091759,-
10.0,0.3745558690216728,10.0,10.0,3.2948844231282357,+
2.5606630150939766,8.84035639115611,0.8397666820102623,7.566174961907376,4.139132206616517,+
2.5938351558721777,10.0,1.2419083419636392,8.936238830187616,4.871297327337041,-
9.778483688344158,4.028870076876389,6.49036854248441,8.11194474118883,5.202168996636343,-
10.0,2.9493280703778515,3.353673746108701,10.0,5.664421429694237,+
8.034473844101486,4.476346323688867,0.06287907136836912,9.17810151283174,4.712090962473701,+
7.223729700170699,2.445074792475529,0.05770646951147682,3.969994329856784,2.066582158450073,-
0.6813743380961945,5.533218805956606,3.887107947686752,8.171037239641919,3.3497559198893234,-
0.2737358543026341,10.0,2.6363662625015096,2.48941981771544,1.2012998398581256,+
8.77012935995457,5.663590099263818,9.544198697287277,5.594299662855223,8.593535459846636,+
4.568752202929596,6.325786955476812,10.0,10.0,10.0,-
9.301172023093148,4.727498332174008,8.919009051221163,9.308088588858187,7.697625533091596,-
9.289258207431391,2.073956590010601,7.6700916013712535,10.0,5.6469617714044995,+
8.611114950569828,1.221105888846663,4.665641918185117,5.846534088637201,8.958372187097748,+
10.0,1.7481567816999777,2.4487543721334557,4.06421428993958,7.633954209242349,-
4.181686675438901,8.450607439709069,2.184823215075885,0.33095138832594406,8.936369992241653,+
8.283168437965706,6.142855630886606,2.616661455396401,0.5165717939479704,10.0,-
5.786521366797795,0.38475541454553674,2.501506836069302,0.9826472441222511,0.7249593300478829,-
5.568451249495487,0.49238322632427534,0.19145496177591625,0.8613945970546598,0.3458357702158908,+
0.7916943303602764,0.001267514386169566,3.284828636299697,7.720737208315269,6.7367456581662015,+
0.30296428492649186,0.0024703042716877313,6.057142057986447,10.0,4.899420784631651,-
4.1580171864348925,5.257967805239508,4.120272375107195,4.453549650248878,4.113926387741557,+
3.3979311875508715,5.457956036500508,5.986462169199463,5.6952641903179915,8.002076297498677,-
7.136096124430502,1.6195685934604254,7.847431759859335,1.1581081095284251,2.1174366030259195,+
8.081622430169736,0.4222329353087141,9.810756151195887,0.9334151804169597,0.904715357377128,-
8.681289522841166,1.1717766858030276,4.828062923971541,8.250292945870468,5.592060341057964,+
10.0,1.693528269546566,8.339715531649427,4.4286143007926295,10.0,-
5.490109699924439,0.06012826818059258,5.973660009810512,6.291057508226769,0.8493518964576185,+
2.255760870273588,0.06699011936449643,7.246812805045859,6.946814862697541,0.5389540640633858,-
5.832945496989231,2.429590668134999,6.613960756831412,8.196599746837228,1.4447083722081877,+
1.8189568189923633,3.2698921950503883,1.2955943279679518,9.444307652001905,1.2065743232295332,-
0.4123019122766247,9.692026219886241,1.1173128449777592,4.518373479145365,1.3531217627320447,+
0.6609012875488338,9.275281027090529,0.1544653637046061,4.249949752995047,2.5955050094444903,-
3.2352734733904587,5.752193432308133,2.666451721522467E-4,4.291978084258615,3.599700744841191,-
5.100565903944631,10.0,4.600097696481085E-4,4.814280255851279,6.12092690922917,+
8.807730632660366,6.874030312686581,9.246282851037178,0.6114722122418315,5.945282230972582,+
7.306416408969869,2.7147049665168432,6.9938004817217525,0.020421127985367694,6.758288339618839,-
0.9028684305736201,1.8224706906773824,7.95144917269214,6.999565919636296,4.3233861707741505,+
1.2580916103715911,3.016140099331409,10.0,9.133465789855391,5.04532277312998,-
6.393943935681387,4.815835650889179,9.58955473298522,7.613032268684943,0.824726656305973,+
9.394860282641238,8.329954170662969,10.0,10.0,1.029256450787854,-
0.546827659091843,2.4445578116762423,8.64585805978051,4.563131801611885,2.237879674741686,+
0.3015820438474941,3.0084353749359707,9.268786617719988,5.112519226427034,1.6161394094045802,-
1.4264689062831992,0.2538047092918716,8.516543771067305,5.46442142100218,4.964764139767638,+
2.083163191287742,0.22129387886480473,8.133193607621829,3.8650506076211832,6.1754541476669,-
7.9754157752348975,6.621265848250246,2.016636161338022,7.3620095053830505,2.627114208932555,+
9.689771364771763,10.0,3.298087510168535,6.752672621913195,1.8268983117785151,-
0.857742443134959,2.978787368218021,1.8229060109043638,5.458890076506728,6.135036173734502,+
1.276426608252102,5.4464578409376525,1.4507876743830281,6.6503676989784815,10.0,-
4.23824429532524,0.6746468097821767,5.204821620533361,0.16840078784631785,4.681475296693856,-
5.365805030172136,1.0768816384227657,6.76232257957577,0.2330407893444048,8.757543267050387,+
9.474250838299854,5.006407974118624,2.5151885066668522,2.7407402384312,4.829896931848811,-
6.63974001458343,0.49248733591618177,3.464360746446154,3.9510672136872227,6.376025424169234,+
5.096314956054685,4.031066596806612,0.11595884875647666,8.488835054729858,5.099387565323656,-
4.043321920241678,3.099363078809251,0.05401184399131392,4.87017404126187,7.280213365654803,+
3.095830104641503,4.599294674754157,0.8995295114756308,8.17705308199217,3.2643617618010348,+
2.9309296527018343,1.9862619140262705,0.3854671291395266,4.9124668771097575,1.0384365302198875,-
5.110523228973162,3.097855498356321,5.734521747704609,5.581702653981059,7.143499500667414,+
2.8358806862874233,4.975436038460491,4.8980962105878865,0.7408296660493907,0.9468159907667241,-
5.17479812706573,3.7176921140643304,8.468344151362436,9.907189371840053,3.795929632748626,+
6.545383497234265,6.752995085733895,10.0,10.0,5.0652311207814655,-
4.29992513166122,1.590934337547537,5.845853071012624,4.257433763362042,7.73310997719657,+
6.500961882539993,1.530449506078057,1.7916307770048203,4.076860087053163,5.896890608886978,-
4.640415123822455,1.1150849613595837,9.595661150374088,5.690469954262084,6.763443144905821,+
2.0650570243993704,1.5550279097782447,10.0,8.825391907000707,1.5320566702530851,-
2.757636529174948,2.2860809105633972,3.3201857042246052,6.45499522184526,0.5415178311106572,-
5.483853276243359,3.237920930880277,4.434391242372367,9.659648699756652,0.7004297718016214,+
3.3797895844302905,8.760061737137171,8.562307438324035,4.339379172449095,8.753916889591736,+
3.3847281181702344,10.0,9.074671526413848,3.466856466532633,9.74832716348884,-
5.759067290711015,3.5070206373076243,5.796191537871658,0.6907663352574578,8.679499327196064,+
0.5000296312647019,0.6865806336135704,5.632552310274653,0.684886428694545,0.8344046534542194,-
7.378064722570779,2.431441709057661,6.399564851182373,9.222120082376646,0.891346920136642,-
7.431330995641383,4.181553329563596,6.674453260263648,10.0,1.506570210281492,+
4.050722864493958,9.254169254460612,8.674001176584786,5.441457530285923,2.481587392627321,+
2.209748759845266,10.0,10.0,9.478685133409185,4.43565811731219,-
2.3200821825717166,9.952824018509776,3.0169710575133237,5.507922401272464,0.5013904266829283,+
0.5318868744692844,7.108809372038724,1.1180141187244539,3.0734623647263324,0.018591943395869236,-
7.964071365180226,5.610457792384761,1.3973115262463887,8.571607033435644,7.406327794165487,+
4.317581244231703,3.9694497026655893,0.9710634766983678,3.6888258905274864,2.0115212386201167,-
7.011429010917029,7.862458468174366,0.5895419079021136,4.108343298854551,7.411422597254647,-
9.97772024082273,10.0,0.6813849416064891,5.52451310976055,10.0,+
5.305928794086105,2.346673512704658,9.2488080057053,7.685570462600941,0.23769733164642814,+
2.581370876876889,1.729259700212062,10.0,2.4593307129476134,0.061915241945521116,-
9.56347884216073,0.9475573266010717,1.1243788061324989,4.205744233854047,9.714532881964592,+
10.0,0.1221206413223385,0.28583423466007507,4.848515401131869,7.415730005752492,-
9.277141565776507,5.332938586473332,3.561518772295976,1.481059256296845,0.23951088572329748,+
10.0,8.045594712503298,0.37700243556879376,1.9434175724029557,0.46305410144260156,-
2.7137775468812886,4.310307747429515,3.9585985256263676,5.84558179315675,2.978160781245025,-
2.5226179009130396,0.5700007384824184,2.0432314243567173,10.0,2.315506165360078,+
6.854747382016137,5.639489521968688,5.978821450614995,5.037545586268523,1.8017300435755212,+
10.0,9.415444729831638,2.62438065131722,8.581052228193881,0.11687955300961929,-
3.911964141403268,5.623741841135027,8.351742838149166,6.857307918628473,6.687904097575882,-
3.467249910665584,7.398976189977925,5.394102576525045,6.9962918994663985,10.0,+
9.502233129512266,9.674892508521069,9.103139356579424,6.9496441442744725,9.026824261732664,+
1.9366857409119485,1.8158733119996475,7.487493415828541,3.240383404931638,1.195227045567471,-
3.6051664686587346,3.521480892220673,5.19621798468706,3.24237226350671,2.8034677138881015,+
6.155411131876797,4.127661085727663,0.5404568563568568,1.0951250520679694,4.357194043022756,-
1.8040247852928948,0.10744768826267181,9.750375664957348,9.80896037885408,4.8612577565483,-
1.9410910417263532,0.11568798435863265,10.0,10.0,8.383833862272239,+
1.3874388601902987,0.08969730270747545,9.641098369931646,4.433750743090096,8.321176264898106,+
0.8458905206793857,0.12372585128697322,9.767267413113489,5.695030452642097,10.0,-
1.0311196268232303,7.433626852531644,3.3461278031794315,4.5711447471407105,4.8463008007271,+
1.6359559527316418,9.54258438528336,4.759621102228339,5.327861690365487,9.304003064128796,-
0.8111041902365168,0.5864158231374794,0.5865559962653322,2.321063591330338,8.04342840384759,+
0.4730459668866982,0.40597526843007614,0.1505406395396462,3.184016229409957,9.437954011678807,-
0.008570554017057752,0.24447963596847977,5.009017394214862,7.219346859074709,6.7074412747504555,+
0.006830678534635884,0.19804817340705896,8.159336452450173,0.23668467266953225,6.879492464094532,-
1.4162283597350567,6.3282015492642465,3.4537711580923594,1.2321117811675308,4.939688902479039,+
2.39149570895219,10.0,2.1727173047612207,0.8841515905566134,2.7447415546990865,-
8.896696083924851,0.7017259453066094,0.6326143715579491,6.504227853694394,5.662068138894611,+
10.0,0.8130498749670912,0.43424247037626035,10.0,7.8620196417623935,-
7.671961581470937,8.3942739767147,0.33716532404338695,2.974355417265496,7.7721632905762315,-
9.62470670045636,10.0,0.3537932609546193,3.155045276273401,10.0,+
1.1739923478887493,2.7465739874871433,8.834866525214903,2.56684481417384,7.376337516622145,-
1.9017595562034353,5.045812732159897,3.5578819699950115,1.0055573609199362,7.74422977556552,+
8.464846070999805,3.943093834620215,5.032057643128254,9.827985045079963,1.3756128780758037,+
8.332197042718345,2.2539634167587725,2.5084505193744753,4.079806981835328,1.2753861229175127,-
2.715192792930894,0.5156022564654394,1.4980011800480186,3.0330817432280996,8.081468665117175,+
2.095076112164334,0.1381831967113387,0.09590800909155876,0.7678865082883312,4.007638023026116,-
9.13563338819358,6.481777853414323,7.955534514911433,7.453556812124003,4.72281482605672,+
10.0,1.25575944334466,5.3688744772469885,8.37929860479287,3.0008330814550757,-
5.57708316476373,4.184290912280789,8.24053162519602,5.29945903942025,7.479283241896264,+
3.6255404326566536,0.5004541776786522,10.0,5.65606850471213,1.9688513299984258,-
2.869128857313541,3.186406566284613,9.145678516676881,3.5763140411475014,0.5100156268004985,-
4.5254915700765475,2.7629817064158275,2.9111489883167785,0.47485173758131505,0.44703981172931595,+
3.676432817097477,8.328621821785006,8.533288340310865,1.1799485627220485,0.44496178400261877,+
1.9355754863314527,10.0,10.0,0.6545760482141387,0.011906289363690249,-
5.10361364244086,1.315745268734726,9.883390645114412,7.293285099919022,7.346549392087924,+
9.73576471455783,2.1191481742993283,10.0,10.0,2.7494887380788438,-
1.1316063445004765,0.037339045102621204,9.779318076715162,9.148711508171633,6.754672138050848,-
1.061447489279744,0.027370564009448765,0.05434198877141688,10.0,6.576082299347545,+
0.9946672455356464,9.135635390729858,0.35320787862201164,8.49324943015721,8.56269237190281,-
1.3614427765866433,9.814719577802702,0.5211882771572989,10.0,9.696802241701015,+
9.74086760366567,8.187096658581513,2.6038273976886495,5.548412990462618,7.354006602977092,+
9.72495181550516,7.417551855745448,2.4846853235630046,1.4492577479985445,6.598721117413439,-
3.3820266792886544,3.1742239607124425,7.946924757026589,6.44501055491925,6.616763720949212,+
3.6128755988046217,3.807591510469355,10.0,9.094488638387475,10.0,-
1.1360365926502536,0.018593500187271683,3.2780099625998513,8.833022138072096,0.8107534737007815,+
1.3841236977423195,0.033642733809039295,4.992606402163842,8.298563379126566,1.1967132028116867,-
2.432094796930666,4.960312794424525,7.628871337830735,2.314317774818615,2.3067013081604735,+
4.0661957845037024,6.707574314493276,10.0,3.254982907031676,3.836221647856937,-
8.180781820208896,7.518391724172951,1.6990651992808858,0.014347546230877306,4.037014858225286,+
10.0,7.95902645638325,2.848046256618467,0.0017410914286755674,8.029446968271985,-
3.7170556148846687,1.235099415739287,6.51889086943902,3.158289744844623,7.06169458208411,+
2.4292773697805443,0.6223133982746183,5.338317266440316,1.5227076456126944,6.397846966145664,-
0.6428519223394991,9.40405715971295,9.739569922167894,5.047241487003431,0.6439457325008224,-
1.0187774227622535,10.0,10.0,8.758589618016737,0.6615313322374259,+
3.103486240818408,9.387072749950088,4.976935036780468,5.925647286718175,7.833171713782391,-
0.8739447434108812,6.281469817750075,3.996546563082446,10.0,2.981809163974554,+
2.764578858412917,5.960191528601889,2.917050990277427,7.779226992852229,3.1864848478662444,+
3.079158254092215,10.0,3.3274030250728135,10.0,1.0193243097535405,-
1.1772412138623467,9.77613667042066,7.017740799932061,1.8670428432882546,8.845630227541779,+
0.31094745670801366,7.028152592106817,10.0,1.1184353601824777,10.0,-
0.19119890586963395,4.30852212757129,1.7035290794350122,8.35674661804962,8.566548353432271,-
0.04869033002363975,3.7664241606010487,2.641711292983092,8.208114227970142,8.377246413509441,+
9.593375406719405,3.155443784745372,3.477918599943229,3.4930139336423007,6.728719623323326,+
7.209364108575338,4.439144485907249,4.192795658718526,5.032236706178116,10.0,-
0.692753555889789,3.4209240431466514,3.142947856649619,0.5576468688850789,3.5543704895800845,-
0.48872570056380743,1.9249479681636539,4.259440736833229,0.6842453844763787,4.763231576987648,+
5.1047656746403325,3.1567520221412018,2.500362817857671,9.736588624518166,0.9170157593176631,-
6.493950741514917,3.035304976309411,1.6535057342458888,7.005855155056959,0.6723437186079416,+
7.647669270141998,7.728003558574969,5.657451009211407,4.521876399949259,7.726437450021625,-
5.10681554820251,3.204376048428738,0.20255378758177867,7.179147894176272,1.8605286352864348,+
0.33096913906827674,8.290285404923047,6.1742765239504855,7.306903847532906,9.99524531204169,+
0.12841290402305483,6.9610768098668245,10.0,9.069626493773873,2.7586638699692574,-
0.5990158109687993,6.785458950954194,1.91544302997681,8.013800581274634,3.340747363432696,-
0.9009823507706806,0.7203097755876723,1.750614504017015,8.615776420777486,3.3824589904240154,+
3.803356930149646,8.822831219064051,7.405230908253829,7.007503469777966,4.871913402009818,+
5.771984628390484,4.723466861632492,7.918618931453047,10.0,6.796072079335822,-
8.632077434761372,7.272254538568919,8.900499685175287,4.9955321952753735,5.231016287741438,-
10.0,8.18345728028326,10.0,0.9907089053523852,5.050830659925274,+
4.212281615094609,1.9111262632638193,0.8770525662383366,9.786065649943009,3.6375399191671,+
2.922443442643793,0.3954714223662013,0.2567175286295384,9.229656409967367,1.671479494539432,-
2.3529646211004107,8.372146648813745,7.711897289201701,0.76324810488684,6.532111777942976,+
1.9566757251110503,6.575998532385849,3.66566085652467,0.8040989880354437,0.6757144296381677,-
4.507621951077643,7.405316135374319,1.6071216958437828,5.849373792367409,8.333899213122796,+
2.195073525912286,4.133822919535496,0.7490099890975832,1.6737561725481545,7.256124469149927,-
3.4106473710111884,2.7454750431670396,7.331807498820503,0.3762098748545173,5.662739679944856,-
1.6074420285175666,0.16433249967456323,10.0,0.3418826318552245,0.7309074099662063,+
6.867217163860672,5.734196078922195,6.827156857888115,5.213626738294497,5.083064886012393,+
1.0344772171538708,5.535352724238297,4.848452982439179,0.13621307995313597,3.774567728295801,-
0.999613392642188,1.1157767922597006,0.538571480297817,2.3341557527763515,9.14063128878204,+
0.4093450591392793,1.8503935157045641,0.9863224387703489,3.5371053491587117,10.0,-
9.082104254075547,3.2417107088553188,4.75156935935739,8.869002426497321,4.7016458285930245,+
9.491936521142502,6.263187724857478,5.739640074882487,1.1142383867464136,8.798869634577178,-
2.408010187609645,8.594834722392012,3.5368622805813157,2.747325245411089,3.2461363608883076,-
4.2868111223746155,8.966642314436763,6.920744880183902,4.731906792983775,4.64897206354541,+
5.008662543173251,0.5803412536313401,0.46400191436394844,9.703085152014292,9.874085608538923,+
4.0569861813174795,0.44352303768591234,0.06759659319023324,4.852880731632031,5.681974867376956,-
2.0070288210651563,8.264907768051398,1.2278349795348165,7.859311171373118,0.630552003194994,+
1.9934706758041076,1.1638019366014927,0.375573769499352,8.48306288807561,0.042274274739513056,-
4.315206453949486,1.6518488322838654,8.119627108378419,3.756967309689019,6.741590978546602,-
7.0833330295565835,2.6530082788962828,10.0,7.352244238936893,7.268687386360401,+
4.738745625401774,4.862752188485339,6.276865218881249,9.553836888959257,0.17415179419224103,+
8.539286154901317,0.1703336268183836,2.559390967098124,6.832790229322874,0.030091724643254228,-
0.14497362468066655,8.903036248426877,1.694420014643473,4.8569476961447755,1.5529030014875533,+
0.1071597052375809,10.0,0.1779182001864979,2.674956445308598,3.00643588063999,-
7.462038819946606,7.298807885786017,4.841636193198024,9.960594090674878,6.097201214910318,+
10.0,10.0,1.7223530236163187,0.20275757281031323,10.0,-
3.274932605014448,1.7513761815616835,0.3998222906799187,7.477067387852495,2.0974438480039472,+
4.00585427820595,1.4384696041284855,0.14753399151221275,7.601731683823257,0.4785765505816058,-
0.04705909255134588,8.017647092683527,5.555391879842856,1.0589425029627808,8.867852631881302,+
0.08908169043188974,5.838806548208827,5.666530355121046,1.1507968213350017,10.0,-
0.6609386636422454,1.4931153333685088,3.3777311691384293,7.415363118003173,8.8530112919509,+
0.9779155936805055,1.6737292716848837,4.6912624153054665,3.075347108362847,10.0,-
7.969583383587296,8.608560133290194,7.866467533904617,8.646479621723262,4.247202554145786,+
5.663459653305344,1.755384614289245,5.842484594450985,6.3803332226606155,7.507420022053838,-
6.643401338282997,8.747806966187767,1.219891884108123,1.3033686378894171,3.3142981876756386,+
0.44765745275618346,10.0,0.15981476141134868,1.770810841803753,0.29247680784613267,-
3.0072435536215156,7.521733530866551,0.23588802628795036,1.5605221652929657,7.998356962529773,+
4.725590715025623,7.0463106496463475,0.006545974638383677,1.5509027114185974,10.0,-
3.895683683957314,6.622591092230037,8.19478343870895,0.2709426627862854,4.670382398426156,+
0.14715081060474444,6.425458324748856,10.0,0.4875946781126652,2.753909151970734,-
0.9133029853459063,5.099871563615688,1.732316800595033,7.437285724325213,3.8451227932147902,+
0.505908225407788,9.935058550489106,0.0166424265567495,9.287165632411895,2.1742062279081678,-
0.7429819927189718,6.596575747630493,4.338458538090339,2.0210628245743023,4.7559908999182685,+
1.194557866169631,2.7753595082460887,6.8934155370224595,0.5636248724582569,9.428748528882172,-
9.130469921042083,3.5213156229468323,2.9592765177985427,3.8151325598238395,7.149748645606687,+
6.289318996952951,0.6532657079913717,2.2029619399028633,0.3096450038740476,3.2953754671843836,-
3.799181666653916,4.100832066710093,8.093567420123257,2.2993316395463923,5.4374116332016325,+
2.117308787562644,1.6142290102630614,3.804863158066895,1.7154107304756432,4.015482934822639,-
9.9630693624917,2.986744500381157,4.27588880382109,1.1393120487766606,9.349257260419783,+
10.0,0.2155383603368966,2.170665918188616,0.32983444847996224,6.974139300152835,-
6.435388774443269,1.1467256682247173,7.635843048702183,5.125434774770876,0.6279602862030687,+
4.5246342208655355,0.24495044658713255,0.7126381396550385,3.103772363939971,0.5017367189002094,-
3.378565952006307,5.598097973964738,9.634151160108075,1.4889310420493584,7.096387238792351,-
1.2573866240327174,3.8171198750916453,8.9446677806272,1.6838797350893493,7.090009284036747,+
9.380971585273315,3.744163434487988,3.654365134100448,5.87573767196866,0.39528097467963597,+
3.376700496023795,0.8801923373440517,1.430036619654102,3.500553373839639,0.09455708816783212,-
7.343664135322488,7.255971542515779,2.220871949618013,5.932364448141623,3.6314445132668727,-
1.3099526833533974,1.316981642376109,0.6696264766472045,9.963936365819661,2.9895236759635724,+
8.444660179281167,9.269726980754923,4.282464419794475,2.037308316119036,6.470463813319418,+
10.0,0.7502309755427942,5.5843471046003215,2.7855843805498255,10.0,-
0.9018955191645106,0.31271787841261833,5.843638791605623,6.82195969821178,2.709293890929519,+
1.6463657610885278,0.5138545228779182,3.1633261799689074,10.0,5.169934683938141,-
0.3456503642753739,7.240525650444089,5.891426630963469,8.193501263880535,0.8491527935374676,+
0.28037990903797344,7.1244362538306465,6.0136803124674065,8.2811035743127,0.7746522873300927,-
6.362193229066189,2.797482345460891,0.7311335694068488,2.2334896008777063,4.991391150419034,+
4.499681154549826,2.253884849678821,0.5203082395118347,0.29846080327012486,3.2280038341705817,-
2.3307679594487274,9.099947578671491,9.603915929781776,4.692253786973133,0.017868456146542533,-
2.815068077122989,2.5100232846748582,2.624285976607093,0.6414365818108442,0.007465616251326902,+
8.043279359828606,5.7157220432980695,4.785646920654464,5.56780177400367,5.741042674225042,+
4.773818846864399,1.2505509807298958,3.7152129605885436,5.021652509510243,4.546496549188838,-
5.467260452125507,3.5287982759893346,9.90548761789597,0.0273087782060355,1.1228840811671181,+
2.869106478972485,3.0185415555353794,10.0,0.029957196423956573,0.8321354208590572,-
8.879376728864294,3.042191700135116,9.672985210690019,9.258986098974036,6.1248177500096,+
6.551281763129975,0.3917175272707219,10.0,6.986905030853734,5.28960252335813,-
2.8216535003088827,0.7924581152480514,6.699291041216884,3.9914478146349164,5.359545653206288,-
3.7027303513914287,1.4623256776506166,9.808724525584799,7.541706078696224,6.862169938220344,+
2.6851174948672227,1.733674953275699,6.85537218814099,9.079922219907475,9.717986977490664,-
0.05317682452180305,1.9502025917377979,10.0,2.673564419403521,10.0,+
9.11393597178975,7.138950728294079,2.079438898304715,7.6396714906965855,8.787923791011709,-
10.0,10.0,3.4976970936913006,3.5765222621881207,3.3872991872638596,+
2.157364303449436,1.3510251933630324,6.587998916333043,1.8232587896654062,6.143314678199417,-
1.112537438793071,2.282476385011847,10.0,2.4435981914046763,4.252544570259788,+
8.631799652797987,7.574478162621732,4.640246654690955,5.629189583694084,4.7695799239913805,+
1.4391327056044119,6.540344928671297,2.509564384103743,1.9103743351796898,4.203078347521526,-
9.53320860191782,8.544516138132819,7.556993822141137,9.913093572391032,2.1215479952216687,-
10.0,10.0,10.0,10.0,3.1530283923322506,+
7.320050070866177,0.36352534063981645,4.125279898842856,2.282663489448691,9.060229336929481,+
5.610774698366286,0.1892958066237985,2.8949518746787133,0.25146108645039994,5.115128640675105,-
1.0768552763461814,3.9377453888123535,3.9932308428586873,6.578764507680662,3.67280122578433,-
1.2928391944190079,7.637545714008019,2.0677935659402285,1.3751353814269842,6.180048663784793,+
0.049574469626739726,2.4307505732306147,8.847762298232844,6.620359470403235,5.624050175742289,-
0.0855046918916292,4.850239502078336,10.0,10.0,5.770344314468266,+
1.5484723918497267,8.569829948762006,9.48834320242951,9.492717525585517,1.4462051329041226,+
2.3397229014644987,10.0,6.222534932866256,10.0,1.9501428022484826,-
6.801616781986772,6.714014281018756,3.7804912825196855,0.38282255346477667,8.011221269467248,+
10.0,7.518130764950024,5.3284589941302,0.20001033963665713,10.0,-
3.4972527717743738,2.0185584083744845,7.492799510820909,2.3520235923284494,7.3982534457449365,-
3.7407293842831977,0.07460099708507627,0.6013123939526227,0.8475978422938287,1.9645571955466488,+
6.001697907576908,6.27659186725623,6.740201345899445,7.32762458316722,0.40098596348868476,+
4.2314073176324625,9.582201425001658,1.663427502077938,10.0,0.14819986565235657,-
0.32085054866201945,7.258934246465473,9.99146709415795,2.054264756714966,4.123349739767843,+
0.35921448118814553,5.023794173249352,10.0,3.640484578562485,4.1305120434754405,-
8.91286524466132,5.929699451323716,3.871908375873244,4.028434717703945,2.2798225868899724,-
10.0,10.0,4.0337012379045305,7.692079041962913,2.656763571336598,+
1.5904955074897154,7.236568926798837,3.038040395745357,1.7161889881971926,6.414872146270182,+
1.4070098862241005,0.11393412054174386,1.9744218981902608,0.9918224365766797,2.4676910139215047,-
9.512558157353277,4.80118588655777,3.264620856101428,3.52186447066974,9.714139489434455,+
10.0,2.004512214997089,0.9640195581616717,4.99823114409122,2.6803613897394465,-
6.09603845886137,9.392341403466546,5.676634473601924,1.916082798430726,9.542689704916297,+
1.980609001572641,0.6830222068619938,0.45990929026759675,0.3654463519130491,2.1870549987782826,-
6.162427389682001,0.2630230260815447,8.307312340178566,4.240330530334231,7.069509722523383,+
10.0,0.5252558285168492,10.0,1.341872759545847,0.5936404280542434,-
4.77669519363268,1.7647093288049431,0.1679275280094905,1.5182739068461926,9.345658584030627,-
5.921825087813136,3.1287157308193327,0.2931884360675311,1.5647000624857395,10.0,+
7.684695237739016,8.774248544960225,9.3455157395408,3.9315105389162133,0.6179766536436515,-
8.076187620904836,10.0,10.0,7.025656877606063,1.0888789036675783,+
3.9724319933532994,0.21973750955665228,1.316657222510914,7.581221935941532,5.093825802705769,+
7.7287042831854675,0.12985948156391455,1.5582196168372402,10.0,8.930271715858874,-
6.277994205704022,7.568630218639973,8.060439656187718,1.5561881198989969,2.7871523280514943,+
10.0,7.502407026282443,2.7327327691003616,2.8460835882246815,2.3836055238218044,-
6.358560339176668,1.0469689036961627,8.720511102416651,1.6841056501352092,9.424028114919311,+
8.201275107230344,0.9593314596774679,3.7630218650780383,1.0518810396309157,10.0,-
4.440376747114608,0.6935380039822914,4.8709700560694715,1.6052894229767456,3.8623455697631415,-
1.4608012279696858,0.8840825552116569,5.013436015937426,1.2340242390773286,5.747145163155788,+
0.5583510377844392,8.0671693115645,4.256774950708011,7.534900254544718,8.777935682865467,-
0.9725092424641989,7.9521990886234155,2.7592634908844595,4.237608636882747,8.170006635058868,+
6.5045972626539585,3.760224599443548,4.0800337836607525,0.6014297009708991,3.318241354561425,-
4.146733768259802,1.857134107453213,7.912073183422716,0.09129236460846847,2.4269356879030743,+
0.7768058431676872,6.772519460229544,6.225072840791284,3.2797933779995225,3.491438639825545,-
0.21590795786013378,10.0,9.743615773645528,1.2352307264878066,6.033310330431364,+
1.3509735396057387,0.5142298772998033,3.7087814772336203,1.4415955335094455,8.797148826578553,-
0.3417801340657895,0.011968392963472527,0.1891215176218465,2.649792971542406,8.732410131324412,+
2.378538454599286,6.163185124542178,1.9605328293410251,9.337409463039123,0.39928317876422037,-
3.454802283422412,10.0,2.142333874731415,10.0,0.42546587393785834,+
3.1513268483793553,1.105760283019691,5.396844867598228,8.24091580212447,0.39721884975321586,-
3.3301080034191366,0.6836425360789383,6.797447454339741,10.0,0.3551557294887057,+
1.200977242303779,3.6604829536916528,6.427152125534144,2.3550352711143416,6.2518623769503225,+
0.5494665342269924,3.0048926481830134,4.829773690502466,2.7431125822798585,6.807247166941117,-
8.159696610004012,7.297246715302952,1.385718878420109,1.516409763453419,4.389461784915557,-
10.0,10.0,2.0016935776941787,1.9056238049381944,4.824591345023835,+
2.738975698071928,5.044944965257688,7.0649404605164525,5.9742243790145535,1.4386171220549726,+
4.926884095993745,9.25509165854935,0.47275149406487693,7.993573379732957,2.777249800060901,-
6.548299666263528,7.814987645152037,2.6245907788548895,0.24158033283056102,0.7297191906627698,+
3.5213578359212865,4.367148106987184,2.577890674967334,0.05933899909639435,0.6494194365404362,-
2.8285027009433925,2.6518890744160806,2.667948095336331,5.261376892840883,2.432104731231677,+
4.684831936546083,4.207758459230268,4.484889669942321,7.561310969793794,1.3456767012696802,-
8.015872762165618,4.57384485376579,9.765282164452465,1.7363744999346686,2.7170327071437117,+
5.403346107298397,2.748327484447082,2.2293918685696634,0.676302708073888,1.291051814194853,-
1.6906784939800257,8.060913814293393,9.965735473530767,8.033826285583235,9.988106167118055,+
1.506475658938995,7.818626763083433,1.4059932129691792,5.93943945722506,0.2773542283455851,-
1.9680990363291384,2.4435063632695986,3.2029020747173975,0.4714267043078779,1.0046246001864545,+
1.4901667725733319,3.9580637905394274,2.278506803701724,0.4470533292602583,1.8706705412102735,-
2.490717299117775,6.079935896306341,2.176967932668543,4.267324638805313,2.356497946075453,+
2.9740981616692395,7.3201418457612535,3.592868551837115,2.6882605447248262,2.856907997220552,-
6.022573941740466,4.323033499397506,4.71341584268827,0.15419732694623933,2.290724421663847,+
2.949441261777368,4.058377012474088,3.9849360992927862,0.30813780364420873,2.481402723723819,-
9.644786602920853,6.2758221410414965,4.598290672481924,1.6573881653850953,7.889429108777291,-
5.835989047705703,6.292986582529034,2.6709483326025976,0.13611677749113907,1.8004954460016953,+
4.046397306702454,4.568519948488305,7.947238278893691,3.4006631426588108,4.888470492263933,-
1.8871354761336667,1.8776489831522094,1.5599582144936628,4.284654136775625,3.256997661607787,+
4.697647291677457,3.7171680961442357,3.3481777516621856,2.66460687930419,8.27538954161074,+
5.339184940254598,4.6656695063873785,6.10428072009313,4.741396972419742,7.801542114592208,-
6.36083842907595,8.677654665691945,0.8747322284108772,6.786530165597649,0.9446564561633652,+
6.4699182478913455,8.490003859823638,0.9822490316396305,10.0,1.2510133919356097,-
5.311146276937896,7.5377399371740195,2.4907587503563375,8.557563425038534,0.5178606482183157,-
1.614051632030391,2.9518667497233246,0.41846457538089604,9.844187655210991,0.5115643053709437,+
9.72281325530448,9.321642743471024,8.790165847683516,5.4445329753858465,1.9800990319991796,+
2.0157041550574277,3.3628089578260756,5.961557255148701,2.602162926942877,0.006482593055727952,-
1.167019324065387,7.932782630926686,8.801809687702564,1.548602837142442,5.620249789321278,+
2.0836910945768623,1.415793897170428,10.0,2.7637845073316982,10.0,-
8.227420617377344,7.530883267453559,8.118472679242373,7.0590407011732745,1.6112601118420078,+
4.521904019311766,10.0,10.0,3.8513951752560995,3.1441768890035515,-
3.9900619659413863,9.490567516763532,9.336260146301852,1.421301232613319,2.899941272528479,+
1.2594361314768368,10.0,9.649879032148274,0.22003325786760392,1.4880340199554645,-
4.591787829149729,6.1711105257104295,9.482015236216201,6.305605565181976,2.8386968125767797,+
6.6680691650336135,1.1638639286545327,10.0,10.0,4.917628159099273,-
3.27629998990819,9.439377521303319,5.699184300813048,9.149066360524074,9.797846374307792,+
0.08504731014129926,7.190906757603284,8.897502054138005,4.468486149614496,10.0,-
6.513327603622764,9.2320644619904,2.5604248762251833,4.114537858062156,5.890350720740409,-
10.0,10.0,3.519642096593419,6.469207399240562,10.0,+
6.722608958938084,8.489746340698323,7.558845188514588,0.8703083686350133,9.41883639778132,-
6.560335563201335,3.7414914528347447,10.0,0.36279119512521,8.710359861161196,+
0.21506795776194187,3.7364122200805303,2.5538769916685733,1.4064981774841312,8.29710369067467,+
0.12202306164594139,5.230722127453697,2.0976139231221262,2.0294498458985415,0.0179745646200556,-
3.548312360695115,9.576105656777678,4.671378434409749,2.359357849776943,3.8920292824841543,+
2.7726745254010674,8.244044043016885,1.5594933547929388,0.28136473822463576,3.2232256809920212,-
2.5503291275136375,0.19673427175858405,5.748664260182949,4.220379106633244,9.716533479346984,-
1.7726657411053952,0.021038996269836907,6.8382631038948,0.042764266728431886,4.577441396416508,+
1.3784136294494054,5.866184033354088,7.2532007902373845,0.890696987509052,2.148223897468017,-
0.619189327078662,1.573148796250842,2.691796618388259,0.3393872406387956,2.6859864070776878,+
9.471756624776598,4.690253079997166,4.382421220347716,7.715282193532201,2.5799228921924797,-
10.0,8.036844034081714,6.4841971497418545,8.955121104396422,4.802646683767901,+
9.684887304612005,9.825120053953672,1.2390003109647296,4.577743442099509,4.082352168502558,-
10.0,10.0,1.6396266990264066,8.408111196787829,4.70698724776488,+
6.632018954054794,0.8806532227104114,4.946764820980385,7.216051658277356,8.122465035479724,-
5.665091770177854,0.5285754617822708,2.2094795029911256,7.494763445239531,3.758578857682933,+
2.5781160442066375,8.699895162724005,4.8570967683075015,3.1676289697498463,9.511557596064819,+
2.9488877969743847,9.914026695559032,4.9394159169912335,5.815668065445288,10.0,-
7.9395082278025395,8.664211401577123,8.959920278416776,2.071372062890793,6.482284019655259,+
0.18633367088942232,10.0,4.427397274480165,2.9060521575032237,10.0,-
2.1630096622127737,9.624335674319138,4.557600130983434,9.613987244934727,7.903503011276076,-
3.3732196244989234,10.0,4.693674755027258,10.0,10.0,+
4.35532413458604,3.7450939696984276,9.721279906890816,6.386773537482688,8.965997359145126,+
8.188507298460527,6.791050904400994,5.230915154615379,1.2113607507620485,1.2925796235769198,-
2.7028787118507305,6.854620124785155,5.855604335142952,0.037660238132289914,4.501878623492011,+
3.329918715776383,9.0581095971328,8.535754614839297,0.07494580724468722,4.669224337213281,-
3.3410283359856496,5.372657102620025,6.169514209134249,0.046106664687931564,9.281729651885184,-
5.2715989956361415,10.0,10.0,0.08069780487217428,10.0,+
1.1952319680853918,9.59062909864424,6.636149987563655,3.5232230019107447,5.9811806641807,-
1.0310156063907798,10.0,5.6481734196379145,3.007780702327816,2.6835557641065804,+
9.680074762129445,0.01617585668125976,9.187111348834492,0.681107640509877,5.869565359511384,+
9.07000740803734,0.02780959948506086,4.930025854154909,0.0402088920236057,2.3205453885242298,-
9.907148796454944,9.239842172393576,8.988516236212206,9.109315379813053,4.441606004985448,-
10.0,10.0,10.0,10.0,5.066366760633708,+
0.9088540503358034,8.146396907039376,4.969596286133062,5.3463102724636276,2.7309105429959124,-
1.2570337024047824,6.077445004894789,6.048984231665141,0.44305868394570247,4.639367603449517,+
3.9092869431792074,0.5384433239116182,8.578651331445272,8.919105546141315,1.953764542540275,+
2.237292058064969,0.6872187181157191,7.778674984634027,9.274285739972406,0.7844723941305695,-
6.573508550176514,5.856675505226287,4.8149087725544595,2.476488334469625,5.476582481682657,+
1.8858057887876634,2.227285564628494,2.4268917620927737,2.0558624479649033,4.796231049222407,-
2.908244705684535,2.691007820212936,0.49851470842462775,2.036403312189259,0.413606520501012,+
0.03504052182813507,1.270478950384995,0.3028117160472036,1.705229421900475,0.06891760959064931,-
8.14947257284806,2.0118587834332056,6.183837052727678,7.36532080501565,7.323382340948852,+
10.0,3.094700223870493,7.0477376530293405,9.768298743331368,3.600756567554596,-
8.986247517431101,8.744079290614897,5.862382743359627,6.342582145698092,4.764392119065071,+
10.0,10.0,4.402250323361299,10.0,7.465568640507766,-
0.09421103787447316,9.157393541283549,3.354706152432241,3.3420539264133966,8.748487060989444,+
0.10809979835270894,8.453635735233737,4.598958192211351,0.8586469698619201,10.0,-
6.261182101025162,8.770812834219772,6.005840230219913,4.938073305877052,4.368046274161986,+
4.197556158665947,5.763409173792241,3.2864908608118566,6.812505485683461,3.429632716329275,-
5.180118336459364,9.050937669313733,5.921251343513193,0.39917142443520404,3.8791253592726003,+
7.854493949157291,9.090222470796085,7.928205946739012,0.39452343105895404,7.233739483738872,-
7.807327600070135,6.309472049114103,0.2761975767936231,4.216145229042335,0.01083022272188039,+
1.5408255032891143,4.678930814173916,0.21638436021422133,1.8930521813227832,0.0046689025725481755,-
8.318886375189114,5.152408793637847,8.607230446040985,3.546286175608496,8.68133411773319,-
10.0,6.186020949172325,10.0,5.928625156981536,10.0,+
9.420709323378464,7.734020948981462,4.415977480662164,6.426070702622615,9.076674533752074,+
9.160845556803896,0.6484491133468164,0.3762116973882541,5.872316652135112,5.100239271280061,-
9.937169744290104,9.241259762272216,3.525278141196544,8.032080520411625,8.021082372326774,+
5.466699001710736,6.505724324291665,1.7882483325550997,10.0,10.0,-
4.679509255317214,0.01775364156582193,9.1325008008857,7.374684602902795,6.197990795179966,+
6.830090810273263,0.01581346711460888,10.0,4.814042894387295,6.031087067630899,-
1.4198519482087502,9.81257308246569,8.994709038434266,2.603661706839717,8.242490046822448,-
2.5264971788327966,10.0,10.0,3.3990911621623128,10.0,+
9.088412167078964,6.118688971310274,4.215229477510121,2.5380173851342347,7.293304958465575,+
10.0,3.7133223836493556,6.9438917127961854,3.6236631271522906,10.0,-
2.525134914144852,7.105929181051903,1.7449405608789714,9.683347134609226,7.4242925636769534,+
3.6282656902931074,6.860291888850819,0.5563458171528834,0.23670273400647818,2.08924768444863,-
0.08654199277594699,9.240073052827599,6.1503881375240255,0.30770874452548447,8.006835463868633,+
0.09013748549364803,10.0,8.83141763902897,0.07792064388006854,10.0,-
1.5926772282737667,2.7679162505339603,0.5536559003024599,5.034369375100266,4.668376289113318,+
2.3058341535284694,3.9382919722678826,0.9737709643915838,9.029153455223376,7.990341159201671,-
6.050936313237679,2.823958398781116,5.715856907017896,0.08161673034190797,0.7376494957132396,-
6.926410770915141,3.792836797097255,8.346029117423535,0.10961317578982366,1.3841087262828513,+
2.6763165983368173,0.19932119693755856,2.6995321093196054,5.842890062681263,5.936060254411309,+
0.9781209863598397,0.04415593312632094,2.4054427333530937,9.699806364506165,8.491238078682743,-
6.491715832584792,6.492369392819109,1.7601111240840162,8.734523469440616,6.324303888396692,+
10.0,6.432477349278093,3.2448287553733244,10.0,10.0,-
9.241834027866677,3.77053825881964,8.598503226614282,5.120777162525034,8.340674085958291,+
7.357525763614455,3.938625525574277,10.0,2.339419865647283,10.0,-
4.489357133041132,2.2501540827024016,5.371650692741046,7.755773009820111,6.1696363218113,+
0.41684331233759236,3.144886597345184,1.9085413101897835,3.2888820487905375,0.9714277334268552,-
8.379820898841539,5.805023350832562,3.135815453730392,5.106585980391469,5.647857629063628,-
8.383231126969683,9.464377108447039,4.73235480981285,5.231739385046533,8.614839369412657,+
6.4832150347381825,8.531083148098816,2.8662167010411266,5.998650252602399,9.779178896332327,-
1.8433794675614898,7.297340968483945,4.9518115602788475,3.9586606834842804,7.930823777267869,+
4.179412279525562,1.9060209590656385,9.486693781997227,0.4912869296820854,4.830525387013362,+
7.5461691025461874,1.417870248258465,9.468491828886503,0.30375335899743683,5.902900302518467,-
4.977852079617151,0.3484547554570594,9.416926052095443,0.5401328574778042,3.901521082537797,+
9.121398977515476,0.42107224663202997,1.5981705234835142,0.794257442965963,3.0613833365973333,-
0.03869294533543566,3.0730182355078863,8.07255117487671,2.2029601249923267,9.658743068131498,+
0.007328685768291111,0.28439586798204053,10.0,2.2266950417977087,10.0,-
7.057779599922726,1.7099666654015366,5.3240820863366,8.827245279590516,5.758221130235603,+
6.458374608781907,0.4996913222344244,2.7740311673290687,0.5641421958538265,4.370189068287102,-
1.60684540628251,5.832561079443414,2.3463690180623162,0.5258962151917512,5.1374841716905575,-
2.1323166254152706,10.0,2.2404142665740916,0.8133836515316917,2.230740952827402,+
2.3892343131473948,5.260836797245388,1.0082400285104698,9.911813113040782,7.881188159268743,-
0.8795083367288974,8.929961251349791,1.4962829096892485,10.0,4.510924178587696,+
1.9568213372299315,9.975981605576532,4.556767845548869,0.9753548737595952,0.12990195124978565,+
0.5056118655647598,9.700799521344532,3.728908457735551,0.1614777973420474,0.09641173297672936,-
7.703090342692745,7.731332488632267,9.719314888816303,1.6038037946866757,7.610897384795434,+
2.4961535721015573,10.0,9.188496367805353,0.5414416339604239,10.0,-
9.355578044886256,8.108718712863537,6.615947667902375,0.7942894501459019,7.270385494409005,+
10.0,10.0,2.2230638746723064,0.2730210879275959,4.987420525315907,-
7.9865355984416775,1.470918715593128,0.20557785581915677,3.2990394199566984,5.918649274788695,+
5.984827003271942,1.418700127349941,0.2550203568247556,4.010450464424343,4.311957968978695,-
2.533092755455689,9.713477578158045,8.60935026793035,4.493432809844665,6.692381828244358,-
0.6985287793973133,9.845990509433307,10.0,2.2770153650830576,10.0,+
2.6587795866115913,0.9760352682667894,4.445592943393906,7.508592874351798,8.659189889649557,+
1.7265521365691578,1.5172498932621905,5.094779216239478,4.062403370384868,2.43057019823615,-
6.802280702506524,8.586982614878476,3.914692574652341,0.004282057596564082,4.098476685384785,-
4.753879087423766,1.352056102453219,2.1821549123248207,1.9526915397579026E-4,5.282469063617738,+
1.556530369184017,5.322052859680588,2.2489713793504142,6.888120113275845,1.8533521561276078,+
1.6946834704404503,9.799832846902518,2.8640043443647194,4.873811807748538,3.1600143388270365,-
9.56678684745183,2.2550190422900718,2.490942406934024,7.222810712706137,6.687224748931534,+
10.0,2.947642187585326,3.758600168104652,10.0,5.667532129134843,-
8.603389081380381,8.41418535748647,9.569731019646103,1.9463453322571667,6.006444993035474,+
10.0,7.702691602963977,10.0,2.3119845384280993,7.809864522694671,-
0.06574153305988317,1.3284328112316868,3.338295592774352,7.405283125576166,5.74234675571149,+
0.09985002173750356,1.8327570209689217,1.526879428318388,10.0,6.429067292881864,-
8.81112232695674,6.924070621260908,6.649818541564909,6.469031527446914,3.4954247625064827,+
10.0,9.755035912304715,2.721519025959127,5.918115707274664,1.722604697584589,-
2.1027407979773938,5.013424076723174,0.06260040275987366,3.7205815083583262,5.325191698877074,-
1.6117084264648078,9.886007208463154,0.061627052967033503,1.6898144027346316,1.2910849324433635,+
0.6096645398582778,8.76200816000946,0.4368543823363691,8.971507155681447,6.337185378358767,+
0.0679786921914588,10.0,0.5077910144097939,3.854073662144224,2.835366796659653,-
1.139452860185195,7.896926373892404,8.995028585525468,5.607671670594172,9.291800428615527,-
0.6842288908637003,7.736188290270497,6.595771780628808,8.767875728836685,9.062759658617667,+
0.49765899525421986,8.719946373779248,0.5006762854386715,6.441820626458885,1.2888491741149721,+
0.5437146418563197,10.0,0.7434066542621229,7.3662483257812275,1.556409659235653,-
6.457120627704521,7.326857603470884,8.952441859889444,6.680183521549753,8.695927522163426,+
10.0,9.209523737326617,10.0,9.93167565850412,10.0,-
8.757545544134103,1.2342157952714072,5.282997756267936,0.18477350446978513,1.4183792333254097,+
7.825632825140886,1.5133463030365157,10.0,0.2354222763384963,1.802322452853528,-
1.1908095046857203,3.5416286377921766,2.9109682952571814,4.840722638185085,0.3910999698284412,+
1.900049101523202,3.1981648391915334,0.0222093962200483,1.523662534462803,0.4807081102258245,-
5.5755048419637525,3.9832952184183434,5.634589596028162,3.661774770848647,9.03700114590443,-
9.207811327625642,0.3876111306605154,1.0250913766985625,0.7104512246374726,4.657148983676346,+
8.413676052912605,9.557634908745094,6.3951727953423765,8.29974205331215,9.369245213538223,+
10.0,10.0,0.5471519162378404,10.0,10.0,-
7.623597343497501,4.887347476902363,9.466640258736717,2.548900133041104,1.9949062683957164,-
10.0,8.217924290196898,10.0,4.99752116920874,2.3428494588876863,+
7.703316905042535,4.581885469645528,3.555258989475897,0.4585981384969573,2.406935121974363,+
10.0,6.74844733915638,6.131745909089043,0.46708094332274797,1.0484516368402663,-
8.396336889401892,8.004318758507589,2.760860975262718,2.0111697581578847,2.968026417364895,+
10.0,10.0,5.407504565337256,3.225279665400955,5.089879840475304,-
4.853687358285593,5.545509683126022,6.075735457522947,5.4038339123731465,9.038090059386871,+
2.084532918494477,3.3198034962206986,0.44216244989661807,6.189453297504459,10.0,-
8.319209130284019,4.540874650367081,3.1849423212882066,8.369806879998805,3.5254064451302347,-
10.0,7.204246760978408,3.057829504517481,10.0,1.719392709875518,+
0.15701331434930021,1.1420012541483593,0.3344362783607602,5.75058430632212,1.8490796701493473,+
0.029602381109326028,2.2356822434808308,0.5101298015585786,1.70609362305193,1.239842134378993,-
6.857114296958806,8.013663201885006,6.999161664349343,6.477440094081376,7.20490725112861,-
7.972141668335125,10.0,7.435795806438786,9.633729980839641,9.677318909321674,+
4.1974252371032605,5.358457641404499,2.110485778924386,9.966163661968205,1.8971403472906179,-
5.269985864517276,6.443195106764043,2.6864385732772433,10.0,2.7583933449026845,+
6.106361902386378,4.957917261408429,2.8753670803734197,2.7644669528636836,1.1036431618066156,+
7.782553538729155,4.833396438927452,4.6725290326490425,1.3296709186662186,0.9039031411644437,-
0.9576992069689838,0.24467980920306553,6.2860864720954135,8.462925719373345,7.296437663725569,+
1.1608507701890232,0.33524829759467245,10.0,9.910097895413442,10.0,-
6.827468845296015,8.897346951318843,7.025869772196409,5.277127087352188,0.4764803211473245,+
5.389559133126236,10.0,10.0,1.0458252353846662,0.19101624560452105,-
6.0627866202757,4.393702062108616,2.3172564088833703,7.044237383850086,0.3323239773070008,+
8.024504594176163,8.775688785229871,2.942127576273266,6.765894114652928,0.3365782567011564,-
0.6709425897735888,8.929692568363656,7.199348861068473,1.9466247006073667,0.16867154214573632,-
0.8878386161521814,8.5196922161654,10.0,2.7056372194331475,0.061090419648267544,+
8.869397943119205,0.23692315800987407,5.665732172992124,0.22286269086558064,7.5558438102985885,-
10.0,0.3938955532587692,9.824797672035647,0.36184520454008445,10.0,+
8.683555774092747,6.63918459985047,1.3806517227788861,6.312782944944619,5.405930438077043,+
3.8373512080959746,4.646079673348445,0.43069118309505716,3.02878624399857,4.490100417250094,-
4.551185972160416,9.982743406213178,7.275348442656391,6.519575687528391,1.0322647856895717,-
3.868039303027714,10.0,10.0,9.432253610195547,0.7378267852543329,+
7.829065006163188,0.6708473729261588,4.372671277311833,4.122003985973582,3.5352253786849577,+
5.137356840544812,0.2283773327357809,4.110478350399398,0.14207947690855285,2.045714891448852,-
0.8636182940996529,3.763865515405284,8.300846432521814,3.653698383638612,2.1809408117418894,+
1.3454589607246843,4.0918703472138045,8.993224245739489,6.42392447730383,3.4643042022883384,-
3.126712062278607,9.768351315391847,0.6944257464439874,0.25515639064584095,8.035006569152465,+
2.28548957650459,5.161558945681157,0.13467040000953048,0.04606731574348728,6.575790849439909,-
4.978273629983958,4.365076150923127,2.052333165484951,1.0619300049304792,3.9150713844921636,-
5.04078092535553,7.485015284433032,3.8608097887942154,1.5299547078612277,7.569803304984978,+
1.922770068463926,6.446297920922289,2.1148338135081426,0.3734964692495757,1.8934876435640091,+
2.1035538916480085,5.380020992206622,0.48825438473675,0.24930885033408892,0.7063909691833289,-
9.24140839060059,4.369443898294545,9.538289437127025,8.856309367848148,5.522337026171512,-
1.8707400449697238,8.6777795167244,6.791860182723785,8.57789608239169,5.166387442955694,+
7.321821796108003,2.055616328668679,0.6948470199432943,1.8114235936774292,2.4996867748093754,-
7.381836077681907,3.176024939374364,0.7958206735308693,2.4715331098940685,3.9696887931608695,+
2.3626551565645206,3.5596500920539107,3.982715975995456,5.719723910915857,6.108478702662275,-
0.07951436595966241,0.27024366141093503,1.6751378149643072,3.236532781604763,6.667441349347075,+
6.4591518458790365,6.048216009105731,4.872744056895609,7.625877932619175,7.317032997420315,+
7.461837059445839,9.860752432574934,2.0240491762148514,7.790198819480833,8.78425416459371,-
3.376989072840344,9.030414036515156,5.793150082825441,6.988617008594689,3.2578507551305993,+
4.2530898029613535,5.648229656664465,3.61065619599194,10.0,5.701485676640045,-
6.604201493881114,2.482352544021751,8.202110774559834,7.750059814979044,5.356791105237807,-
8.837502630159593,1.7856568550400762,10.0,8.786747550032803,5.346611012975214,+
5.558909506572645,0.6163995416753065,5.651366333861416,1.8418232215763508,6.789566859427561,+
10.0,0.0644238967652904,5.838271528589156,1.3280790019246216,3.8963440745578826,-
2.03011356400683,1.3937913167386462,3.0161849922411177,7.704888467507967,3.424659708206862,+
0.011320671546137044,2.599419686883517,0.8473960015987725,8.477635685509277,0.3376965390727196,-
9.315392013007909,5.565008374423154,2.1922774688041313,3.6613404481025347,4.009316876379572,+
1.668120278761845,2.7516275034030477,2.8266062381486683,5.007400388281448,2.0986042688570263,-
2.629208059912136,3.5964683880690487,8.719232362577912,6.255602371232899,6.809913265648136,+
1.1817745602789813,3.1824912577176425,10.0,10.0,5.218795912172147,-
7.6746517262938045,1.3086142530377731,9.23756123385064,4.271918799421018,4.7900539642868045,+
6.371495988207255,0.9544018379907427,10.0,8.003042232892826,1.9618201309775918,-
4.488959769857253,1.0822744262637962,6.169181899063153,4.0959883156327495,1.2041409765313882,+
2.8443704642802117,1.8899674528782533,1.3888575582589067,4.6479250997978925,1.6428319286551702,-
5.861881051635156,3.827756054947641,6.871360597061225,2.4556161382315302,3.759412504993065,+
8.231009911057422,1.6987735710424896,8.883404694807266,2.512095872213011,7.173680789513313,-
2.1462579089210365,9.649506732186136,6.3804066225073255,8.428961594818535,4.615231042137999,+
3.909081124507121,10.0,9.473748784907174,1.9887428401373832,4.852053916820772,-
7.231080161722838,6.916673752707273,5.233196476709456,3.4047609273383284,3.361447265288139,-
10.0,4.656381292308486,2.7570756317073166,1.1866599340859765,2.1332246014268708,+
4.464004991496793,0.8685713297296227,5.8788047978092495,8.777404171425374,1.112681977749187,+
3.512306396203976,0.5520219886336186,2.455476776778696,8.10496808893436,0.5534815838368445,-
4.404099296015017,1.087549835921423,5.847208822414131,6.753770852097075,0.45838565051007696,+
3.05832509648225,0.53502449076281,1.7690070968740186,10.0,0.7025527064424325,-
1.3140596363427048,8.201063308149898,9.96169537190421,9.751822868234544,6.299119131024643,+
1.8251808380364525,10.0,10.0,10.0,8.025136682361872,-
4.57277427535518,7.774729029728445,8.103975569118877,7.011974904078967,6.191116878562159,+
2.1435386653357975,7.183081659113097,1.3193569880826037,1.1149651714549067,1.3631325882850442,-
5.330848431052214,7.466513202025787,2.2262206968654485,9.766284579548092,9.866196145917247,+
0.7509725242130989,2.2113757012489343,3.42732243188106,0.4220841543266895,4.441407278176638,-
4.430596546567603,9.642341791758689,1.3511280373968881,5.735771349631377,2.5157045248069956,-
2.648449967683201,1.0742720714968501,1.2694541932075725,4.212821694234349,4.734451269272888,+
6.828895348250135,9.060664741211315,9.307554183339972,5.491727600814001,6.155567185118331,+
3.0310878389635567,0.8431119686165875,2.88075371837443,8.913856633527136,2.753911038589151,-
8.84575646540161,3.13528024411153,0.5399182868949715,9.710430487019293,9.11063396994524,+
0.6109682064105124,1.1684853176876884,0.34182759769859106,8.241855692360522,6.244152277262947,-
5.559332243214547,3.9206856875577767,3.6985352149438313,1.9359227412888291,1.2914842661980552,-
7.73946541373838,7.408174269255911,5.275579699795937,2.734540612349414,1.7584415735147378,+
9.890884912033156,2.4086550971825007,7.959098132180178,5.001837035472716,3.5382477418361113,+
10.0,2.4634554776419244,10.0,3.6890992599950434,4.1374759619633315,-
5.810095563819937,3.8333522603973167,3.5224474876914815,6.547504204911379,7.925901133964493,+
9.277139631352396,6.38327371930394,6.75363960069732,1.8440932765897164,10.0,-
5.441207400689105,0.7877395852687541,4.992662727886924,4.252402086841808,4.226610721717377,-
6.9359196240130965,1.4477614612987397,9.053726567773852,4.718557171048151,6.548157639790527,+
4.272584966015581,7.874935107196809,0.379019677665583,7.971748517725285,4.976025014677724,+
7.544941521058363,10.0,0.7315228373624882,2.22421743059789,1.8473547246550126,-
6.9880982125323365,6.126127022319507,7.8769653671320015,4.435833872771279,5.252889221966107,+
5.955248683023462,1.1239920277195128,5.913603782040634,3.0977433917309543,3.909778318857264,-
4.386224132051291,3.532004778878189,3.7696119183630272,4.59605242343346,4.564526592640549,-
7.037290158108827,4.127975793554051,7.356707649606374,5.183730447350213,4.9949553516588345,+
0.6521594647846907,1.4474442930321851,1.40475415916955,2.4985844359390486,0.3176615224438839,+
0.21892961743376307,2.5753113374670633,1.1144715887453236,1.3329643230267578,0.5939359277974905,-
1.1116579063796306,0.325115617785523,0.12760690618580317,7.523145876633945,1.6907549424565516,-
0.6297806460609702,0.03409071096881945,0.11583956488730571,8.739070845346037,1.3504969780292444,+
7.153243586636475,1.46595585702471,7.951109188238964,2.710999288203928,1.4908021176000108,+
2.906214768110214,2.6315178798961734,6.398341378276066,1.5889552102505682,0.016160681791471208,-
9.311725213890737,4.983410266438807,4.152144922286935,1.959417351351963,7.218915332943316,-
10.0,0.96184381019685,7.203029584540276,2.7801952109342865,5.926200354977572,+
0.14314851163121922,7.963559593953669,6.784768373778672,7.794693659389952,1.0778092805961559,+
0.10399642288940557,8.748004187289288,10.0,1.1883207776285407,1.4077447211844578,-
4.064709522191347,1.9955904031520222,2.0669104057920675,0.03313665749987371,4.087176043422388,-
7.3656568277398105,2.5723466001962554,1.2647393738357202,0.00845651568708327,7.827087865026704,+
1.3256588797836055,5.725091716192846,1.8003942140671514,5.105988243973783,6.237493122504265,+
0.6434358951703968,4.4476647338832285,0.793710111726495,0.2496494818051996,5.620012864792843,-
1.14156720542259,2.0669963369833653,8.974122249325871,1.5619306066103256,7.306535995861996,-
1.6847587081325242,3.791834218656649,10.0,2.6454875611679403,10.0,+
8.379779648661698,1.7023582939263104,9.850356607725114,2.454947723913415,2.27417783371193,-
9.91827688153166,3.394972038058326,10.0,4.614242970257622,3.8470035259054183,+
1.3654863554773478,0.34903069451716506,2.805101221014313,0.037764999736970006,5.594424405090272,-
2.72960903240373,0.6893172348079523,3.868416457142683,0.04407915862689251,9.896519710772834,+
3.873970086684193,4.15546073899669,7.188799709806313,4.558777939081695,1.1573175441880101,+
2.158442114897641,3.971914671145485,3.548950267857791,2.6161968921287917,1.0260285500210713,-
6.685325146447575,6.914851826853992,7.058102627700524,8.833206911161138,3.950024547054356,-
10.0,8.902134538695284,10.0,10.0,6.883807238858852,+
5.858419286389122,7.06771902949023,6.861745316631932,1.8831133303229297,8.198953312836345,+
6.8884614633683485,10.0,0.21172317348542652,0.49477683552398377,10.0,-
1.5346373049579776,4.245987004578549,6.346768188703464,6.077373559518787,1.2294880592345836,+
1.950736051028084,0.09113407004694767,1.9763053902894478,2.670988105125725,0.8611175746980662,-
4.563918737049341,5.171260619125056,1.303533562150757,2.7523478519572975,0.5110813647541601,+
0.209957175828889,1.454803838546649,1.2161020525259294,0.39815144163995925,0.3122612702705416,-
8.743701142386971,6.188101284959695,5.853213447688747,8.882597456137386,0.49538163445305816,-
10.0,2.0683135302565945,4.807168666457002,10.0,0.8501929600906042,+
1.1632712384559707,7.705128521082028,3.498923767143296,5.085436133746912,4.477541789251442,+
0.35887220938898595,1.114487926713156,2.6549382612554817,3.7360866669755857,4.170725460141551,-
5.518540346516958,8.154399489864952,6.8429499265873215,7.978400465375835,6.930519140692514,+
1.878892281207773,3.013460537185199,10.0,1.5003969213567478,6.5190267719776385,-
9.612867806562889,7.518531181256951,2.698406324069822,7.077070812430079,8.844496979418622,+
10.0,10.0,3.962783545171887,10.0,10.0,-
3.903910395360286,2.44534528929085,5.907338657956526,5.1051708432075475,4.499221586329521,-
4.5302538446191285,4.516574153568906,10.0,0.9503009885623371,0.9900862474986275,+
7.020563822985934,6.166801039666593,3.0596993567874096,2.6535765427931732,7.6777547529538985,+
7.698858083064253,9.749718559917333,2.154946503110972,0.41419510838353263,4.197314769098815,-
2.826683676970607,1.3958906352242029,9.344234856715792,4.37998221196999,6.880111777913603,+
0.41265997300200286,0.7028169702640231,6.9309863941163,7.024846327707189,10.0,-
0.7792174674521846,5.650414105460313,3.9232498769216093,5.213606010496896,6.068555320746385,+
0.029547524841548368,2.8920333086345567,6.506282163556244,3.518274822669636,10.0,-
4.9033740769248455,5.500191352366121,8.28714044708192,7.445863361491316,4.586971202565675,+
8.312051899055803,1.8255969630901077,2.661099299313658,3.0609269757481714,6.09012679913672,-
5.7845574939705235,2.594657070564166,1.3621612297555596,0.36501415402370063,9.466377873129888,-
5.434779259517229,2.841531301090936,0.9013806182723233,0.6870961579547773,10.0,+
2.3980894150667895,1.190731042321791,9.393062789908107,6.459038981908458,1.0952075443163312,+
0.955820797228805,1.0507285458635953,7.773931659164068,4.342544967247883,0.47917341541754366,-
4.494123276448362,8.79915543586952,2.087956530939581,5.81835789548434,5.399978927632777,+
2.39949929651379,3.30097630085044,1.8539262937402026,0.8258180264483205,7.631499964755363,-
7.29017387686447,2.079086931425259,0.3059022061903294,8.526277984995286,6.368425432503695,+
5.458186651877395,1.2044011798965164,0.17882902222189934,1.7497438518729265,3.676392496715323,-
4.548574224544942,3.6442672526257858,0.7298511051567946,7.068732905358349,7.692115088311863,-
8.803314202857234,4.9742130807891956,0.7306322349983796,10.0,10.0,+
9.595638337224091,7.1978276189011225,5.82995379877152,7.32976274915411,3.717593938063307,+
5.660622981555191,1.42005418533635,9.440293513810282,5.181951881541748,6.687565943465573,-
0.45048877614323746,1.7792854013801518,5.835427076704814,9.638116606894094,9.218240278875538,-
0.22455455271231972,1.073237472121109,6.232471112043982,5.7029623137935825,0.39643050763624016,+
9.369591535643998,6.1940184977369785,5.128813670398986,7.827002046708356,2.144446557602505,+
10.0,5.013004476068644,7.240888001302444,10.0,3.987321727712912,-
8.963167639731607,8.766287306696933,7.451742439469152,4.514846582766916,8.614802766180112,+
9.718911405459407,6.205403273322287,10.0,1.8697582520091711,10.0,-
8.682958508299906,5.159285847255846,7.8705741322218445,4.66830884713365,9.019106684730087,+
10.0,7.64684071582932,10.0,4.695587642307929,7.60864561005555,-
4.723346927156834,2.0271542675960843,6.750609221491265,4.150291175388109,7.105369218818326,+
3.0519012806123818,2.5244297869946837,5.2455462797198535,2.2515095563361966,2.1910036564104955,-
3.798943909209539,0.1501222620437037,3.634961268276873,3.134949449001688,2.564875215398874,+
4.682129693384726,0.2619156965307546,4.80277604364581,5.283404723722434,1.696599001045816,-
1.3698556114690108,8.837882464629987,8.67344142722317,7.1240976916260825,2.189486920432888,-
1.133730076965312,9.669040078448498,3.5380935328435474,4.7384296350787976,1.0244306330253898,+
2.667291815610665,6.921484527980414,6.1158682480796,2.0158043508089865,7.551785222570504,+
2.3681252052132056,0.18147998446744346,5.012608801458995,1.141360981351394,0.050971418492995524,-
7.904972996147555,5.8712371554257885,0.10047135428187026,4.374745631192219,5.295470830183103,+
4.552627579769701,3.1493563932610487,0.08081426597525353,1.0162829773232191,6.425889367549441,-
1.7303815458854899,6.178938159878903,8.403457706984295,8.627363509733057,4.422322148671492,+
0.19574797230128257,10.0,10.0,10.0,3.7386142620402745,-
2.0584023533644844,7.186670200777941,1.8820933008869067,4.508913060385798,3.0834501186378227,+
1.3693796873553095,9.43119834558425,0.5437057286143737,6.054800156620307,0.3728006782491745,-
3.8002764868451955,7.703889940702239,4.0760273827362115,0.14727411205948115,8.327674508800255,-
7.022628395144485,5.620219340719403,3.028547249884215,0.23653674973193717,10.0,+
8.426688054261561,4.395004871377964,3.245777897904346,4.820500536933773,9.596869323184634,-
7.297908757860012,0.9021313580459596,0.6567755332640226,1.1491314600888802,10.0,+
6.6808729266221665,5.122460928077609,5.0284857266311,6.58697872769903,5.901549818274294,+
4.008186994741168,4.7339567887972525,1.671514943889958,4.377415221017303,1.42631992986527,-
2.799701415934839,6.817398456180276,8.75697156736268,5.1111580700670185,4.288526144742736,+
3.369968737295901,4.064211448381516,0.8787009160924995,3.0701048428845965,5.08309992764379,-
0.49545523592225305,4.734702210475371,3.6651202153771214,9.539172454656349,7.262897635992303,+
0.8025603208639808,9.301347333492238,5.227241498949343,10.0,7.686675637744922,-
2.739792322792771,2.634729470324979,3.272328418132698,8.83006290467513,1.3577100760112037,+
1.7339064748675816,3.3446182096431434,4.283534072729283,10.0,1.5385615681997182,-
1.0905102630163832,1.59296782597256,4.278930107253559,7.598616214659806,9.12071966090766,-
1.215199953746937,1.9496453531704316,1.1061400782848039,1.3247573947065598,10.0,+
1.1815810745326283,9.828390889979131,7.724868027904311,7.520912208513108,6.779235217914648,+
0.15105187577730808,4.8821806868277235,6.228389957235849,6.845416789657512,5.0637700546527435,-
0.48216939885493804,5.265548430778892,9.431130442017196,1.5929738199408794,0.6272387857483885,+
0.5712910464881621,6.759132908121848,1.2998054062382027,2.536093447663862,0.773594786929175,-
5.195006959941498,9.310045909605412,7.725078331439619,1.8932406750450015,9.225618113179259,+
6.229360287949041,8.844932470397103,8.52155598431041,2.1218509560114467,10.0,-
1.4946240144056722,5.712103095937841,8.879778612514844,7.541133680599091,2.600309371596622,+
2.2472203813429656,7.264794666741256,10.0,7.950738786767307,3.8017701399690025,-
3.3806577694582227,2.6954335590340097,5.977082877825061,5.71784515298781,3.797996406325661,+
1.9293626580278698,0.4589539347329993,4.559742824562966,1.4617172033744052,3.0575889060896744,-
9.139846899060393,7.860486043303113,1.3890702169149372,0.49725437432231345,4.5853608387959275,+
10.0,10.0,2.593285923422228,0.29390381099238627,5.558133370930262,-
0.34548591405294427,0.29446064527358096,0.5532897921936031,6.065909762156191,0.23013517243373638,-
0.4749017052660698,0.445170524367139,0.8649871777865874,5.821348555510064,0.11135707518318738,+
6.5363382509719905,6.579017030724014,9.879437402899905,2.9252461792592843,5.883239436889227,+
3.642659085239677,5.13575768230671,2.9041379412771566,2.472588686146924,1.922904714406202,-
7.594633633353407,2.888890287824185,5.718754442882648,8.551732170798617,3.4691243685386763,-
10.0,1.4749172479100345,10.0,5.303937502914028,6.204261998611987,+
1.657005868352579,9.718031691282915,6.257469744486579,4.244087226189644,8.613141492202132,+
2.820475948091812,10.0,10.0,0.5261640754177483,10.0,-
2.363359565854032,7.309307610680235,7.000323535601847,1.8242376345867195,6.784143938455549,-
4.163862964369714,10.0,10.0,3.221982043414266,7.052502395130462,+
0.8154275994449767,9.143843618127782,2.3827732441861182,2.723352382006068,5.0204376064321465,+
0.4742853398710284,4.447568657669882,2.029625567457158,0.8838360490306154,4.401796475270005,-
8.655870672433643,7.4805371490502095,1.9965339652882186,8.14845482287154,3.8239745170639794,+
2.1751633626694225,4.685997094784689,0.9710404932474672,3.5660411551223516,0.7423925508168564,-
3.604338428470426,3.4726558758612724,2.43570482116076,9.09010430917593,5.883975831620272,-
1.3484427599833315,1.9574619245857823,3.180307496961408,10.0,9.667920244286663,+
6.446975573711457,6.5804177352636515,0.6111497128985965,4.832800338445563,8.736447559616122,+
2.7396685130473326,3.9689206641107253,0.48204734867307575,6.637195409371618,10.0,-
4.024840268325336,4.786592920055699,2.2340778994679447,7.3941733044612326,6.5516556029902695,+
4.580549567968779,9.377066815417097,1.73888252630772,10.0,6.69534166618837,-
0.2101352070632534,9.912295864410206,6.069756313543522,0.21864546589580924,6.419465753088184,+
0.3436804277348788,10.0,4.229940163340933,0.21693444810328377,2.956744327962936,-
3.126778557310682,0.2544744236726404,9.842047735311729,4.9498211139631385,2.5632941463662116,+
3.1833831900822656,0.4639773613959295,1.9882907528064644,2.318145297576736,0.30558098880425477,-
5.705991436311172,5.600557335904633,4.850236851794033,0.14182177609550095,7.263599858006534,+
0.24411641834205586,0.18646720843053116,1.2489140827699379,0.029729470109380284,4.726585215252485,-
7.693439162240592,6.303466814781999,0.5689459156701637,2.184883915063468,2.503699005734598,+
2.89054687788924,1.3412526570552392,0.955176832283891,3.553793829269772,3.1986423489768043,-
7.749452037169161,2.868204043645303,9.995765073962584,8.997366048402402,5.212657313114528,+
10.0,5.621568634926265,6.2273410054161085,10.0,8.177867235221253,-
6.67842491269395,9.422725176811877,4.8567142136920625,9.876499563935706,0.21129367981451597,-
10.0,10.0,7.232980126360501,10.0,0.2237251364621768,+
0.5797306484711184,6.849452357854158,2.366257534414089,6.99230905530678,2.908053150976518,+
0.038903341447616105,5.354142191562859,1.3899159039612856,0.9591414569390844,0.7050351487312828,-
5.966886640698562,8.381319612083455,5.706302907927075,8.061804393373311,4.705372487833871,-
10.0,10.0,10.0,9.283966009322553,9.336151585064199,+
5.0118587647320165,7.123045162982922,7.180974539257839,0.36767480366071803,2.2122729628202817,-
5.193021288888411,10.0,10.0,0.6264404375719907,4.33194792361733,+
9.598540820477705,0.5479031859643324,7.729463003574271,5.772284314926387,4.348223140096794,+
10.0,1.0857773238422748,5.934432278643053,3.571480101543876,3.85323330534409,-
8.522638540433666,6.501040558373491,2.3387149393298277,0.37201519003237427,5.972851970861839,+
10.0,3.6404165416160006,3.790209142455841,0.3389517272930407,1.1945579008387637,-
9.251443753807436,4.07163120031908,0.2583249675386412,4.923885044947204,3.443406797182665,+
10.0,7.336699336809535,0.4666063810050232,5.709745179047337,4.732010880606009,-
7.5972362439406504,4.875301184908589,8.525552337367936,3.183600918140362,6.973519029240826,-
10.0,5.907022511113011,10.0,4.739268864002171,8.183888203208548,+
0.21697786810057296,9.153772850275118,7.3281841403923025,8.581068244932352,4.058294677927917,+
0.1991143760834145,9.494755290142852,1.601179755421151,9.298103737126237,3.06453405966873,-
2.4796062943117114,0.771564638376957,8.247824328558789,4.873563905175614,5.3125023204517365,-
3.7731484918170417,0.6998410250752555,4.455451780104735,0.6891631294880044,0.9130477917055306,+
3.4367090887339335,8.07678088472305,4.204267305174004,5.340954296882044,6.521221450800761,+
6.831591653103425,10.0,8.222998228173095,4.308219217775467,0.7422437222930534,-
3.8081787105545963,9.658578703217746,2.7061159852122376,5.101712431796885,7.801502486216521,+
6.511451091416788,10.0,3.4125644433317914,2.974707434978294,10.0,-
8.26236328093404,6.678565851476793,1.512173236777703,8.23426821681887,5.189354598738147,-
10.0,0.22919872956946746,0.5528689308461089,5.462157337751081,2.461696886808132,+
5.749961681843665,4.352198138105981,2.9742572847256152,6.710160145504983,8.31462025138714,+
10.0,8.020405715309758,3.9445411409354594,8.093197904396565,10.0,-
7.224792786884112,1.76548037415859,0.5433857263602515,9.76155398236767,1.7089068443771138,+
3.4050135634994136,0.6098742416186429,0.5042927957508474,4.556793713099426,1.5814273179826788,-
0.26999792785288634,9.60740225018485,6.390482886244989,8.26906837716711,3.7973957413562665,-
0.3375838683598532,10.0,6.444207904088506,10.0,5.994845862248941,+
4.74240097101327,8.149815914717069,6.235276222522268,0.10958003856936904,5.712665949079621,-
8.18072027613919,9.869585682620711,0.8317613420606786,0.005540819051515784,9.1469993437026,+
5.199658044208286,3.527858884685519,7.146895102943205,1.9677897631460384,5.367646506169928,+
0.8772429340192771,0.6508621090214403,8.652470882753029,0.3426606878348692,5.278815722952272,-
4.205931272615824,0.979527179113191,4.953928317465546,9.176884659057041,6.744399866003751,-
7.960149390526885,1.5074368970813246,7.852410415879866,10.0,9.4691260314659,+
4.073117950264126,0.1494165855508489,7.1693231005423534,7.017683172993103,9.922700600695803,+
1.3634519481639442,0.27328277866089606,10.0,10.0,10.0,-
4.609471797962811,8.39904553423927,5.169749993798121,3.720787985038595,3.833289597032463,-
8.160896510372432,9.60735811366987,10.0,6.504696959983528,4.975519930227676,+
0.5555856114440572,8.037178934060172,6.502041480497489,4.586716082803982,4.0058631305732355,-
0.7528730332098316,8.726053363078336,1.6003197967526115,7.8486268649964,3.9551527144565695,+
0.8102611090538825,7.398438467161725,9.633445223248618,2.0046775887176107,6.795774069947202,-
1.034870587323011,3.8906745161274254,5.284768982675392,0.8530832191332798,3.3509252880277827,+
4.595346317928223,2.303257325434366,7.037843616513575,8.802329064623711,8.417172530506331,+
3.5313344304209675,0.1936401354576611,2.2629967693435744,7.048603135356961,5.27344846041428,-
0.6205915552616337,8.2380601686149,3.903038814277945,0.9194937099629152,1.6064025294512319,-
1.216478320864494,1.5273217368856091,5.131277600864894,1.5359204895762675,0.5501353719255864,+
7.568554620072155,8.91365505281479,3.8689716818026687,4.567177056572522,6.761000313022203,+
2.2797799366141738,10.0,6.321186227643868,8.195110560550269,5.5838928696435195,-
5.833288804390616,2.1772716212627943,5.541956813784735,2.4870708643866744,8.087692628216152,+
10.0,3.1213892531393874,1.5497734850937854,4.568723611494366,8.455863834791165,-
5.070019608290109,7.462464360243875,6.560235727489323,3.3738187776060435,5.209863235627239,+
3.114509140908511,1.3847224745078341,4.25052990188978,1.763521893570244,0.5511911442656006,-
0.9178397222026502,3.335066585829658,0.8661117109124794,7.518163276104399,5.414300745192252,+
0.6373236084055398,2.1992566686041997,1.5428525213385966,10.0,8.798109986844702,-
0.7224607083799917,9.663474667550437,4.494551646016545,3.700233563098898,8.334313911103653,+
0.4778805233755562,10.0,4.434285393691722,5.479189111594412,6.202850727712668,-
3.5967623427759987,6.171403860474358,9.06211854880103,5.200946867332781,3.37237172907797,+
6.6190409480620245,9.616631174841794,4.93720379506682,7.238840023383816,5.551166377007062,-
2.7106819939479045,5.3166995787280875,1.131904837688823,7.5232504307978605,9.964095382788805,+
4.859916766215179,4.862060166687352,1.648821215854502,10.0,10.0,-
